"","date","lat","lon","SuburbName","SuburbID","TownCity","cityID","RegionName","RegionID","windspeed.kmhr","medianTemp.degC","sunshine.hrs"
"1","20180101:0000",-42.53433,172.85098,"Hanmer Springs",498,"Hanmer Springs",100031,"Canterbury",1010,2.5,17.75,NA
"2","20180102:0000",-42.53433,172.85098,"Hanmer Springs",498,"Hanmer Springs",100031,"Canterbury",1010,2.2,18.8,NA
"3","20180103:0000",-42.53433,172.85098,"Hanmer Springs",498,"Hanmer Springs",100031,"Canterbury",1010,1.8,19.45,NA
"4","20180104:0000",-42.53433,172.85098,"Hanmer Springs",498,"Hanmer Springs",100031,"Canterbury",1010,2.2,18.4,NA
"5","20180105:0000",-42.53433,172.85098,"Hanmer Springs",498,"Hanmer Springs",100031,"Canterbury",1010,5.4,14.6,NA
"6","20180106:0000",-42.53433,172.85098,"Hanmer Springs",498,"Hanmer Springs",100031,"Canterbury",1010,4.7,10.6,NA
"7","20180107:0000",-42.53433,172.85098,"Hanmer Springs",498,"Hanmer Springs",100031,"Canterbury",1010,3.6,14,NA
"8","20180108:0000",-42.53433,172.85098,"Hanmer Springs",498,"Hanmer Springs",100031,"Canterbury",1010,3.2,16.9,NA
"9","20180109:0000",-42.53433,172.85098,"Hanmer Springs",498,"Hanmer Springs",100031,"Canterbury",1010,3.6,19.2,NA
"10","20180110:0000",-42.53433,172.85098,"Hanmer Springs",498,"Hanmer Springs",100031,"Canterbury",1010,1.8,16.6,NA
"11","20180111:0000",-42.53433,172.85098,"Hanmer Springs",498,"Hanmer Springs",100031,"Canterbury",1010,1.1,12.15,NA
"12","20180112:0000",-42.53433,172.85098,"Hanmer Springs",498,"Hanmer Springs",100031,"Canterbury",1010,2.9,11.6,NA
"13","20180113:0000",-42.53433,172.85098,"Hanmer Springs",498,"Hanmer Springs",100031,"Canterbury",1010,1.4,19.05,NA
"14","20180114:0000",-42.53433,172.85098,"Hanmer Springs",498,"Hanmer Springs",100031,"Canterbury",1010,2.5,20,NA
"15","20180115:0000",-42.53433,172.85098,"Hanmer Springs",498,"Hanmer Springs",100031,"Canterbury",1010,1.8,20.5,NA
"16","20180116:0000",-42.53433,172.85098,"Hanmer Springs",498,"Hanmer Springs",100031,"Canterbury",1010,1.4,20.9,NA
"17","20180117:0000",-42.53433,172.85098,"Hanmer Springs",498,"Hanmer Springs",100031,"Canterbury",1010,1.8,21.9,NA
"18","20180118:0000",-42.53433,172.85098,"Hanmer Springs",498,"Hanmer Springs",100031,"Canterbury",1010,2.2,21.7,NA
"19","20180119:0000",-42.53433,172.85098,"Hanmer Springs",498,"Hanmer Springs",100031,"Canterbury",1010,2.2,21.05,NA
"20","20180120:0000",-42.53433,172.85098,"Hanmer Springs",498,"Hanmer Springs",100031,"Canterbury",1010,6.1,21.35,NA
"21","20180121:0000",-42.53433,172.85098,"Hanmer Springs",498,"Hanmer Springs",100031,"Canterbury",1010,4.7,19.85,NA
"22","20180122:0000",-42.53433,172.85098,"Hanmer Springs",498,"Hanmer Springs",100031,"Canterbury",1010,2.9,20.45,NA
"23","20180123:0000",-42.53433,172.85098,"Hanmer Springs",498,"Hanmer Springs",100031,"Canterbury",1010,2.9,21.3,NA
"24","20180124:0000",-42.53433,172.85098,"Hanmer Springs",498,"Hanmer Springs",100031,"Canterbury",1010,2.9,21,NA
"25","20180125:0000",-42.53433,172.85098,"Hanmer Springs",498,"Hanmer Springs",100031,"Canterbury",1010,1.8,23.6,NA
"26","20180126:0000",-42.53433,172.85098,"Hanmer Springs",498,"Hanmer Springs",100031,"Canterbury",1010,3.2,17.35,NA
"27","20180127:0000",-42.53433,172.85098,"Hanmer Springs",498,"Hanmer Springs",100031,"Canterbury",1010,3.2,22.2,NA
"28","20180128:0000",-42.53433,172.85098,"Hanmer Springs",498,"Hanmer Springs",100031,"Canterbury",1010,1.8,19.15,NA
"29","20180129:0000",-42.53433,172.85098,"Hanmer Springs",498,"Hanmer Springs",100031,"Canterbury",1010,2.2,22.45,NA
"30","20180130:0000",-42.53433,172.85098,"Hanmer Springs",498,"Hanmer Springs",100031,"Canterbury",1010,2.9,23.45,NA
"31","20180131:0000",-42.53433,172.85098,"Hanmer Springs",498,"Hanmer Springs",100031,"Canterbury",1010,6.8,18.3,NA
"32","20180201:0000",-42.53433,172.85098,"Hanmer Springs",498,"Hanmer Springs",100031,"Canterbury",1010,7.6,25.7,NA
"33","20180202:0000",-42.53433,172.85098,"Hanmer Springs",498,"Hanmer Springs",100031,"Canterbury",1010,2.5,10.7,NA
"34","20180203:0000",-42.53433,172.85098,"Hanmer Springs",498,"Hanmer Springs",100031,"Canterbury",1010,3.2,11.35,NA
"35","20180204:0000",-42.53433,172.85098,"Hanmer Springs",498,"Hanmer Springs",100031,"Canterbury",1010,1.8,13.55,NA
"36","20180205:0000",-42.53433,172.85098,"Hanmer Springs",498,"Hanmer Springs",100031,"Canterbury",1010,21.2,17.6,NA
"37","20180206:0000",-42.53433,172.85098,"Hanmer Springs",498,"Hanmer Springs",100031,"Canterbury",1010,2.5,14.25,NA
"38","20180207:0000",-42.53433,172.85098,"Hanmer Springs",498,"Hanmer Springs",100031,"Canterbury",1010,1.8,12.6,NA
"39","20180208:0000",-42.53433,172.85098,"Hanmer Springs",498,"Hanmer Springs",100031,"Canterbury",1010,2.2,13.95,NA
"40","20180209:0000",-42.53433,172.85098,"Hanmer Springs",498,"Hanmer Springs",100031,"Canterbury",1010,2.5,16.8,NA
"41","20180210:0000",-42.53433,172.85098,"Hanmer Springs",498,"Hanmer Springs",100031,"Canterbury",1010,1.8,14.45,NA
"42","20180211:0000",-42.53433,172.85098,"Hanmer Springs",498,"Hanmer Springs",100031,"Canterbury",1010,0.7,19.85,NA
"43","20180212:0000",-42.53433,172.85098,"Hanmer Springs",498,"Hanmer Springs",100031,"Canterbury",1010,2.9,21.95,NA
"44","20180213:0000",-42.53433,172.85098,"Hanmer Springs",498,"Hanmer Springs",100031,"Canterbury",1010,4.3,22.55,NA
"45","20180214:0000",-42.53433,172.85098,"Hanmer Springs",498,"Hanmer Springs",100031,"Canterbury",1010,2.9,18.55,NA
"46","20180215:0000",-42.53433,172.85098,"Hanmer Springs",498,"Hanmer Springs",100031,"Canterbury",1010,3.6,16.95,NA
"47","20180216:0000",-42.53433,172.85098,"Hanmer Springs",498,"Hanmer Springs",100031,"Canterbury",1010,4.3,18.5,NA
"48","20180217:0000",-42.53433,172.85098,"Hanmer Springs",498,"Hanmer Springs",100031,"Canterbury",1010,7.6,20.3,NA
"49","20180218:0000",-42.53433,172.85098,"Hanmer Springs",498,"Hanmer Springs",100031,"Canterbury",1010,3.6,18.95,NA
"50","20180219:0000",-42.53433,172.85098,"Hanmer Springs",498,"Hanmer Springs",100031,"Canterbury",1010,9,20.85,NA
"51","20180220:0000",-42.53433,172.85098,"Hanmer Springs",498,"Hanmer Springs",100031,"Canterbury",1010,3.6,12.3,NA
"52","20180221:0000",-42.53433,172.85098,"Hanmer Springs",498,"Hanmer Springs",100031,"Canterbury",1010,2.2,11.6,NA
"53","20180222:0000",-42.53433,172.85098,"Hanmer Springs",498,"Hanmer Springs",100031,"Canterbury",1010,0.7,13.3,NA
"54","20180223:0000",-42.53433,172.85098,"Hanmer Springs",498,"Hanmer Springs",100031,"Canterbury",1010,3.6,13.2,NA
"55","20180224:0000",-42.53433,172.85098,"Hanmer Springs",498,"Hanmer Springs",100031,"Canterbury",1010,2.5,16,NA
"56","20180225:0000",-42.53433,172.85098,"Hanmer Springs",498,"Hanmer Springs",100031,"Canterbury",1010,16.6,15.65,NA
"57","20180226:0000",-42.53433,172.85098,"Hanmer Springs",498,"Hanmer Springs",100031,"Canterbury",1010,7.9,11.6,NA
"58","20180227:0000",-42.53433,172.85098,"Hanmer Springs",498,"Hanmer Springs",100031,"Canterbury",1010,0.7,9.15,NA
"59","20180228:0000",-42.53433,172.85098,"Hanmer Springs",498,"Hanmer Springs",100031,"Canterbury",1010,1.8,14.4,NA
"60","20180301:0000",-42.53433,172.85098,"Hanmer Springs",498,"Hanmer Springs",100031,"Canterbury",1010,3.2,19.35,NA
"61","20180302:0000",-42.53433,172.85098,"Hanmer Springs",498,"Hanmer Springs",100031,"Canterbury",1010,2.5,16.45,NA
"62","20180303:0000",-42.53433,172.85098,"Hanmer Springs",498,"Hanmer Springs",100031,"Canterbury",1010,2.5,20.35,NA
"63","20180304:0000",-42.53433,172.85098,"Hanmer Springs",498,"Hanmer Springs",100031,"Canterbury",1010,2.2,19.65,NA
"64","20180305:0000",-42.53433,172.85098,"Hanmer Springs",498,"Hanmer Springs",100031,"Canterbury",1010,1.4,19.6,NA
"65","20180306:0000",-42.53433,172.85098,"Hanmer Springs",498,"Hanmer Springs",100031,"Canterbury",1010,1.1,13.45,NA
"66","20180307:0000",-42.53433,172.85098,"Hanmer Springs",498,"Hanmer Springs",100031,"Canterbury",1010,2.9,10.9,NA
"67","20180308:0000",-42.53433,172.85098,"Hanmer Springs",498,"Hanmer Springs",100031,"Canterbury",1010,2.2,12.95,NA
"68","20180309:0000",-42.53433,172.85098,"Hanmer Springs",498,"Hanmer Springs",100031,"Canterbury",1010,2.5,12.45,NA
"69","20180310:0000",-42.53433,172.85098,"Hanmer Springs",498,"Hanmer Springs",100031,"Canterbury",1010,4,12.85,NA
"70","20180311:0000",-42.53433,172.85098,"Hanmer Springs",498,"Hanmer Springs",100031,"Canterbury",1010,1.8,13.85,NA
"71","20180312:0000",-42.53433,172.85098,"Hanmer Springs",498,"Hanmer Springs",100031,"Canterbury",1010,4,16.15,NA
"72","20180313:0000",-42.53433,172.85098,"Hanmer Springs",498,"Hanmer Springs",100031,"Canterbury",1010,5,16.25,NA
"73","20180314:0000",-42.53433,172.85098,"Hanmer Springs",498,"Hanmer Springs",100031,"Canterbury",1010,3.6,12.6,NA
"74","20180315:0000",-42.53433,172.85098,"Hanmer Springs",498,"Hanmer Springs",100031,"Canterbury",1010,2.5,16.5,NA
"75","20180316:0000",-42.53433,172.85098,"Hanmer Springs",498,"Hanmer Springs",100031,"Canterbury",1010,8.3,18.6,NA
"76","20180317:0000",-42.53433,172.85098,"Hanmer Springs",498,"Hanmer Springs",100031,"Canterbury",1010,3.2,10.3,NA
"77","20180318:0000",-42.53433,172.85098,"Hanmer Springs",498,"Hanmer Springs",100031,"Canterbury",1010,2.9,12.25,NA
"78","20180319:0000",-42.53433,172.85098,"Hanmer Springs",498,"Hanmer Springs",100031,"Canterbury",1010,3.2,14.3,NA
"79","20180320:0000",-42.53433,172.85098,"Hanmer Springs",498,"Hanmer Springs",100031,"Canterbury",1010,3.6,16.1,NA
"80","20180321:0000",-42.53433,172.85098,"Hanmer Springs",498,"Hanmer Springs",100031,"Canterbury",1010,3.2,16.9,NA
"81","20180322:0000",-42.53433,172.85098,"Hanmer Springs",498,"Hanmer Springs",100031,"Canterbury",1010,2.9,9.25,NA
"82","20180323:0000",-42.53433,172.85098,"Hanmer Springs",498,"Hanmer Springs",100031,"Canterbury",1010,2.5,7.85,NA
"83","20180324:0000",-42.53433,172.85098,"Hanmer Springs",498,"Hanmer Springs",100031,"Canterbury",1010,1.4,12.55,NA
"84","20180325:0000",-42.53433,172.85098,"Hanmer Springs",498,"Hanmer Springs",100031,"Canterbury",1010,2.2,14.05,NA
"85","20180326:0000",-42.53433,172.85098,"Hanmer Springs",498,"Hanmer Springs",100031,"Canterbury",1010,3.6,15.85,NA
"86","20180327:0000",-42.53433,172.85098,"Hanmer Springs",498,"Hanmer Springs",100031,"Canterbury",1010,12.6,16.15,NA
"87","20180328:0000",-42.53433,172.85098,"Hanmer Springs",498,"Hanmer Springs",100031,"Canterbury",1010,2.9,17.3,NA
"88","20180329:0000",-42.53433,172.85098,"Hanmer Springs",498,"Hanmer Springs",100031,"Canterbury",1010,3.2,13.9,NA
"89","20180330:0000",-42.53433,172.85098,"Hanmer Springs",498,"Hanmer Springs",100031,"Canterbury",1010,2.9,13.9,NA
"90","20180331:0000",-42.53433,172.85098,"Hanmer Springs",498,"Hanmer Springs",100031,"Canterbury",1010,11.5,15.5,NA
"91","20180401:0000",-42.53433,172.85098,"Hanmer Springs",498,"Hanmer Springs",100031,"Canterbury",1010,2.2,11.2,NA
"92","20180402:0000",-42.53433,172.85098,"Hanmer Springs",498,"Hanmer Springs",100031,"Canterbury",1010,4.7,11.5,NA
"93","20180403:0000",-42.53433,172.85098,"Hanmer Springs",498,"Hanmer Springs",100031,"Canterbury",1010,5.8,19.3,NA
"94","20180404:0000",-42.53433,172.85098,"Hanmer Springs",498,"Hanmer Springs",100031,"Canterbury",1010,13.7,13.45,NA
"95","20180405:0000",-42.53433,172.85098,"Hanmer Springs",498,"Hanmer Springs",100031,"Canterbury",1010,4,16,NA
"96","20180406:0000",-42.53433,172.85098,"Hanmer Springs",498,"Hanmer Springs",100031,"Canterbury",1010,4,13.9,NA
"97","20180407:0000",-42.53433,172.85098,"Hanmer Springs",498,"Hanmer Springs",100031,"Canterbury",1010,4.7,12.05,NA
"98","20180408:0000",-42.53433,172.85098,"Hanmer Springs",498,"Hanmer Springs",100031,"Canterbury",1010,4,9.95,NA
"99","20180409:0000",-42.53433,172.85098,"Hanmer Springs",498,"Hanmer Springs",100031,"Canterbury",1010,2.9,10.85,NA
"100","20180410:0000",-42.53433,172.85098,"Hanmer Springs",498,"Hanmer Springs",100031,"Canterbury",1010,1.4,0.7,NA
"101","20180411:0000",-42.53433,172.85098,"Hanmer Springs",498,"Hanmer Springs",100031,"Canterbury",1010,3.2,2.3,NA
"102","20180412:0000",-42.53433,172.85098,"Hanmer Springs",498,"Hanmer Springs",100031,"Canterbury",1010,2.9,4.75,NA
"103","20180413:0000",-42.53433,172.85098,"Hanmer Springs",498,"Hanmer Springs",100031,"Canterbury",1010,1.4,4.85,NA
"104","20180414:0000",-42.53433,172.85098,"Hanmer Springs",498,"Hanmer Springs",100031,"Canterbury",1010,1.4,6.6,NA
"105","20180415:0000",-42.53433,172.85098,"Hanmer Springs",498,"Hanmer Springs",100031,"Canterbury",1010,1.4,10.75,NA
"106","20180416:0000",-42.53433,172.85098,"Hanmer Springs",498,"Hanmer Springs",100031,"Canterbury",1010,5.8,11.25,NA
"107","20180417:0000",-42.53433,172.85098,"Hanmer Springs",498,"Hanmer Springs",100031,"Canterbury",1010,9,12.6,NA
"108","20180418:0000",-42.53433,172.85098,"Hanmer Springs",498,"Hanmer Springs",100031,"Canterbury",1010,5,8.2,NA
"109","20180419:0000",-42.53433,172.85098,"Hanmer Springs",498,"Hanmer Springs",100031,"Canterbury",1010,4.3,9.75,NA
"110","20180420:0000",-42.53433,172.85098,"Hanmer Springs",498,"Hanmer Springs",100031,"Canterbury",1010,10.1,14.7,NA
"111","20180421:0000",-42.53433,172.85098,"Hanmer Springs",498,"Hanmer Springs",100031,"Canterbury",1010,7.2,15.6,NA
"112","20180422:0000",-42.53433,172.85098,"Hanmer Springs",498,"Hanmer Springs",100031,"Canterbury",1010,2.2,8.75,NA
"113","20180423:0000",-42.53433,172.85098,"Hanmer Springs",498,"Hanmer Springs",100031,"Canterbury",1010,3.6,8.65,NA
"114","20180424:0000",-42.53433,172.85098,"Hanmer Springs",498,"Hanmer Springs",100031,"Canterbury",1010,4.3,9,NA
"115","20180425:0000",-42.53433,172.85098,"Hanmer Springs",498,"Hanmer Springs",100031,"Canterbury",1010,4.3,9.6,NA
"116","20180426:0000",-42.53433,172.85098,"Hanmer Springs",498,"Hanmer Springs",100031,"Canterbury",1010,2.2,11.4,NA
"117","20180427:0000",-42.53433,172.85098,"Hanmer Springs",498,"Hanmer Springs",100031,"Canterbury",1010,4.3,9.35,NA
"118","20180428:0000",-42.53433,172.85098,"Hanmer Springs",498,"Hanmer Springs",100031,"Canterbury",1010,2.2,9.4,NA
"119","20180429:0000",-42.53433,172.85098,"Hanmer Springs",498,"Hanmer Springs",100031,"Canterbury",1010,2.5,11.35,NA
"120","20180430:0000",-42.53433,172.85098,"Hanmer Springs",498,"Hanmer Springs",100031,"Canterbury",1010,1.1,9.2,NA
"121","20180501:0000",-42.53433,172.85098,"Hanmer Springs",498,"Hanmer Springs",100031,"Canterbury",1010,3.2,11.65,NA
"122","20180502:0000",-42.53433,172.85098,"Hanmer Springs",498,"Hanmer Springs",100031,"Canterbury",1010,2.2,11.7,NA
"123","20180503:0000",-42.53433,172.85098,"Hanmer Springs",498,"Hanmer Springs",100031,"Canterbury",1010,3.2,7.85,NA
"124","20180504:0000",-42.53433,172.85098,"Hanmer Springs",498,"Hanmer Springs",100031,"Canterbury",1010,2.5,8.35,NA
"125","20180505:0000",-42.53433,172.85098,"Hanmer Springs",498,"Hanmer Springs",100031,"Canterbury",1010,4.3,7.65,NA
"126","20180506:0000",-42.53433,172.85098,"Hanmer Springs",498,"Hanmer Springs",100031,"Canterbury",1010,3.6,11.35,NA
"127","20180507:0000",-42.53433,172.85098,"Hanmer Springs",498,"Hanmer Springs",100031,"Canterbury",1010,5.4,10.3,NA
"128","20180508:0000",-42.53433,172.85098,"Hanmer Springs",498,"Hanmer Springs",100031,"Canterbury",1010,14.8,11.8,NA
"129","20180509:0000",-42.53433,172.85098,"Hanmer Springs",498,"Hanmer Springs",100031,"Canterbury",1010,6.5,16.15,NA
"130","20180510:0000",-42.53433,172.85098,"Hanmer Springs",498,"Hanmer Springs",100031,"Canterbury",1010,3.6,7.7,NA
"131","20180511:0000",-42.53433,172.85098,"Hanmer Springs",498,"Hanmer Springs",100031,"Canterbury",1010,2.2,13.25,NA
"132","20180512:0000",-42.53433,172.85098,"Hanmer Springs",498,"Hanmer Springs",100031,"Canterbury",1010,2.9,10.35,NA
"133","20180513:0000",-42.53433,172.85098,"Hanmer Springs",498,"Hanmer Springs",100031,"Canterbury",1010,0,5.5,NA
"134","20180514:0000",-42.53433,172.85098,"Hanmer Springs",498,"Hanmer Springs",100031,"Canterbury",1010,1.8,8.35,NA
"135","20180515:0000",-42.53433,172.85098,"Hanmer Springs",498,"Hanmer Springs",100031,"Canterbury",1010,0.7,10.1,NA
"136","20180516:0000",-42.53433,172.85098,"Hanmer Springs",498,"Hanmer Springs",100031,"Canterbury",1010,1.4,6.35,NA
"137","20180517:0000",-42.53433,172.85098,"Hanmer Springs",498,"Hanmer Springs",100031,"Canterbury",1010,1.4,7.65,NA
"138","20180518:0000",-42.53433,172.85098,"Hanmer Springs",498,"Hanmer Springs",100031,"Canterbury",1010,6.1,10.15,NA
"139","20180519:0000",-42.53433,172.85098,"Hanmer Springs",498,"Hanmer Springs",100031,"Canterbury",1010,3.2,9.4,NA
"140","20180520:0000",-42.53433,172.85098,"Hanmer Springs",498,"Hanmer Springs",100031,"Canterbury",1010,24.5,10.6,NA
"141","20180521:0000",-42.53433,172.85098,"Hanmer Springs",498,"Hanmer Springs",100031,"Canterbury",1010,4.7,8.05,NA
"142","20180522:0000",-42.53433,172.85098,"Hanmer Springs",498,"Hanmer Springs",100031,"Canterbury",1010,18.4,8.65,NA
"143","20180523:0000",-42.53433,172.85098,"Hanmer Springs",498,"Hanmer Springs",100031,"Canterbury",1010,3.6,5.1,NA
"144","20180524:0000",-42.53433,172.85098,"Hanmer Springs",498,"Hanmer Springs",100031,"Canterbury",1010,16.2,5.15,NA
"145","20180525:0000",-42.53433,172.85098,"Hanmer Springs",498,"Hanmer Springs",100031,"Canterbury",1010,3.6,4.8,NA
"146","20180526:0000",-42.53433,172.85098,"Hanmer Springs",498,"Hanmer Springs",100031,"Canterbury",1010,3.6,4.75,NA
"147","20180527:0000",-42.53433,172.85098,"Hanmer Springs",498,"Hanmer Springs",100031,"Canterbury",1010,2.2,4.45,NA
"148","20180528:0000",-42.53433,172.85098,"Hanmer Springs",498,"Hanmer Springs",100031,"Canterbury",1010,3.6,2.55,NA
"149","20180529:0000",-42.53433,172.85098,"Hanmer Springs",498,"Hanmer Springs",100031,"Canterbury",1010,1.4,5.25,NA
"150","20180530:0000",-42.53433,172.85098,"Hanmer Springs",498,"Hanmer Springs",100031,"Canterbury",1010,2.9,3.6,NA
"151","20180531:0000",-42.53433,172.85098,"Hanmer Springs",498,"Hanmer Springs",100031,"Canterbury",1010,1.4,1.65,NA
"152","20180601:0000",-42.53433,172.85098,"Hanmer Springs",498,"Hanmer Springs",100031,"Canterbury",1010,2.5,2.3,NA
"153","20180602:0000",-42.53433,172.85098,"Hanmer Springs",498,"Hanmer Springs",100031,"Canterbury",1010,1.1,3.1,NA
"154","20180603:0000",-42.53433,172.85098,"Hanmer Springs",498,"Hanmer Springs",100031,"Canterbury",1010,1.1,4.7,NA
"155","20180604:0000",-42.53433,172.85098,"Hanmer Springs",498,"Hanmer Springs",100031,"Canterbury",1010,0.7,6.1,NA
"156","20180605:0000",-42.53433,172.85098,"Hanmer Springs",498,"Hanmer Springs",100031,"Canterbury",1010,1.1,10.25,NA
"157","20180606:0000",-42.53433,172.85098,"Hanmer Springs",498,"Hanmer Springs",100031,"Canterbury",1010,3.2,1.4,NA
"158","20180607:0000",-42.53433,172.85098,"Hanmer Springs",498,"Hanmer Springs",100031,"Canterbury",1010,1.4,1.15,NA
"159","20180608:0000",-42.53433,172.85098,"Hanmer Springs",498,"Hanmer Springs",100031,"Canterbury",1010,1.8,6.6,NA
"160","20180609:0000",-42.53433,172.85098,"Hanmer Springs",498,"Hanmer Springs",100031,"Canterbury",1010,3.6,5.6,NA
"161","20180610:0000",-42.53433,172.85098,"Hanmer Springs",498,"Hanmer Springs",100031,"Canterbury",1010,3.6,10.35,NA
"162","20180611:0000",-42.53433,172.85098,"Hanmer Springs",498,"Hanmer Springs",100031,"Canterbury",1010,1.8,6.2,NA
"163","20180612:0000",-42.53433,172.85098,"Hanmer Springs",498,"Hanmer Springs",100031,"Canterbury",1010,2.2,5.55,NA
"164","20180613:0000",-42.53433,172.85098,"Hanmer Springs",498,"Hanmer Springs",100031,"Canterbury",1010,1.4,6.95,NA
"165","20180614:0000",-42.53433,172.85098,"Hanmer Springs",498,"Hanmer Springs",100031,"Canterbury",1010,2.2,9.4,NA
"166","20180615:0000",-42.53433,172.85098,"Hanmer Springs",498,"Hanmer Springs",100031,"Canterbury",1010,5,7.3,NA
"167","20180616:0000",-42.53433,172.85098,"Hanmer Springs",498,"Hanmer Springs",100031,"Canterbury",1010,4,8.4,NA
"168","20180617:0000",-42.53433,172.85098,"Hanmer Springs",498,"Hanmer Springs",100031,"Canterbury",1010,4.3,9.2,NA
"169","20180618:0000",-42.53433,172.85098,"Hanmer Springs",498,"Hanmer Springs",100031,"Canterbury",1010,3.2,1.7,NA
"170","20180619:0000",-42.53433,172.85098,"Hanmer Springs",498,"Hanmer Springs",100031,"Canterbury",1010,1.1,3.55,NA
"171","20180620:0000",-42.53433,172.85098,"Hanmer Springs",498,"Hanmer Springs",100031,"Canterbury",1010,1.4,3.8,NA
"172","20180621:0000",-42.53433,172.85098,"Hanmer Springs",498,"Hanmer Springs",100031,"Canterbury",1010,1.1,4.05,NA
"173","20180622:0000",-42.53433,172.85098,"Hanmer Springs",498,"Hanmer Springs",100031,"Canterbury",1010,0,1.4,NA
"174","20180623:0000",-42.53433,172.85098,"Hanmer Springs",498,"Hanmer Springs",100031,"Canterbury",1010,3.2,2.7,NA
"175","20180624:0000",-42.53433,172.85098,"Hanmer Springs",498,"Hanmer Springs",100031,"Canterbury",1010,19.8,5.7,NA
"176","20180625:0000",-42.53433,172.85098,"Hanmer Springs",498,"Hanmer Springs",100031,"Canterbury",1010,5.4,5.55,NA
"177","20180626:0000",-42.53433,172.85098,"Hanmer Springs",498,"Hanmer Springs",100031,"Canterbury",1010,2.5,1.9,NA
"178","20180627:0000",-42.53433,172.85098,"Hanmer Springs",498,"Hanmer Springs",100031,"Canterbury",1010,4,3.35,NA
"179","20180628:0000",-42.53433,172.85098,"Hanmer Springs",498,"Hanmer Springs",100031,"Canterbury",1010,2.5,4.55,NA
"180","20180629:0000",-42.53433,172.85098,"Hanmer Springs",498,"Hanmer Springs",100031,"Canterbury",1010,3.6,3.4,NA
"181","20180630:0000",-42.53433,172.85098,"Hanmer Springs",498,"Hanmer Springs",100031,"Canterbury",1010,3.2,2.75,NA
"182","20180701:0000",-42.53433,172.85098,"Hanmer Springs",498,"Hanmer Springs",100031,"Canterbury",1010,3.6,6.65,NA
"183","20180702:0000",-42.53433,172.85098,"Hanmer Springs",498,"Hanmer Springs",100031,"Canterbury",1010,3.6,3.75,NA
"184","20180703:0000",-42.53433,172.85098,"Hanmer Springs",498,"Hanmer Springs",100031,"Canterbury",1010,1.4,5.3,NA
"185","20180704:0000",-42.53433,172.85098,"Hanmer Springs",498,"Hanmer Springs",100031,"Canterbury",1010,0,4.35,NA
"186","20180705:0000",-42.53433,172.85098,"Hanmer Springs",498,"Hanmer Springs",100031,"Canterbury",1010,1.4,0.8,NA
"187","20180706:0000",-42.53433,172.85098,"Hanmer Springs",498,"Hanmer Springs",100031,"Canterbury",1010,5,6.4,NA
"188","20180707:0000",-42.53433,172.85098,"Hanmer Springs",498,"Hanmer Springs",100031,"Canterbury",1010,17.6,8.6,NA
"189","20180708:0000",-42.53433,172.85098,"Hanmer Springs",498,"Hanmer Springs",100031,"Canterbury",1010,3.2,6.4,NA
"190","20180709:0000",-42.53433,172.85098,"Hanmer Springs",498,"Hanmer Springs",100031,"Canterbury",1010,6.1,7.55,NA
"191","20180710:0000",-42.53433,172.85098,"Hanmer Springs",498,"Hanmer Springs",100031,"Canterbury",1010,2.5,5.7,NA
"192","20180711:0000",-42.53433,172.85098,"Hanmer Springs",498,"Hanmer Springs",100031,"Canterbury",1010,2.9,4.65,NA
"193","20180712:0000",-42.53433,172.85098,"Hanmer Springs",498,"Hanmer Springs",100031,"Canterbury",1010,1.1,3.5,NA
"194","20180713:0000",-42.53433,172.85098,"Hanmer Springs",498,"Hanmer Springs",100031,"Canterbury",1010,4.7,4.35,NA
"195","20180714:0000",-42.53433,172.85098,"Hanmer Springs",498,"Hanmer Springs",100031,"Canterbury",1010,4.7,5.05,NA
"196","20180715:0000",-42.53433,172.85098,"Hanmer Springs",498,"Hanmer Springs",100031,"Canterbury",1010,2.2,0.4,NA
"197","20180716:0000",-42.53433,172.85098,"Hanmer Springs",498,"Hanmer Springs",100031,"Canterbury",1010,2.2,5.85,NA
"198","20180717:0000",-42.53433,172.85098,"Hanmer Springs",498,"Hanmer Springs",100031,"Canterbury",1010,5,7.75,NA
"199","20180718:0000",-42.53433,172.85098,"Hanmer Springs",498,"Hanmer Springs",100031,"Canterbury",1010,3.6,4.3,NA
"200","20180719:0000",-42.53433,172.85098,"Hanmer Springs",498,"Hanmer Springs",100031,"Canterbury",1010,5,5.4,NA
"201","20180720:0000",-42.53433,172.85098,"Hanmer Springs",498,"Hanmer Springs",100031,"Canterbury",1010,4.7,6.15,NA
"202","20180721:0000",-42.53433,172.85098,"Hanmer Springs",498,"Hanmer Springs",100031,"Canterbury",1010,6.1,7.5,NA
"203","20180722:0000",-42.53433,172.85098,"Hanmer Springs",498,"Hanmer Springs",100031,"Canterbury",1010,8.3,8.45,NA
"204","20180723:0000",-42.53433,172.85098,"Hanmer Springs",498,"Hanmer Springs",100031,"Canterbury",1010,1.1,4.1,NA
"205","20180724:0000",-42.53433,172.85098,"Hanmer Springs",498,"Hanmer Springs",100031,"Canterbury",1010,0.7,3.6,NA
"206","20180725:0000",-42.53433,172.85098,"Hanmer Springs",498,"Hanmer Springs",100031,"Canterbury",1010,2.2,4.55,NA
"207","20180726:0000",-42.53433,172.85098,"Hanmer Springs",498,"Hanmer Springs",100031,"Canterbury",1010,6.8,5,NA
"208","20180727:0000",-42.53433,172.85098,"Hanmer Springs",498,"Hanmer Springs",100031,"Canterbury",1010,3.6,6.55,NA
"209","20180728:0000",-42.53433,172.85098,"Hanmer Springs",498,"Hanmer Springs",100031,"Canterbury",1010,5.8,7.35,NA
"210","20180729:0000",-42.53433,172.85098,"Hanmer Springs",498,"Hanmer Springs",100031,"Canterbury",1010,3.6,9.15,NA
"211","20180730:0000",-42.53433,172.85098,"Hanmer Springs",498,"Hanmer Springs",100031,"Canterbury",1010,2.5,5.4,NA
"212","20180731:0000",-42.53433,172.85098,"Hanmer Springs",498,"Hanmer Springs",100031,"Canterbury",1010,5,8.15,NA
"213","20180801:0000",-42.53433,172.85098,"Hanmer Springs",498,"Hanmer Springs",100031,"Canterbury",1010,15.1,8.75,NA
"214","20180802:0000",-42.53433,172.85098,"Hanmer Springs",498,"Hanmer Springs",100031,"Canterbury",1010,2.9,6.4,NA
"215","20180803:0000",-42.53433,172.85098,"Hanmer Springs",498,"Hanmer Springs",100031,"Canterbury",1010,3.2,6.15,NA
"216","20180804:0000",-42.53433,172.85098,"Hanmer Springs",498,"Hanmer Springs",100031,"Canterbury",1010,1.1,8.1,NA
"217","20180805:0000",-42.53433,172.85098,"Hanmer Springs",498,"Hanmer Springs",100031,"Canterbury",1010,1.8,4.65,NA
"218","20180806:0000",-42.53433,172.85098,"Hanmer Springs",498,"Hanmer Springs",100031,"Canterbury",1010,1.8,5.9,NA
"219","20180807:0000",-42.53433,172.85098,"Hanmer Springs",498,"Hanmer Springs",100031,"Canterbury",1010,2.5,8.4,NA
"220","20180808:0000",-42.53433,172.85098,"Hanmer Springs",498,"Hanmer Springs",100031,"Canterbury",1010,8.3,10,NA
"221","20180809:0000",-42.53433,172.85098,"Hanmer Springs",498,"Hanmer Springs",100031,"Canterbury",1010,4.7,7.8,NA
"222","20180810:0000",-42.53433,172.85098,"Hanmer Springs",498,"Hanmer Springs",100031,"Canterbury",1010,5,4.1,NA
"223","20180811:0000",-42.53433,172.85098,"Hanmer Springs",498,"Hanmer Springs",100031,"Canterbury",1010,4,5.75,NA
"224","20180812:0000",-42.53433,172.85098,"Hanmer Springs",498,"Hanmer Springs",100031,"Canterbury",1010,0,7.55,NA
"225","20180813:0000",-42.53433,172.85098,"Hanmer Springs",498,"Hanmer Springs",100031,"Canterbury",1010,5,6.55,NA
"226","20180814:0000",-42.53433,172.85098,"Hanmer Springs",498,"Hanmer Springs",100031,"Canterbury",1010,2.5,4.25,NA
"227","20180815:0000",-42.53433,172.85098,"Hanmer Springs",498,"Hanmer Springs",100031,"Canterbury",1010,2.2,9.3,NA
"228","20180816:0000",-42.53433,172.85098,"Hanmer Springs",498,"Hanmer Springs",100031,"Canterbury",1010,23.4,7.15,NA
"229","20180817:0000",-42.53433,172.85098,"Hanmer Springs",498,"Hanmer Springs",100031,"Canterbury",1010,3.6,7.85,NA
"230","20180818:0000",-42.53433,172.85098,"Hanmer Springs",498,"Hanmer Springs",100031,"Canterbury",1010,2.2,5.65,NA
"231","20180819:0000",-42.53433,172.85098,"Hanmer Springs",498,"Hanmer Springs",100031,"Canterbury",1010,1.8,4.15,NA
"232","20180820:0000",-42.53433,172.85098,"Hanmer Springs",498,"Hanmer Springs",100031,"Canterbury",1010,2.5,3.05,NA
"233","20180821:0000",-42.53433,172.85098,"Hanmer Springs",498,"Hanmer Springs",100031,"Canterbury",1010,3.6,5.4,NA
"234","20180822:0000",-42.53433,172.85098,"Hanmer Springs",498,"Hanmer Springs",100031,"Canterbury",1010,4.3,5.3,NA
"235","20180823:0000",-42.53433,172.85098,"Hanmer Springs",498,"Hanmer Springs",100031,"Canterbury",1010,3.2,3.45,NA
"236","20180824:0000",-42.53433,172.85098,"Hanmer Springs",498,"Hanmer Springs",100031,"Canterbury",1010,2.5,3.75,NA
"237","20180825:0000",-42.53433,172.85098,"Hanmer Springs",498,"Hanmer Springs",100031,"Canterbury",1010,4.7,2.95,NA
"238","20180826:0000",-42.53433,172.85098,"Hanmer Springs",498,"Hanmer Springs",100031,"Canterbury",1010,4,7.6,NA
"239","20180827:0000",-42.53433,172.85098,"Hanmer Springs",498,"Hanmer Springs",100031,"Canterbury",1010,3.6,8.6,NA
"240","20180828:0000",-42.53433,172.85098,"Hanmer Springs",498,"Hanmer Springs",100031,"Canterbury",1010,3.2,7.15,NA
"241","20180829:0000",-42.53433,172.85098,"Hanmer Springs",498,"Hanmer Springs",100031,"Canterbury",1010,1.4,5.85,NA
"242","20180830:0000",-42.53433,172.85098,"Hanmer Springs",498,"Hanmer Springs",100031,"Canterbury",1010,2.9,7.55,NA
"243","20180831:0000",-42.53433,172.85098,"Hanmer Springs",498,"Hanmer Springs",100031,"Canterbury",1010,1.4,3.1,NA
"244","20180901:0000",-42.53433,172.85098,"Hanmer Springs",498,"Hanmer Springs",100031,"Canterbury",1010,3.2,8.7,NA
"245","20180902:0000",-42.53433,172.85098,"Hanmer Springs",498,"Hanmer Springs",100031,"Canterbury",1010,2.5,5.75,NA
"246","20180903:0000",-42.53433,172.85098,"Hanmer Springs",498,"Hanmer Springs",100031,"Canterbury",1010,4.7,3.35,NA
"247","20180904:0000",-42.53433,172.85098,"Hanmer Springs",498,"Hanmer Springs",100031,"Canterbury",1010,2.5,4.3,NA
"248","20180905:0000",-42.53433,172.85098,"Hanmer Springs",498,"Hanmer Springs",100031,"Canterbury",1010,1.8,4.8,NA
"249","20180906:0000",-42.53433,172.85098,"Hanmer Springs",498,"Hanmer Springs",100031,"Canterbury",1010,1.4,5.75,NA
"250","20180907:0000",-42.53433,172.85098,"Hanmer Springs",498,"Hanmer Springs",100031,"Canterbury",1010,2.2,4.45,NA
"251","20180908:0000",-42.53433,172.85098,"Hanmer Springs",498,"Hanmer Springs",100031,"Canterbury",1010,3.2,4.65,NA
"252","20180909:0000",-42.53433,172.85098,"Hanmer Springs",498,"Hanmer Springs",100031,"Canterbury",1010,2.5,4.95,NA
"253","20180910:0000",-42.53433,172.85098,"Hanmer Springs",498,"Hanmer Springs",100031,"Canterbury",1010,2.2,4.75,NA
"254","20180911:0000",-42.53433,172.85098,"Hanmer Springs",498,"Hanmer Springs",100031,"Canterbury",1010,2.2,6.5,NA
"255","20180912:0000",-42.53433,172.85098,"Hanmer Springs",498,"Hanmer Springs",100031,"Canterbury",1010,2.5,10.75,NA
"256","20180913:0000",-42.53433,172.85098,"Hanmer Springs",498,"Hanmer Springs",100031,"Canterbury",1010,10.8,8.9,NA
"257","20180914:0000",-42.53433,172.85098,"Hanmer Springs",498,"Hanmer Springs",100031,"Canterbury",1010,6.1,15.45,NA
"258","20180915:0000",-42.53433,172.85098,"Hanmer Springs",498,"Hanmer Springs",100031,"Canterbury",1010,4.7,11.7,NA
"259","20180916:0000",-42.53433,172.85098,"Hanmer Springs",498,"Hanmer Springs",100031,"Canterbury",1010,18.4,12.8,NA
"260","20180917:0000",-42.53433,172.85098,"Hanmer Springs",498,"Hanmer Springs",100031,"Canterbury",1010,6.1,16,NA
"261","20180918:0000",-42.53433,172.85098,"Hanmer Springs",498,"Hanmer Springs",100031,"Canterbury",1010,3.2,7.55,NA
"262","20180919:0000",-42.53433,172.85098,"Hanmer Springs",498,"Hanmer Springs",100031,"Canterbury",1010,2.9,9.7,NA
"263","20180920:0000",-42.53433,172.85098,"Hanmer Springs",498,"Hanmer Springs",100031,"Canterbury",1010,3.6,10.6,NA
"264","20180921:0000",-42.53433,172.85098,"Hanmer Springs",498,"Hanmer Springs",100031,"Canterbury",1010,2.5,8.1,NA
"265","20180922:0000",-42.53433,172.85098,"Hanmer Springs",498,"Hanmer Springs",100031,"Canterbury",1010,2.9,10.95,NA
"266","20180923:0000",-42.53433,172.85098,"Hanmer Springs",498,"Hanmer Springs",100031,"Canterbury",1010,3.6,9.6,NA
"267","20180924:0000",-42.53433,172.85098,"Hanmer Springs",498,"Hanmer Springs",100031,"Canterbury",1010,4,9.55,NA
"268","20180925:0000",-42.53433,172.85098,"Hanmer Springs",498,"Hanmer Springs",100031,"Canterbury",1010,2.2,8.1,NA
"269","20180926:0000",-42.53433,172.85098,"Hanmer Springs",498,"Hanmer Springs",100031,"Canterbury",1010,9.7,9.8,NA
"270","20180927:0000",-42.53433,172.85098,"Hanmer Springs",498,"Hanmer Springs",100031,"Canterbury",1010,2.2,8.05,NA
"271","20180928:0000",-42.53433,172.85098,"Hanmer Springs",498,"Hanmer Springs",100031,"Canterbury",1010,3.2,7.25,NA
"272","20180929:0000",-42.53433,172.85098,"Hanmer Springs",498,"Hanmer Springs",100031,"Canterbury",1010,4,8.5,NA
"273","20180930:0000",-42.53433,172.85098,"Hanmer Springs",498,"Hanmer Springs",100031,"Canterbury",1010,19.1,12.15,NA
"274","20181001:0000",-42.53433,172.85098,"Hanmer Springs",498,"Hanmer Springs",100031,"Canterbury",1010,1.8,13.6,NA
"275","20181002:0000",-42.53433,172.85098,"Hanmer Springs",498,"Hanmer Springs",100031,"Canterbury",1010,3.6,9.95,NA
"276","20181003:0000",-42.53433,172.85098,"Hanmer Springs",498,"Hanmer Springs",100031,"Canterbury",1010,5,12.05,NA
"277","20181004:0000",-42.53433,172.85098,"Hanmer Springs",498,"Hanmer Springs",100031,"Canterbury",1010,4,9.65,NA
"278","20181005:0000",-42.53433,172.85098,"Hanmer Springs",498,"Hanmer Springs",100031,"Canterbury",1010,3.6,9.65,NA
"279","20181006:0000",-42.53433,172.85098,"Hanmer Springs",498,"Hanmer Springs",100031,"Canterbury",1010,1.8,11.15,NA
"280","20181007:0000",-42.53433,172.85098,"Hanmer Springs",498,"Hanmer Springs",100031,"Canterbury",1010,3.2,9.15,NA
"281","20181008:0000",-42.53433,172.85098,"Hanmer Springs",498,"Hanmer Springs",100031,"Canterbury",1010,2.5,8.8,NA
"282","20181009:0000",-42.53433,172.85098,"Hanmer Springs",498,"Hanmer Springs",100031,"Canterbury",1010,3.2,8.8,NA
"283","20181010:0000",-42.53433,172.85098,"Hanmer Springs",498,"Hanmer Springs",100031,"Canterbury",1010,13.3,9.4,NA
"284","20181011:0000",-42.53433,172.85098,"Hanmer Springs",498,"Hanmer Springs",100031,"Canterbury",1010,2.9,9.4,NA
"285","20181012:0000",-42.53433,172.85098,"Hanmer Springs",498,"Hanmer Springs",100031,"Canterbury",1010,4,3.85,NA
"286","20181013:0000",-42.53433,172.85098,"Hanmer Springs",498,"Hanmer Springs",100031,"Canterbury",1010,1.4,6.35,NA
"287","20181014:0000",-42.53433,172.85098,"Hanmer Springs",498,"Hanmer Springs",100031,"Canterbury",1010,3.6,6.25,NA
"288","20181015:0000",-42.53433,172.85098,"Hanmer Springs",498,"Hanmer Springs",100031,"Canterbury",1010,3.6,6.95,NA
"289","20181016:0000",-42.53433,172.85098,"Hanmer Springs",498,"Hanmer Springs",100031,"Canterbury",1010,3.6,11.05,NA
"290","20181017:0000",-42.53433,172.85098,"Hanmer Springs",498,"Hanmer Springs",100031,"Canterbury",1010,3.2,9.7,NA
"291","20181018:0000",-42.53433,172.85098,"Hanmer Springs",498,"Hanmer Springs",100031,"Canterbury",1010,2.9,10.8,NA
"292","20181019:0000",-42.53433,172.85098,"Hanmer Springs",498,"Hanmer Springs",100031,"Canterbury",1010,3.6,11.65,NA
"293","20181020:0000",-42.53433,172.85098,"Hanmer Springs",498,"Hanmer Springs",100031,"Canterbury",1010,4.7,13.4,NA
"294","20181021:0000",-42.53433,172.85098,"Hanmer Springs",498,"Hanmer Springs",100031,"Canterbury",1010,4,13.6,NA
"295","20181022:0000",-42.53433,172.85098,"Hanmer Springs",498,"Hanmer Springs",100031,"Canterbury",1010,1.8,15.25,NA
"296","20181023:0000",-42.53433,172.85098,"Hanmer Springs",498,"Hanmer Springs",100031,"Canterbury",1010,2.5,15.6,NA
"297","20181024:0000",-42.53433,172.85098,"Hanmer Springs",498,"Hanmer Springs",100031,"Canterbury",1010,2.5,16,NA
"298","20181025:0000",-42.53433,172.85098,"Hanmer Springs",498,"Hanmer Springs",100031,"Canterbury",1010,2.5,12.2,NA
"299","20181026:0000",-42.53433,172.85098,"Hanmer Springs",498,"Hanmer Springs",100031,"Canterbury",1010,3.6,9.4,NA
"300","20181027:0000",-42.53433,172.85098,"Hanmer Springs",498,"Hanmer Springs",100031,"Canterbury",1010,2.2,9.25,NA
"301","20181028:0000",-42.53433,172.85098,"Hanmer Springs",498,"Hanmer Springs",100031,"Canterbury",1010,2.5,10.15,NA
"302","20181029:0000",-42.53433,172.85098,"Hanmer Springs",498,"Hanmer Springs",100031,"Canterbury",1010,1.1,9.65,NA
"303","20181030:0000",-42.53433,172.85098,"Hanmer Springs",498,"Hanmer Springs",100031,"Canterbury",1010,3.2,7.7,NA
"304","20181031:0000",-42.53433,172.85098,"Hanmer Springs",498,"Hanmer Springs",100031,"Canterbury",1010,3.6,8.8,NA
"305","20181101:0000",-42.53433,172.85098,"Hanmer Springs",498,"Hanmer Springs",100031,"Canterbury",1010,4.3,8.55,NA
"306","20181102:0000",-42.53433,172.85098,"Hanmer Springs",498,"Hanmer Springs",100031,"Canterbury",1010,4,9.5,NA
"307","20181103:0000",-42.53433,172.85098,"Hanmer Springs",498,"Hanmer Springs",100031,"Canterbury",1010,6.8,16.05,NA
"308","20181104:0000",-42.53433,172.85098,"Hanmer Springs",498,"Hanmer Springs",100031,"Canterbury",1010,8.3,10.25,NA
"309","20181105:0000",-42.53433,172.85098,"Hanmer Springs",498,"Hanmer Springs",100031,"Canterbury",1010,4.3,11.8,NA
"310","20181106:0000",-42.53433,172.85098,"Hanmer Springs",498,"Hanmer Springs",100031,"Canterbury",1010,3.6,13.6,NA
"311","20181107:0000",-42.53433,172.85098,"Hanmer Springs",498,"Hanmer Springs",100031,"Canterbury",1010,5.8,15.1,NA
"312","20181108:0000",-42.53433,172.85098,"Hanmer Springs",498,"Hanmer Springs",100031,"Canterbury",1010,10.8,21.35,NA
"313","20181109:0000",-42.53433,172.85098,"Hanmer Springs",498,"Hanmer Springs",100031,"Canterbury",1010,2.2,9.05,NA
"314","20181110:0000",-42.53433,172.85098,"Hanmer Springs",498,"Hanmer Springs",100031,"Canterbury",1010,4,9.35,NA
"315","20181111:0000",-42.53433,172.85098,"Hanmer Springs",498,"Hanmer Springs",100031,"Canterbury",1010,2.9,11.8,NA
"316","20181112:0000",-42.53433,172.85098,"Hanmer Springs",498,"Hanmer Springs",100031,"Canterbury",1010,2.9,11.3,NA
"317","20181113:0000",-42.53433,172.85098,"Hanmer Springs",498,"Hanmer Springs",100031,"Canterbury",1010,2.2,11.8,NA
"318","20181114:0000",-42.53433,172.85098,"Hanmer Springs",498,"Hanmer Springs",100031,"Canterbury",1010,2.5,14.55,NA
"319","20181115:0000",-42.53433,172.85098,"Hanmer Springs",498,"Hanmer Springs",100031,"Canterbury",1010,2.5,15.75,NA
"320","20181116:0000",-42.53433,172.85098,"Hanmer Springs",498,"Hanmer Springs",100031,"Canterbury",1010,2.5,14.5,NA
"321","20181117:0000",-42.53433,172.85098,"Hanmer Springs",498,"Hanmer Springs",100031,"Canterbury",1010,3.2,14.8,NA
"322","20181118:0000",-42.53433,172.85098,"Hanmer Springs",498,"Hanmer Springs",100031,"Canterbury",1010,4.7,13.7,NA
"323","20181119:0000",-42.53433,172.85098,"Hanmer Springs",498,"Hanmer Springs",100031,"Canterbury",1010,2.5,6.25,NA
"324","20181120:0000",-42.53433,172.85098,"Hanmer Springs",498,"Hanmer Springs",100031,"Canterbury",1010,2.5,6,NA
"325","20181121:0000",-42.53433,172.85098,"Hanmer Springs",498,"Hanmer Springs",100031,"Canterbury",1010,2.5,6.7,NA
"326","20181122:0000",-42.53433,172.85098,"Hanmer Springs",498,"Hanmer Springs",100031,"Canterbury",1010,4.3,7.95,NA
"327","20181123:0000",-42.53433,172.85098,"Hanmer Springs",498,"Hanmer Springs",100031,"Canterbury",1010,2.9,9.5,NA
"328","20181124:0000",-42.53433,172.85098,"Hanmer Springs",498,"Hanmer Springs",100031,"Canterbury",1010,2.2,13.6,NA
"329","20181125:0000",-42.53433,172.85098,"Hanmer Springs",498,"Hanmer Springs",100031,"Canterbury",1010,2.2,13.95,NA
"330","20181126:0000",-42.53433,172.85098,"Hanmer Springs",498,"Hanmer Springs",100031,"Canterbury",1010,4.7,11.35,NA
"331","20181127:0000",-42.53433,172.85098,"Hanmer Springs",498,"Hanmer Springs",100031,"Canterbury",1010,2.2,9.75,NA
"332","20181128:0000",-42.53433,172.85098,"Hanmer Springs",498,"Hanmer Springs",100031,"Canterbury",1010,0.7,11.9,NA
"333","20181129:0000",-42.53433,172.85098,"Hanmer Springs",498,"Hanmer Springs",100031,"Canterbury",1010,2.2,13.4,NA
"334","20181130:0000",-42.53433,172.85098,"Hanmer Springs",498,"Hanmer Springs",100031,"Canterbury",1010,2.2,10.95,NA
"335","20181201:0000",-42.53433,172.85098,"Hanmer Springs",498,"Hanmer Springs",100031,"Canterbury",1010,1.4,16.1,NA
"336","20181202:0000",-42.53433,172.85098,"Hanmer Springs",498,"Hanmer Springs",100031,"Canterbury",1010,2.9,14.6,NA
"337","20181203:0000",-42.53433,172.85098,"Hanmer Springs",498,"Hanmer Springs",100031,"Canterbury",1010,1.8,16.2,NA
"338","20181204:0000",-42.53433,172.85098,"Hanmer Springs",498,"Hanmer Springs",100031,"Canterbury",1010,2.5,16.8,NA
"339","20181205:0000",-42.53433,172.85098,"Hanmer Springs",498,"Hanmer Springs",100031,"Canterbury",1010,9.7,13.9,NA
"340","20181206:0000",-42.53433,172.85098,"Hanmer Springs",498,"Hanmer Springs",100031,"Canterbury",1010,1.8,11.25,NA
"341","20181207:0000",-42.53433,172.85098,"Hanmer Springs",498,"Hanmer Springs",100031,"Canterbury",1010,3.6,13.05,NA
"342","20181208:0000",-42.53433,172.85098,"Hanmer Springs",498,"Hanmer Springs",100031,"Canterbury",1010,2.9,15.75,NA
"343","20181209:0000",-42.53433,172.85098,"Hanmer Springs",498,"Hanmer Springs",100031,"Canterbury",1010,4,17.35,NA
"344","20181210:0000",-42.53433,172.85098,"Hanmer Springs",498,"Hanmer Springs",100031,"Canterbury",1010,4.7,13.1,NA
"345","20181211:0000",-42.53433,172.85098,"Hanmer Springs",498,"Hanmer Springs",100031,"Canterbury",1010,1.8,13.35,NA
"346","20181212:0000",-42.53433,172.85098,"Hanmer Springs",498,"Hanmer Springs",100031,"Canterbury",1010,2.9,15.7,NA
"347","20181213:0000",-42.53433,172.85098,"Hanmer Springs",498,"Hanmer Springs",100031,"Canterbury",1010,2.5,14.15,NA
"348","20181214:0000",-42.53433,172.85098,"Hanmer Springs",498,"Hanmer Springs",100031,"Canterbury",1010,1.8,16.9,NA
"349","20181215:0000",-42.53433,172.85098,"Hanmer Springs",498,"Hanmer Springs",100031,"Canterbury",1010,2.2,18.25,NA
"350","20181216:0000",-42.53433,172.85098,"Hanmer Springs",498,"Hanmer Springs",100031,"Canterbury",1010,3.2,15.55,NA
"351","20181217:0000",-42.53433,172.85098,"Hanmer Springs",498,"Hanmer Springs",100031,"Canterbury",1010,2.9,18.2,NA
"352","20181218:0000",-42.53433,172.85098,"Hanmer Springs",498,"Hanmer Springs",100031,"Canterbury",1010,15.8,17.6,NA
"353","20181219:0000",-42.53433,172.85098,"Hanmer Springs",498,"Hanmer Springs",100031,"Canterbury",1010,2.5,14.7,NA
"354","20181220:0000",-42.53433,172.85098,"Hanmer Springs",498,"Hanmer Springs",100031,"Canterbury",1010,3.2,10.4,NA
"355","20181221:0000",-42.53433,172.85098,"Hanmer Springs",498,"Hanmer Springs",100031,"Canterbury",1010,2.5,12.95,NA
"356","20181222:0000",-42.53433,172.85098,"Hanmer Springs",498,"Hanmer Springs",100031,"Canterbury",1010,2.5,15.2,NA
"357","20181223:0000",-42.53433,172.85098,"Hanmer Springs",498,"Hanmer Springs",100031,"Canterbury",1010,2.5,11.45,NA
"358","20181224:0000",-42.53433,172.85098,"Hanmer Springs",498,"Hanmer Springs",100031,"Canterbury",1010,2.2,11.9,NA
"359","20181225:0000",-42.53433,172.85098,"Hanmer Springs",498,"Hanmer Springs",100031,"Canterbury",1010,3.2,15.3,NA
"360","20181226:0000",-42.53433,172.85098,"Hanmer Springs",498,"Hanmer Springs",100031,"Canterbury",1010,3.6,11.45,NA
"361","20181227:0000",-42.53433,172.85098,"Hanmer Springs",498,"Hanmer Springs",100031,"Canterbury",1010,2.9,12.2,NA
"362","20181228:0000",-42.53433,172.85098,"Hanmer Springs",498,"Hanmer Springs",100031,"Canterbury",1010,2.9,17.15,NA
"363","20181229:0000",-42.53433,172.85098,"Hanmer Springs",498,"Hanmer Springs",100031,"Canterbury",1010,2.2,16.4,NA
"364","20181230:0000",-42.53433,172.85098,"Hanmer Springs",498,"Hanmer Springs",100031,"Canterbury",1010,3.2,16.35,NA
"365","20181231:0000",-42.53433,172.85098,"Hanmer Springs",498,"Hanmer Springs",100031,"Canterbury",1010,2.5,21.3,NA
"366","20190101:0000",-42.53433,172.85098,"Hanmer Springs",498,"Hanmer Springs",100031,"Canterbury",1010,2.9,20.15,NA
"367","20190102:0000",-42.53433,172.85098,"Hanmer Springs",498,"Hanmer Springs",100031,"Canterbury",1010,5.4,20.25,NA
"368","20190103:0000",-42.53433,172.85098,"Hanmer Springs",498,"Hanmer Springs",100031,"Canterbury",1010,2.9,20.75,NA
"369","20190104:0000",-42.53433,172.85098,"Hanmer Springs",498,"Hanmer Springs",100031,"Canterbury",1010,8.3,17.2,NA
"370","20190105:0000",-42.53433,172.85098,"Hanmer Springs",498,"Hanmer Springs",100031,"Canterbury",1010,3.2,18,NA
"371","20190106:0000",-42.53433,172.85098,"Hanmer Springs",498,"Hanmer Springs",100031,"Canterbury",1010,17.3,24,NA
"372","20190107:0000",-42.53433,172.85098,"Hanmer Springs",498,"Hanmer Springs",100031,"Canterbury",1010,2.9,19.05,NA
"373","20190108:0000",-42.53433,172.85098,"Hanmer Springs",498,"Hanmer Springs",100031,"Canterbury",1010,2.5,15.3,NA
"374","20190109:0000",-42.53433,172.85098,"Hanmer Springs",498,"Hanmer Springs",100031,"Canterbury",1010,2.5,21.9,NA
"375","20190110:0000",-42.53433,172.85098,"Hanmer Springs",498,"Hanmer Springs",100031,"Canterbury",1010,5,22.5,NA
"376","20190111:0000",-42.53433,172.85098,"Hanmer Springs",498,"Hanmer Springs",100031,"Canterbury",1010,10.1,19.05,NA
"377","20190112:0000",-42.53433,172.85098,"Hanmer Springs",498,"Hanmer Springs",100031,"Canterbury",1010,3.2,14.4,NA
"378","20190113:0000",-42.53433,172.85098,"Hanmer Springs",498,"Hanmer Springs",100031,"Canterbury",1010,2.9,15.8,NA
"379","20190114:0000",-42.53433,172.85098,"Hanmer Springs",498,"Hanmer Springs",100031,"Canterbury",1010,2.9,11.3,NA
"380","20190115:0000",-42.53433,172.85098,"Hanmer Springs",498,"Hanmer Springs",100031,"Canterbury",1010,4,14.45,NA
"381","20190116:0000",-42.53433,172.85098,"Hanmer Springs",498,"Hanmer Springs",100031,"Canterbury",1010,2.5,15.7,NA
"382","20190117:0000",-42.53433,172.85098,"Hanmer Springs",498,"Hanmer Springs",100031,"Canterbury",1010,1.4,18.95,NA
"383","20190118:0000",-42.53433,172.85098,"Hanmer Springs",498,"Hanmer Springs",100031,"Canterbury",1010,1.1,16.1,NA
"384","20190119:0000",-42.53433,172.85098,"Hanmer Springs",498,"Hanmer Springs",100031,"Canterbury",1010,6.1,18.55,NA
"385","20190120:0000",-42.53433,172.85098,"Hanmer Springs",498,"Hanmer Springs",100031,"Canterbury",1010,16.2,17.95,NA
"386","20190121:0000",-42.53433,172.85098,"Hanmer Springs",498,"Hanmer Springs",100031,"Canterbury",1010,16.2,18.2,NA
"387","20190122:0000",-42.53433,172.85098,"Hanmer Springs",498,"Hanmer Springs",100031,"Canterbury",1010,5.4,16,NA
"388","20190123:0000",-42.53433,172.85098,"Hanmer Springs",498,"Hanmer Springs",100031,"Canterbury",1010,13,22.75,NA
"389","20190124:0000",-42.53433,172.85098,"Hanmer Springs",498,"Hanmer Springs",100031,"Canterbury",1010,2.5,13.65,NA
"390","20190125:0000",-42.53433,172.85098,"Hanmer Springs",498,"Hanmer Springs",100031,"Canterbury",1010,2.2,13.75,NA
"391","20190126:0000",-42.53433,172.85098,"Hanmer Springs",498,"Hanmer Springs",100031,"Canterbury",1010,2.5,16.65,NA
"392","20190127:0000",-42.53433,172.85098,"Hanmer Springs",498,"Hanmer Springs",100031,"Canterbury",1010,9.4,23.9,NA
"393","20190128:0000",-42.53433,172.85098,"Hanmer Springs",498,"Hanmer Springs",100031,"Canterbury",1010,7.2,24.75,NA
"394","20190129:0000",-42.53433,172.85098,"Hanmer Springs",498,"Hanmer Springs",100031,"Canterbury",1010,1.4,20.85,NA
"395","20190130:0000",-42.53433,172.85098,"Hanmer Springs",498,"Hanmer Springs",100031,"Canterbury",1010,2.9,24.45,NA
"396","20190131:0000",-42.53433,172.85098,"Hanmer Springs",498,"Hanmer Springs",100031,"Canterbury",1010,2.9,24.15,NA
"397","20190201:0000",-42.53433,172.85098,"Hanmer Springs",498,"Hanmer Springs",100031,"Canterbury",1010,21.6,20.6,NA
"398","20190202:0000",-42.53433,172.85098,"Hanmer Springs",498,"Hanmer Springs",100031,"Canterbury",1010,1.8,11.65,NA
"399","20190203:0000",-42.53433,172.85098,"Hanmer Springs",498,"Hanmer Springs",100031,"Canterbury",1010,1.8,15.85,NA
"400","20190204:0000",-42.53433,172.85098,"Hanmer Springs",498,"Hanmer Springs",100031,"Canterbury",1010,8.3,20.3,NA
"401","20190205:0000",-42.53433,172.85098,"Hanmer Springs",498,"Hanmer Springs",100031,"Canterbury",1010,6.5,20.55,NA
"402","20190206:0000",-42.53433,172.85098,"Hanmer Springs",498,"Hanmer Springs",100031,"Canterbury",1010,2.9,10.85,NA
"403","20190207:0000",-42.53433,172.85098,"Hanmer Springs",498,"Hanmer Springs",100031,"Canterbury",1010,1.4,12.45,NA
"404","20190208:0000",-42.53433,172.85098,"Hanmer Springs",498,"Hanmer Springs",100031,"Canterbury",1010,1.8,14.7,NA
"405","20190209:0000",-42.53433,172.85098,"Hanmer Springs",498,"Hanmer Springs",100031,"Canterbury",1010,2.5,19.5,NA
"406","20190210:0000",-42.53433,172.85098,"Hanmer Springs",498,"Hanmer Springs",100031,"Canterbury",1010,5,19.85,NA
"407","20190211:0000",-42.53433,172.85098,"Hanmer Springs",498,"Hanmer Springs",100031,"Canterbury",1010,1.8,18.5,NA
"408","20190212:0000",-42.53433,172.85098,"Hanmer Springs",498,"Hanmer Springs",100031,"Canterbury",1010,2.5,19.9,NA
"409","20190213:0000",-42.53433,172.85098,"Hanmer Springs",498,"Hanmer Springs",100031,"Canterbury",1010,1.8,18.5,NA
"410","20190214:0000",-42.53433,172.85098,"Hanmer Springs",498,"Hanmer Springs",100031,"Canterbury",1010,2.2,20.9,NA
"411","20190215:0000",-42.53433,172.85098,"Hanmer Springs",498,"Hanmer Springs",100031,"Canterbury",1010,0.7,19.35,NA
"412","20190216:0000",-42.53433,172.85098,"Hanmer Springs",498,"Hanmer Springs",100031,"Canterbury",1010,2.5,10.2,NA
"413","20190217:0000",-42.53433,172.85098,"Hanmer Springs",498,"Hanmer Springs",100031,"Canterbury",1010,2.9,15.2,NA
"414","20190218:0000",-42.53433,172.85098,"Hanmer Springs",498,"Hanmer Springs",100031,"Canterbury",1010,3.6,18.6,NA
"415","20190219:0000",-42.53433,172.85098,"Hanmer Springs",498,"Hanmer Springs",100031,"Canterbury",1010,2.5,19.5,NA
"416","20190220:0000",-42.53433,172.85098,"Hanmer Springs",498,"Hanmer Springs",100031,"Canterbury",1010,3.6,22.65,NA
"417","20190221:0000",-42.53433,172.85098,"Hanmer Springs",498,"Hanmer Springs",100031,"Canterbury",1010,1.8,19.75,NA
"418","20190222:0000",-42.53433,172.85098,"Hanmer Springs",498,"Hanmer Springs",100031,"Canterbury",1010,9.4,20.5,NA
"419","20190223:0000",-42.53433,172.85098,"Hanmer Springs",498,"Hanmer Springs",100031,"Canterbury",1010,1.4,11.8,NA
"420","20190224:0000",-42.53433,172.85098,"Hanmer Springs",498,"Hanmer Springs",100031,"Canterbury",1010,4.3,8.6,NA
"421","20190225:0000",-42.53433,172.85098,"Hanmer Springs",498,"Hanmer Springs",100031,"Canterbury",1010,2.2,9,NA
"422","20190226:0000",-42.53433,172.85098,"Hanmer Springs",498,"Hanmer Springs",100031,"Canterbury",1010,2.5,13.7,NA
"423","20190227:0000",-42.53433,172.85098,"Hanmer Springs",498,"Hanmer Springs",100031,"Canterbury",1010,23,15.45,NA
"424","20190228:0000",-42.53433,172.85098,"Hanmer Springs",498,"Hanmer Springs",100031,"Canterbury",1010,1.1,10.55,NA
"425","20190301:0000",-42.53433,172.85098,"Hanmer Springs",498,"Hanmer Springs",100031,"Canterbury",1010,0.7,10.85,NA
"426","20190302:0000",-42.53433,172.85098,"Hanmer Springs",498,"Hanmer Springs",100031,"Canterbury",1010,2.9,12.15,NA
"427","20190303:0000",-42.53433,172.85098,"Hanmer Springs",498,"Hanmer Springs",100031,"Canterbury",1010,0.7,15.6,NA
"428","20190304:0000",-42.53433,172.85098,"Hanmer Springs",498,"Hanmer Springs",100031,"Canterbury",1010,2.5,16.7,NA
"429","20190305:0000",-42.53433,172.85098,"Hanmer Springs",498,"Hanmer Springs",100031,"Canterbury",1010,2.5,16.8,NA
"430","20190306:0000",-42.53433,172.85098,"Hanmer Springs",498,"Hanmer Springs",100031,"Canterbury",1010,3.2,18.7,NA
"431","20190307:0000",-42.53433,172.85098,"Hanmer Springs",498,"Hanmer Springs",100031,"Canterbury",1010,15.1,19.2,NA
"432","20190308:0000",-42.53433,172.85098,"Hanmer Springs",498,"Hanmer Springs",100031,"Canterbury",1010,2.5,10,NA
"433","20190309:0000",-42.53433,172.85098,"Hanmer Springs",498,"Hanmer Springs",100031,"Canterbury",1010,2.5,11.45,NA
"434","20190310:0000",-42.53433,172.85098,"Hanmer Springs",498,"Hanmer Springs",100031,"Canterbury",1010,2.9,12.2,NA
"435","20190311:0000",-42.53433,172.85098,"Hanmer Springs",498,"Hanmer Springs",100031,"Canterbury",1010,1.8,15.1,NA
"436","20190312:0000",-42.53433,172.85098,"Hanmer Springs",498,"Hanmer Springs",100031,"Canterbury",1010,4,18.1,NA
"437","20190313:0000",-42.53433,172.85098,"Hanmer Springs",498,"Hanmer Springs",100031,"Canterbury",1010,2.5,20.1,NA
"438","20190314:0000",-42.53433,172.85098,"Hanmer Springs",498,"Hanmer Springs",100031,"Canterbury",1010,1.1,13.9,NA
"439","20190315:0000",-42.53433,172.85098,"Hanmer Springs",498,"Hanmer Springs",100031,"Canterbury",1010,0,16.55,NA
"440","20190316:0000",-42.53433,172.85098,"Hanmer Springs",498,"Hanmer Springs",100031,"Canterbury",1010,2.9,17.8,NA
"441","20190317:0000",-42.53433,172.85098,"Hanmer Springs",498,"Hanmer Springs",100031,"Canterbury",1010,0.4,14.75,NA
"442","20190318:0000",-42.53433,172.85098,"Hanmer Springs",498,"Hanmer Springs",100031,"Canterbury",1010,0.4,16.35,NA
"443","20190319:0000",-42.53433,172.85098,"Hanmer Springs",498,"Hanmer Springs",100031,"Canterbury",1010,1.4,16.6,NA
"444","20190320:0000",-42.53433,172.85098,"Hanmer Springs",498,"Hanmer Springs",100031,"Canterbury",1010,0.7,15.95,NA
"445","20190321:0000",-42.53433,172.85098,"Hanmer Springs",498,"Hanmer Springs",100031,"Canterbury",1010,3.6,15.15,NA
"446","20190322:0000",-42.53433,172.85098,"Hanmer Springs",498,"Hanmer Springs",100031,"Canterbury",1010,2.2,16.6,NA
"447","20190323:0000",-42.53433,172.85098,"Hanmer Springs",498,"Hanmer Springs",100031,"Canterbury",1010,0.7,16.85,NA
"448","20190324:0000",-42.53433,172.85098,"Hanmer Springs",498,"Hanmer Springs",100031,"Canterbury",1010,3.2,17.2,NA
"449","20190325:0000",-42.53433,172.85098,"Hanmer Springs",498,"Hanmer Springs",100031,"Canterbury",1010,9,18.65,NA
"450","20190326:0000",-42.53433,172.85098,"Hanmer Springs",498,"Hanmer Springs",100031,"Canterbury",1010,18,21.95,NA
"451","20190327:0000",-42.53433,172.85098,"Hanmer Springs",498,"Hanmer Springs",100031,"Canterbury",1010,10.1,19,NA
"452","20190328:0000",-42.53433,172.85098,"Hanmer Springs",498,"Hanmer Springs",100031,"Canterbury",1010,1.1,12.3,NA
"453","20190329:0000",-42.53433,172.85098,"Hanmer Springs",498,"Hanmer Springs",100031,"Canterbury",1010,1.8,11.25,NA
"454","20190330:0000",-42.53433,172.85098,"Hanmer Springs",498,"Hanmer Springs",100031,"Canterbury",1010,2.9,13.95,NA
"455","20190331:0000",-42.53433,172.85098,"Hanmer Springs",498,"Hanmer Springs",100031,"Canterbury",1010,2.9,16.1,NA
"456","20190401:0000",-42.53433,172.85098,"Hanmer Springs",498,"Hanmer Springs",100031,"Canterbury",1010,7.6,16.7,NA
"457","20190402:0000",-42.53433,172.85098,"Hanmer Springs",498,"Hanmer Springs",100031,"Canterbury",1010,3.6,8.15,NA
"458","20190403:0000",-42.53433,172.85098,"Hanmer Springs",498,"Hanmer Springs",100031,"Canterbury",1010,1.4,10.25,NA
"459","20190404:0000",-42.53433,172.85098,"Hanmer Springs",498,"Hanmer Springs",100031,"Canterbury",1010,2.9,10.25,NA
"460","20190405:0000",-42.53433,172.85098,"Hanmer Springs",498,"Hanmer Springs",100031,"Canterbury",1010,2.5,3.85,NA
"461","20190406:0000",-42.53433,172.85098,"Hanmer Springs",498,"Hanmer Springs",100031,"Canterbury",1010,1.8,5.05,NA
"462","20190407:0000",-42.53433,172.85098,"Hanmer Springs",498,"Hanmer Springs",100031,"Canterbury",1010,1.1,6.2,NA
"463","20190408:0000",-42.53433,172.85098,"Hanmer Springs",498,"Hanmer Springs",100031,"Canterbury",1010,1.8,12.45,NA
"464","20190409:0000",-42.53433,172.85098,"Hanmer Springs",498,"Hanmer Springs",100031,"Canterbury",1010,2.9,11.45,NA
"465","20190410:0000",-42.53433,172.85098,"Hanmer Springs",498,"Hanmer Springs",100031,"Canterbury",1010,2.5,14.7,NA
"466","20190411:0000",-42.53433,172.85098,"Hanmer Springs",498,"Hanmer Springs",100031,"Canterbury",1010,0.7,11.35,NA
"467","20190412:0000",-42.53433,172.85098,"Hanmer Springs",498,"Hanmer Springs",100031,"Canterbury",1010,2.2,7.7,NA
"468","20190413:0000",-42.53433,172.85098,"Hanmer Springs",498,"Hanmer Springs",100031,"Canterbury",1010,2.2,10.5,NA
"469","20190414:0000",-42.53433,172.85098,"Hanmer Springs",498,"Hanmer Springs",100031,"Canterbury",1010,1.8,6.75,NA
"470","20190415:0000",-42.53433,172.85098,"Hanmer Springs",498,"Hanmer Springs",100031,"Canterbury",1010,1.1,9.1,NA
"471","20190416:0000",-42.53433,172.85098,"Hanmer Springs",498,"Hanmer Springs",100031,"Canterbury",1010,1.4,8.55,NA
"472","20190417:0000",-42.53433,172.85098,"Hanmer Springs",498,"Hanmer Springs",100031,"Canterbury",1010,1.1,9.3,NA
"473","20190418:0000",-42.53433,172.85098,"Hanmer Springs",498,"Hanmer Springs",100031,"Canterbury",1010,2.2,8.2,NA
"474","20190419:0000",-42.53433,172.85098,"Hanmer Springs",498,"Hanmer Springs",100031,"Canterbury",1010,3.6,11.2,NA
"475","20190420:0000",-42.53433,172.85098,"Hanmer Springs",498,"Hanmer Springs",100031,"Canterbury",1010,2.5,10.2,NA
"476","20190421:0000",-42.53433,172.85098,"Hanmer Springs",498,"Hanmer Springs",100031,"Canterbury",1010,0.7,7.6,NA
"477","20190422:0000",-42.53433,172.85098,"Hanmer Springs",498,"Hanmer Springs",100031,"Canterbury",1010,1.8,9.6,NA
"478","20190423:0000",-42.53433,172.85098,"Hanmer Springs",498,"Hanmer Springs",100031,"Canterbury",1010,0.7,14.05,NA
"479","20190424:0000",-42.53433,172.85098,"Hanmer Springs",498,"Hanmer Springs",100031,"Canterbury",1010,2.5,12.7,NA
"480","20190425:0000",-42.53433,172.85098,"Hanmer Springs",498,"Hanmer Springs",100031,"Canterbury",1010,3.2,12.5,NA
"481","20190426:0000",-42.53433,172.85098,"Hanmer Springs",498,"Hanmer Springs",100031,"Canterbury",1010,2.9,13.5,NA
"482","20190427:0000",-42.53433,172.85098,"Hanmer Springs",498,"Hanmer Springs",100031,"Canterbury",1010,11.2,14.25,NA
"483","20190428:0000",-42.53433,172.85098,"Hanmer Springs",498,"Hanmer Springs",100031,"Canterbury",1010,3.2,10.75,NA
"484","20190429:0000",-42.53433,172.85098,"Hanmer Springs",498,"Hanmer Springs",100031,"Canterbury",1010,4,10.85,NA
"485","20190430:0000",-42.53433,172.85098,"Hanmer Springs",498,"Hanmer Springs",100031,"Canterbury",1010,1.8,5.9,NA
"486","20190501:0000",-42.53433,172.85098,"Hanmer Springs",498,"Hanmer Springs",100031,"Canterbury",1010,2.9,6.55,NA
"487","20190502:0000",-42.53433,172.85098,"Hanmer Springs",498,"Hanmer Springs",100031,"Canterbury",1010,4,9.15,NA
"488","20190503:0000",-42.53433,172.85098,"Hanmer Springs",498,"Hanmer Springs",100031,"Canterbury",1010,2.2,9.9,NA
"489","20190504:0000",-42.53433,172.85098,"Hanmer Springs",498,"Hanmer Springs",100031,"Canterbury",1010,2.9,10.25,NA
"490","20190505:0000",-42.53433,172.85098,"Hanmer Springs",498,"Hanmer Springs",100031,"Canterbury",1010,3.2,11.6,NA
"491","20190506:0000",-42.53433,172.85098,"Hanmer Springs",498,"Hanmer Springs",100031,"Canterbury",1010,2.9,9.3,NA
"492","20190507:0000",-42.53433,172.85098,"Hanmer Springs",498,"Hanmer Springs",100031,"Canterbury",1010,1.8,9.5,NA
"493","20190508:0000",-42.53433,172.85098,"Hanmer Springs",498,"Hanmer Springs",100031,"Canterbury",1010,4,11.1,NA
"494","20190509:0000",-42.53433,172.85098,"Hanmer Springs",498,"Hanmer Springs",100031,"Canterbury",1010,1.8,13.3,NA
"495","20190510:0000",-42.53433,172.85098,"Hanmer Springs",498,"Hanmer Springs",100031,"Canterbury",1010,3.2,13.05,NA
"496","20190511:0000",-42.53433,172.85098,"Hanmer Springs",498,"Hanmer Springs",100031,"Canterbury",1010,2.9,10.85,NA
"497","20190512:0000",-42.53433,172.85098,"Hanmer Springs",498,"Hanmer Springs",100031,"Canterbury",1010,2.9,11.75,NA
"498","20190513:0000",-42.53433,172.85098,"Hanmer Springs",498,"Hanmer Springs",100031,"Canterbury",1010,2.2,8.3,NA
"499","20190514:0000",-42.53433,172.85098,"Hanmer Springs",498,"Hanmer Springs",100031,"Canterbury",1010,7.6,6.15,NA
"500","20190515:0000",-42.53433,172.85098,"Hanmer Springs",498,"Hanmer Springs",100031,"Canterbury",1010,6.1,10.4,NA
"501","20190516:0000",-42.53433,172.85098,"Hanmer Springs",498,"Hanmer Springs",100031,"Canterbury",1010,13,12.75,NA
"502","20190517:0000",-42.53433,172.85098,"Hanmer Springs",498,"Hanmer Springs",100031,"Canterbury",1010,0,4.45,NA
"503","20190518:0000",-42.53433,172.85098,"Hanmer Springs",498,"Hanmer Springs",100031,"Canterbury",1010,4.3,7.8,NA
"504","20190519:0000",-42.53433,172.85098,"Hanmer Springs",498,"Hanmer Springs",100031,"Canterbury",1010,5,8.1,NA
"505","20190520:0000",-42.53433,172.85098,"Hanmer Springs",498,"Hanmer Springs",100031,"Canterbury",1010,5,7.45,NA
"506","20190521:0000",-42.53433,172.85098,"Hanmer Springs",498,"Hanmer Springs",100031,"Canterbury",1010,4.3,6.9,NA
"507","20190522:0000",-42.53433,172.85098,"Hanmer Springs",498,"Hanmer Springs",100031,"Canterbury",1010,4.3,8.15,NA
"508","20190523:0000",-42.53433,172.85098,"Hanmer Springs",498,"Hanmer Springs",100031,"Canterbury",1010,4.7,8.8,NA
"509","20190524:0000",-42.53433,172.85098,"Hanmer Springs",498,"Hanmer Springs",100031,"Canterbury",1010,2.2,8,NA
"510","20190525:0000",-42.53433,172.85098,"Hanmer Springs",498,"Hanmer Springs",100031,"Canterbury",1010,5,7.7,NA
"511","20190526:0000",-42.53433,172.85098,"Hanmer Springs",498,"Hanmer Springs",100031,"Canterbury",1010,4.7,10.1,NA
"512","20190527:0000",-42.53433,172.85098,"Hanmer Springs",498,"Hanmer Springs",100031,"Canterbury",1010,13.7,10.5,NA
"513","20190528:0000",-42.53433,172.85098,"Hanmer Springs",498,"Hanmer Springs",100031,"Canterbury",1010,2.9,12.8,NA
"514","20190529:0000",-42.53433,172.85098,"Hanmer Springs",498,"Hanmer Springs",100031,"Canterbury",1010,18.4,12.55,NA
"515","20190530:0000",-42.53433,172.85098,"Hanmer Springs",498,"Hanmer Springs",100031,"Canterbury",1010,17.6,12.55,NA
"516","20190531:0000",-42.53433,172.85098,"Hanmer Springs",498,"Hanmer Springs",100031,"Canterbury",1010,5.4,8.1,NA
"517","20190601:0000",-42.53433,172.85098,"Hanmer Springs",498,"Hanmer Springs",100031,"Canterbury",1010,6.5,1.8,NA
"518","20190602:0000",-42.53433,172.85098,"Hanmer Springs",498,"Hanmer Springs",100031,"Canterbury",1010,3.2,2.95,NA
"519","20190603:0000",-42.53433,172.85098,"Hanmer Springs",498,"Hanmer Springs",100031,"Canterbury",1010,4.3,4.65,NA
"520","20190604:0000",-42.53433,172.85098,"Hanmer Springs",498,"Hanmer Springs",100031,"Canterbury",1010,2.9,4.7,NA
"521","20190605:0000",-42.53433,172.85098,"Hanmer Springs",498,"Hanmer Springs",100031,"Canterbury",1010,1.4,2.4,NA
"522","20190606:0000",-42.53433,172.85098,"Hanmer Springs",498,"Hanmer Springs",100031,"Canterbury",1010,5,4.6,NA
"523","20190607:0000",-42.53433,172.85098,"Hanmer Springs",498,"Hanmer Springs",100031,"Canterbury",1010,3.2,5.35,NA
"524","20190608:0000",-42.53433,172.85098,"Hanmer Springs",498,"Hanmer Springs",100031,"Canterbury",1010,3.6,6,NA
"525","20190609:0000",-42.53433,172.85098,"Hanmer Springs",498,"Hanmer Springs",100031,"Canterbury",1010,4,5.85,NA
"526","20190610:0000",-42.53433,172.85098,"Hanmer Springs",498,"Hanmer Springs",100031,"Canterbury",1010,4,7.05,NA
"527","20190611:0000",-42.53433,172.85098,"Hanmer Springs",498,"Hanmer Springs",100031,"Canterbury",1010,4.3,5.7,NA
"528","20190612:0000",-42.53433,172.85098,"Hanmer Springs",498,"Hanmer Springs",100031,"Canterbury",1010,2.9,5.55,NA
"529","20190613:0000",-42.53433,172.85098,"Hanmer Springs",498,"Hanmer Springs",100031,"Canterbury",1010,1.4,6.8,NA
"530","20190614:0000",-42.53433,172.85098,"Hanmer Springs",498,"Hanmer Springs",100031,"Canterbury",1010,2.2,8.7,NA
"531","20190615:0000",-42.53433,172.85098,"Hanmer Springs",498,"Hanmer Springs",100031,"Canterbury",1010,0.7,6.1,NA
"532","20190616:0000",-42.53433,172.85098,"Hanmer Springs",498,"Hanmer Springs",100031,"Canterbury",1010,3.6,5.7,NA
"533","20190617:0000",-42.53433,172.85098,"Hanmer Springs",498,"Hanmer Springs",100031,"Canterbury",1010,4.3,NA,NA
"534","20190618:0000",-42.53433,172.85098,"Hanmer Springs",498,"Hanmer Springs",100031,"Canterbury",1010,2.9,2.45,NA
"535","20190619:0000",-42.53433,172.85098,"Hanmer Springs",498,"Hanmer Springs",100031,"Canterbury",1010,2.5,1.9,NA
"536","20190620:0000",-42.53433,172.85098,"Hanmer Springs",498,"Hanmer Springs",100031,"Canterbury",1010,4,1.2,NA
"537","20190621:0000",-42.53433,172.85098,"Hanmer Springs",498,"Hanmer Springs",100031,"Canterbury",1010,12.6,5.05,NA
"538","20190622:0000",-42.53433,172.85098,"Hanmer Springs",498,"Hanmer Springs",100031,"Canterbury",1010,3.2,7.1,NA
"539","20190623:0000",-42.53433,172.85098,"Hanmer Springs",498,"Hanmer Springs",100031,"Canterbury",1010,1.1,2.05,NA
"540","20190624:0000",-42.53433,172.85098,"Hanmer Springs",498,"Hanmer Springs",100031,"Canterbury",1010,2.2,4.1,NA
"541","20190625:0000",-42.53433,172.85098,"Hanmer Springs",498,"Hanmer Springs",100031,"Canterbury",1010,3.2,4.65,NA
"542","20190626:0000",-42.53433,172.85098,"Hanmer Springs",498,"Hanmer Springs",100031,"Canterbury",1010,3.2,1.7,NA
"543","20190627:0000",-42.53433,172.85098,"Hanmer Springs",498,"Hanmer Springs",100031,"Canterbury",1010,0,1.1,NA
"544","20190628:0000",-42.53433,172.85098,"Hanmer Springs",498,"Hanmer Springs",100031,"Canterbury",1010,0,1.2,NA
"545","20190629:0000",-42.53433,172.85098,"Hanmer Springs",498,"Hanmer Springs",100031,"Canterbury",1010,6.1,2.7,NA
"546","20190630:0000",-42.53433,172.85098,"Hanmer Springs",498,"Hanmer Springs",100031,"Canterbury",1010,4,2.45,NA
"547","20190701:0000",-42.53433,172.85098,"Hanmer Springs",498,"Hanmer Springs",100031,"Canterbury",1010,5,3.85,NA
"548","20190702:0000",-42.53433,172.85098,"Hanmer Springs",498,"Hanmer Springs",100031,"Canterbury",1010,4.3,7.6,NA
"549","20190703:0000",-42.53433,172.85098,"Hanmer Springs",498,"Hanmer Springs",100031,"Canterbury",1010,15.5,8.05,NA
"550","20190704:0000",-42.53433,172.85098,"Hanmer Springs",498,"Hanmer Springs",100031,"Canterbury",1010,3.2,5.6,NA
"551","20190705:0000",-42.53433,172.85098,"Hanmer Springs",498,"Hanmer Springs",100031,"Canterbury",1010,2.9,3.55,NA
"552","20190706:0000",-42.53433,172.85098,"Hanmer Springs",498,"Hanmer Springs",100031,"Canterbury",1010,2.2,4.45,NA
"553","20190707:0000",-42.53433,172.85098,"Hanmer Springs",498,"Hanmer Springs",100031,"Canterbury",1010,4.3,4.65,NA
"554","20190708:0000",-42.53433,172.85098,"Hanmer Springs",498,"Hanmer Springs",100031,"Canterbury",1010,4.7,5,NA
"555","20190709:0000",-42.53433,172.85098,"Hanmer Springs",498,"Hanmer Springs",100031,"Canterbury",1010,4.3,NA,NA
"556","20190710:0000",-42.53433,172.85098,"Hanmer Springs",498,"Hanmer Springs",100031,"Canterbury",1010,3.6,7.1,NA
"557","20190711:0000",-42.53433,172.85098,"Hanmer Springs",498,"Hanmer Springs",100031,"Canterbury",1010,15.1,8.45,NA
"558","20190712:0000",-42.53433,172.85098,"Hanmer Springs",498,"Hanmer Springs",100031,"Canterbury",1010,2.9,7.65,NA
"559","20190713:0000",-42.53433,172.85098,"Hanmer Springs",498,"Hanmer Springs",100031,"Canterbury",1010,3.2,9.55,NA
"560","20190714:0000",-42.53433,172.85098,"Hanmer Springs",498,"Hanmer Springs",100031,"Canterbury",1010,1.8,6,NA
"561","20190715:0000",-42.53433,172.85098,"Hanmer Springs",498,"Hanmer Springs",100031,"Canterbury",1010,0,5.2,NA
"562","20190716:0000",-42.53433,172.85098,"Hanmer Springs",498,"Hanmer Springs",100031,"Canterbury",1010,10.1,6.85,NA
"563","20190717:0000",-42.53433,172.85098,"Hanmer Springs",498,"Hanmer Springs",100031,"Canterbury",1010,3.6,4.25,NA
"564","20190718:0000",-42.53433,172.85098,"Hanmer Springs",498,"Hanmer Springs",100031,"Canterbury",1010,3.6,5.75,NA
"565","20190719:0000",-42.53433,172.85098,"Hanmer Springs",498,"Hanmer Springs",100031,"Canterbury",1010,2.5,3.55,NA
"566","20190720:0000",-42.53433,172.85098,"Hanmer Springs",498,"Hanmer Springs",100031,"Canterbury",1010,1.1,4.45,NA
"567","20190721:0000",-42.53433,172.85098,"Hanmer Springs",498,"Hanmer Springs",100031,"Canterbury",1010,1.4,7.1,NA
"568","20190722:0000",-42.53433,172.85098,"Hanmer Springs",498,"Hanmer Springs",100031,"Canterbury",1010,2.5,8,NA
"569","20190723:0000",-42.53433,172.85098,"Hanmer Springs",498,"Hanmer Springs",100031,"Canterbury",1010,0.4,5.35,NA
"570","20190724:0000",-42.53433,172.85098,"Hanmer Springs",498,"Hanmer Springs",100031,"Canterbury",1010,0.4,7.45,NA
"571","20190725:0000",-42.53433,172.85098,"Hanmer Springs",498,"Hanmer Springs",100031,"Canterbury",1010,2.2,6.4,NA
"572","20190726:0000",-42.53433,172.85098,"Hanmer Springs",498,"Hanmer Springs",100031,"Canterbury",1010,2.9,5.6,NA
"573","20190727:0000",-42.53433,172.85098,"Hanmer Springs",498,"Hanmer Springs",100031,"Canterbury",1010,5,6.95,NA
"574","20190728:0000",-42.53433,172.85098,"Hanmer Springs",498,"Hanmer Springs",100031,"Canterbury",1010,4,7.95,NA
"575","20190729:0000",-42.53433,172.85098,"Hanmer Springs",498,"Hanmer Springs",100031,"Canterbury",1010,2.9,8.45,NA
"576","20190730:0000",-42.53433,172.85098,"Hanmer Springs",498,"Hanmer Springs",100031,"Canterbury",1010,2.2,8.7,NA
"577","20190731:0000",-42.53433,172.85098,"Hanmer Springs",498,"Hanmer Springs",100031,"Canterbury",1010,2.9,1.3,NA
"578","20190801:0000",-42.53433,172.85098,"Hanmer Springs",498,"Hanmer Springs",100031,"Canterbury",1010,0.4,3.5,NA
"579","20190802:0000",-42.53433,172.85098,"Hanmer Springs",498,"Hanmer Springs",100031,"Canterbury",1010,5.8,3.85,NA
"580","20190803:0000",-42.53433,172.85098,"Hanmer Springs",498,"Hanmer Springs",100031,"Canterbury",1010,2.9,6.45,NA
"581","20190804:0000",-42.53433,172.85098,"Hanmer Springs",498,"Hanmer Springs",100031,"Canterbury",1010,4.7,5.25,NA
"582","20190805:0000",-42.53433,172.85098,"Hanmer Springs",498,"Hanmer Springs",100031,"Canterbury",1010,0,1.8,NA
"583","20190806:0000",-42.53433,172.85098,"Hanmer Springs",498,"Hanmer Springs",100031,"Canterbury",1010,5,5.05,NA
"584","20190807:0000",-42.53433,172.85098,"Hanmer Springs",498,"Hanmer Springs",100031,"Canterbury",1010,3.2,4.65,NA
"585","20190808:0000",-42.53433,172.85098,"Hanmer Springs",498,"Hanmer Springs",100031,"Canterbury",1010,4,6.75,NA
"586","20190809:0000",-42.53433,172.85098,"Hanmer Springs",498,"Hanmer Springs",100031,"Canterbury",1010,3.2,9.1,NA
"587","20190810:0000",-42.53433,172.85098,"Hanmer Springs",498,"Hanmer Springs",100031,"Canterbury",1010,1.1,6.2,NA
"588","20190811:0000",-42.53433,172.85098,"Hanmer Springs",498,"Hanmer Springs",100031,"Canterbury",1010,3.2,5.65,NA
"589","20190812:0000",-42.53433,172.85098,"Hanmer Springs",498,"Hanmer Springs",100031,"Canterbury",1010,1.4,4.15,NA
"590","20190813:0000",-42.53433,172.85098,"Hanmer Springs",498,"Hanmer Springs",100031,"Canterbury",1010,4.3,5.85,NA
"591","20190814:0000",-42.53433,172.85098,"Hanmer Springs",498,"Hanmer Springs",100031,"Canterbury",1010,1.1,2.7,NA
"592","20190815:0000",-42.53433,172.85098,"Hanmer Springs",498,"Hanmer Springs",100031,"Canterbury",1010,3.2,5.6,NA
"593","20190816:0000",-42.53433,172.85098,"Hanmer Springs",498,"Hanmer Springs",100031,"Canterbury",1010,8.6,6.65,NA
"594","20190817:0000",-42.53433,172.85098,"Hanmer Springs",498,"Hanmer Springs",100031,"Canterbury",1010,3.2,3.05,NA
"595","20190818:0000",-42.53433,172.85098,"Hanmer Springs",498,"Hanmer Springs",100031,"Canterbury",1010,1.1,2.95,NA
"596","20190819:0000",-42.53433,172.85098,"Hanmer Springs",498,"Hanmer Springs",100031,"Canterbury",1010,5.4,5.9,NA
"597","20190820:0000",-42.53433,172.85098,"Hanmer Springs",498,"Hanmer Springs",100031,"Canterbury",1010,10.8,7.35,NA
"598","20190821:0000",-42.53433,172.85098,"Hanmer Springs",498,"Hanmer Springs",100031,"Canterbury",1010,4.3,8.15,NA
"599","20190822:0000",-42.53433,172.85098,"Hanmer Springs",498,"Hanmer Springs",100031,"Canterbury",1010,2.5,8.85,NA
"600","20190823:0000",-42.53433,172.85098,"Hanmer Springs",498,"Hanmer Springs",100031,"Canterbury",1010,3.2,7.45,NA
"601","20190824:0000",-42.53433,172.85098,"Hanmer Springs",498,"Hanmer Springs",100031,"Canterbury",1010,1.8,10.1,NA
"602","20190825:0000",-42.53433,172.85098,"Hanmer Springs",498,"Hanmer Springs",100031,"Canterbury",1010,6.8,7.45,NA
"603","20190826:0000",-42.53433,172.85098,"Hanmer Springs",498,"Hanmer Springs",100031,"Canterbury",1010,9.4,8.9,NA
"604","20190827:0000",-42.53433,172.85098,"Hanmer Springs",498,"Hanmer Springs",100031,"Canterbury",1010,1.4,7.25,NA
"605","20190828:0000",-42.53433,172.85098,"Hanmer Springs",498,"Hanmer Springs",100031,"Canterbury",1010,4,7.7,NA
"606","20190829:0000",-42.53433,172.85098,"Hanmer Springs",498,"Hanmer Springs",100031,"Canterbury",1010,4.3,10.4,NA
"607","20190830:0000",-42.53433,172.85098,"Hanmer Springs",498,"Hanmer Springs",100031,"Canterbury",1010,2.9,6.45,NA
"608","20190831:0000",-42.53433,172.85098,"Hanmer Springs",498,"Hanmer Springs",100031,"Canterbury",1010,3.6,7.6,NA
"609","20190901:0000",-42.53433,172.85098,"Hanmer Springs",498,"Hanmer Springs",100031,"Canterbury",1010,4.7,10.75,NA
"610","20190902:0000",-42.53433,172.85098,"Hanmer Springs",498,"Hanmer Springs",100031,"Canterbury",1010,2.2,8.15,NA
"611","20190903:0000",-42.53433,172.85098,"Hanmer Springs",498,"Hanmer Springs",100031,"Canterbury",1010,2.9,6.6,NA
"612","20190904:0000",-42.53433,172.85098,"Hanmer Springs",498,"Hanmer Springs",100031,"Canterbury",1010,1.8,4.85,NA
"613","20190905:0000",-42.53433,172.85098,"Hanmer Springs",498,"Hanmer Springs",100031,"Canterbury",1010,1.1,8.05,NA
"614","20190906:0000",-42.53433,172.85098,"Hanmer Springs",498,"Hanmer Springs",100031,"Canterbury",1010,1.8,5.55,NA
"615","20190907:0000",-42.53433,172.85098,"Hanmer Springs",498,"Hanmer Springs",100031,"Canterbury",1010,1.4,5.75,NA
"616","20190908:0000",-42.53433,172.85098,"Hanmer Springs",498,"Hanmer Springs",100031,"Canterbury",1010,1.4,0.75,NA
"617","20190909:0000",-42.53433,172.85098,"Hanmer Springs",498,"Hanmer Springs",100031,"Canterbury",1010,1.4,2.95,NA
"618","20190910:0000",-42.53433,172.85098,"Hanmer Springs",498,"Hanmer Springs",100031,"Canterbury",1010,2.2,4.3,NA
"619","20190911:0000",-42.53433,172.85098,"Hanmer Springs",498,"Hanmer Springs",100031,"Canterbury",1010,5,4.7,NA
"620","20190912:0000",-42.53433,172.85098,"Hanmer Springs",498,"Hanmer Springs",100031,"Canterbury",1010,3.6,7.4,NA
"621","20190913:0000",-42.53433,172.85098,"Hanmer Springs",498,"Hanmer Springs",100031,"Canterbury",1010,5.8,12.1,NA
"622","20190914:0000",-42.53433,172.85098,"Hanmer Springs",498,"Hanmer Springs",100031,"Canterbury",1010,3.6,6.3,NA
"623","20190915:0000",-42.53433,172.85098,"Hanmer Springs",498,"Hanmer Springs",100031,"Canterbury",1010,1.8,8.95,NA
"624","20190916:0000",-42.53433,172.85098,"Hanmer Springs",498,"Hanmer Springs",100031,"Canterbury",1010,3.2,9.9,NA
"625","20190917:0000",-42.53433,172.85098,"Hanmer Springs",498,"Hanmer Springs",100031,"Canterbury",1010,17.3,11.4,NA
"626","20190918:0000",-42.53433,172.85098,"Hanmer Springs",498,"Hanmer Springs",100031,"Canterbury",1010,3.2,6.1,NA
"627","20190919:0000",-42.53433,172.85098,"Hanmer Springs",498,"Hanmer Springs",100031,"Canterbury",1010,2.9,7.3,NA
"628","20190920:0000",-42.53433,172.85098,"Hanmer Springs",498,"Hanmer Springs",100031,"Canterbury",1010,0.7,5.7,NA
"629","20190921:0000",-42.53433,172.85098,"Hanmer Springs",498,"Hanmer Springs",100031,"Canterbury",1010,2.2,8.4,NA
"630","20190922:0000",-42.53433,172.85098,"Hanmer Springs",498,"Hanmer Springs",100031,"Canterbury",1010,5,11.35,NA
"631","20190923:0000",-42.53433,172.85098,"Hanmer Springs",498,"Hanmer Springs",100031,"Canterbury",1010,8.6,9.65,NA
"632","20190924:0000",-42.53433,172.85098,"Hanmer Springs",498,"Hanmer Springs",100031,"Canterbury",1010,2.9,9.65,NA
"633","20190925:0000",-42.53433,172.85098,"Hanmer Springs",498,"Hanmer Springs",100031,"Canterbury",1010,6.8,7.05,NA
"634","20190926:0000",-42.53433,172.85098,"Hanmer Springs",498,"Hanmer Springs",100031,"Canterbury",1010,3.2,6.4,NA
"635","20190927:0000",-42.53433,172.85098,"Hanmer Springs",498,"Hanmer Springs",100031,"Canterbury",1010,3.6,9.8,NA
"636","20190928:0000",-42.53433,172.85098,"Hanmer Springs",498,"Hanmer Springs",100031,"Canterbury",1010,6.1,11.4,NA
"637","20190929:0000",-42.53433,172.85098,"Hanmer Springs",498,"Hanmer Springs",100031,"Canterbury",1010,3.2,15.1,NA
"638","20190930:0000",-42.53433,172.85098,"Hanmer Springs",498,"Hanmer Springs",100031,"Canterbury",1010,10.1,16.85,NA
"639","20191001:0000",-42.53433,172.85098,"Hanmer Springs",498,"Hanmer Springs",100031,"Canterbury",1010,1.8,4.3,NA
"640","20191002:0000",-42.53433,172.85098,"Hanmer Springs",498,"Hanmer Springs",100031,"Canterbury",1010,6.1,5,NA
"641","20191003:0000",-42.53433,172.85098,"Hanmer Springs",498,"Hanmer Springs",100031,"Canterbury",1010,1.1,4.2,NA
"642","20191004:0000",-42.53433,172.85098,"Hanmer Springs",498,"Hanmer Springs",100031,"Canterbury",1010,2.9,7.95,NA
"643","20191005:0000",-42.53433,172.85098,"Hanmer Springs",498,"Hanmer Springs",100031,"Canterbury",1010,5.8,8.35,NA
"644","20191006:0000",-42.53433,172.85098,"Hanmer Springs",498,"Hanmer Springs",100031,"Canterbury",1010,1.8,7,NA
"645","20191007:0000",-42.53433,172.85098,"Hanmer Springs",498,"Hanmer Springs",100031,"Canterbury",1010,3.6,10.5,NA
"646","20191008:0000",-42.53433,172.85098,"Hanmer Springs",498,"Hanmer Springs",100031,"Canterbury",1010,1.1,13.9,NA
"647","20191009:0000",-42.53433,172.85098,"Hanmer Springs",498,"Hanmer Springs",100031,"Canterbury",1010,2.9,16.85,NA
"648","20191010:0000",-42.53433,172.85098,"Hanmer Springs",498,"Hanmer Springs",100031,"Canterbury",1010,1.8,14.5,NA
"649","20191011:0000",-42.53433,172.85098,"Hanmer Springs",498,"Hanmer Springs",100031,"Canterbury",1010,1.8,11.7,NA
"650","20191012:0000",-42.53433,172.85098,"Hanmer Springs",498,"Hanmer Springs",100031,"Canterbury",1010,1.8,7,NA
"651","20191013:0000",-42.53433,172.85098,"Hanmer Springs",498,"Hanmer Springs",100031,"Canterbury",1010,1.4,9,NA
"652","20180101:0000",-42.653,173.043,"Waiau",1770,"Waiau",100222,"Canterbury",1010,3.6,17.9,NA
"653","20180102:0000",-42.653,173.043,"Waiau",1770,"Waiau",100222,"Canterbury",1010,2.5,20,NA
"654","20180103:0000",-42.653,173.043,"Waiau",1770,"Waiau",100222,"Canterbury",1010,2.2,22.65,NA
"655","20180104:0000",-42.653,173.043,"Waiau",1770,"Waiau",100222,"Canterbury",1010,2.2,20.85,NA
"656","20180105:0000",-42.653,173.043,"Waiau",1770,"Waiau",100222,"Canterbury",1010,1.8,17.6,NA
"657","20180106:0000",-42.653,173.043,"Waiau",1770,"Waiau",100222,"Canterbury",1010,11.5,14,NA
"658","20180107:0000",-42.653,173.043,"Waiau",1770,"Waiau",100222,"Canterbury",1010,2.5,14.7,NA
"659","20180108:0000",-42.653,173.043,"Waiau",1770,"Waiau",100222,"Canterbury",1010,4.7,18.5,NA
"660","20180109:0000",-42.653,173.043,"Waiau",1770,"Waiau",100222,"Canterbury",1010,2.5,21.6,NA
"661","20180110:0000",-42.653,173.043,"Waiau",1770,"Waiau",100222,"Canterbury",1010,2.2,18.2,NA
"662","20180111:0000",-42.653,173.043,"Waiau",1770,"Waiau",100222,"Canterbury",1010,1.4,13.4,NA
"663","20180112:0000",-42.653,173.043,"Waiau",1770,"Waiau",100222,"Canterbury",1010,1.8,13.85,NA
"664","20180113:0000",-42.653,173.043,"Waiau",1770,"Waiau",100222,"Canterbury",1010,2.2,19.95,NA
"665","20180114:0000",-42.653,173.043,"Waiau",1770,"Waiau",100222,"Canterbury",1010,1.1,21.65,NA
"666","20180115:0000",-42.653,173.043,"Waiau",1770,"Waiau",100222,"Canterbury",1010,1.4,22.2,NA
"667","20180116:0000",-42.653,173.043,"Waiau",1770,"Waiau",100222,"Canterbury",1010,1.8,23.45,NA
"668","20180117:0000",-42.653,173.043,"Waiau",1770,"Waiau",100222,"Canterbury",1010,1.1,23.65,NA
"669","20180118:0000",-42.653,173.043,"Waiau",1770,"Waiau",100222,"Canterbury",1010,1.4,23.05,NA
"670","20180119:0000",-42.653,173.043,"Waiau",1770,"Waiau",100222,"Canterbury",1010,2.2,21.8,NA
"671","20180120:0000",-42.653,173.043,"Waiau",1770,"Waiau",100222,"Canterbury",1010,11.2,23.35,NA
"672","20180121:0000",-42.653,173.043,"Waiau",1770,"Waiau",100222,"Canterbury",1010,4.7,21.05,NA
"673","20180122:0000",-42.653,173.043,"Waiau",1770,"Waiau",100222,"Canterbury",1010,2.2,21.2,NA
"674","20180123:0000",-42.653,173.043,"Waiau",1770,"Waiau",100222,"Canterbury",1010,1.8,22.85,NA
"675","20180124:0000",-42.653,173.043,"Waiau",1770,"Waiau",100222,"Canterbury",1010,2.2,24.75,NA
"676","20180125:0000",-42.653,173.043,"Waiau",1770,"Waiau",100222,"Canterbury",1010,1.8,25.95,NA
"677","20180126:0000",-42.653,173.043,"Waiau",1770,"Waiau",100222,"Canterbury",1010,2.2,18.75,NA
"678","20180127:0000",-42.653,173.043,"Waiau",1770,"Waiau",100222,"Canterbury",1010,2.2,22.25,NA
"679","20180128:0000",-42.653,173.043,"Waiau",1770,"Waiau",100222,"Canterbury",1010,1.4,20.75,NA
"680","20180129:0000",-42.653,173.043,"Waiau",1770,"Waiau",100222,"Canterbury",1010,3.2,23.15,NA
"681","20180130:0000",-42.653,173.043,"Waiau",1770,"Waiau",100222,"Canterbury",1010,1.8,24.8,NA
"682","20180131:0000",-42.653,173.043,"Waiau",1770,"Waiau",100222,"Canterbury",1010,2.9,22.1,NA
"683","20180201:0000",-42.653,173.043,"Waiau",1770,"Waiau",100222,"Canterbury",1010,3.2,27.7,NA
"684","20180202:0000",-42.653,173.043,"Waiau",1770,"Waiau",100222,"Canterbury",1010,5,12.8,NA
"685","20180203:0000",-42.653,173.043,"Waiau",1770,"Waiau",100222,"Canterbury",1010,4.3,14.45,NA
"686","20180204:0000",-42.653,173.043,"Waiau",1770,"Waiau",100222,"Canterbury",1010,2.9,16.1,NA
"687","20180205:0000",-42.653,173.043,"Waiau",1770,"Waiau",100222,"Canterbury",1010,2.5,19.2,NA
"688","20180206:0000",-42.653,173.043,"Waiau",1770,"Waiau",100222,"Canterbury",1010,4.3,12.95,NA
"689","20180207:0000",-42.653,173.043,"Waiau",1770,"Waiau",100222,"Canterbury",1010,1.4,13.2,NA
"690","20180208:0000",-42.653,173.043,"Waiau",1770,"Waiau",100222,"Canterbury",1010,1.8,14.25,NA
"691","20180209:0000",-42.653,173.043,"Waiau",1770,"Waiau",100222,"Canterbury",1010,1.8,17.7,NA
"692","20180210:0000",-42.653,173.043,"Waiau",1770,"Waiau",100222,"Canterbury",1010,1.4,18.3,NA
"693","20180211:0000",-42.653,173.043,"Waiau",1770,"Waiau",100222,"Canterbury",1010,1.8,19.5,NA
"694","20180212:0000",-42.653,173.043,"Waiau",1770,"Waiau",100222,"Canterbury",1010,1.4,23.55,NA
"695","20180213:0000",-42.653,173.043,"Waiau",1770,"Waiau",100222,"Canterbury",1010,2.9,25.15,NA
"696","20180214:0000",-42.653,173.043,"Waiau",1770,"Waiau",100222,"Canterbury",1010,3.2,19.9,NA
"697","20180215:0000",-42.653,173.043,"Waiau",1770,"Waiau",100222,"Canterbury",1010,2.2,19.45,NA
"698","20180216:0000",-42.653,173.043,"Waiau",1770,"Waiau",100222,"Canterbury",1010,2.5,21.55,NA
"699","20180217:0000",-42.653,173.043,"Waiau",1770,"Waiau",100222,"Canterbury",1010,3.6,21.6,NA
"700","20180218:0000",-42.653,173.043,"Waiau",1770,"Waiau",100222,"Canterbury",1010,1.8,20,NA
"701","20180219:0000",-42.653,173.043,"Waiau",1770,"Waiau",100222,"Canterbury",1010,10.8,22.55,NA
"702","20180220:0000",-42.653,173.043,"Waiau",1770,"Waiau",100222,"Canterbury",1010,2.5,13.7,NA
"703","20180221:0000",-42.653,173.043,"Waiau",1770,"Waiau",100222,"Canterbury",1010,3.2,13.4,NA
"704","20180222:0000",-42.653,173.043,"Waiau",1770,"Waiau",100222,"Canterbury",1010,1.4,14.3,NA
"705","20180223:0000",-42.653,173.043,"Waiau",1770,"Waiau",100222,"Canterbury",1010,1.4,13.9,NA
"706","20180224:0000",-42.653,173.043,"Waiau",1770,"Waiau",100222,"Canterbury",1010,1.4,16.4,NA
"707","20180225:0000",-42.653,173.043,"Waiau",1770,"Waiau",100222,"Canterbury",1010,9.7,18.9,NA
"708","20180226:0000",-42.653,173.043,"Waiau",1770,"Waiau",100222,"Canterbury",1010,4.3,14.65,NA
"709","20180227:0000",-42.653,173.043,"Waiau",1770,"Waiau",100222,"Canterbury",1010,1.1,13.35,NA
"710","20180228:0000",-42.653,173.043,"Waiau",1770,"Waiau",100222,"Canterbury",1010,1.4,15.85,NA
"711","20180301:0000",-42.653,173.043,"Waiau",1770,"Waiau",100222,"Canterbury",1010,0.7,20.4,NA
"712","20180302:0000",-42.653,173.043,"Waiau",1770,"Waiau",100222,"Canterbury",1010,1.4,18.75,NA
"713","20180303:0000",-42.653,173.043,"Waiau",1770,"Waiau",100222,"Canterbury",1010,0.7,21.8,NA
"714","20180304:0000",-42.653,173.043,"Waiau",1770,"Waiau",100222,"Canterbury",1010,1.4,21.4,NA
"715","20180305:0000",-42.653,173.043,"Waiau",1770,"Waiau",100222,"Canterbury",1010,1.4,20.45,NA
"716","20180306:0000",-42.653,173.043,"Waiau",1770,"Waiau",100222,"Canterbury",1010,1.4,18.05,NA
"717","20180307:0000",-42.653,173.043,"Waiau",1770,"Waiau",100222,"Canterbury",1010,4.3,13.6,NA
"718","20180308:0000",-42.653,173.043,"Waiau",1770,"Waiau",100222,"Canterbury",1010,1.8,14.85,NA
"719","20180309:0000",-42.653,173.043,"Waiau",1770,"Waiau",100222,"Canterbury",1010,1.1,14.6,NA
"720","20180310:0000",-42.653,173.043,"Waiau",1770,"Waiau",100222,"Canterbury",1010,1.4,13,NA
"721","20180311:0000",-42.653,173.043,"Waiau",1770,"Waiau",100222,"Canterbury",1010,2.5,13.65,NA
"722","20180312:0000",-42.653,173.043,"Waiau",1770,"Waiau",100222,"Canterbury",1010,0.7,16.9,NA
"723","20180313:0000",-42.653,173.043,"Waiau",1770,"Waiau",100222,"Canterbury",1010,5,16.1,NA
"724","20180314:0000",-42.653,173.043,"Waiau",1770,"Waiau",100222,"Canterbury",1010,1.4,13.6,NA
"725","20180315:0000",-42.653,173.043,"Waiau",1770,"Waiau",100222,"Canterbury",1010,1.4,17.4,NA
"726","20180316:0000",-42.653,173.043,"Waiau",1770,"Waiau",100222,"Canterbury",1010,3.6,20.2,NA
"727","20180317:0000",-42.653,173.043,"Waiau",1770,"Waiau",100222,"Canterbury",1010,1.4,12.3,NA
"728","20180318:0000",-42.653,173.043,"Waiau",1770,"Waiau",100222,"Canterbury",1010,1.8,12.15,NA
"729","20180319:0000",-42.653,173.043,"Waiau",1770,"Waiau",100222,"Canterbury",1010,2.2,16.6,NA
"730","20180320:0000",-42.653,173.043,"Waiau",1770,"Waiau",100222,"Canterbury",1010,1.4,18.35,NA
"731","20180321:0000",-42.653,173.043,"Waiau",1770,"Waiau",100222,"Canterbury",1010,1.1,18.75,NA
"732","20180322:0000",-42.653,173.043,"Waiau",1770,"Waiau",100222,"Canterbury",1010,5.8,10.8,NA
"733","20180323:0000",-42.653,173.043,"Waiau",1770,"Waiau",100222,"Canterbury",1010,0.7,10.3,NA
"734","20180324:0000",-42.653,173.043,"Waiau",1770,"Waiau",100222,"Canterbury",1010,0.7,14.9,NA
"735","20180325:0000",-42.653,173.043,"Waiau",1770,"Waiau",100222,"Canterbury",1010,2.5,15.05,NA
"736","20180326:0000",-42.653,173.043,"Waiau",1770,"Waiau",100222,"Canterbury",1010,1.8,17.15,NA
"737","20180327:0000",-42.653,173.043,"Waiau",1770,"Waiau",100222,"Canterbury",1010,2.9,18.3,NA
"738","20180328:0000",-42.653,173.043,"Waiau",1770,"Waiau",100222,"Canterbury",1010,2.2,18.9,NA
"739","20180329:0000",-42.653,173.043,"Waiau",1770,"Waiau",100222,"Canterbury",1010,1.4,14.65,NA
"740","20180330:0000",-42.653,173.043,"Waiau",1770,"Waiau",100222,"Canterbury",1010,2.9,14.1,NA
"741","20180331:0000",-42.653,173.043,"Waiau",1770,"Waiau",100222,"Canterbury",1010,2.5,16.55,NA
"742","20180401:0000",-42.653,173.043,"Waiau",1770,"Waiau",100222,"Canterbury",1010,1.8,11.15,NA
"743","20180402:0000",-42.653,173.043,"Waiau",1770,"Waiau",100222,"Canterbury",1010,6.8,13,NA
"744","20180403:0000",-42.653,173.043,"Waiau",1770,"Waiau",100222,"Canterbury",1010,2.2,20.05,NA
"745","20180404:0000",-42.653,173.043,"Waiau",1770,"Waiau",100222,"Canterbury",1010,18.4,16.1,NA
"746","20180405:0000",-42.653,173.043,"Waiau",1770,"Waiau",100222,"Canterbury",1010,4.3,15.15,NA
"747","20180406:0000",-42.653,173.043,"Waiau",1770,"Waiau",100222,"Canterbury",1010,1.4,14.85,NA
"748","20180407:0000",-42.653,173.043,"Waiau",1770,"Waiau",100222,"Canterbury",1010,2.2,11.6,NA
"749","20180408:0000",-42.653,173.043,"Waiau",1770,"Waiau",100222,"Canterbury",1010,1.4,11.6,NA
"750","20180409:0000",-42.653,173.043,"Waiau",1770,"Waiau",100222,"Canterbury",1010,2.9,10.2,NA
"751","20180410:0000",-42.653,173.043,"Waiau",1770,"Waiau",100222,"Canterbury",1010,1.4,3.7,NA
"752","20180411:0000",-42.653,173.043,"Waiau",1770,"Waiau",100222,"Canterbury",1010,6.5,5.2,NA
"753","20180412:0000",-42.653,173.043,"Waiau",1770,"Waiau",100222,"Canterbury",1010,1.8,7.95,NA
"754","20180413:0000",-42.653,173.043,"Waiau",1770,"Waiau",100222,"Canterbury",1010,1.4,7.9,NA
"755","20180414:0000",-42.653,173.043,"Waiau",1770,"Waiau",100222,"Canterbury",1010,1.4,7.5,NA
"756","20180415:0000",-42.653,173.043,"Waiau",1770,"Waiau",100222,"Canterbury",1010,1.8,8.9,NA
"757","20180416:0000",-42.653,173.043,"Waiau",1770,"Waiau",100222,"Canterbury",1010,2.9,12.55,NA
"758","20180417:0000",-42.653,173.043,"Waiau",1770,"Waiau",100222,"Canterbury",1010,2.9,14.2,NA
"759","20180418:0000",-42.653,173.043,"Waiau",1770,"Waiau",100222,"Canterbury",1010,5.8,12.4,NA
"760","20180419:0000",-42.653,173.043,"Waiau",1770,"Waiau",100222,"Canterbury",1010,4.3,12.65,NA
"761","20180420:0000",-42.653,173.043,"Waiau",1770,"Waiau",100222,"Canterbury",1010,9.4,17.4,NA
"762","20180421:0000",-42.653,173.043,"Waiau",1770,"Waiau",100222,"Canterbury",1010,7.2,17.9,NA
"763","20180422:0000",-42.653,173.043,"Waiau",1770,"Waiau",100222,"Canterbury",1010,1.1,9.4,NA
"764","20180423:0000",-42.653,173.043,"Waiau",1770,"Waiau",100222,"Canterbury",1010,1.1,10.35,NA
"765","20180424:0000",-42.653,173.043,"Waiau",1770,"Waiau",100222,"Canterbury",1010,7.9,10.6,NA
"766","20180425:0000",-42.653,173.043,"Waiau",1770,"Waiau",100222,"Canterbury",1010,1.8,10.3,NA
"767","20180426:0000",-42.653,173.043,"Waiau",1770,"Waiau",100222,"Canterbury",1010,1.4,11.95,NA
"768","20180427:0000",-42.653,173.043,"Waiau",1770,"Waiau",100222,"Canterbury",1010,1.1,10.65,NA
"769","20180428:0000",-42.653,173.043,"Waiau",1770,"Waiau",100222,"Canterbury",1010,1.4,9.3,NA
"770","20180429:0000",-42.653,173.043,"Waiau",1770,"Waiau",100222,"Canterbury",1010,1.4,12.7,NA
"771","20180430:0000",-42.653,173.043,"Waiau",1770,"Waiau",100222,"Canterbury",1010,1.1,10.2,NA
"772","20180501:0000",-42.653,173.043,"Waiau",1770,"Waiau",100222,"Canterbury",1010,1.1,11.85,NA
"773","20180502:0000",-42.653,173.043,"Waiau",1770,"Waiau",100222,"Canterbury",1010,1.4,12.2,NA
"774","20180503:0000",-42.653,173.043,"Waiau",1770,"Waiau",100222,"Canterbury",1010,1.8,8.6,NA
"775","20180504:0000",-42.653,173.043,"Waiau",1770,"Waiau",100222,"Canterbury",1010,1.1,9.45,NA
"776","20180505:0000",-42.653,173.043,"Waiau",1770,"Waiau",100222,"Canterbury",1010,1.4,11.55,NA
"777","20180506:0000",-42.653,173.043,"Waiau",1770,"Waiau",100222,"Canterbury",1010,3.2,12.45,NA
"778","20180507:0000",-42.653,173.043,"Waiau",1770,"Waiau",100222,"Canterbury",1010,9,14.9,NA
"779","20180508:0000",-42.653,173.043,"Waiau",1770,"Waiau",100222,"Canterbury",1010,1.8,13.25,NA
"780","20180509:0000",-42.653,173.043,"Waiau",1770,"Waiau",100222,"Canterbury",1010,6.8,18.4,NA
"781","20180510:0000",-42.653,173.043,"Waiau",1770,"Waiau",100222,"Canterbury",1010,1.8,11.25,NA
"782","20180511:0000",-42.653,173.043,"Waiau",1770,"Waiau",100222,"Canterbury",1010,1.4,14.3,NA
"783","20180512:0000",-42.653,173.043,"Waiau",1770,"Waiau",100222,"Canterbury",1010,1.8,11.9,NA
"784","20180513:0000",-42.653,173.043,"Waiau",1770,"Waiau",100222,"Canterbury",1010,0.7,7.9,NA
"785","20180514:0000",-42.653,173.043,"Waiau",1770,"Waiau",100222,"Canterbury",1010,1.8,10.35,NA
"786","20180515:0000",-42.653,173.043,"Waiau",1770,"Waiau",100222,"Canterbury",1010,5.4,11.55,NA
"787","20180516:0000",-42.653,173.043,"Waiau",1770,"Waiau",100222,"Canterbury",1010,1.4,9,NA
"788","20180517:0000",-42.653,173.043,"Waiau",1770,"Waiau",100222,"Canterbury",1010,1.1,10.05,NA
"789","20180518:0000",-42.653,173.043,"Waiau",1770,"Waiau",100222,"Canterbury",1010,3.2,11.6,NA
"790","20180519:0000",-42.653,173.043,"Waiau",1770,"Waiau",100222,"Canterbury",1010,1.4,11,NA
"791","20180520:0000",-42.653,173.043,"Waiau",1770,"Waiau",100222,"Canterbury",1010,3.2,12.6,NA
"792","20180521:0000",-42.653,173.043,"Waiau",1770,"Waiau",100222,"Canterbury",1010,5.8,10.45,NA
"793","20180522:0000",-42.653,173.043,"Waiau",1770,"Waiau",100222,"Canterbury",1010,2.5,10.25,NA
"794","20180523:0000",-42.653,173.043,"Waiau",1770,"Waiau",100222,"Canterbury",1010,1.8,7.35,NA
"795","20180524:0000",-42.653,173.043,"Waiau",1770,"Waiau",100222,"Canterbury",1010,2.5,6.6,NA
"796","20180525:0000",-42.653,173.043,"Waiau",1770,"Waiau",100222,"Canterbury",1010,1.8,6.65,NA
"797","20180526:0000",-42.653,173.043,"Waiau",1770,"Waiau",100222,"Canterbury",1010,1.4,6.85,NA
"798","20180527:0000",-42.653,173.043,"Waiau",1770,"Waiau",100222,"Canterbury",1010,0.7,6.85,NA
"799","20180528:0000",-42.653,173.043,"Waiau",1770,"Waiau",100222,"Canterbury",1010,1.8,4.55,NA
"800","20180529:0000",-42.653,173.043,"Waiau",1770,"Waiau",100222,"Canterbury",1010,1.1,6.5,NA
"801","20180530:0000",-42.653,173.043,"Waiau",1770,"Waiau",100222,"Canterbury",1010,0.7,4.2,NA
"802","20180531:0000",-42.653,173.043,"Waiau",1770,"Waiau",100222,"Canterbury",1010,0.7,2.75,NA
"803","20180601:0000",-42.653,173.043,"Waiau",1770,"Waiau",100222,"Canterbury",1010,0.7,4.1,NA
"804","20180602:0000",-42.653,173.043,"Waiau",1770,"Waiau",100222,"Canterbury",1010,1.1,7.65,NA
"805","20180603:0000",-42.653,173.043,"Waiau",1770,"Waiau",100222,"Canterbury",1010,1.8,7.5,NA
"806","20180604:0000",-42.653,173.043,"Waiau",1770,"Waiau",100222,"Canterbury",1010,0.7,8.7,NA
"807","20180605:0000",-42.653,173.043,"Waiau",1770,"Waiau",100222,"Canterbury",1010,5,12.15,NA
"808","20180606:0000",-42.653,173.043,"Waiau",1770,"Waiau",100222,"Canterbury",1010,3.2,4.4,NA
"809","20180607:0000",-42.653,173.043,"Waiau",1770,"Waiau",100222,"Canterbury",1010,1.4,5.85,NA
"810","20180608:0000",-42.653,173.043,"Waiau",1770,"Waiau",100222,"Canterbury",1010,1.4,7.9,NA
"811","20180609:0000",-42.653,173.043,"Waiau",1770,"Waiau",100222,"Canterbury",1010,3.6,8.15,NA
"812","20180610:0000",-42.653,173.043,"Waiau",1770,"Waiau",100222,"Canterbury",1010,2.2,12.85,NA
"813","20180611:0000",-42.653,173.043,"Waiau",1770,"Waiau",100222,"Canterbury",1010,1.1,8.5,NA
"814","20180612:0000",-42.653,173.043,"Waiau",1770,"Waiau",100222,"Canterbury",1010,1.1,7.65,NA
"815","20180613:0000",-42.653,173.043,"Waiau",1770,"Waiau",100222,"Canterbury",1010,3.6,8.55,NA
"816","20180614:0000",-42.653,173.043,"Waiau",1770,"Waiau",100222,"Canterbury",1010,1.8,10.35,NA
"817","20180615:0000",-42.653,173.043,"Waiau",1770,"Waiau",100222,"Canterbury",1010,0.7,6.35,NA
"818","20180616:0000",-42.653,173.043,"Waiau",1770,"Waiau",100222,"Canterbury",1010,1.1,8.75,NA
"819","20180617:0000",-42.653,173.043,"Waiau",1770,"Waiau",100222,"Canterbury",1010,1.1,9.9,NA
"820","20180618:0000",-42.653,173.043,"Waiau",1770,"Waiau",100222,"Canterbury",1010,1.1,3.15,NA
"821","20180619:0000",-42.653,173.043,"Waiau",1770,"Waiau",100222,"Canterbury",1010,1.4,4.55,NA
"822","20180620:0000",-42.653,173.043,"Waiau",1770,"Waiau",100222,"Canterbury",1010,5.4,6.4,NA
"823","20180621:0000",-42.653,173.043,"Waiau",1770,"Waiau",100222,"Canterbury",1010,1.4,6.85,NA
"824","20180622:0000",-42.653,173.043,"Waiau",1770,"Waiau",100222,"Canterbury",1010,0.7,2.55,NA
"825","20180623:0000",-42.653,173.043,"Waiau",1770,"Waiau",100222,"Canterbury",1010,1.1,3.4,NA
"826","20180624:0000",-42.653,173.043,"Waiau",1770,"Waiau",100222,"Canterbury",1010,3.2,7,NA
"827","20180625:0000",-42.653,173.043,"Waiau",1770,"Waiau",100222,"Canterbury",1010,3.6,7.45,NA
"828","20180626:0000",-42.653,173.043,"Waiau",1770,"Waiau",100222,"Canterbury",1010,1.1,5.25,NA
"829","20180627:0000",-42.653,173.043,"Waiau",1770,"Waiau",100222,"Canterbury",1010,1.8,6.35,NA
"830","20180628:0000",-42.653,173.043,"Waiau",1770,"Waiau",100222,"Canterbury",1010,1.4,NA,NA
"831","20180629:0000",-42.653,173.043,"Waiau",1770,"Waiau",100222,"Canterbury",1010,NA,NA,NA
"832","20180630:0000",-42.653,173.043,"Waiau",1770,"Waiau",100222,"Canterbury",1010,NA,NA,NA
"833","20180701:0000",-42.653,173.043,"Waiau",1770,"Waiau",100222,"Canterbury",1010,NA,NA,NA
"834","20180702:0000",-42.653,173.043,"Waiau",1770,"Waiau",100222,"Canterbury",1010,1.4,NA,NA
"835","20180703:0000",-42.653,173.043,"Waiau",1770,"Waiau",100222,"Canterbury",1010,1.4,5.6,NA
"836","20180704:0000",-42.653,173.043,"Waiau",1770,"Waiau",100222,"Canterbury",1010,1.4,4.75,NA
"837","20180705:0000",-42.653,173.043,"Waiau",1770,"Waiau",100222,"Canterbury",1010,1.1,4,NA
"838","20180706:0000",-42.653,173.043,"Waiau",1770,"Waiau",100222,"Canterbury",1010,2.2,7.8,NA
"839","20180707:0000",-42.653,173.043,"Waiau",1770,"Waiau",100222,"Canterbury",1010,3.6,11.65,NA
"840","20180708:0000",-42.653,173.043,"Waiau",1770,"Waiau",100222,"Canterbury",1010,1.8,9.75,NA
"841","20180709:0000",-42.653,173.043,"Waiau",1770,"Waiau",100222,"Canterbury",1010,3.6,9.5,NA
"842","20180710:0000",-42.653,173.043,"Waiau",1770,"Waiau",100222,"Canterbury",1010,1.4,8.75,NA
"843","20180711:0000",-42.653,173.043,"Waiau",1770,"Waiau",100222,"Canterbury",1010,2.2,6.4,NA
"844","20180712:0000",-42.653,173.043,"Waiau",1770,"Waiau",100222,"Canterbury",1010,1.1,5.5,NA
"845","20180713:0000",-42.653,173.043,"Waiau",1770,"Waiau",100222,"Canterbury",1010,1.4,5.3,NA
"846","20180714:0000",-42.653,173.043,"Waiau",1770,"Waiau",100222,"Canterbury",1010,1.4,6.65,NA
"847","20180715:0000",-42.653,173.043,"Waiau",1770,"Waiau",100222,"Canterbury",1010,1.4,2.35,NA
"848","20180716:0000",-42.653,173.043,"Waiau",1770,"Waiau",100222,"Canterbury",1010,0.7,7.45,NA
"849","20180717:0000",-42.653,173.043,"Waiau",1770,"Waiau",100222,"Canterbury",1010,2.2,10.3,NA
"850","20180718:0000",-42.653,173.043,"Waiau",1770,"Waiau",100222,"Canterbury",1010,1.4,6.85,NA
"851","20180719:0000",-42.653,173.043,"Waiau",1770,"Waiau",100222,"Canterbury",1010,2.2,7.9,NA
"852","20180720:0000",-42.653,173.043,"Waiau",1770,"Waiau",100222,"Canterbury",1010,1.4,7.25,NA
"853","20180721:0000",-42.653,173.043,"Waiau",1770,"Waiau",100222,"Canterbury",1010,2.2,9,NA
"854","20180722:0000",-42.653,173.043,"Waiau",1770,"Waiau",100222,"Canterbury",1010,2.9,11.4,NA
"855","20180723:0000",-42.653,173.043,"Waiau",1770,"Waiau",100222,"Canterbury",1010,1.8,7.5,NA
"856","20180724:0000",-42.653,173.043,"Waiau",1770,"Waiau",100222,"Canterbury",1010,1.1,5.5,NA
"857","20180725:0000",-42.653,173.043,"Waiau",1770,"Waiau",100222,"Canterbury",1010,1.4,5.65,NA
"858","20180726:0000",-42.653,173.043,"Waiau",1770,"Waiau",100222,"Canterbury",1010,3.6,7,NA
"859","20180727:0000",-42.653,173.043,"Waiau",1770,"Waiau",100222,"Canterbury",1010,2.2,9.2,NA
"860","20180728:0000",-42.653,173.043,"Waiau",1770,"Waiau",100222,"Canterbury",1010,10.4,9.5,NA
"861","20180729:0000",-42.653,173.043,"Waiau",1770,"Waiau",100222,"Canterbury",1010,2.9,9.4,NA
"862","20180730:0000",-42.653,173.043,"Waiau",1770,"Waiau",100222,"Canterbury",1010,1.4,6.45,NA
"863","20180731:0000",-42.653,173.043,"Waiau",1770,"Waiau",100222,"Canterbury",1010,1.4,9.95,NA
"864","20180801:0000",-42.653,173.043,"Waiau",1770,"Waiau",100222,"Canterbury",1010,4,10.1,NA
"865","20180802:0000",-42.653,173.043,"Waiau",1770,"Waiau",100222,"Canterbury",1010,2.2,7.65,NA
"866","20180803:0000",-42.653,173.043,"Waiau",1770,"Waiau",100222,"Canterbury",1010,1.1,7.4,NA
"867","20180804:0000",-42.653,173.043,"Waiau",1770,"Waiau",100222,"Canterbury",1010,1.1,7.85,NA
"868","20180805:0000",-42.653,173.043,"Waiau",1770,"Waiau",100222,"Canterbury",1010,1.1,6.6,NA
"869","20180806:0000",-42.653,173.043,"Waiau",1770,"Waiau",100222,"Canterbury",1010,1.4,6.1,NA
"870","20180807:0000",-42.653,173.043,"Waiau",1770,"Waiau",100222,"Canterbury",1010,2.9,10.6,NA
"871","20180808:0000",-42.653,173.043,"Waiau",1770,"Waiau",100222,"Canterbury",1010,2.5,11.2,NA
"872","20180809:0000",-42.653,173.043,"Waiau",1770,"Waiau",100222,"Canterbury",1010,2.9,8.7,NA
"873","20180810:0000",-42.653,173.043,"Waiau",1770,"Waiau",100222,"Canterbury",1010,2.9,6.7,NA
"874","20180811:0000",-42.653,173.043,"Waiau",1770,"Waiau",100222,"Canterbury",1010,1.8,7.1,NA
"875","20180812:0000",-42.653,173.043,"Waiau",1770,"Waiau",100222,"Canterbury",1010,1.1,8.85,NA
"876","20180813:0000",-42.653,173.043,"Waiau",1770,"Waiau",100222,"Canterbury",1010,1.4,7.6,NA
"877","20180814:0000",-42.653,173.043,"Waiau",1770,"Waiau",100222,"Canterbury",1010,1.4,6.6,NA
"878","20180815:0000",-42.653,173.043,"Waiau",1770,"Waiau",100222,"Canterbury",1010,1.4,10.75,NA
"879","20180816:0000",-42.653,173.043,"Waiau",1770,"Waiau",100222,"Canterbury",1010,4,9.7,NA
"880","20180817:0000",-42.653,173.043,"Waiau",1770,"Waiau",100222,"Canterbury",1010,2.2,10.7,NA
"881","20180818:0000",-42.653,173.043,"Waiau",1770,"Waiau",100222,"Canterbury",1010,1.8,8.4,NA
"882","20180819:0000",-42.653,173.043,"Waiau",1770,"Waiau",100222,"Canterbury",1010,1.4,4.4,NA
"883","20180820:0000",-42.653,173.043,"Waiau",1770,"Waiau",100222,"Canterbury",1010,1.4,5.75,NA
"884","20180821:0000",-42.653,173.043,"Waiau",1770,"Waiau",100222,"Canterbury",1010,1.4,7.6,NA
"885","20180822:0000",-42.653,173.043,"Waiau",1770,"Waiau",100222,"Canterbury",1010,1.8,6.65,NA
"886","20180823:0000",-42.653,173.043,"Waiau",1770,"Waiau",100222,"Canterbury",1010,1.4,5,NA
"887","20180824:0000",-42.653,173.043,"Waiau",1770,"Waiau",100222,"Canterbury",1010,5,6.1,NA
"888","20180825:0000",-42.653,173.043,"Waiau",1770,"Waiau",100222,"Canterbury",1010,7.2,4.9,NA
"889","20180826:0000",-42.653,173.043,"Waiau",1770,"Waiau",100222,"Canterbury",1010,1.4,8.7,NA
"890","20180827:0000",-42.653,173.043,"Waiau",1770,"Waiau",100222,"Canterbury",1010,1.8,9.65,NA
"891","20180828:0000",-42.653,173.043,"Waiau",1770,"Waiau",100222,"Canterbury",1010,1.8,9.3,NA
"892","20180829:0000",-42.653,173.043,"Waiau",1770,"Waiau",100222,"Canterbury",1010,1.1,10.25,NA
"893","20180830:0000",-42.653,173.043,"Waiau",1770,"Waiau",100222,"Canterbury",1010,2.2,9.45,NA
"894","20180831:0000",-42.653,173.043,"Waiau",1770,"Waiau",100222,"Canterbury",1010,1.4,5.1,NA
"895","20180901:0000",-42.653,173.043,"Waiau",1770,"Waiau",100222,"Canterbury",1010,1.1,10.3,NA
"896","20180902:0000",-42.653,173.043,"Waiau",1770,"Waiau",100222,"Canterbury",1010,1.1,8.15,NA
"897","20180903:0000",-42.653,173.043,"Waiau",1770,"Waiau",100222,"Canterbury",1010,8.3,6.2,NA
"898","20180904:0000",-42.653,173.043,"Waiau",1770,"Waiau",100222,"Canterbury",1010,2.2,7.45,NA
"899","20180905:0000",-42.653,173.043,"Waiau",1770,"Waiau",100222,"Canterbury",1010,2.2,7.2,NA
"900","20180906:0000",-42.653,173.043,"Waiau",1770,"Waiau",100222,"Canterbury",1010,2.5,8.1,NA
"901","20180907:0000",-42.653,173.043,"Waiau",1770,"Waiau",100222,"Canterbury",1010,1.8,6.6,NA
"902","20180908:0000",-42.653,173.043,"Waiau",1770,"Waiau",100222,"Canterbury",1010,1.4,5.05,NA
"903","20180909:0000",-42.653,173.043,"Waiau",1770,"Waiau",100222,"Canterbury",1010,4.7,6.95,NA
"904","20180910:0000",-42.653,173.043,"Waiau",1770,"Waiau",100222,"Canterbury",1010,2.5,4.85,NA
"905","20180911:0000",-42.653,173.043,"Waiau",1770,"Waiau",100222,"Canterbury",1010,1.1,9.8,NA
"906","20180912:0000",-42.653,173.043,"Waiau",1770,"Waiau",100222,"Canterbury",1010,1.1,10.35,NA
"907","20180913:0000",-42.653,173.043,"Waiau",1770,"Waiau",100222,"Canterbury",1010,4.7,13.6,NA
"908","20180914:0000",-42.653,173.043,"Waiau",1770,"Waiau",100222,"Canterbury",1010,16.2,17.2,NA
"909","20180915:0000",-42.653,173.043,"Waiau",1770,"Waiau",100222,"Canterbury",1010,1.4,13.2,NA
"910","20180916:0000",-42.653,173.043,"Waiau",1770,"Waiau",100222,"Canterbury",1010,2.5,13.75,NA
"911","20180917:0000",-42.653,173.043,"Waiau",1770,"Waiau",100222,"Canterbury",1010,2.2,14.5,NA
"912","20180918:0000",-42.653,173.043,"Waiau",1770,"Waiau",100222,"Canterbury",1010,5,9.9,NA
"913","20180919:0000",-42.653,173.043,"Waiau",1770,"Waiau",100222,"Canterbury",1010,2.2,9.3,NA
"914","20180920:0000",-42.653,173.043,"Waiau",1770,"Waiau",100222,"Canterbury",1010,1.4,12.3,NA
"915","20180921:0000",-42.653,173.043,"Waiau",1770,"Waiau",100222,"Canterbury",1010,1.8,9.6,NA
"916","20180922:0000",-42.653,173.043,"Waiau",1770,"Waiau",100222,"Canterbury",1010,1.4,10.9,NA
"917","20180923:0000",-42.653,173.043,"Waiau",1770,"Waiau",100222,"Canterbury",1010,1.4,11.55,NA
"918","20180924:0000",-42.653,173.043,"Waiau",1770,"Waiau",100222,"Canterbury",1010,1.8,11.55,NA
"919","20180925:0000",-42.653,173.043,"Waiau",1770,"Waiau",100222,"Canterbury",1010,11.2,10.3,NA
"920","20180926:0000",-42.653,173.043,"Waiau",1770,"Waiau",100222,"Canterbury",1010,7.2,10.55,NA
"921","20180927:0000",-42.653,173.043,"Waiau",1770,"Waiau",100222,"Canterbury",1010,1.4,10.7,NA
"922","20180928:0000",-42.653,173.043,"Waiau",1770,"Waiau",100222,"Canterbury",1010,1.8,9.3,NA
"923","20180929:0000",-42.653,173.043,"Waiau",1770,"Waiau",100222,"Canterbury",1010,4.3,10.2,NA
"924","20180930:0000",-42.653,173.043,"Waiau",1770,"Waiau",100222,"Canterbury",1010,8.6,12.15,NA
"925","20181001:0000",-42.653,173.043,"Waiau",1770,"Waiau",100222,"Canterbury",1010,1.4,14.55,NA
"926","20181002:0000",-42.653,173.043,"Waiau",1770,"Waiau",100222,"Canterbury",1010,1.4,11.85,NA
"927","20181003:0000",-42.653,173.043,"Waiau",1770,"Waiau",100222,"Canterbury",1010,2.9,11.85,NA
"928","20181004:0000",-42.653,173.043,"Waiau",1770,"Waiau",100222,"Canterbury",1010,7.9,12.95,NA
"929","20181005:0000",-42.653,173.043,"Waiau",1770,"Waiau",100222,"Canterbury",1010,1.8,10.2,NA
"930","20181006:0000",-42.653,173.043,"Waiau",1770,"Waiau",100222,"Canterbury",1010,1.8,11.8,NA
"931","20181007:0000",-42.653,173.043,"Waiau",1770,"Waiau",100222,"Canterbury",1010,2.9,10.95,NA
"932","20181008:0000",-42.653,173.043,"Waiau",1770,"Waiau",100222,"Canterbury",1010,1.4,10.8,NA
"933","20181009:0000",-42.653,173.043,"Waiau",1770,"Waiau",100222,"Canterbury",1010,1.1,9.3,NA
"934","20181010:0000",-42.653,173.043,"Waiau",1770,"Waiau",100222,"Canterbury",1010,5,13.6,NA
"935","20181011:0000",-42.653,173.043,"Waiau",1770,"Waiau",100222,"Canterbury",1010,1.4,11,NA
"936","20181012:0000",-42.653,173.043,"Waiau",1770,"Waiau",100222,"Canterbury",1010,5.8,6.4,NA
"937","20181013:0000",-42.653,173.043,"Waiau",1770,"Waiau",100222,"Canterbury",1010,5,8.4,NA
"938","20181014:0000",-42.653,173.043,"Waiau",1770,"Waiau",100222,"Canterbury",1010,4,8.7,NA
"939","20181015:0000",-42.653,173.043,"Waiau",1770,"Waiau",100222,"Canterbury",1010,1.4,6.8,NA
"940","20181016:0000",-42.653,173.043,"Waiau",1770,"Waiau",100222,"Canterbury",1010,2.9,10.75,NA
"941","20181017:0000",-42.653,173.043,"Waiau",1770,"Waiau",100222,"Canterbury",1010,1.8,14.35,NA
"942","20181018:0000",-42.653,173.043,"Waiau",1770,"Waiau",100222,"Canterbury",1010,4.3,15.5,NA
"943","20181019:0000",-42.653,173.043,"Waiau",1770,"Waiau",100222,"Canterbury",1010,2.2,13.85,NA
"944","20181020:0000",-42.653,173.043,"Waiau",1770,"Waiau",100222,"Canterbury",1010,1.8,17.85,NA
"945","20181021:0000",-42.653,173.043,"Waiau",1770,"Waiau",100222,"Canterbury",1010,2.2,15.5,NA
"946","20181022:0000",-42.653,173.043,"Waiau",1770,"Waiau",100222,"Canterbury",1010,1.8,15.9,NA
"947","20181023:0000",-42.653,173.043,"Waiau",1770,"Waiau",100222,"Canterbury",1010,1.4,17.4,NA
"948","20181024:0000",-42.653,173.043,"Waiau",1770,"Waiau",100222,"Canterbury",1010,1.4,17.3,NA
"949","20181025:0000",-42.653,173.043,"Waiau",1770,"Waiau",100222,"Canterbury",1010,2.2,16.4,NA
"950","20181026:0000",-42.653,173.043,"Waiau",1770,"Waiau",100222,"Canterbury",1010,1.8,10.65,NA
"951","20181027:0000",-42.653,173.043,"Waiau",1770,"Waiau",100222,"Canterbury",1010,1.8,12.7,NA
"952","20181028:0000",-42.653,173.043,"Waiau",1770,"Waiau",100222,"Canterbury",1010,2.2,11.7,NA
"953","20181029:0000",-42.653,173.043,"Waiau",1770,"Waiau",100222,"Canterbury",1010,3.2,12.25,NA
"954","20181030:0000",-42.653,173.043,"Waiau",1770,"Waiau",100222,"Canterbury",1010,3.6,10,NA
"955","20181031:0000",-42.653,173.043,"Waiau",1770,"Waiau",100222,"Canterbury",1010,1.8,10.55,NA
"956","20181101:0000",-42.653,173.043,"Waiau",1770,"Waiau",100222,"Canterbury",1010,6.5,10.6,NA
"957","20181102:0000",-42.653,173.043,"Waiau",1770,"Waiau",100222,"Canterbury",1010,1.8,10.5,NA
"958","20181103:0000",-42.653,173.043,"Waiau",1770,"Waiau",100222,"Canterbury",1010,2.5,18.7,NA
"959","20181104:0000",-42.653,173.043,"Waiau",1770,"Waiau",100222,"Canterbury",1010,13.7,13,NA
"960","20181105:0000",-42.653,173.043,"Waiau",1770,"Waiau",100222,"Canterbury",1010,8.6,18.35,NA
"961","20181106:0000",-42.653,173.043,"Waiau",1770,"Waiau",100222,"Canterbury",1010,2.2,14.9,NA
"962","20181107:0000",-42.653,173.043,"Waiau",1770,"Waiau",100222,"Canterbury",1010,5,17.9,NA
"963","20181108:0000",-42.653,173.043,"Waiau",1770,"Waiau",100222,"Canterbury",1010,1.8,22.3,NA
"964","20181109:0000",-42.653,173.043,"Waiau",1770,"Waiau",100222,"Canterbury",1010,4.3,11.15,NA
"965","20181110:0000",-42.653,173.043,"Waiau",1770,"Waiau",100222,"Canterbury",1010,2.5,10.05,NA
"966","20181111:0000",-42.653,173.043,"Waiau",1770,"Waiau",100222,"Canterbury",1010,1.4,13.1,NA
"967","20181112:0000",-42.653,173.043,"Waiau",1770,"Waiau",100222,"Canterbury",1010,2.9,13.45,NA
"968","20181113:0000",-42.653,173.043,"Waiau",1770,"Waiau",100222,"Canterbury",1010,1.8,13.15,NA
"969","20181114:0000",-42.653,173.043,"Waiau",1770,"Waiau",100222,"Canterbury",1010,2.5,15.55,NA
"970","20181115:0000",-42.653,173.043,"Waiau",1770,"Waiau",100222,"Canterbury",1010,1.8,17.95,NA
"971","20181116:0000",-42.653,173.043,"Waiau",1770,"Waiau",100222,"Canterbury",1010,5.8,19.9,NA
"972","20181117:0000",-42.653,173.043,"Waiau",1770,"Waiau",100222,"Canterbury",1010,2.2,16.95,NA
"973","20181118:0000",-42.653,173.043,"Waiau",1770,"Waiau",100222,"Canterbury",1010,5.8,15.35,NA
"974","20181119:0000",-42.653,173.043,"Waiau",1770,"Waiau",100222,"Canterbury",1010,2.5,8.65,NA
"975","20181120:0000",-42.653,173.043,"Waiau",1770,"Waiau",100222,"Canterbury",1010,2.9,8.05,NA
"976","20181121:0000",-42.653,173.043,"Waiau",1770,"Waiau",100222,"Canterbury",1010,2.2,9.1,NA
"977","20181122:0000",-42.653,173.043,"Waiau",1770,"Waiau",100222,"Canterbury",1010,2.2,10.4,NA
"978","20181123:0000",-42.653,173.043,"Waiau",1770,"Waiau",100222,"Canterbury",1010,2.5,13.6,NA
"979","20181124:0000",-42.653,173.043,"Waiau",1770,"Waiau",100222,"Canterbury",1010,1.8,15.2,NA
"980","20181125:0000",-42.653,173.043,"Waiau",1770,"Waiau",100222,"Canterbury",1010,2.2,15,NA
"981","20181126:0000",-42.653,173.043,"Waiau",1770,"Waiau",100222,"Canterbury",1010,5.8,12.75,NA
"982","20181127:0000",-42.653,173.043,"Waiau",1770,"Waiau",100222,"Canterbury",1010,4,12.35,NA
"983","20181128:0000",-42.653,173.043,"Waiau",1770,"Waiau",100222,"Canterbury",1010,6.8,13.65,NA
"984","20181129:0000",-42.653,173.043,"Waiau",1770,"Waiau",100222,"Canterbury",1010,2.5,14.5,NA
"985","20181130:0000",-42.653,173.043,"Waiau",1770,"Waiau",100222,"Canterbury",1010,3.6,12.6,NA
"986","20181201:0000",-42.653,173.043,"Waiau",1770,"Waiau",100222,"Canterbury",1010,1.4,17.45,NA
"987","20181202:0000",-42.653,173.043,"Waiau",1770,"Waiau",100222,"Canterbury",1010,2.2,16.5,NA
"988","20181203:0000",-42.653,173.043,"Waiau",1770,"Waiau",100222,"Canterbury",1010,2.2,18.35,NA
"989","20181204:0000",-42.653,173.043,"Waiau",1770,"Waiau",100222,"Canterbury",1010,1.8,18.8,NA
"990","20181205:0000",-42.653,173.043,"Waiau",1770,"Waiau",100222,"Canterbury",1010,7.2,16.2,NA
"991","20181206:0000",-42.653,173.043,"Waiau",1770,"Waiau",100222,"Canterbury",1010,1.4,13.2,NA
"992","20181207:0000",-42.653,173.043,"Waiau",1770,"Waiau",100222,"Canterbury",1010,2.5,14.55,NA
"993","20181208:0000",-42.653,173.043,"Waiau",1770,"Waiau",100222,"Canterbury",1010,1.8,18.1,NA
"994","20181209:0000",-42.653,173.043,"Waiau",1770,"Waiau",100222,"Canterbury",1010,1.8,20.75,NA
"995","20181210:0000",-42.653,173.043,"Waiau",1770,"Waiau",100222,"Canterbury",1010,5.4,14.1,NA
"996","20181211:0000",-42.653,173.043,"Waiau",1770,"Waiau",100222,"Canterbury",1010,3.2,14.4,NA
"997","20181212:0000",-42.653,173.043,"Waiau",1770,"Waiau",100222,"Canterbury",1010,3.6,16.75,NA
"998","20181213:0000",-42.653,173.043,"Waiau",1770,"Waiau",100222,"Canterbury",1010,2.9,15.75,NA
"999","20181214:0000",-42.653,173.043,"Waiau",1770,"Waiau",100222,"Canterbury",1010,2.2,18.15,NA
"1000","20181215:0000",-42.653,173.043,"Waiau",1770,"Waiau",100222,"Canterbury",1010,2.9,19.1,NA
"1001","20181216:0000",-42.653,173.043,"Waiau",1770,"Waiau",100222,"Canterbury",1010,2.9,16.75,NA
"1002","20181217:0000",-42.653,173.043,"Waiau",1770,"Waiau",100222,"Canterbury",1010,2.2,21.1,NA
"1003","20181218:0000",-42.653,173.043,"Waiau",1770,"Waiau",100222,"Canterbury",1010,9.4,19.35,NA
"1004","20181219:0000",-42.653,173.043,"Waiau",1770,"Waiau",100222,"Canterbury",1010,2.5,15.45,NA
"1005","20181220:0000",-42.653,173.043,"Waiau",1770,"Waiau",100222,"Canterbury",1010,2.5,12.25,NA
"1006","20181221:0000",-42.653,173.043,"Waiau",1770,"Waiau",100222,"Canterbury",1010,1.8,13.7,NA
"1007","20181222:0000",-42.653,173.043,"Waiau",1770,"Waiau",100222,"Canterbury",1010,1.8,17.1,NA
"1008","20181223:0000",-42.653,173.043,"Waiau",1770,"Waiau",100222,"Canterbury",1010,6.1,13.25,NA
"1009","20181224:0000",-42.653,173.043,"Waiau",1770,"Waiau",100222,"Canterbury",1010,1.8,13.75,NA
"1010","20181225:0000",-42.653,173.043,"Waiau",1770,"Waiau",100222,"Canterbury",1010,5,15.7,NA
"1011","20181226:0000",-42.653,173.043,"Waiau",1770,"Waiau",100222,"Canterbury",1010,2.2,14.6,NA
"1012","20181227:0000",-42.653,173.043,"Waiau",1770,"Waiau",100222,"Canterbury",1010,2.5,13.95,NA
"1013","20181228:0000",-42.653,173.043,"Waiau",1770,"Waiau",100222,"Canterbury",1010,4.3,15.3,NA
"1014","20181229:0000",-42.653,173.043,"Waiau",1770,"Waiau",100222,"Canterbury",1010,4.3,19.55,NA
"1015","20181230:0000",-42.653,173.043,"Waiau",1770,"Waiau",100222,"Canterbury",1010,4.3,21.2,NA
"1016","20181231:0000",-42.653,173.043,"Waiau",1770,"Waiau",100222,"Canterbury",1010,4,24,NA
"1017","20190101:0000",-42.653,173.043,"Waiau",1770,"Waiau",100222,"Canterbury",1010,2.2,22.4,NA
"1018","20190102:0000",-42.653,173.043,"Waiau",1770,"Waiau",100222,"Canterbury",1010,10.1,24.25,NA
"1019","20190103:0000",-42.653,173.043,"Waiau",1770,"Waiau",100222,"Canterbury",1010,7.2,23.05,NA
"1020","20190104:0000",-42.653,173.043,"Waiau",1770,"Waiau",100222,"Canterbury",1010,2.9,19.25,NA
"1021","20190105:0000",-42.653,173.043,"Waiau",1770,"Waiau",100222,"Canterbury",1010,2.2,21.4,NA
"1022","20190106:0000",-42.653,173.043,"Waiau",1770,"Waiau",100222,"Canterbury",1010,5.8,25.5,NA
"1023","20190107:0000",-42.653,173.043,"Waiau",1770,"Waiau",100222,"Canterbury",1010,4,18.15,NA
"1024","20190108:0000",-42.653,173.043,"Waiau",1770,"Waiau",100222,"Canterbury",1010,2.5,17.35,NA
"1025","20190109:0000",-42.653,173.043,"Waiau",1770,"Waiau",100222,"Canterbury",1010,2.9,20.95,NA
"1026","20190110:0000",-42.653,173.043,"Waiau",1770,"Waiau",100222,"Canterbury",1010,1.4,24.05,NA
"1027","20190111:0000",-42.653,173.043,"Waiau",1770,"Waiau",100222,"Canterbury",1010,8.3,21.75,NA
"1028","20190112:0000",-42.653,173.043,"Waiau",1770,"Waiau",100222,"Canterbury",1010,4.7,15.8,NA
"1029","20190113:0000",-42.653,173.043,"Waiau",1770,"Waiau",100222,"Canterbury",1010,1.4,18.5,NA
"1030","20190114:0000",-42.653,173.043,"Waiau",1770,"Waiau",100222,"Canterbury",1010,6.5,12.75,NA
"1031","20190115:0000",-42.653,173.043,"Waiau",1770,"Waiau",100222,"Canterbury",1010,4.7,16.15,NA
"1032","20190116:0000",-42.653,173.043,"Waiau",1770,"Waiau",100222,"Canterbury",1010,2.2,15.7,NA
"1033","20190117:0000",-42.653,173.043,"Waiau",1770,"Waiau",100222,"Canterbury",1010,2.5,19.3,NA
"1034","20190118:0000",-42.653,173.043,"Waiau",1770,"Waiau",100222,"Canterbury",1010,2.2,18.85,NA
"1035","20190119:0000",-42.653,173.043,"Waiau",1770,"Waiau",100222,"Canterbury",1010,2.9,20.1,NA
"1036","20190120:0000",-42.653,173.043,"Waiau",1770,"Waiau",100222,"Canterbury",1010,15.5,19.7,NA
"1037","20190121:0000",-42.653,173.043,"Waiau",1770,"Waiau",100222,"Canterbury",1010,7.9,19.7,NA
"1038","20190122:0000",-42.653,173.043,"Waiau",1770,"Waiau",100222,"Canterbury",1010,11.5,18.15,NA
"1039","20190123:0000",-42.653,173.043,"Waiau",1770,"Waiau",100222,"Canterbury",1010,4.3,23.05,NA
"1040","20190124:0000",-42.653,173.043,"Waiau",1770,"Waiau",100222,"Canterbury",1010,1.8,14.4,NA
"1041","20190125:0000",-42.653,173.043,"Waiau",1770,"Waiau",100222,"Canterbury",1010,2.2,14.65,NA
"1042","20190126:0000",-42.653,173.043,"Waiau",1770,"Waiau",100222,"Canterbury",1010,2.2,19.4,NA
"1043","20190127:0000",-42.653,173.043,"Waiau",1770,"Waiau",100222,"Canterbury",1010,12.6,24.05,NA
"1044","20190128:0000",-42.653,173.043,"Waiau",1770,"Waiau",100222,"Canterbury",1010,2.9,27.5,NA
"1045","20190129:0000",-42.653,173.043,"Waiau",1770,"Waiau",100222,"Canterbury",1010,2.5,23.2,NA
"1046","20190130:0000",-42.653,173.043,"Waiau",1770,"Waiau",100222,"Canterbury",1010,1.4,25.9,NA
"1047","20190131:0000",-42.653,173.043,"Waiau",1770,"Waiau",100222,"Canterbury",1010,2.2,25.5,NA
"1048","20190201:0000",-42.653,173.043,"Waiau",1770,"Waiau",100222,"Canterbury",1010,9.4,24.9,NA
"1049","20190202:0000",-42.653,173.043,"Waiau",1770,"Waiau",100222,"Canterbury",1010,2.2,13.2,NA
"1050","20190203:0000",-42.653,173.043,"Waiau",1770,"Waiau",100222,"Canterbury",1010,1.4,17.25,NA
"1051","20190204:0000",-42.653,173.043,"Waiau",1770,"Waiau",100222,"Canterbury",1010,4.7,21.2,NA
"1052","20190205:0000",-42.653,173.043,"Waiau",1770,"Waiau",100222,"Canterbury",1010,8.6,23.35,NA
"1053","20190206:0000",-42.653,173.043,"Waiau",1770,"Waiau",100222,"Canterbury",1010,6.5,12.45,NA
"1054","20190207:0000",-42.653,173.043,"Waiau",1770,"Waiau",100222,"Canterbury",1010,2.2,14,NA
"1055","20190208:0000",-42.653,173.043,"Waiau",1770,"Waiau",100222,"Canterbury",1010,2.2,15.6,NA
"1056","20190209:0000",-42.653,173.043,"Waiau",1770,"Waiau",100222,"Canterbury",1010,1.4,20,NA
"1057","20190210:0000",-42.653,173.043,"Waiau",1770,"Waiau",100222,"Canterbury",1010,1.4,22.4,NA
"1058","20190211:0000",-42.653,173.043,"Waiau",1770,"Waiau",100222,"Canterbury",1010,1.8,20.55,NA
"1059","20190212:0000",-42.653,173.043,"Waiau",1770,"Waiau",100222,"Canterbury",1010,1.8,20.85,NA
"1060","20190213:0000",-42.653,173.043,"Waiau",1770,"Waiau",100222,"Canterbury",1010,1.8,19,NA
"1061","20190214:0000",-42.653,173.043,"Waiau",1770,"Waiau",100222,"Canterbury",1010,1.8,22.5,NA
"1062","20190215:0000",-42.653,173.043,"Waiau",1770,"Waiau",100222,"Canterbury",1010,2.2,19.5,NA
"1063","20190216:0000",-42.653,173.043,"Waiau",1770,"Waiau",100222,"Canterbury",1010,5.4,13.55,NA
"1064","20190217:0000",-42.653,173.043,"Waiau",1770,"Waiau",100222,"Canterbury",1010,1.4,16.05,NA
"1065","20190218:0000",-42.653,173.043,"Waiau",1770,"Waiau",100222,"Canterbury",1010,1.8,18.45,NA
"1066","20190219:0000",-42.653,173.043,"Waiau",1770,"Waiau",100222,"Canterbury",1010,1.8,21.1,NA
"1067","20190220:0000",-42.653,173.043,"Waiau",1770,"Waiau",100222,"Canterbury",1010,2.2,25.15,NA
"1068","20190221:0000",-42.653,173.043,"Waiau",1770,"Waiau",100222,"Canterbury",1010,1.1,21.1,NA
"1069","20190222:0000",-42.653,173.043,"Waiau",1770,"Waiau",100222,"Canterbury",1010,2.2,22.45,NA
"1070","20190223:0000",-42.653,173.043,"Waiau",1770,"Waiau",100222,"Canterbury",1010,1.1,13,NA
"1071","20190224:0000",-42.653,173.043,"Waiau",1770,"Waiau",100222,"Canterbury",1010,5,11.7,NA
"1072","20190225:0000",-42.653,173.043,"Waiau",1770,"Waiau",100222,"Canterbury",1010,1.8,11.35,NA
"1073","20190226:0000",-42.653,173.043,"Waiau",1770,"Waiau",100222,"Canterbury",1010,1.4,15.05,NA
"1074","20190227:0000",-42.653,173.043,"Waiau",1770,"Waiau",100222,"Canterbury",1010,6.5,16.8,NA
"1075","20190228:0000",-42.653,173.043,"Waiau",1770,"Waiau",100222,"Canterbury",1010,1.4,12.3,NA
"1076","20190301:0000",-42.653,173.043,"Waiau",1770,"Waiau",100222,"Canterbury",1010,1.1,12,NA
"1077","20190302:0000",-42.653,173.043,"Waiau",1770,"Waiau",100222,"Canterbury",1010,1.4,13.75,NA
"1078","20190303:0000",-42.653,173.043,"Waiau",1770,"Waiau",100222,"Canterbury",1010,1.1,16.7,NA
"1079","20190304:0000",-42.653,173.043,"Waiau",1770,"Waiau",100222,"Canterbury",1010,1.4,18.1,NA
"1080","20190305:0000",-42.653,173.043,"Waiau",1770,"Waiau",100222,"Canterbury",1010,1.4,19.05,NA
"1081","20190306:0000",-42.653,173.043,"Waiau",1770,"Waiau",100222,"Canterbury",1010,1.1,19.95,NA
"1082","20190307:0000",-42.653,173.043,"Waiau",1770,"Waiau",100222,"Canterbury",1010,3.6,21.35,NA
"1083","20190308:0000",-42.653,173.043,"Waiau",1770,"Waiau",100222,"Canterbury",1010,5.8,11.65,NA
"1084","20190309:0000",-42.653,173.043,"Waiau",1770,"Waiau",100222,"Canterbury",1010,0.7,12.45,NA
"1085","20190310:0000",-42.653,173.043,"Waiau",1770,"Waiau",100222,"Canterbury",1010,3.2,13.45,NA
"1086","20190311:0000",-42.653,173.043,"Waiau",1770,"Waiau",100222,"Canterbury",1010,0.7,15.7,NA
"1087","20190312:0000",-42.653,173.043,"Waiau",1770,"Waiau",100222,"Canterbury",1010,1.1,19.55,NA
"1088","20190313:0000",-42.653,173.043,"Waiau",1770,"Waiau",100222,"Canterbury",1010,1.4,21.95,NA
"1089","20190314:0000",-42.653,173.043,"Waiau",1770,"Waiau",100222,"Canterbury",1010,1.4,15.55,NA
"1090","20190315:0000",-42.653,173.043,"Waiau",1770,"Waiau",100222,"Canterbury",1010,1.1,18.7,NA
"1091","20190316:0000",-42.653,173.043,"Waiau",1770,"Waiau",100222,"Canterbury",1010,1.4,20,NA
"1092","20190317:0000",-42.653,173.043,"Waiau",1770,"Waiau",100222,"Canterbury",1010,2.2,15.7,NA
"1093","20190318:0000",-42.653,173.043,"Waiau",1770,"Waiau",100222,"Canterbury",1010,3.2,17.85,NA
"1094","20190319:0000",-42.653,173.043,"Waiau",1770,"Waiau",100222,"Canterbury",1010,1.1,17.75,NA
"1095","20190320:0000",-42.653,173.043,"Waiau",1770,"Waiau",100222,"Canterbury",1010,1.1,15.9,NA
"1096","20190321:0000",-42.653,173.043,"Waiau",1770,"Waiau",100222,"Canterbury",1010,0.4,13.95,NA
"1097","20190322:0000",-42.653,173.043,"Waiau",1770,"Waiau",100222,"Canterbury",1010,1.1,16.65,NA
"1098","20190323:0000",-42.653,173.043,"Waiau",1770,"Waiau",100222,"Canterbury",1010,1.1,16.75,NA
"1099","20190324:0000",-42.653,173.043,"Waiau",1770,"Waiau",100222,"Canterbury",1010,1.4,20.9,NA
"1100","20190325:0000",-42.653,173.043,"Waiau",1770,"Waiau",100222,"Canterbury",1010,2.2,20.55,NA
"1101","20190326:0000",-42.653,173.043,"Waiau",1770,"Waiau",100222,"Canterbury",1010,8.3,23.5,NA
"1102","20190327:0000",-42.653,173.043,"Waiau",1770,"Waiau",100222,"Canterbury",1010,6.5,20.75,NA
"1103","20190328:0000",-42.653,173.043,"Waiau",1770,"Waiau",100222,"Canterbury",1010,3.6,14.4,NA
"1104","20190329:0000",-42.653,173.043,"Waiau",1770,"Waiau",100222,"Canterbury",1010,0.7,11.8,NA
"1105","20190330:0000",-42.653,173.043,"Waiau",1770,"Waiau",100222,"Canterbury",1010,1.8,14.2,NA
"1106","20190331:0000",-42.653,173.043,"Waiau",1770,"Waiau",100222,"Canterbury",1010,1.8,17,NA
"1107","20190401:0000",-42.653,173.043,"Waiau",1770,"Waiau",100222,"Canterbury",1010,3.2,16.25,NA
"1108","20190402:0000",-42.653,173.043,"Waiau",1770,"Waiau",100222,"Canterbury",1010,1.4,9.75,NA
"1109","20190403:0000",-42.653,173.043,"Waiau",1770,"Waiau",100222,"Canterbury",1010,2.5,11,NA
"1110","20190404:0000",-42.653,173.043,"Waiau",1770,"Waiau",100222,"Canterbury",1010,0.4,10.6,NA
"1111","20190405:0000",-42.653,173.043,"Waiau",1770,"Waiau",100222,"Canterbury",1010,7.2,6.05,NA
"1112","20190406:0000",-42.653,173.043,"Waiau",1770,"Waiau",100222,"Canterbury",1010,1.8,6.7,NA
"1113","20190407:0000",-42.653,173.043,"Waiau",1770,"Waiau",100222,"Canterbury",1010,2.2,7.35,NA
"1114","20190408:0000",-42.653,173.043,"Waiau",1770,"Waiau",100222,"Canterbury",1010,1.1,12.75,NA
"1115","20190409:0000",-42.653,173.043,"Waiau",1770,"Waiau",100222,"Canterbury",1010,1.4,12.45,NA
"1116","20190410:0000",-42.653,173.043,"Waiau",1770,"Waiau",100222,"Canterbury",1010,1.4,15.8,NA
"1117","20190411:0000",-42.653,173.043,"Waiau",1770,"Waiau",100222,"Canterbury",1010,1.4,12.6,NA
"1118","20190412:0000",-42.653,173.043,"Waiau",1770,"Waiau",100222,"Canterbury",1010,0.7,9.2,NA
"1119","20190413:0000",-42.653,173.043,"Waiau",1770,"Waiau",100222,"Canterbury",1010,0.7,11.35,NA
"1120","20190414:0000",-42.653,173.043,"Waiau",1770,"Waiau",100222,"Canterbury",1010,1.4,8.35,NA
"1121","20190415:0000",-42.653,173.043,"Waiau",1770,"Waiau",100222,"Canterbury",1010,1.4,9.85,NA
"1122","20190416:0000",-42.653,173.043,"Waiau",1770,"Waiau",100222,"Canterbury",1010,1.1,10.05,NA
"1123","20190417:0000",-42.653,173.043,"Waiau",1770,"Waiau",100222,"Canterbury",1010,1.8,9.8,NA
"1124","20190418:0000",-42.653,173.043,"Waiau",1770,"Waiau",100222,"Canterbury",1010,1.4,10.25,NA
"1125","20190419:0000",-42.653,173.043,"Waiau",1770,"Waiau",100222,"Canterbury",1010,1.4,14.4,NA
"1126","20190420:0000",-42.653,173.043,"Waiau",1770,"Waiau",100222,"Canterbury",1010,4.3,12.25,NA
"1127","20190421:0000",-42.653,173.043,"Waiau",1770,"Waiau",100222,"Canterbury",1010,1.1,10.4,NA
"1128","20190422:0000",-42.653,173.043,"Waiau",1770,"Waiau",100222,"Canterbury",1010,2.2,11.85,NA
"1129","20190423:0000",-42.653,173.043,"Waiau",1770,"Waiau",100222,"Canterbury",1010,1.4,14.95,NA
"1130","20190424:0000",-42.653,173.043,"Waiau",1770,"Waiau",100222,"Canterbury",1010,1.4,12.3,NA
"1131","20190425:0000",-42.653,173.043,"Waiau",1770,"Waiau",100222,"Canterbury",1010,1.8,15.15,NA
"1132","20190426:0000",-42.653,173.043,"Waiau",1770,"Waiau",100222,"Canterbury",1010,1.4,15.75,NA
"1133","20190427:0000",-42.653,173.043,"Waiau",1770,"Waiau",100222,"Canterbury",1010,4,16.2,NA
"1134","20190428:0000",-42.653,173.043,"Waiau",1770,"Waiau",100222,"Canterbury",1010,1.8,12,NA
"1135","20190429:0000",-42.653,173.043,"Waiau",1770,"Waiau",100222,"Canterbury",1010,2.2,12.85,NA
"1136","20190430:0000",-42.653,173.043,"Waiau",1770,"Waiau",100222,"Canterbury",1010,1.4,7.8,NA
"1137","20190501:0000",-42.653,173.043,"Waiau",1770,"Waiau",100222,"Canterbury",1010,1.4,8.7,NA
"1138","20190502:0000",-42.653,173.043,"Waiau",1770,"Waiau",100222,"Canterbury",1010,2.5,10.95,NA
"1139","20190503:0000",-42.653,173.043,"Waiau",1770,"Waiau",100222,"Canterbury",1010,1.4,11.8,NA
"1140","20190504:0000",-42.653,173.043,"Waiau",1770,"Waiau",100222,"Canterbury",1010,1.4,12.25,NA
"1141","20190505:0000",-42.653,173.043,"Waiau",1770,"Waiau",100222,"Canterbury",1010,2.2,12.75,NA
"1142","20190506:0000",-42.653,173.043,"Waiau",1770,"Waiau",100222,"Canterbury",1010,1.8,10.7,NA
"1143","20190507:0000",-42.653,173.043,"Waiau",1770,"Waiau",100222,"Canterbury",1010,1.4,11.7,NA
"1144","20190508:0000",-42.653,173.043,"Waiau",1770,"Waiau",100222,"Canterbury",1010,1.1,13.7,NA
"1145","20190509:0000",-42.653,173.043,"Waiau",1770,"Waiau",100222,"Canterbury",1010,1.8,15.05,NA
"1146","20190510:0000",-42.653,173.043,"Waiau",1770,"Waiau",100222,"Canterbury",1010,2.9,14.35,NA
"1147","20190511:0000",-42.653,173.043,"Waiau",1770,"Waiau",100222,"Canterbury",1010,1.1,11.6,NA
"1148","20190512:0000",-42.653,173.043,"Waiau",1770,"Waiau",100222,"Canterbury",1010,1.4,13.35,NA
"1149","20190513:0000",-42.653,173.043,"Waiau",1770,"Waiau",100222,"Canterbury",1010,1.4,11.45,NA
"1150","20190514:0000",-42.653,173.043,"Waiau",1770,"Waiau",100222,"Canterbury",1010,3.6,9.5,NA
"1151","20190515:0000",-42.653,173.043,"Waiau",1770,"Waiau",100222,"Canterbury",1010,9.7,11.85,NA
"1152","20190516:0000",-42.653,173.043,"Waiau",1770,"Waiau",100222,"Canterbury",1010,15.5,14.85,NA
"1153","20190517:0000",-42.653,173.043,"Waiau",1770,"Waiau",100222,"Canterbury",1010,2.2,6.35,NA
"1154","20190518:0000",-42.653,173.043,"Waiau",1770,"Waiau",100222,"Canterbury",1010,2.5,9.2,NA
"1155","20190519:0000",-42.653,173.043,"Waiau",1770,"Waiau",100222,"Canterbury",1010,5,11.8,NA
"1156","20190520:0000",-42.653,173.043,"Waiau",1770,"Waiau",100222,"Canterbury",1010,1.8,9,NA
"1157","20190521:0000",-42.653,173.043,"Waiau",1770,"Waiau",100222,"Canterbury",1010,1.8,7.45,NA
"1158","20190522:0000",-42.653,173.043,"Waiau",1770,"Waiau",100222,"Canterbury",1010,4,9.95,NA
"1159","20190523:0000",-42.653,173.043,"Waiau",1770,"Waiau",100222,"Canterbury",1010,1.4,10.15,NA
"1160","20190524:0000",-42.653,173.043,"Waiau",1770,"Waiau",100222,"Canterbury",1010,2.2,8.5,NA
"1161","20190525:0000",-42.653,173.043,"Waiau",1770,"Waiau",100222,"Canterbury",1010,1.4,9.6,NA
"1162","20190526:0000",-42.653,173.043,"Waiau",1770,"Waiau",100222,"Canterbury",1010,2.5,12.3,NA
"1163","20190527:0000",-42.653,173.043,"Waiau",1770,"Waiau",100222,"Canterbury",1010,1.4,13.05,NA
"1164","20190528:0000",-42.653,173.043,"Waiau",1770,"Waiau",100222,"Canterbury",1010,2.5,13.6,NA
"1165","20190529:0000",-42.653,173.043,"Waiau",1770,"Waiau",100222,"Canterbury",1010,11.2,14.9,NA
"1166","20190530:0000",-42.653,173.043,"Waiau",1770,"Waiau",100222,"Canterbury",1010,9.4,17.2,NA
"1167","20190531:0000",-42.653,173.043,"Waiau",1770,"Waiau",100222,"Canterbury",1010,8.6,10.45,NA
"1168","20190601:0000",-42.653,173.043,"Waiau",1770,"Waiau",100222,"Canterbury",1010,12.2,4.8,NA
"1169","20190602:0000",-42.653,173.043,"Waiau",1770,"Waiau",100222,"Canterbury",1010,3.6,4.9,NA
"1170","20190603:0000",-42.653,173.043,"Waiau",1770,"Waiau",100222,"Canterbury",1010,1.4,6.7,NA
"1171","20190604:0000",-42.653,173.043,"Waiau",1770,"Waiau",100222,"Canterbury",1010,1.4,6,NA
"1172","20190605:0000",-42.653,173.043,"Waiau",1770,"Waiau",100222,"Canterbury",1010,2.5,5.5,NA
"1173","20190606:0000",-42.653,173.043,"Waiau",1770,"Waiau",100222,"Canterbury",1010,2.5,6.35,NA
"1174","20190607:0000",-42.653,173.043,"Waiau",1770,"Waiau",100222,"Canterbury",1010,3.6,7.1,NA
"1175","20190608:0000",-42.653,173.043,"Waiau",1770,"Waiau",100222,"Canterbury",1010,2.9,9.05,NA
"1176","20190609:0000",-42.653,173.043,"Waiau",1770,"Waiau",100222,"Canterbury",1010,1.1,6.2,NA
"1177","20190610:0000",-42.653,173.043,"Waiau",1770,"Waiau",100222,"Canterbury",1010,1.4,7.65,NA
"1178","20190611:0000",-42.653,173.043,"Waiau",1770,"Waiau",100222,"Canterbury",1010,2.5,8.05,NA
"1179","20190612:0000",-42.653,173.043,"Waiau",1770,"Waiau",100222,"Canterbury",1010,1.4,7.75,NA
"1180","20190613:0000",-42.653,173.043,"Waiau",1770,"Waiau",100222,"Canterbury",1010,1.1,9.3,NA
"1181","20190614:0000",-42.653,173.043,"Waiau",1770,"Waiau",100222,"Canterbury",1010,2.9,10.7,NA
"1182","20190615:0000",-42.653,173.043,"Waiau",1770,"Waiau",100222,"Canterbury",1010,1.1,8.7,NA
"1183","20190616:0000",-42.653,173.043,"Waiau",1770,"Waiau",100222,"Canterbury",1010,2.2,7.05,NA
"1184","20190617:0000",-42.653,173.043,"Waiau",1770,"Waiau",100222,"Canterbury",1010,1.8,7.7,NA
"1185","20190618:0000",-42.653,173.043,"Waiau",1770,"Waiau",100222,"Canterbury",1010,1.4,3.85,NA
"1186","20190619:0000",-42.653,173.043,"Waiau",1770,"Waiau",100222,"Canterbury",1010,0.7,3.95,NA
"1187","20190620:0000",-42.653,173.043,"Waiau",1770,"Waiau",100222,"Canterbury",1010,1.4,3.9,NA
"1188","20190621:0000",-42.653,173.043,"Waiau",1770,"Waiau",100222,"Canterbury",1010,6.1,7.15,NA
"1189","20190622:0000",-42.653,173.043,"Waiau",1770,"Waiau",100222,"Canterbury",1010,2.2,10.3,NA
"1190","20190623:0000",-42.653,173.043,"Waiau",1770,"Waiau",100222,"Canterbury",1010,1.1,4.45,NA
"1191","20190624:0000",-42.653,173.043,"Waiau",1770,"Waiau",100222,"Canterbury",1010,2.2,6.3,NA
"1192","20190625:0000",-42.653,173.043,"Waiau",1770,"Waiau",100222,"Canterbury",1010,1.4,6.5,NA
"1193","20190626:0000",-42.653,173.043,"Waiau",1770,"Waiau",100222,"Canterbury",1010,1.8,NA,NA
"1194","20190627:0000",-42.653,173.043,"Waiau",1770,"Waiau",100222,"Canterbury",1010,1.8,NA,NA
"1195","20190628:0000",-42.653,173.043,"Waiau",1770,"Waiau",100222,"Canterbury",1010,1.8,NA,NA
"1196","20190629:0000",-42.653,173.043,"Waiau",1770,"Waiau",100222,"Canterbury",1010,1.4,NA,NA
"1197","20190630:0000",-42.653,173.043,"Waiau",1770,"Waiau",100222,"Canterbury",1010,2.5,4.65,NA
"1198","20190701:0000",-42.653,173.043,"Waiau",1770,"Waiau",100222,"Canterbury",1010,3.2,5.5,NA
"1199","20190702:0000",-42.653,173.043,"Waiau",1770,"Waiau",100222,"Canterbury",1010,1.4,9.45,NA
"1200","20190703:0000",-42.653,173.043,"Waiau",1770,"Waiau",100222,"Canterbury",1010,4,11.65,NA
"1201","20190704:0000",-42.653,173.043,"Waiau",1770,"Waiau",100222,"Canterbury",1010,1.8,8.6,NA
"1202","20190705:0000",-42.653,173.043,"Waiau",1770,"Waiau",100222,"Canterbury",1010,4.3,6,NA
"1203","20190706:0000",-42.653,173.043,"Waiau",1770,"Waiau",100222,"Canterbury",1010,1.4,8.05,NA
"1204","20190707:0000",-42.653,173.043,"Waiau",1770,"Waiau",100222,"Canterbury",1010,1.1,5.9,NA
"1205","20190708:0000",-42.653,173.043,"Waiau",1770,"Waiau",100222,"Canterbury",1010,1.4,5.5,NA
"1206","20190709:0000",-42.653,173.043,"Waiau",1770,"Waiau",100222,"Canterbury",1010,7.6,7.4,NA
"1207","20190710:0000",-42.653,173.043,"Waiau",1770,"Waiau",100222,"Canterbury",1010,2.2,9.45,NA
"1208","20190711:0000",-42.653,173.043,"Waiau",1770,"Waiau",100222,"Canterbury",1010,4,9.5,NA
"1209","20190712:0000",-42.653,173.043,"Waiau",1770,"Waiau",100222,"Canterbury",1010,2.2,7.75,NA
"1210","20190713:0000",-42.653,173.043,"Waiau",1770,"Waiau",100222,"Canterbury",1010,1.8,9.45,NA
"1211","20190714:0000",-42.653,173.043,"Waiau",1770,"Waiau",100222,"Canterbury",1010,2.2,10.6,NA
"1212","20190715:0000",-42.653,173.043,"Waiau",1770,"Waiau",100222,"Canterbury",1010,2.5,6.85,NA
"1213","20190716:0000",-42.653,173.043,"Waiau",1770,"Waiau",100222,"Canterbury",1010,1.8,9.75,NA
"1214","20190717:0000",-42.653,173.043,"Waiau",1770,"Waiau",100222,"Canterbury",1010,1.4,6.35,NA
"1215","20190718:0000",-42.653,173.043,"Waiau",1770,"Waiau",100222,"Canterbury",1010,7.9,6.9,NA
"1216","20190719:0000",-42.653,173.043,"Waiau",1770,"Waiau",100222,"Canterbury",1010,1.8,5.5,NA
"1217","20190720:0000",-42.653,173.043,"Waiau",1770,"Waiau",100222,"Canterbury",1010,1.4,6.85,NA
"1218","20190721:0000",-42.653,173.043,"Waiau",1770,"Waiau",100222,"Canterbury",1010,7.2,9.1,NA
"1219","20190722:0000",-42.653,173.043,"Waiau",1770,"Waiau",100222,"Canterbury",1010,1.8,10.85,NA
"1220","20190723:0000",-42.653,173.043,"Waiau",1770,"Waiau",100222,"Canterbury",1010,1.4,8.95,NA
"1221","20190724:0000",-42.653,173.043,"Waiau",1770,"Waiau",100222,"Canterbury",1010,1.4,10.25,NA
"1222","20190725:0000",-42.653,173.043,"Waiau",1770,"Waiau",100222,"Canterbury",1010,1.4,8.1,NA
"1223","20190726:0000",-42.653,173.043,"Waiau",1770,"Waiau",100222,"Canterbury",1010,1.1,7.8,NA
"1224","20190727:0000",-42.653,173.043,"Waiau",1770,"Waiau",100222,"Canterbury",1010,1.8,8.6,NA
"1225","20190728:0000",-42.653,173.043,"Waiau",1770,"Waiau",100222,"Canterbury",1010,1.8,9.45,NA
"1226","20190729:0000",-42.653,173.043,"Waiau",1770,"Waiau",100222,"Canterbury",1010,1.8,9.55,NA
"1227","20190730:0000",-42.653,173.043,"Waiau",1770,"Waiau",100222,"Canterbury",1010,1.4,9.15,NA
"1228","20190731:0000",-42.653,173.043,"Waiau",1770,"Waiau",100222,"Canterbury",1010,10.1,4.85,NA
"1229","20190801:0000",-42.653,173.043,"Waiau",1770,"Waiau",100222,"Canterbury",1010,2.2,6.55,NA
"1230","20190802:0000",-42.653,173.043,"Waiau",1770,"Waiau",100222,"Canterbury",1010,3.2,5.2,NA
"1231","20190803:0000",-42.653,173.043,"Waiau",1770,"Waiau",100222,"Canterbury",1010,1.4,9.8,NA
"1232","20190804:0000",-42.653,173.043,"Waiau",1770,"Waiau",100222,"Canterbury",1010,7.6,8.75,NA
"1233","20190805:0000",-42.653,173.043,"Waiau",1770,"Waiau",100222,"Canterbury",1010,1.4,3.15,NA
"1234","20190806:0000",-42.653,173.043,"Waiau",1770,"Waiau",100222,"Canterbury",1010,7.2,6.65,NA
"1235","20190807:0000",-42.653,173.043,"Waiau",1770,"Waiau",100222,"Canterbury",1010,2.2,9.2,NA
"1236","20190808:0000",-42.653,173.043,"Waiau",1770,"Waiau",100222,"Canterbury",1010,2.2,8.55,NA
"1237","20190809:0000",-42.653,173.043,"Waiau",1770,"Waiau",100222,"Canterbury",1010,3.2,10.9,NA
"1238","20190810:0000",-42.653,173.043,"Waiau",1770,"Waiau",100222,"Canterbury",1010,7.2,8.4,NA
"1239","20190811:0000",-42.653,173.043,"Waiau",1770,"Waiau",100222,"Canterbury",1010,1.1,6.8,NA
"1240","20190812:0000",-42.653,173.043,"Waiau",1770,"Waiau",100222,"Canterbury",1010,7.9,6.8,NA
"1241","20190813:0000",-42.653,173.043,"Waiau",1770,"Waiau",100222,"Canterbury",1010,3.6,6.35,NA
"1242","20190814:0000",-42.653,173.043,"Waiau",1770,"Waiau",100222,"Canterbury",1010,1.1,5.2,NA
"1243","20190815:0000",-42.653,173.043,"Waiau",1770,"Waiau",100222,"Canterbury",1010,0.7,5.4,NA
"1244","20190816:0000",-42.653,173.043,"Waiau",1770,"Waiau",100222,"Canterbury",1010,4,8.15,NA
"1245","20190817:0000",-42.653,173.043,"Waiau",1770,"Waiau",100222,"Canterbury",1010,4.3,5.95,NA
"1246","20190818:0000",-42.653,173.043,"Waiau",1770,"Waiau",100222,"Canterbury",1010,1.4,3.4,NA
"1247","20190819:0000",-42.653,173.043,"Waiau",1770,"Waiau",100222,"Canterbury",1010,3.2,6.75,NA
"1248","20190820:0000",-42.653,173.043,"Waiau",1770,"Waiau",100222,"Canterbury",1010,2.2,7.65,NA
"1249","20190821:0000",-42.653,173.043,"Waiau",1770,"Waiau",100222,"Canterbury",1010,1.8,9.6,NA
"1250","20190822:0000",-42.653,173.043,"Waiau",1770,"Waiau",100222,"Canterbury",1010,1.8,9.05,NA
"1251","20190823:0000",-42.653,173.043,"Waiau",1770,"Waiau",100222,"Canterbury",1010,1.4,9.75,NA
"1252","20190824:0000",-42.653,173.043,"Waiau",1770,"Waiau",100222,"Canterbury",1010,1.4,10.7,NA
"1253","20190825:0000",-42.653,173.043,"Waiau",1770,"Waiau",100222,"Canterbury",1010,10.8,10.4,NA
"1254","20190826:0000",-42.653,173.043,"Waiau",1770,"Waiau",100222,"Canterbury",1010,5.8,11.3,NA
"1255","20190827:0000",-42.653,173.043,"Waiau",1770,"Waiau",100222,"Canterbury",1010,1.4,8.05,NA
"1256","20190828:0000",-42.653,173.043,"Waiau",1770,"Waiau",100222,"Canterbury",1010,2.2,9.25,NA
"1257","20190829:0000",-42.653,173.043,"Waiau",1770,"Waiau",100222,"Canterbury",1010,11.2,10.25,NA
"1258","20190830:0000",-42.653,173.043,"Waiau",1770,"Waiau",100222,"Canterbury",1010,2.9,7.85,NA
"1259","20190831:0000",-42.653,173.043,"Waiau",1770,"Waiau",100222,"Canterbury",1010,1.4,8.15,NA
"1260","20190901:0000",-42.653,173.043,"Waiau",1770,"Waiau",100222,"Canterbury",1010,1.8,11.95,NA
"1261","20190902:0000",-42.653,173.043,"Waiau",1770,"Waiau",100222,"Canterbury",1010,1.4,9.1,NA
"1262","20190903:0000",-42.653,173.043,"Waiau",1770,"Waiau",100222,"Canterbury",1010,2.5,6.95,NA
"1263","20190904:0000",-42.653,173.043,"Waiau",1770,"Waiau",100222,"Canterbury",1010,1.1,6.6,NA
"1264","20190905:0000",-42.653,173.043,"Waiau",1770,"Waiau",100222,"Canterbury",1010,1.1,9.1,NA
"1265","20190906:0000",-42.653,173.043,"Waiau",1770,"Waiau",100222,"Canterbury",1010,5.8,7.35,NA
"1266","20190907:0000",-42.653,173.043,"Waiau",1770,"Waiau",100222,"Canterbury",1010,2.9,7.9,NA
"1267","20190908:0000",-42.653,173.043,"Waiau",1770,"Waiau",100222,"Canterbury",1010,1.4,2.35,NA
"1268","20190909:0000",-42.653,173.043,"Waiau",1770,"Waiau",100222,"Canterbury",1010,2.2,5.1,NA
"1269","20190910:0000",-42.653,173.043,"Waiau",1770,"Waiau",100222,"Canterbury",1010,1.1,5.4,NA
"1270","20190911:0000",-42.653,173.043,"Waiau",1770,"Waiau",100222,"Canterbury",1010,2.9,5.95,NA
"1271","20190912:0000",-42.653,173.043,"Waiau",1770,"Waiau",100222,"Canterbury",1010,3.2,8.6,NA
"1272","20190913:0000",-42.653,173.043,"Waiau",1770,"Waiau",100222,"Canterbury",1010,8.3,14.25,NA
"1273","20190914:0000",-42.653,173.043,"Waiau",1770,"Waiau",100222,"Canterbury",1010,2.9,7.7,NA
"1274","20190915:0000",-42.653,173.043,"Waiau",1770,"Waiau",100222,"Canterbury",1010,1.1,10.7,NA
"1275","20190916:0000",-42.653,173.043,"Waiau",1770,"Waiau",100222,"Canterbury",1010,6.8,13.45,NA
"1276","20190917:0000",-42.653,173.043,"Waiau",1770,"Waiau",100222,"Canterbury",1010,10.4,12.7,NA
"1277","20190918:0000",-42.653,173.043,"Waiau",1770,"Waiau",100222,"Canterbury",1010,2.2,7.9,NA
"1278","20190919:0000",-42.653,173.043,"Waiau",1770,"Waiau",100222,"Canterbury",1010,1.8,7.85,NA
"1279","20190920:0000",-42.653,173.043,"Waiau",1770,"Waiau",100222,"Canterbury",1010,1.4,7.15,NA
"1280","20190921:0000",-42.653,173.043,"Waiau",1770,"Waiau",100222,"Canterbury",1010,2.2,8.6,NA
"1281","20190922:0000",-42.653,173.043,"Waiau",1770,"Waiau",100222,"Canterbury",1010,2.5,9.85,NA
"1282","20190923:0000",-42.653,173.043,"Waiau",1770,"Waiau",100222,"Canterbury",1010,7.9,10.9,NA
"1283","20190924:0000",-42.653,173.043,"Waiau",1770,"Waiau",100222,"Canterbury",1010,3.2,13.1,NA
"1284","20190925:0000",-42.653,173.043,"Waiau",1770,"Waiau",100222,"Canterbury",1010,9.4,8.35,NA
"1285","20190926:0000",-42.653,173.043,"Waiau",1770,"Waiau",100222,"Canterbury",1010,5.8,6.55,NA
"1286","20190927:0000",-42.653,173.043,"Waiau",1770,"Waiau",100222,"Canterbury",1010,2.2,9.45,NA
"1287","20190928:0000",-42.653,173.043,"Waiau",1770,"Waiau",100222,"Canterbury",1010,15.1,13.55,NA
"1288","20190929:0000",-42.653,173.043,"Waiau",1770,"Waiau",100222,"Canterbury",1010,1.8,13.75,NA
"1289","20190930:0000",-42.653,173.043,"Waiau",1770,"Waiau",100222,"Canterbury",1010,3.2,15.25,NA
"1290","20191001:0000",-42.653,173.043,"Waiau",1770,"Waiau",100222,"Canterbury",1010,2.9,8.15,NA
"1291","20191002:0000",-42.653,173.043,"Waiau",1770,"Waiau",100222,"Canterbury",1010,6.8,7.35,NA
"1292","20191003:0000",-42.653,173.043,"Waiau",1770,"Waiau",100222,"Canterbury",1010,1.4,6.6,NA
"1293","20191004:0000",-42.653,173.043,"Waiau",1770,"Waiau",100222,"Canterbury",1010,1.4,8.8,NA
"1294","20191005:0000",-42.653,173.043,"Waiau",1770,"Waiau",100222,"Canterbury",1010,6.8,9.2,NA
"1295","20191006:0000",-42.653,173.043,"Waiau",1770,"Waiau",100222,"Canterbury",1010,2.2,7.35,NA
"1296","20191007:0000",-42.653,173.043,"Waiau",1770,"Waiau",100222,"Canterbury",1010,2.2,11.05,NA
"1297","20191008:0000",-42.653,173.043,"Waiau",1770,"Waiau",100222,"Canterbury",1010,6.5,14.85,NA
"1298","20191009:0000",-42.653,173.043,"Waiau",1770,"Waiau",100222,"Canterbury",1010,1.8,17.15,NA
"1299","20191010:0000",-42.653,173.043,"Waiau",1770,"Waiau",100222,"Canterbury",1010,1.4,16.05,NA
"1300","20191011:0000",-42.653,173.043,"Waiau",1770,"Waiau",100222,"Canterbury",1010,2.2,13.3,NA
"1301","20191012:0000",-42.653,173.043,"Waiau",1770,"Waiau",100222,"Canterbury",1010,4.7,12.05,NA
"1302","20191013:0000",-42.653,173.043,"Waiau",1770,"Waiau",100222,"Canterbury",1010,1.4,9.95,NA
"1303","20180101:0000",-42.82722,173.22409,"Cheviot",2080,"Cheviot",100190,"Canterbury",1010,NA,17.2,6.1
"1304","20180102:0000",-42.82722,173.22409,"Cheviot",2080,"Cheviot",100190,"Canterbury",1010,NA,17.7,8.6
"1305","20180103:0000",-42.82722,173.22409,"Cheviot",2080,"Cheviot",100190,"Canterbury",1010,NA,20.55,10
"1306","20180104:0000",-42.82722,173.22409,"Cheviot",2080,"Cheviot",100190,"Canterbury",1010,NA,18.65,3.9
"1307","20180105:0000",-42.82722,173.22409,"Cheviot",2080,"Cheviot",100190,"Canterbury",1010,NA,17,0
"1308","20180106:0000",-42.82722,173.22409,"Cheviot",2080,"Cheviot",100190,"Canterbury",1010,NA,15.15,2.2
"1309","20180107:0000",-42.82722,173.22409,"Cheviot",2080,"Cheviot",100190,"Canterbury",1010,NA,13.65,9.8
"1310","20180108:0000",-42.82722,173.22409,"Cheviot",2080,"Cheviot",100190,"Canterbury",1010,NA,16.5,14
"1311","20180109:0000",-42.82722,173.22409,"Cheviot",2080,"Cheviot",100190,"Canterbury",1010,NA,21.15,0.7
"1312","20180110:0000",-42.82722,173.22409,"Cheviot",2080,"Cheviot",100190,"Canterbury",1010,NA,16.65,0
"1313","20180111:0000",-42.82722,173.22409,"Cheviot",2080,"Cheviot",100190,"Canterbury",1010,NA,13.2,0
"1314","20180112:0000",-42.82722,173.22409,"Cheviot",2080,"Cheviot",100190,"Canterbury",1010,NA,13.8,0
"1315","20180113:0000",-42.82722,173.22409,"Cheviot",2080,"Cheviot",100190,"Canterbury",1010,NA,18.75,7.2
"1316","20180114:0000",-42.82722,173.22409,"Cheviot",2080,"Cheviot",100190,"Canterbury",1010,NA,20.75,14
"1317","20180115:0000",-42.82722,173.22409,"Cheviot",2080,"Cheviot",100190,"Canterbury",1010,NA,20.1,13.2
"1318","20180116:0000",-42.82722,173.22409,"Cheviot",2080,"Cheviot",100190,"Canterbury",1010,NA,20.9,12.6
"1319","20180117:0000",-42.82722,173.22409,"Cheviot",2080,"Cheviot",100190,"Canterbury",1010,NA,21.7,2.5
"1320","20180118:0000",-42.82722,173.22409,"Cheviot",2080,"Cheviot",100190,"Canterbury",1010,NA,22.95,10.8
"1321","20180119:0000",-42.82722,173.22409,"Cheviot",2080,"Cheviot",100190,"Canterbury",1010,NA,21.75,9.5
"1322","20180120:0000",-42.82722,173.22409,"Cheviot",2080,"Cheviot",100190,"Canterbury",1010,NA,22.25,12.2
"1323","20180121:0000",-42.82722,173.22409,"Cheviot",2080,"Cheviot",100190,"Canterbury",1010,NA,20,7.6
"1324","20180122:0000",-42.82722,173.22409,"Cheviot",2080,"Cheviot",100190,"Canterbury",1010,NA,19.7,3.2
"1325","20180123:0000",-42.82722,173.22409,"Cheviot",2080,"Cheviot",100190,"Canterbury",1010,NA,22.8,11.2
"1326","20180124:0000",-42.82722,173.22409,"Cheviot",2080,"Cheviot",100190,"Canterbury",1010,NA,21.9,13.5
"1327","20180125:0000",-42.82722,173.22409,"Cheviot",2080,"Cheviot",100190,"Canterbury",1010,NA,23.3,10.6
"1328","20180126:0000",-42.82722,173.22409,"Cheviot",2080,"Cheviot",100190,"Canterbury",1010,NA,18.9,3.4
"1329","20180127:0000",-42.82722,173.22409,"Cheviot",2080,"Cheviot",100190,"Canterbury",1010,NA,20.75,12.1
"1330","20180128:0000",-42.82722,173.22409,"Cheviot",2080,"Cheviot",100190,"Canterbury",1010,NA,20.15,5.9
"1331","20180129:0000",-42.82722,173.22409,"Cheviot",2080,"Cheviot",100190,"Canterbury",1010,NA,20.7,11
"1332","20180130:0000",-42.82722,173.22409,"Cheviot",2080,"Cheviot",100190,"Canterbury",1010,NA,25.9,11.8
"1333","20180131:0000",-42.82722,173.22409,"Cheviot",2080,"Cheviot",100190,"Canterbury",1010,NA,22.55,4.6
"1334","20180201:0000",-42.82722,173.22409,"Cheviot",2080,"Cheviot",100190,"Canterbury",1010,NA,26.4,11.2
"1335","20180202:0000",-42.82722,173.22409,"Cheviot",2080,"Cheviot",100190,"Canterbury",1010,NA,12.95,0.1
"1336","20180203:0000",-42.82722,173.22409,"Cheviot",2080,"Cheviot",100190,"Canterbury",1010,NA,13.4,5.7
"1337","20180204:0000",-42.82722,173.22409,"Cheviot",2080,"Cheviot",100190,"Canterbury",1010,NA,15.65,12.6
"1338","20180205:0000",-42.82722,173.22409,"Cheviot",2080,"Cheviot",100190,"Canterbury",1010,NA,19.75,5.2
"1339","20180206:0000",-42.82722,173.22409,"Cheviot",2080,"Cheviot",100190,"Canterbury",1010,NA,12.25,0
"1340","20180207:0000",-42.82722,173.22409,"Cheviot",2080,"Cheviot",100190,"Canterbury",1010,NA,13.05,11.5
"1341","20180208:0000",-42.82722,173.22409,"Cheviot",2080,"Cheviot",100190,"Canterbury",1010,NA,12.95,13.2
"1342","20180209:0000",-42.82722,173.22409,"Cheviot",2080,"Cheviot",100190,"Canterbury",1010,NA,15.85,12.5
"1343","20180210:0000",-42.82722,173.22409,"Cheviot",2080,"Cheviot",100190,"Canterbury",1010,NA,17.2,4.2
"1344","20180211:0000",-42.82722,173.22409,"Cheviot",2080,"Cheviot",100190,"Canterbury",1010,NA,20.7,0.2
"1345","20180212:0000",-42.82722,173.22409,"Cheviot",2080,"Cheviot",100190,"Canterbury",1010,NA,23.05,13.1
"1346","20180213:0000",-42.82722,173.22409,"Cheviot",2080,"Cheviot",100190,"Canterbury",1010,NA,23.7,10.5
"1347","20180214:0000",-42.82722,173.22409,"Cheviot",2080,"Cheviot",100190,"Canterbury",1010,NA,19.15,6.2
"1348","20180215:0000",-42.82722,173.22409,"Cheviot",2080,"Cheviot",100190,"Canterbury",1010,NA,20.4,11.1
"1349","20180216:0000",-42.82722,173.22409,"Cheviot",2080,"Cheviot",100190,"Canterbury",1010,NA,20.9,4.6
"1350","20180217:0000",-42.82722,173.22409,"Cheviot",2080,"Cheviot",100190,"Canterbury",1010,NA,23.8,6
"1351","20180218:0000",-42.82722,173.22409,"Cheviot",2080,"Cheviot",100190,"Canterbury",1010,NA,19.5,10
"1352","20180219:0000",-42.82722,173.22409,"Cheviot",2080,"Cheviot",100190,"Canterbury",1010,NA,21.4,3.7
"1353","20180220:0000",-42.82722,173.22409,"Cheviot",2080,"Cheviot",100190,"Canterbury",1010,NA,13.6,0
"1354","20180221:0000",-42.82722,173.22409,"Cheviot",2080,"Cheviot",100190,"Canterbury",1010,NA,13.95,5.7
"1355","20180222:0000",-42.82722,173.22409,"Cheviot",2080,"Cheviot",100190,"Canterbury",1010,NA,14.4,8.3
"1356","20180223:0000",-42.82722,173.22409,"Cheviot",2080,"Cheviot",100190,"Canterbury",1010,NA,12.55,11.1
"1357","20180224:0000",-42.82722,173.22409,"Cheviot",2080,"Cheviot",100190,"Canterbury",1010,NA,15.3,12.7
"1358","20180225:0000",-42.82722,173.22409,"Cheviot",2080,"Cheviot",100190,"Canterbury",1010,NA,19.1,6.5
"1359","20180226:0000",-42.82722,173.22409,"Cheviot",2080,"Cheviot",100190,"Canterbury",1010,NA,14.5,2.8
"1360","20180227:0000",-42.82722,173.22409,"Cheviot",2080,"Cheviot",100190,"Canterbury",1010,NA,12.9,0
"1361","20180228:0000",-42.82722,173.22409,"Cheviot",2080,"Cheviot",100190,"Canterbury",1010,NA,15.45,0
"1362","20180301:0000",-42.82722,173.22409,"Cheviot",2080,"Cheviot",100190,"Canterbury",1010,NA,20.65,10
"1363","20180302:0000",-42.82722,173.22409,"Cheviot",2080,"Cheviot",100190,"Canterbury",1010,NA,19.4,0
"1364","20180303:0000",-42.82722,173.22409,"Cheviot",2080,"Cheviot",100190,"Canterbury",1010,NA,22.6,10.7
"1365","20180304:0000",-42.82722,173.22409,"Cheviot",2080,"Cheviot",100190,"Canterbury",1010,NA,20.8,10.9
"1366","20180305:0000",-42.82722,173.22409,"Cheviot",2080,"Cheviot",100190,"Canterbury",1010,NA,20.35,8.2
"1367","20180306:0000",-42.82722,173.22409,"Cheviot",2080,"Cheviot",100190,"Canterbury",1010,NA,16.5,0
"1368","20180307:0000",-42.82722,173.22409,"Cheviot",2080,"Cheviot",100190,"Canterbury",1010,NA,14.45,0.9
"1369","20180308:0000",-42.82722,173.22409,"Cheviot",2080,"Cheviot",100190,"Canterbury",1010,NA,13.75,4.4
"1370","20180309:0000",-42.82722,173.22409,"Cheviot",2080,"Cheviot",100190,"Canterbury",1010,NA,14.35,1.4
"1371","20180310:0000",-42.82722,173.22409,"Cheviot",2080,"Cheviot",100190,"Canterbury",1010,NA,12.2,10.6
"1372","20180311:0000",-42.82722,173.22409,"Cheviot",2080,"Cheviot",100190,"Canterbury",1010,NA,13.25,12
"1373","20180312:0000",-42.82722,173.22409,"Cheviot",2080,"Cheviot",100190,"Canterbury",1010,NA,15.2,11.2
"1374","20180313:0000",-42.82722,173.22409,"Cheviot",2080,"Cheviot",100190,"Canterbury",1010,NA,17.25,4.3
"1375","20180314:0000",-42.82722,173.22409,"Cheviot",2080,"Cheviot",100190,"Canterbury",1010,NA,14.7,11.4
"1376","20180315:0000",-42.82722,173.22409,"Cheviot",2080,"Cheviot",100190,"Canterbury",1010,NA,18.35,9.4
"1377","20180316:0000",-42.82722,173.22409,"Cheviot",2080,"Cheviot",100190,"Canterbury",1010,NA,21.15,5.4
"1378","20180317:0000",-42.82722,173.22409,"Cheviot",2080,"Cheviot",100190,"Canterbury",1010,NA,12.65,1.4
"1379","20180318:0000",-42.82722,173.22409,"Cheviot",2080,"Cheviot",100190,"Canterbury",1010,NA,12.1,11.1
"1380","20180319:0000",-42.82722,173.22409,"Cheviot",2080,"Cheviot",100190,"Canterbury",1010,NA,16.35,10.2
"1381","20180320:0000",-42.82722,173.22409,"Cheviot",2080,"Cheviot",100190,"Canterbury",1010,NA,19.25,11.5
"1382","20180321:0000",-42.82722,173.22409,"Cheviot",2080,"Cheviot",100190,"Canterbury",1010,NA,18,8.7
"1383","20180322:0000",-42.82722,173.22409,"Cheviot",2080,"Cheviot",100190,"Canterbury",1010,NA,11.7,0.1
"1384","20180323:0000",-42.82722,173.22409,"Cheviot",2080,"Cheviot",100190,"Canterbury",1010,NA,10.2,0
"1385","20180324:0000",-42.82722,173.22409,"Cheviot",2080,"Cheviot",100190,"Canterbury",1010,NA,15.1,4.4
"1386","20180325:0000",-42.82722,173.22409,"Cheviot",2080,"Cheviot",100190,"Canterbury",1010,NA,15.15,5
"1387","20180326:0000",-42.82722,173.22409,"Cheviot",2080,"Cheviot",100190,"Canterbury",1010,NA,18.15,10.3
"1388","20180327:0000",-42.82722,173.22409,"Cheviot",2080,"Cheviot",100190,"Canterbury",1010,NA,19.35,5.2
"1389","20180328:0000",-42.82722,173.22409,"Cheviot",2080,"Cheviot",100190,"Canterbury",1010,NA,19.35,10
"1390","20180329:0000",-42.82722,173.22409,"Cheviot",2080,"Cheviot",100190,"Canterbury",1010,NA,14.1,5.9
"1391","20180330:0000",-42.82722,173.22409,"Cheviot",2080,"Cheviot",100190,"Canterbury",1010,NA,13.7,11
"1392","20180331:0000",-42.82722,173.22409,"Cheviot",2080,"Cheviot",100190,"Canterbury",1010,NA,17.15,8
"1393","20180401:0000",-42.82722,173.22409,"Cheviot",2080,"Cheviot",100190,"Canterbury",1010,NA,11.25,10.9
"1394","20180402:0000",-42.82722,173.22409,"Cheviot",2080,"Cheviot",100190,"Canterbury",1010,NA,13.65,6.8
"1395","20180403:0000",-42.82722,173.22409,"Cheviot",2080,"Cheviot",100190,"Canterbury",1010,NA,19.6,6.8
"1396","20180404:0000",-42.82722,173.22409,"Cheviot",2080,"Cheviot",100190,"Canterbury",1010,NA,15.05,6.4
"1397","20180405:0000",-42.82722,173.22409,"Cheviot",2080,"Cheviot",100190,"Canterbury",1010,NA,14.7,6.8
"1398","20180406:0000",-42.82722,173.22409,"Cheviot",2080,"Cheviot",100190,"Canterbury",1010,NA,15.85,8.9
"1399","20180407:0000",-42.82722,173.22409,"Cheviot",2080,"Cheviot",100190,"Canterbury",1010,NA,12.55,1.1
"1400","20180408:0000",-42.82722,173.22409,"Cheviot",2080,"Cheviot",100190,"Canterbury",1010,NA,11.2,4.9
"1401","20180409:0000",-42.82722,173.22409,"Cheviot",2080,"Cheviot",100190,"Canterbury",1010,NA,10.15,0
"1402","20180410:0000",-42.82722,173.22409,"Cheviot",2080,"Cheviot",100190,"Canterbury",1010,NA,5.25,0
"1403","20180411:0000",-42.82722,173.22409,"Cheviot",2080,"Cheviot",100190,"Canterbury",1010,NA,6.1,2.3
"1404","20180412:0000",-42.82722,173.22409,"Cheviot",2080,"Cheviot",100190,"Canterbury",1010,NA,7.15,3.7
"1405","20180413:0000",-42.82722,173.22409,"Cheviot",2080,"Cheviot",100190,"Canterbury",1010,NA,8.65,6.1
"1406","20180414:0000",-42.82722,173.22409,"Cheviot",2080,"Cheviot",100190,"Canterbury",1010,NA,7.3,2.7
"1407","20180415:0000",-42.82722,173.22409,"Cheviot",2080,"Cheviot",100190,"Canterbury",1010,NA,8.5,7.2
"1408","20180416:0000",-42.82722,173.22409,"Cheviot",2080,"Cheviot",100190,"Canterbury",1010,NA,14,7.2
"1409","20180417:0000",-42.82722,173.22409,"Cheviot",2080,"Cheviot",100190,"Canterbury",1010,NA,14.15,7.9
"1410","20180418:0000",-42.82722,173.22409,"Cheviot",2080,"Cheviot",100190,"Canterbury",1010,NA,12.3,7.8
"1411","20180419:0000",-42.82722,173.22409,"Cheviot",2080,"Cheviot",100190,"Canterbury",1010,NA,11.45,8.8
"1412","20180420:0000",-42.82722,173.22409,"Cheviot",2080,"Cheviot",100190,"Canterbury",1010,NA,15.85,8
"1413","20180421:0000",-42.82722,173.22409,"Cheviot",2080,"Cheviot",100190,"Canterbury",1010,NA,15.9,9.5
"1414","20180422:0000",-42.82722,173.22409,"Cheviot",2080,"Cheviot",100190,"Canterbury",1010,NA,9.85,9.9
"1415","20180423:0000",-42.82722,173.22409,"Cheviot",2080,"Cheviot",100190,"Canterbury",1010,NA,8.9,9.9
"1416","20180424:0000",-42.82722,173.22409,"Cheviot",2080,"Cheviot",100190,"Canterbury",1010,NA,11.2,9.4
"1417","20180425:0000",-42.82722,173.22409,"Cheviot",2080,"Cheviot",100190,"Canterbury",1010,NA,9.35,9.4
"1418","20180426:0000",-42.82722,173.22409,"Cheviot",2080,"Cheviot",100190,"Canterbury",1010,NA,11.25,9.6
"1419","20180427:0000",-42.82722,173.22409,"Cheviot",2080,"Cheviot",100190,"Canterbury",1010,NA,11.3,5.3
"1420","20180428:0000",-42.82722,173.22409,"Cheviot",2080,"Cheviot",100190,"Canterbury",1010,NA,9.95,0
"1421","20180429:0000",-42.82722,173.22409,"Cheviot",2080,"Cheviot",100190,"Canterbury",1010,NA,11.5,0.1
"1422","20180430:0000",-42.82722,173.22409,"Cheviot",2080,"Cheviot",100190,"Canterbury",1010,NA,8.35,0
"1423","20180501:0000",-42.82722,173.22409,"Cheviot",2080,"Cheviot",100190,"Canterbury",1010,NA,11.1,9
"1424","20180502:0000",-42.82722,173.22409,"Cheviot",2080,"Cheviot",100190,"Canterbury",1010,NA,11.55,7.2
"1425","20180503:0000",-42.82722,173.22409,"Cheviot",2080,"Cheviot",100190,"Canterbury",1010,NA,8.6,8.6
"1426","20180504:0000",-42.82722,173.22409,"Cheviot",2080,"Cheviot",100190,"Canterbury",1010,NA,9.55,4.6
"1427","20180505:0000",-42.82722,173.22409,"Cheviot",2080,"Cheviot",100190,"Canterbury",1010,NA,12.6,2.5
"1428","20180506:0000",-42.82722,173.22409,"Cheviot",2080,"Cheviot",100190,"Canterbury",1010,NA,13.35,8.5
"1429","20180507:0000",-42.82722,173.22409,"Cheviot",2080,"Cheviot",100190,"Canterbury",1010,NA,11.65,6.8
"1430","20180508:0000",-42.82722,173.22409,"Cheviot",2080,"Cheviot",100190,"Canterbury",1010,NA,17.45,4.1
"1431","20180509:0000",-42.82722,173.22409,"Cheviot",2080,"Cheviot",100190,"Canterbury",1010,NA,19.2,9.1
"1432","20180510:0000",-42.82722,173.22409,"Cheviot",2080,"Cheviot",100190,"Canterbury",1010,NA,10.75,2.2
"1433","20180511:0000",-42.82722,173.22409,"Cheviot",2080,"Cheviot",100190,"Canterbury",1010,NA,13.35,6
"1434","20180512:0000",-42.82722,173.22409,"Cheviot",2080,"Cheviot",100190,"Canterbury",1010,NA,11.8,0
"1435","20180513:0000",-42.82722,173.22409,"Cheviot",2080,"Cheviot",100190,"Canterbury",1010,NA,9,0
"1436","20180514:0000",-42.82722,173.22409,"Cheviot",2080,"Cheviot",100190,"Canterbury",1010,NA,10.9,0.4
"1437","20180515:0000",-42.82722,173.22409,"Cheviot",2080,"Cheviot",100190,"Canterbury",1010,NA,12.1,1
"1438","20180516:0000",-42.82722,173.22409,"Cheviot",2080,"Cheviot",100190,"Canterbury",1010,NA,9.85,0
"1439","20180517:0000",-42.82722,173.22409,"Cheviot",2080,"Cheviot",100190,"Canterbury",1010,NA,10.75,7.5
"1440","20180518:0000",-42.82722,173.22409,"Cheviot",2080,"Cheviot",100190,"Canterbury",1010,NA,11,3.6
"1441","20180519:0000",-42.82722,173.22409,"Cheviot",2080,"Cheviot",100190,"Canterbury",1010,NA,11.75,8.4
"1442","20180520:0000",-42.82722,173.22409,"Cheviot",2080,"Cheviot",100190,"Canterbury",1010,NA,13.3,3.6
"1443","20180521:0000",-42.82722,173.22409,"Cheviot",2080,"Cheviot",100190,"Canterbury",1010,NA,10.75,5
"1444","20180522:0000",-42.82722,173.22409,"Cheviot",2080,"Cheviot",100190,"Canterbury",1010,NA,10.05,3
"1445","20180523:0000",-42.82722,173.22409,"Cheviot",2080,"Cheviot",100190,"Canterbury",1010,NA,7.8,5.2
"1446","20180524:0000",-42.82722,173.22409,"Cheviot",2080,"Cheviot",100190,"Canterbury",1010,NA,6.6,7.8
"1447","20180525:0000",-42.82722,173.22409,"Cheviot",2080,"Cheviot",100190,"Canterbury",1010,NA,6.85,6.1
"1448","20180526:0000",-42.82722,173.22409,"Cheviot",2080,"Cheviot",100190,"Canterbury",1010,NA,9.05,6.1
"1449","20180527:0000",-42.82722,173.22409,"Cheviot",2080,"Cheviot",100190,"Canterbury",1010,NA,7.3,3.6
"1450","20180528:0000",-42.82722,173.22409,"Cheviot",2080,"Cheviot",100190,"Canterbury",1010,NA,5.25,3.3
"1451","20180529:0000",-42.82722,173.22409,"Cheviot",2080,"Cheviot",100190,"Canterbury",1010,NA,6.4,2
"1452","20180530:0000",-42.82722,173.22409,"Cheviot",2080,"Cheviot",100190,"Canterbury",1010,NA,7.7,6
"1453","20180531:0000",-42.82722,173.22409,"Cheviot",2080,"Cheviot",100190,"Canterbury",1010,NA,4.2,2.6
"1454","20180601:0000",-42.82722,173.22409,"Cheviot",2080,"Cheviot",100190,"Canterbury",1010,NA,5.15,0.7
"1455","20180602:0000",-42.82722,173.22409,"Cheviot",2080,"Cheviot",100190,"Canterbury",1010,NA,7.8,0.3
"1456","20180603:0000",-42.82722,173.22409,"Cheviot",2080,"Cheviot",100190,"Canterbury",1010,NA,8.95,0
"1457","20180604:0000",-42.82722,173.22409,"Cheviot",2080,"Cheviot",100190,"Canterbury",1010,NA,9.7,0
"1458","20180605:0000",-42.82722,173.22409,"Cheviot",2080,"Cheviot",100190,"Canterbury",1010,NA,10.9,5
"1459","20180606:0000",-42.82722,173.22409,"Cheviot",2080,"Cheviot",100190,"Canterbury",1010,NA,6,1.2
"1460","20180607:0000",-42.82722,173.22409,"Cheviot",2080,"Cheviot",100190,"Canterbury",1010,NA,8.15,0
"1461","20180608:0000",-42.82722,173.22409,"Cheviot",2080,"Cheviot",100190,"Canterbury",1010,NA,10.65,7.7
"1462","20180609:0000",-42.82722,173.22409,"Cheviot",2080,"Cheviot",100190,"Canterbury",1010,NA,8,1.8
"1463","20180610:0000",-42.82722,173.22409,"Cheviot",2080,"Cheviot",100190,"Canterbury",1010,NA,14.95,7.5
"1464","20180611:0000",-42.82722,173.22409,"Cheviot",2080,"Cheviot",100190,"Canterbury",1010,NA,8.75,0
"1465","20180612:0000",-42.82722,173.22409,"Cheviot",2080,"Cheviot",100190,"Canterbury",1010,NA,8.65,0
"1466","20180613:0000",-42.82722,173.22409,"Cheviot",2080,"Cheviot",100190,"Canterbury",1010,NA,8.95,0
"1467","20180614:0000",-42.82722,173.22409,"Cheviot",2080,"Cheviot",100190,"Canterbury",1010,NA,10.1,7
"1468","20180615:0000",-42.82722,173.22409,"Cheviot",2080,"Cheviot",100190,"Canterbury",1010,NA,8.8,3.1
"1469","20180616:0000",-42.82722,173.22409,"Cheviot",2080,"Cheviot",100190,"Canterbury",1010,NA,8.35,2.7
"1470","20180617:0000",-42.82722,173.22409,"Cheviot",2080,"Cheviot",100190,"Canterbury",1010,NA,6.75,0
"1471","20180618:0000",-42.82722,173.22409,"Cheviot",2080,"Cheviot",100190,"Canterbury",1010,NA,5.5,0
"1472","20180619:0000",-42.82722,173.22409,"Cheviot",2080,"Cheviot",100190,"Canterbury",1010,NA,7.3,4
"1473","20180620:0000",-42.82722,173.22409,"Cheviot",2080,"Cheviot",100190,"Canterbury",1010,NA,7.2,1
"1474","20180621:0000",-42.82722,173.22409,"Cheviot",2080,"Cheviot",100190,"Canterbury",1010,NA,6.3,3.1
"1475","20180622:0000",-42.82722,173.22409,"Cheviot",2080,"Cheviot",100190,"Canterbury",1010,NA,3.9,8.3
"1476","20180623:0000",-42.82722,173.22409,"Cheviot",2080,"Cheviot",100190,"Canterbury",1010,NA,3.55,7.7
"1477","20180624:0000",-42.82722,173.22409,"Cheviot",2080,"Cheviot",100190,"Canterbury",1010,NA,8.15,4.6
"1478","20180625:0000",-42.82722,173.22409,"Cheviot",2080,"Cheviot",100190,"Canterbury",1010,NA,9.25,6.4
"1479","20180626:0000",-42.82722,173.22409,"Cheviot",2080,"Cheviot",100190,"Canterbury",1010,NA,4.9,5.1
"1480","20180627:0000",-42.82722,173.22409,"Cheviot",2080,"Cheviot",100190,"Canterbury",1010,NA,7.9,6.4
"1481","20180628:0000",-42.82722,173.22409,"Cheviot",2080,"Cheviot",100190,"Canterbury",1010,NA,8.65,NA
"1482","20180629:0000",-42.82722,173.22409,"Cheviot",2080,"Cheviot",100190,"Canterbury",1010,NA,6.65,8.5
"1483","20180630:0000",-42.82722,173.22409,"Cheviot",2080,"Cheviot",100190,"Canterbury",1010,NA,4.8,8.3
"1484","20180701:0000",-42.82722,173.22409,"Cheviot",2080,"Cheviot",100190,"Canterbury",1010,NA,7.8,5.1
"1485","20180702:0000",-42.82722,173.22409,"Cheviot",2080,"Cheviot",100190,"Canterbury",1010,NA,6.65,0.1
"1486","20180703:0000",-42.82722,173.22409,"Cheviot",2080,"Cheviot",100190,"Canterbury",1010,NA,6.4,8.5
"1487","20180704:0000",-42.82722,173.22409,"Cheviot",2080,"Cheviot",100190,"Canterbury",1010,NA,4.8,8.3
"1488","20180705:0000",-42.82722,173.22409,"Cheviot",2080,"Cheviot",100190,"Canterbury",1010,NA,4.45,6.4
"1489","20180706:0000",-42.82722,173.22409,"Cheviot",2080,"Cheviot",100190,"Canterbury",1010,NA,7.05,4.8
"1490","20180707:0000",-42.82722,173.22409,"Cheviot",2080,"Cheviot",100190,"Canterbury",1010,NA,12.05,7.1
"1491","20180708:0000",-42.82722,173.22409,"Cheviot",2080,"Cheviot",100190,"Canterbury",1010,NA,10.1,0
"1492","20180709:0000",-42.82722,173.22409,"Cheviot",2080,"Cheviot",100190,"Canterbury",1010,NA,9.45,6.4
"1493","20180710:0000",-42.82722,173.22409,"Cheviot",2080,"Cheviot",100190,"Canterbury",1010,NA,9.55,8.6
"1494","20180711:0000",-42.82722,173.22409,"Cheviot",2080,"Cheviot",100190,"Canterbury",1010,NA,6.3,8.6
"1495","20180712:0000",-42.82722,173.22409,"Cheviot",2080,"Cheviot",100190,"Canterbury",1010,NA,5.9,8
"1496","20180713:0000",-42.82722,173.22409,"Cheviot",2080,"Cheviot",100190,"Canterbury",1010,NA,5.65,8.6
"1497","20180714:0000",-42.82722,173.22409,"Cheviot",2080,"Cheviot",100190,"Canterbury",1010,NA,7,8.7
"1498","20180715:0000",-42.82722,173.22409,"Cheviot",2080,"Cheviot",100190,"Canterbury",1010,NA,5.35,0
"1499","20180716:0000",-42.82722,173.22409,"Cheviot",2080,"Cheviot",100190,"Canterbury",1010,NA,9.05,4.5
"1500","20180717:0000",-42.82722,173.22409,"Cheviot",2080,"Cheviot",100190,"Canterbury",1010,NA,11.85,8.7
"1501","20180718:0000",-42.82722,173.22409,"Cheviot",2080,"Cheviot",100190,"Canterbury",1010,NA,6.85,8.8
"1502","20180719:0000",-42.82722,173.22409,"Cheviot",2080,"Cheviot",100190,"Canterbury",1010,NA,7.1,8.8
"1503","20180720:0000",-42.82722,173.22409,"Cheviot",2080,"Cheviot",100190,"Canterbury",1010,NA,7.65,8.5
"1504","20180721:0000",-42.82722,173.22409,"Cheviot",2080,"Cheviot",100190,"Canterbury",1010,NA,9.9,2.9
"1505","20180722:0000",-42.82722,173.22409,"Cheviot",2080,"Cheviot",100190,"Canterbury",1010,NA,12.35,8.2
"1506","20180723:0000",-42.82722,173.22409,"Cheviot",2080,"Cheviot",100190,"Canterbury",1010,NA,8.15,3
"1507","20180724:0000",-42.82722,173.22409,"Cheviot",2080,"Cheviot",100190,"Canterbury",1010,NA,5.45,1.8
"1508","20180725:0000",-42.82722,173.22409,"Cheviot",2080,"Cheviot",100190,"Canterbury",1010,NA,4.4,5.5
"1509","20180726:0000",-42.82722,173.22409,"Cheviot",2080,"Cheviot",100190,"Canterbury",1010,NA,6.2,6.3
"1510","20180727:0000",-42.82722,173.22409,"Cheviot",2080,"Cheviot",100190,"Canterbury",1010,NA,7.05,2.6
"1511","20180728:0000",-42.82722,173.22409,"Cheviot",2080,"Cheviot",100190,"Canterbury",1010,NA,10.3,7
"1512","20180729:0000",-42.82722,173.22409,"Cheviot",2080,"Cheviot",100190,"Canterbury",1010,NA,11.55,4
"1513","20180730:0000",-42.82722,173.22409,"Cheviot",2080,"Cheviot",100190,"Canterbury",1010,NA,7,9.1
"1514","20180731:0000",-42.82722,173.22409,"Cheviot",2080,"Cheviot",100190,"Canterbury",1010,NA,9.8,4.8
"1515","20180801:0000",-42.82722,173.22409,"Cheviot",2080,"Cheviot",100190,"Canterbury",1010,NA,10.75,2.7
"1516","20180802:0000",-42.82722,173.22409,"Cheviot",2080,"Cheviot",100190,"Canterbury",1010,NA,7.25,0.1
"1517","20180803:0000",-42.82722,173.22409,"Cheviot",2080,"Cheviot",100190,"Canterbury",1010,NA,6.5,8.8
"1518","20180804:0000",-42.82722,173.22409,"Cheviot",2080,"Cheviot",100190,"Canterbury",1010,NA,7.1,3.3
"1519","20180805:0000",-42.82722,173.22409,"Cheviot",2080,"Cheviot",100190,"Canterbury",1010,NA,5.7,0.7
"1520","20180806:0000",-42.82722,173.22409,"Cheviot",2080,"Cheviot",100190,"Canterbury",1010,NA,7.55,0
"1521","20180807:0000",-42.82722,173.22409,"Cheviot",2080,"Cheviot",100190,"Canterbury",1010,NA,10.65,6.9
"1522","20180808:0000",-42.82722,173.22409,"Cheviot",2080,"Cheviot",100190,"Canterbury",1010,NA,9.45,1.6
"1523","20180809:0000",-42.82722,173.22409,"Cheviot",2080,"Cheviot",100190,"Canterbury",1010,NA,9.45,9.3
"1524","20180810:0000",-42.82722,173.22409,"Cheviot",2080,"Cheviot",100190,"Canterbury",1010,NA,8.1,0.1
"1525","20180811:0000",-42.82722,173.22409,"Cheviot",2080,"Cheviot",100190,"Canterbury",1010,NA,6.5,9.5
"1526","20180812:0000",-42.82722,173.22409,"Cheviot",2080,"Cheviot",100190,"Canterbury",1010,NA,7,9.3
"1527","20180813:0000",-42.82722,173.22409,"Cheviot",2080,"Cheviot",100190,"Canterbury",1010,NA,8,6.9
"1528","20180814:0000",-42.82722,173.22409,"Cheviot",2080,"Cheviot",100190,"Canterbury",1010,NA,6.45,0.1
"1529","20180815:0000",-42.82722,173.22409,"Cheviot",2080,"Cheviot",100190,"Canterbury",1010,NA,9.15,4.8
"1530","20180816:0000",-42.82722,173.22409,"Cheviot",2080,"Cheviot",100190,"Canterbury",1010,NA,9.6,4.6
"1531","20180817:0000",-42.82722,173.22409,"Cheviot",2080,"Cheviot",100190,"Canterbury",1010,NA,11.35,5.9
"1532","20180818:0000",-42.82722,173.22409,"Cheviot",2080,"Cheviot",100190,"Canterbury",1010,NA,7.85,7.2
"1533","20180819:0000",-42.82722,173.22409,"Cheviot",2080,"Cheviot",100190,"Canterbury",1010,NA,3.95,9.8
"1534","20180820:0000",-42.82722,173.22409,"Cheviot",2080,"Cheviot",100190,"Canterbury",1010,NA,5.25,1.1
"1535","20180821:0000",-42.82722,173.22409,"Cheviot",2080,"Cheviot",100190,"Canterbury",1010,NA,7.45,3
"1536","20180822:0000",-42.82722,173.22409,"Cheviot",2080,"Cheviot",100190,"Canterbury",1010,NA,7.2,9.8
"1537","20180823:0000",-42.82722,173.22409,"Cheviot",2080,"Cheviot",100190,"Canterbury",1010,NA,5.6,5.2
"1538","20180824:0000",-42.82722,173.22409,"Cheviot",2080,"Cheviot",100190,"Canterbury",1010,NA,6.6,5.8
"1539","20180825:0000",-42.82722,173.22409,"Cheviot",2080,"Cheviot",100190,"Canterbury",1010,NA,4.95,1.5
"1540","20180826:0000",-42.82722,173.22409,"Cheviot",2080,"Cheviot",100190,"Canterbury",1010,NA,8.85,10.2
"1541","20180827:0000",-42.82722,173.22409,"Cheviot",2080,"Cheviot",100190,"Canterbury",1010,NA,10.7,10.1
"1542","20180828:0000",-42.82722,173.22409,"Cheviot",2080,"Cheviot",100190,"Canterbury",1010,NA,9.95,8.2
"1543","20180829:0000",-42.82722,173.22409,"Cheviot",2080,"Cheviot",100190,"Canterbury",1010,NA,9.4,1.7
"1544","20180830:0000",-42.82722,173.22409,"Cheviot",2080,"Cheviot",100190,"Canterbury",1010,NA,10.15,10.4
"1545","20180831:0000",-42.82722,173.22409,"Cheviot",2080,"Cheviot",100190,"Canterbury",1010,NA,5.75,0
"1546","20180901:0000",-42.82722,173.22409,"Cheviot",2080,"Cheviot",100190,"Canterbury",1010,NA,11.1,10
"1547","20180902:0000",-42.82722,173.22409,"Cheviot",2080,"Cheviot",100190,"Canterbury",1010,NA,7.5,1
"1548","20180903:0000",-42.82722,173.22409,"Cheviot",2080,"Cheviot",100190,"Canterbury",1010,NA,7.35,0
"1549","20180904:0000",-42.82722,173.22409,"Cheviot",2080,"Cheviot",100190,"Canterbury",1010,NA,8,2.3
"1550","20180905:0000",-42.82722,173.22409,"Cheviot",2080,"Cheviot",100190,"Canterbury",1010,NA,7.5,2.1
"1551","20180906:0000",-42.82722,173.22409,"Cheviot",2080,"Cheviot",100190,"Canterbury",1010,NA,7.45,1.3
"1552","20180907:0000",-42.82722,173.22409,"Cheviot",2080,"Cheviot",100190,"Canterbury",1010,NA,6.4,2.1
"1553","20180908:0000",-42.82722,173.22409,"Cheviot",2080,"Cheviot",100190,"Canterbury",1010,NA,4.2,9.3
"1554","20180909:0000",-42.82722,173.22409,"Cheviot",2080,"Cheviot",100190,"Canterbury",1010,NA,6.1,8.6
"1555","20180910:0000",-42.82722,173.22409,"Cheviot",2080,"Cheviot",100190,"Canterbury",1010,NA,5.35,4.7
"1556","20180911:0000",-42.82722,173.22409,"Cheviot",2080,"Cheviot",100190,"Canterbury",1010,NA,8.6,4.6
"1557","20180912:0000",-42.82722,173.22409,"Cheviot",2080,"Cheviot",100190,"Canterbury",1010,NA,9.3,10.7
"1558","20180913:0000",-42.82722,173.22409,"Cheviot",2080,"Cheviot",100190,"Canterbury",1010,NA,13.7,5.2
"1559","20180914:0000",-42.82722,173.22409,"Cheviot",2080,"Cheviot",100190,"Canterbury",1010,NA,17.3,10.1
"1560","20180915:0000",-42.82722,173.22409,"Cheviot",2080,"Cheviot",100190,"Canterbury",1010,NA,11.3,11.1
"1561","20180916:0000",-42.82722,173.22409,"Cheviot",2080,"Cheviot",100190,"Canterbury",1010,NA,14.25,11
"1562","20180917:0000",-42.82722,173.22409,"Cheviot",2080,"Cheviot",100190,"Canterbury",1010,NA,10.25,4.7
"1563","20180918:0000",-42.82722,173.22409,"Cheviot",2080,"Cheviot",100190,"Canterbury",1010,NA,9.3,11
"1564","20180919:0000",-42.82722,173.22409,"Cheviot",2080,"Cheviot",100190,"Canterbury",1010,NA,7.7,11
"1565","20180920:0000",-42.82722,173.22409,"Cheviot",2080,"Cheviot",100190,"Canterbury",1010,NA,11.5,11.2
"1566","20180921:0000",-42.82722,173.22409,"Cheviot",2080,"Cheviot",100190,"Canterbury",1010,NA,9.15,4.6
"1567","20180922:0000",-42.82722,173.22409,"Cheviot",2080,"Cheviot",100190,"Canterbury",1010,NA,8.95,11.4
"1568","20180923:0000",-42.82722,173.22409,"Cheviot",2080,"Cheviot",100190,"Canterbury",1010,NA,8.8,9.3
"1569","20180924:0000",-42.82722,173.22409,"Cheviot",2080,"Cheviot",100190,"Canterbury",1010,NA,11.15,3.4
"1570","20180925:0000",-42.82722,173.22409,"Cheviot",2080,"Cheviot",100190,"Canterbury",1010,NA,8.5,6.7
"1571","20180926:0000",-42.82722,173.22409,"Cheviot",2080,"Cheviot",100190,"Canterbury",1010,NA,8.6,6
"1572","20180927:0000",-42.82722,173.22409,"Cheviot",2080,"Cheviot",100190,"Canterbury",1010,NA,9.85,6
"1573","20180928:0000",-42.82722,173.22409,"Cheviot",2080,"Cheviot",100190,"Canterbury",1010,NA,8.05,11.6
"1574","20180929:0000",-42.82722,173.22409,"Cheviot",2080,"Cheviot",100190,"Canterbury",1010,NA,10.5,11.5
"1575","20180930:0000",-42.82722,173.22409,"Cheviot",2080,"Cheviot",100190,"Canterbury",1010,NA,12.4,1
"1576","20181001:0000",-42.82722,173.22409,"Cheviot",2080,"Cheviot",100190,"Canterbury",1010,NA,13.75,8.1
"1577","20181002:0000",-42.82722,173.22409,"Cheviot",2080,"Cheviot",100190,"Canterbury",1010,NA,10.95,9.6
"1578","20181003:0000",-42.82722,173.22409,"Cheviot",2080,"Cheviot",100190,"Canterbury",1010,NA,10.75,9.3
"1579","20181004:0000",-42.82722,173.22409,"Cheviot",2080,"Cheviot",100190,"Canterbury",1010,NA,12.4,7.2
"1580","20181005:0000",-42.82722,173.22409,"Cheviot",2080,"Cheviot",100190,"Canterbury",1010,NA,9.85,0
"1581","20181006:0000",-42.82722,173.22409,"Cheviot",2080,"Cheviot",100190,"Canterbury",1010,NA,9.7,11.1
"1582","20181007:0000",-42.82722,173.22409,"Cheviot",2080,"Cheviot",100190,"Canterbury",1010,NA,10.2,9
"1583","20181008:0000",-42.82722,173.22409,"Cheviot",2080,"Cheviot",100190,"Canterbury",1010,NA,9.65,12
"1584","20181009:0000",-42.82722,173.22409,"Cheviot",2080,"Cheviot",100190,"Canterbury",1010,NA,8.95,12.2
"1585","20181010:0000",-42.82722,173.22409,"Cheviot",2080,"Cheviot",100190,"Canterbury",1010,NA,11.65,4.3
"1586","20181011:0000",-42.82722,173.22409,"Cheviot",2080,"Cheviot",100190,"Canterbury",1010,NA,10.7,0
"1587","20181012:0000",-42.82722,173.22409,"Cheviot",2080,"Cheviot",100190,"Canterbury",1010,NA,6.4,0
"1588","20181013:0000",-42.82722,173.22409,"Cheviot",2080,"Cheviot",100190,"Canterbury",1010,NA,7.45,9.7
"1589","20181014:0000",-42.82722,173.22409,"Cheviot",2080,"Cheviot",100190,"Canterbury",1010,NA,7.8,6.4
"1590","20181015:0000",-42.82722,173.22409,"Cheviot",2080,"Cheviot",100190,"Canterbury",1010,NA,6.05,4.4
"1591","20181016:0000",-42.82722,173.22409,"Cheviot",2080,"Cheviot",100190,"Canterbury",1010,NA,8.9,12.1
"1592","20181017:0000",-42.82722,173.22409,"Cheviot",2080,"Cheviot",100190,"Canterbury",1010,NA,12.2,0.7
"1593","20181018:0000",-42.82722,173.22409,"Cheviot",2080,"Cheviot",100190,"Canterbury",1010,NA,14.3,6.9
"1594","20181019:0000",-42.82722,173.22409,"Cheviot",2080,"Cheviot",100190,"Canterbury",1010,NA,13.05,12.8
"1595","20181020:0000",-42.82722,173.22409,"Cheviot",2080,"Cheviot",100190,"Canterbury",1010,NA,15.95,12.2
"1596","20181021:0000",-42.82722,173.22409,"Cheviot",2080,"Cheviot",100190,"Canterbury",1010,NA,13.95,12.7
"1597","20181022:0000",-42.82722,173.22409,"Cheviot",2080,"Cheviot",100190,"Canterbury",1010,NA,14.55,12.4
"1598","20181023:0000",-42.82722,173.22409,"Cheviot",2080,"Cheviot",100190,"Canterbury",1010,NA,14.7,12.5
"1599","20181024:0000",-42.82722,173.22409,"Cheviot",2080,"Cheviot",100190,"Canterbury",1010,NA,17.2,12.6
"1600","20181025:0000",-42.82722,173.22409,"Cheviot",2080,"Cheviot",100190,"Canterbury",1010,NA,15.5,0.1
"1601","20181026:0000",-42.82722,173.22409,"Cheviot",2080,"Cheviot",100190,"Canterbury",1010,NA,10.25,7.4
"1602","20181027:0000",-42.82722,173.22409,"Cheviot",2080,"Cheviot",100190,"Canterbury",1010,NA,11.45,9.4
"1603","20181028:0000",-42.82722,173.22409,"Cheviot",2080,"Cheviot",100190,"Canterbury",1010,NA,9.95,11
"1604","20181029:0000",-42.82722,173.22409,"Cheviot",2080,"Cheviot",100190,"Canterbury",1010,NA,12.2,0
"1605","20181030:0000",-42.82722,173.22409,"Cheviot",2080,"Cheviot",100190,"Canterbury",1010,NA,9.8,0
"1606","20181031:0000",-42.82722,173.22409,"Cheviot",2080,"Cheviot",100190,"Canterbury",1010,NA,9.2,10.6
"1607","20181101:0000",-42.82722,173.22409,"Cheviot",2080,"Cheviot",100190,"Canterbury",1010,NA,9.55,6.9
"1608","20181102:0000",-42.82722,173.22409,"Cheviot",2080,"Cheviot",100190,"Canterbury",1010,NA,8.6,10.4
"1609","20181103:0000",-42.82722,173.22409,"Cheviot",2080,"Cheviot",100190,"Canterbury",1010,NA,18.05,2.8
"1610","20181104:0000",-42.82722,173.22409,"Cheviot",2080,"Cheviot",100190,"Canterbury",1010,NA,13.9,12
"1611","20181105:0000",-42.82722,173.22409,"Cheviot",2080,"Cheviot",100190,"Canterbury",1010,NA,13.2,13.4
"1612","20181106:0000",-42.82722,173.22409,"Cheviot",2080,"Cheviot",100190,"Canterbury",1010,NA,12.55,13.6
"1613","20181107:0000",-42.82722,173.22409,"Cheviot",2080,"Cheviot",100190,"Canterbury",1010,NA,17.6,7.9
"1614","20181108:0000",-42.82722,173.22409,"Cheviot",2080,"Cheviot",100190,"Canterbury",1010,NA,22.95,2.4
"1615","20181109:0000",-42.82722,173.22409,"Cheviot",2080,"Cheviot",100190,"Canterbury",1010,NA,10.2,0
"1616","20181110:0000",-42.82722,173.22409,"Cheviot",2080,"Cheviot",100190,"Canterbury",1010,NA,10.1,10.8
"1617","20181111:0000",-42.82722,173.22409,"Cheviot",2080,"Cheviot",100190,"Canterbury",1010,NA,12.45,11.4
"1618","20181112:0000",-42.82722,173.22409,"Cheviot",2080,"Cheviot",100190,"Canterbury",1010,NA,11.95,10.3
"1619","20181113:0000",-42.82722,173.22409,"Cheviot",2080,"Cheviot",100190,"Canterbury",1010,NA,12.5,11.5
"1620","20181114:0000",-42.82722,173.22409,"Cheviot",2080,"Cheviot",100190,"Canterbury",1010,NA,14.2,12.9
"1621","20181115:0000",-42.82722,173.22409,"Cheviot",2080,"Cheviot",100190,"Canterbury",1010,NA,17.65,12.3
"1622","20181116:0000",-42.82722,173.22409,"Cheviot",2080,"Cheviot",100190,"Canterbury",1010,NA,18.8,8.1
"1623","20181117:0000",-42.82722,173.22409,"Cheviot",2080,"Cheviot",100190,"Canterbury",1010,NA,15.5,6
"1624","20181118:0000",-42.82722,173.22409,"Cheviot",2080,"Cheviot",100190,"Canterbury",1010,NA,16.15,11.4
"1625","20181119:0000",-42.82722,173.22409,"Cheviot",2080,"Cheviot",100190,"Canterbury",1010,NA,8.25,6.3
"1626","20181120:0000",-42.82722,173.22409,"Cheviot",2080,"Cheviot",100190,"Canterbury",1010,NA,8,4
"1627","20181121:0000",-42.82722,173.22409,"Cheviot",2080,"Cheviot",100190,"Canterbury",1010,NA,9.35,6
"1628","20181122:0000",-42.82722,173.22409,"Cheviot",2080,"Cheviot",100190,"Canterbury",1010,NA,10.65,9.3
"1629","20181123:0000",-42.82722,173.22409,"Cheviot",2080,"Cheviot",100190,"Canterbury",1010,NA,14.9,3.9
"1630","20181124:0000",-42.82722,173.22409,"Cheviot",2080,"Cheviot",100190,"Canterbury",1010,NA,15.55,0
"1631","20181125:0000",-42.82722,173.22409,"Cheviot",2080,"Cheviot",100190,"Canterbury",1010,NA,14.75,0
"1632","20181126:0000",-42.82722,173.22409,"Cheviot",2080,"Cheviot",100190,"Canterbury",1010,NA,13,0
"1633","20181127:0000",-42.82722,173.22409,"Cheviot",2080,"Cheviot",100190,"Canterbury",1010,NA,13,0.3
"1634","20181128:0000",-42.82722,173.22409,"Cheviot",2080,"Cheviot",100190,"Canterbury",1010,NA,13.4,0
"1635","20181129:0000",-42.82722,173.22409,"Cheviot",2080,"Cheviot",100190,"Canterbury",1010,NA,13.7,8.1
"1636","20181130:0000",-42.82722,173.22409,"Cheviot",2080,"Cheviot",100190,"Canterbury",1010,NA,14.65,4.4
"1637","20181201:0000",-42.82722,173.22409,"Cheviot",2080,"Cheviot",100190,"Canterbury",1010,NA,17.8,8.3
"1638","20181202:0000",-42.82722,173.22409,"Cheviot",2080,"Cheviot",100190,"Canterbury",1010,NA,17.6,3.5
"1639","20181203:0000",-42.82722,173.22409,"Cheviot",2080,"Cheviot",100190,"Canterbury",1010,NA,17.8,5.5
"1640","20181204:0000",-42.82722,173.22409,"Cheviot",2080,"Cheviot",100190,"Canterbury",1010,NA,18.9,10.7
"1641","20181205:0000",-42.82722,173.22409,"Cheviot",2080,"Cheviot",100190,"Canterbury",1010,NA,15.4,3.7
"1642","20181206:0000",-42.82722,173.22409,"Cheviot",2080,"Cheviot",100190,"Canterbury",1010,NA,12.85,3.3
"1643","20181207:0000",-42.82722,173.22409,"Cheviot",2080,"Cheviot",100190,"Canterbury",1010,NA,12,12.7
"1644","20181208:0000",-42.82722,173.22409,"Cheviot",2080,"Cheviot",100190,"Canterbury",1010,NA,15.95,3.1
"1645","20181209:0000",-42.82722,173.22409,"Cheviot",2080,"Cheviot",100190,"Canterbury",1010,NA,19.1,9
"1646","20181210:0000",-42.82722,173.22409,"Cheviot",2080,"Cheviot",100190,"Canterbury",1010,NA,13.8,0
"1647","20181211:0000",-42.82722,173.22409,"Cheviot",2080,"Cheviot",100190,"Canterbury",1010,NA,13.7,0
"1648","20181212:0000",-42.82722,173.22409,"Cheviot",2080,"Cheviot",100190,"Canterbury",1010,NA,16.1,0.2
"1649","20181213:0000",-42.82722,173.22409,"Cheviot",2080,"Cheviot",100190,"Canterbury",1010,NA,16.2,0.1
"1650","20181214:0000",-42.82722,173.22409,"Cheviot",2080,"Cheviot",100190,"Canterbury",1010,NA,18.7,6.8
"1651","20181215:0000",-42.82722,173.22409,"Cheviot",2080,"Cheviot",100190,"Canterbury",1010,NA,18.5,9.8
"1652","20181216:0000",-42.82722,173.22409,"Cheviot",2080,"Cheviot",100190,"Canterbury",1010,NA,15.6,0.2
"1653","20181217:0000",-42.82722,173.22409,"Cheviot",2080,"Cheviot",100190,"Canterbury",1010,NA,18.4,13
"1654","20181218:0000",-42.82722,173.22409,"Cheviot",2080,"Cheviot",100190,"Canterbury",1010,NA,20.9,3
"1655","20181219:0000",-42.82722,173.22409,"Cheviot",2080,"Cheviot",100190,"Canterbury",1010,NA,14.85,0
"1656","20181220:0000",-42.82722,173.22409,"Cheviot",2080,"Cheviot",100190,"Canterbury",1010,NA,12.1,0
"1657","20181221:0000",-42.82722,173.22409,"Cheviot",2080,"Cheviot",100190,"Canterbury",1010,NA,13.35,6.8
"1658","20181222:0000",-42.82722,173.22409,"Cheviot",2080,"Cheviot",100190,"Canterbury",1010,NA,16.7,9.5
"1659","20181223:0000",-42.82722,173.22409,"Cheviot",2080,"Cheviot",100190,"Canterbury",1010,NA,13.75,4.9
"1660","20181224:0000",-42.82722,173.22409,"Cheviot",2080,"Cheviot",100190,"Canterbury",1010,NA,13.7,6.9
"1661","20181225:0000",-42.82722,173.22409,"Cheviot",2080,"Cheviot",100190,"Canterbury",1010,NA,16.35,0
"1662","20181226:0000",-42.82722,173.22409,"Cheviot",2080,"Cheviot",100190,"Canterbury",1010,NA,14.85,0
"1663","20181227:0000",-42.82722,173.22409,"Cheviot",2080,"Cheviot",100190,"Canterbury",1010,NA,13.95,10.4
"1664","20181228:0000",-42.82722,173.22409,"Cheviot",2080,"Cheviot",100190,"Canterbury",1010,NA,15.6,10.4
"1665","20181229:0000",-42.82722,173.22409,"Cheviot",2080,"Cheviot",100190,"Canterbury",1010,NA,19.8,8.8
"1666","20181230:0000",-42.82722,173.22409,"Cheviot",2080,"Cheviot",100190,"Canterbury",1010,NA,21.1,0.9
"1667","20181231:0000",-42.82722,173.22409,"Cheviot",2080,"Cheviot",100190,"Canterbury",1010,NA,20.2,6.6
"1668","20190101:0000",-42.82722,173.22409,"Cheviot",2080,"Cheviot",100190,"Canterbury",1010,NA,21.35,10.4
"1669","20190102:0000",-42.82722,173.22409,"Cheviot",2080,"Cheviot",100190,"Canterbury",1010,NA,23.05,13.8
"1670","20190103:0000",-42.82722,173.22409,"Cheviot",2080,"Cheviot",100190,"Canterbury",1010,NA,22.95,7.8
"1671","20190104:0000",-42.82722,173.22409,"Cheviot",2080,"Cheviot",100190,"Canterbury",1010,NA,17,13.4
"1672","20190105:0000",-42.82722,173.22409,"Cheviot",2080,"Cheviot",100190,"Canterbury",1010,NA,21.5,13.9
"1673","20190106:0000",-42.82722,173.22409,"Cheviot",2080,"Cheviot",100190,"Canterbury",1010,NA,25.25,10.7
"1674","20190107:0000",-42.82722,173.22409,"Cheviot",2080,"Cheviot",100190,"Canterbury",1010,NA,18.4,6.2
"1675","20190108:0000",-42.82722,173.22409,"Cheviot",2080,"Cheviot",100190,"Canterbury",1010,NA,16.2,9.6
"1676","20190109:0000",-42.82722,173.22409,"Cheviot",2080,"Cheviot",100190,"Canterbury",1010,NA,21.95,10
"1677","20190110:0000",-42.82722,173.22409,"Cheviot",2080,"Cheviot",100190,"Canterbury",1010,NA,25.1,9.9
"1678","20190111:0000",-42.82722,173.22409,"Cheviot",2080,"Cheviot",100190,"Canterbury",1010,NA,19.8,6.2
"1679","20190112:0000",-42.82722,173.22409,"Cheviot",2080,"Cheviot",100190,"Canterbury",1010,NA,15.75,0
"1680","20190113:0000",-42.82722,173.22409,"Cheviot",2080,"Cheviot",100190,"Canterbury",1010,NA,18.9,6.6
"1681","20190114:0000",-42.82722,173.22409,"Cheviot",2080,"Cheviot",100190,"Canterbury",1010,NA,13.95,0.6
"1682","20190115:0000",-42.82722,173.22409,"Cheviot",2080,"Cheviot",100190,"Canterbury",1010,NA,15.5,4.6
"1683","20190116:0000",-42.82722,173.22409,"Cheviot",2080,"Cheviot",100190,"Canterbury",1010,NA,15.1,11.9
"1684","20190117:0000",-42.82722,173.22409,"Cheviot",2080,"Cheviot",100190,"Canterbury",1010,NA,16.65,11.6
"1685","20190118:0000",-42.82722,173.22409,"Cheviot",2080,"Cheviot",100190,"Canterbury",1010,NA,19.25,0.5
"1686","20190119:0000",-42.82722,173.22409,"Cheviot",2080,"Cheviot",100190,"Canterbury",1010,NA,20.9,7.1
"1687","20190120:0000",-42.82722,173.22409,"Cheviot",2080,"Cheviot",100190,"Canterbury",1010,NA,20.7,14
"1688","20190121:0000",-42.82722,173.22409,"Cheviot",2080,"Cheviot",100190,"Canterbury",1010,NA,20.55,12
"1689","20190122:0000",-42.82722,173.22409,"Cheviot",2080,"Cheviot",100190,"Canterbury",1010,NA,17.6,13.4
"1690","20190123:0000",-42.82722,173.22409,"Cheviot",2080,"Cheviot",100190,"Canterbury",1010,NA,25.6,12.1
"1691","20190124:0000",-42.82722,173.22409,"Cheviot",2080,"Cheviot",100190,"Canterbury",1010,NA,14.5,9.4
"1692","20190125:0000",-42.82722,173.22409,"Cheviot",2080,"Cheviot",100190,"Canterbury",1010,NA,14.35,8.5
"1693","20190126:0000",-42.82722,173.22409,"Cheviot",2080,"Cheviot",100190,"Canterbury",1010,NA,19.15,6.3
"1694","20190127:0000",-42.82722,173.22409,"Cheviot",2080,"Cheviot",100190,"Canterbury",1010,NA,25.6,13.8
"1695","20190128:0000",-42.82722,173.22409,"Cheviot",2080,"Cheviot",100190,"Canterbury",1010,NA,22.55,8.7
"1696","20190129:0000",-42.82722,173.22409,"Cheviot",2080,"Cheviot",100190,"Canterbury",1010,NA,19.2,7.4
"1697","20190130:0000",-42.82722,173.22409,"Cheviot",2080,"Cheviot",100190,"Canterbury",1010,NA,25.35,10.1
"1698","20190131:0000",-42.82722,173.22409,"Cheviot",2080,"Cheviot",100190,"Canterbury",1010,NA,21.6,12.3
"1699","20190201:0000",-42.82722,173.22409,"Cheviot",2080,"Cheviot",100190,"Canterbury",1010,NA,22.7,0.4
"1700","20190202:0000",-42.82722,173.22409,"Cheviot",2080,"Cheviot",100190,"Canterbury",1010,NA,12.75,13.3
"1701","20190203:0000",-42.82722,173.22409,"Cheviot",2080,"Cheviot",100190,"Canterbury",1010,NA,15.55,13.4
"1702","20190204:0000",-42.82722,173.22409,"Cheviot",2080,"Cheviot",100190,"Canterbury",1010,NA,20.25,13.7
"1703","20190205:0000",-42.82722,173.22409,"Cheviot",2080,"Cheviot",100190,"Canterbury",1010,NA,24.35,11
"1704","20190206:0000",-42.82722,173.22409,"Cheviot",2080,"Cheviot",100190,"Canterbury",1010,NA,12.4,0
"1705","20190207:0000",-42.82722,173.22409,"Cheviot",2080,"Cheviot",100190,"Canterbury",1010,NA,13.7,11.4
"1706","20190208:0000",-42.82722,173.22409,"Cheviot",2080,"Cheviot",100190,"Canterbury",1010,NA,14.85,13.4
"1707","20190209:0000",-42.82722,173.22409,"Cheviot",2080,"Cheviot",100190,"Canterbury",1010,NA,21.15,11.5
"1708","20190210:0000",-42.82722,173.22409,"Cheviot",2080,"Cheviot",100190,"Canterbury",1010,NA,21.95,13.3
"1709","20190211:0000",-42.82722,173.22409,"Cheviot",2080,"Cheviot",100190,"Canterbury",1010,NA,18.6,13.3
"1710","20190212:0000",-42.82722,173.22409,"Cheviot",2080,"Cheviot",100190,"Canterbury",1010,NA,21.3,13.2
"1711","20190213:0000",-42.82722,173.22409,"Cheviot",2080,"Cheviot",100190,"Canterbury",1010,NA,17.65,10.7
"1712","20190214:0000",-42.82722,173.22409,"Cheviot",2080,"Cheviot",100190,"Canterbury",1010,NA,23.55,9.7
"1713","20190215:0000",-42.82722,173.22409,"Cheviot",2080,"Cheviot",100190,"Canterbury",1010,NA,18.55,8.7
"1714","20190216:0000",-42.82722,173.22409,"Cheviot",2080,"Cheviot",100190,"Canterbury",1010,NA,13.45,0.2
"1715","20190217:0000",-42.82722,173.22409,"Cheviot",2080,"Cheviot",100190,"Canterbury",1010,NA,14,12.6
"1716","20190218:0000",-42.82722,173.22409,"Cheviot",2080,"Cheviot",100190,"Canterbury",1010,NA,17.15,12.1
"1717","20190219:0000",-42.82722,173.22409,"Cheviot",2080,"Cheviot",100190,"Canterbury",1010,NA,21.15,12.2
"1718","20190220:0000",-42.82722,173.22409,"Cheviot",2080,"Cheviot",100190,"Canterbury",1010,NA,25.45,8.3
"1719","20190221:0000",-42.82722,173.22409,"Cheviot",2080,"Cheviot",100190,"Canterbury",1010,NA,22.2,11.9
"1720","20190222:0000",-42.82722,173.22409,"Cheviot",2080,"Cheviot",100190,"Canterbury",1010,NA,22.45,10.6
"1721","20190223:0000",-42.82722,173.22409,"Cheviot",2080,"Cheviot",100190,"Canterbury",1010,NA,13.85,3.1
"1722","20190224:0000",-42.82722,173.22409,"Cheviot",2080,"Cheviot",100190,"Canterbury",1010,NA,12.8,1
"1723","20190225:0000",-42.82722,173.22409,"Cheviot",2080,"Cheviot",100190,"Canterbury",1010,NA,12.85,7.8
"1724","20190226:0000",-42.82722,173.22409,"Cheviot",2080,"Cheviot",100190,"Canterbury",1010,NA,14.85,12.1
"1725","20190227:0000",-42.82722,173.22409,"Cheviot",2080,"Cheviot",100190,"Canterbury",1010,NA,17.6,3.4
"1726","20190228:0000",-42.82722,173.22409,"Cheviot",2080,"Cheviot",100190,"Canterbury",1010,NA,12.4,9.1
"1727","20190301:0000",-42.82722,173.22409,"Cheviot",2080,"Cheviot",100190,"Canterbury",1010,NA,11.3,12.5
"1728","20190302:0000",-42.82722,173.22409,"Cheviot",2080,"Cheviot",100190,"Canterbury",1010,NA,12.4,12
"1729","20190303:0000",-42.82722,173.22409,"Cheviot",2080,"Cheviot",100190,"Canterbury",1010,NA,14.95,10.5
"1730","20190304:0000",-42.82722,173.22409,"Cheviot",2080,"Cheviot",100190,"Canterbury",1010,NA,17.75,12.1
"1731","20190305:0000",-42.82722,173.22409,"Cheviot",2080,"Cheviot",100190,"Canterbury",1010,NA,19.9,12.2
"1732","20190306:0000",-42.82722,173.22409,"Cheviot",2080,"Cheviot",100190,"Canterbury",1010,NA,17.65,12.1
"1733","20190307:0000",-42.82722,173.22409,"Cheviot",2080,"Cheviot",100190,"Canterbury",1010,NA,20.8,9.4
"1734","20190308:0000",-42.82722,173.22409,"Cheviot",2080,"Cheviot",100190,"Canterbury",1010,NA,11.9,0
"1735","20190309:0000",-42.82722,173.22409,"Cheviot",2080,"Cheviot",100190,"Canterbury",1010,NA,13.05,0
"1736","20190310:0000",-42.82722,173.22409,"Cheviot",2080,"Cheviot",100190,"Canterbury",1010,NA,13.75,0
"1737","20190311:0000",-42.82722,173.22409,"Cheviot",2080,"Cheviot",100190,"Canterbury",1010,NA,16.35,1.8
"1738","20190312:0000",-42.82722,173.22409,"Cheviot",2080,"Cheviot",100190,"Canterbury",1010,NA,18.8,3.9
"1739","20190313:0000",-42.82722,173.22409,"Cheviot",2080,"Cheviot",100190,"Canterbury",1010,NA,22.6,8.5
"1740","20190314:0000",-42.82722,173.22409,"Cheviot",2080,"Cheviot",100190,"Canterbury",1010,NA,15.85,0
"1741","20190315:0000",-42.82722,173.22409,"Cheviot",2080,"Cheviot",100190,"Canterbury",1010,NA,18.5,4.4
"1742","20190316:0000",-42.82722,173.22409,"Cheviot",2080,"Cheviot",100190,"Canterbury",1010,NA,18.9,3.1
"1743","20190317:0000",-42.82722,173.22409,"Cheviot",2080,"Cheviot",100190,"Canterbury",1010,NA,14.8,0
"1744","20190318:0000",-42.82722,173.22409,"Cheviot",2080,"Cheviot",100190,"Canterbury",1010,NA,17.25,6.6
"1745","20190319:0000",-42.82722,173.22409,"Cheviot",2080,"Cheviot",100190,"Canterbury",1010,NA,16.85,3.6
"1746","20190320:0000",-42.82722,173.22409,"Cheviot",2080,"Cheviot",100190,"Canterbury",1010,NA,15.5,7.3
"1747","20190321:0000",-42.82722,173.22409,"Cheviot",2080,"Cheviot",100190,"Canterbury",1010,NA,13.35,7.7
"1748","20190322:0000",-42.82722,173.22409,"Cheviot",2080,"Cheviot",100190,"Canterbury",1010,NA,16.4,10.8
"1749","20190323:0000",-42.82722,173.22409,"Cheviot",2080,"Cheviot",100190,"Canterbury",1010,NA,13.9,5
"1750","20190324:0000",-42.82722,173.22409,"Cheviot",2080,"Cheviot",100190,"Canterbury",1010,NA,16.9,8.2
"1751","20190325:0000",-42.82722,173.22409,"Cheviot",2080,"Cheviot",100190,"Canterbury",1010,NA,20.75,7.3
"1752","20190326:0000",-42.82722,173.22409,"Cheviot",2080,"Cheviot",100190,"Canterbury",1010,NA,23.3,0
"1753","20190327:0000",-42.82722,173.22409,"Cheviot",2080,"Cheviot",100190,"Canterbury",1010,NA,20.7,3.8
"1754","20190328:0000",-42.82722,173.22409,"Cheviot",2080,"Cheviot",100190,"Canterbury",1010,NA,14.1,0.2
"1755","20190329:0000",-42.82722,173.22409,"Cheviot",2080,"Cheviot",100190,"Canterbury",1010,NA,11.7,6.1
"1756","20190330:0000",-42.82722,173.22409,"Cheviot",2080,"Cheviot",100190,"Canterbury",1010,NA,13.5,10
"1757","20190331:0000",-42.82722,173.22409,"Cheviot",2080,"Cheviot",100190,"Canterbury",1010,NA,15.8,9.4
"1758","20190401:0000",-42.82722,173.22409,"Cheviot",2080,"Cheviot",100190,"Canterbury",1010,NA,17.9,9.5
"1759","20190402:0000",-42.82722,173.22409,"Cheviot",2080,"Cheviot",100190,"Canterbury",1010,NA,10.4,1
"1760","20190403:0000",-42.82722,173.22409,"Cheviot",2080,"Cheviot",100190,"Canterbury",1010,NA,9.9,6.3
"1761","20190404:0000",-42.82722,173.22409,"Cheviot",2080,"Cheviot",100190,"Canterbury",1010,NA,9.2,10.4
"1762","20190405:0000",-42.82722,173.22409,"Cheviot",2080,"Cheviot",100190,"Canterbury",1010,NA,6.85,0
"1763","20190406:0000",-42.82722,173.22409,"Cheviot",2080,"Cheviot",100190,"Canterbury",1010,NA,8.85,2.8
"1764","20190407:0000",-42.82722,173.22409,"Cheviot",2080,"Cheviot",100190,"Canterbury",1010,NA,9.95,1.2
"1765","20190408:0000",-42.82722,173.22409,"Cheviot",2080,"Cheviot",100190,"Canterbury",1010,NA,12.3,7.1
"1766","20190409:0000",-42.82722,173.22409,"Cheviot",2080,"Cheviot",100190,"Canterbury",1010,NA,10.75,9.3
"1767","20190410:0000",-42.82722,173.22409,"Cheviot",2080,"Cheviot",100190,"Canterbury",1010,NA,16.25,8.5
"1768","20190411:0000",-42.82722,173.22409,"Cheviot",2080,"Cheviot",100190,"Canterbury",1010,NA,13.2,0
"1769","20190412:0000",-42.82722,173.22409,"Cheviot",2080,"Cheviot",100190,"Canterbury",1010,NA,10.2,3.6
"1770","20190413:0000",-42.82722,173.22409,"Cheviot",2080,"Cheviot",100190,"Canterbury",1010,NA,11.3,7.5
"1771","20190414:0000",-42.82722,173.22409,"Cheviot",2080,"Cheviot",100190,"Canterbury",1010,NA,8.05,3.3
"1772","20190415:0000",-42.82722,173.22409,"Cheviot",2080,"Cheviot",100190,"Canterbury",1010,NA,9.55,2.9
"1773","20190416:0000",-42.82722,173.22409,"Cheviot",2080,"Cheviot",100190,"Canterbury",1010,NA,9.45,2.6
"1774","20190417:0000",-42.82722,173.22409,"Cheviot",2080,"Cheviot",100190,"Canterbury",1010,NA,8.3,9.7
"1775","20190418:0000",-42.82722,173.22409,"Cheviot",2080,"Cheviot",100190,"Canterbury",1010,NA,8.45,4.9
"1776","20190419:0000",-42.82722,173.22409,"Cheviot",2080,"Cheviot",100190,"Canterbury",1010,NA,9.9,9.8
"1777","20190420:0000",-42.82722,173.22409,"Cheviot",2080,"Cheviot",100190,"Canterbury",1010,NA,11.25,4.4
"1778","20190421:0000",-42.82722,173.22409,"Cheviot",2080,"Cheviot",100190,"Canterbury",1010,NA,11.05,0
"1779","20190422:0000",-42.82722,173.22409,"Cheviot",2080,"Cheviot",100190,"Canterbury",1010,NA,11.95,0
"1780","20190423:0000",-42.82722,173.22409,"Cheviot",2080,"Cheviot",100190,"Canterbury",1010,NA,14.1,8.6
"1781","20190424:0000",-42.82722,173.22409,"Cheviot",2080,"Cheviot",100190,"Canterbury",1010,NA,11.6,0
"1782","20190425:0000",-42.82722,173.22409,"Cheviot",2080,"Cheviot",100190,"Canterbury",1010,NA,12.5,9.4
"1783","20190426:0000",-42.82722,173.22409,"Cheviot",2080,"Cheviot",100190,"Canterbury",1010,NA,13.45,9.8
"1784","20190427:0000",-42.82722,173.22409,"Cheviot",2080,"Cheviot",100190,"Canterbury",1010,NA,16.2,7.3
"1785","20190428:0000",-42.82722,173.22409,"Cheviot",2080,"Cheviot",100190,"Canterbury",1010,NA,14.05,5.9
"1786","20190429:0000",-42.82722,173.22409,"Cheviot",2080,"Cheviot",100190,"Canterbury",1010,NA,11.7,3.8
"1787","20190430:0000",-42.82722,173.22409,"Cheviot",2080,"Cheviot",100190,"Canterbury",1010,NA,9.5,5.9
"1788","20190501:0000",-42.82722,173.22409,"Cheviot",2080,"Cheviot",100190,"Canterbury",1010,NA,9.3,9.6
"1789","20190502:0000",-42.82722,173.22409,"Cheviot",2080,"Cheviot",100190,"Canterbury",1010,NA,10.3,7
"1790","20190503:0000",-42.82722,173.22409,"Cheviot",2080,"Cheviot",100190,"Canterbury",1010,NA,11.35,8.7
"1791","20190504:0000",-42.82722,173.22409,"Cheviot",2080,"Cheviot",100190,"Canterbury",1010,NA,12.05,8.8
"1792","20190505:0000",-42.82722,173.22409,"Cheviot",2080,"Cheviot",100190,"Canterbury",1010,NA,12.05,7.2
"1793","20190506:0000",-42.82722,173.22409,"Cheviot",2080,"Cheviot",100190,"Canterbury",1010,NA,11.5,4.7
"1794","20190507:0000",-42.82722,173.22409,"Cheviot",2080,"Cheviot",100190,"Canterbury",1010,NA,NA,4
"1795","20190508:0000",-42.82722,173.22409,"Cheviot",2080,"Cheviot",100190,"Canterbury",1010,NA,12.35,5.3
"1796","20190509:0000",-42.82722,173.22409,"Cheviot",2080,"Cheviot",100190,"Canterbury",1010,NA,13.25,5.8
"1797","20190510:0000",-42.82722,173.22409,"Cheviot",2080,"Cheviot",100190,"Canterbury",1010,NA,14.7,9.1
"1798","20190511:0000",-42.82722,173.22409,"Cheviot",2080,"Cheviot",100190,"Canterbury",1010,NA,10.7,7.1
"1799","20190512:0000",-42.82722,173.22409,"Cheviot",2080,"Cheviot",100190,"Canterbury",1010,NA,10.7,0
"1800","20190513:0000",-42.82722,173.22409,"Cheviot",2080,"Cheviot",100190,"Canterbury",1010,NA,11.6,8.5
"1801","20190514:0000",-42.82722,173.22409,"Cheviot",2080,"Cheviot",100190,"Canterbury",1010,NA,8.35,5.4
"1802","20190515:0000",-42.82722,173.22409,"Cheviot",2080,"Cheviot",100190,"Canterbury",1010,NA,11.85,6.3
"1803","20190516:0000",-42.82722,173.22409,"Cheviot",2080,"Cheviot",100190,"Canterbury",1010,NA,12.55,4.3
"1804","20190517:0000",-42.82722,173.22409,"Cheviot",2080,"Cheviot",100190,"Canterbury",1010,NA,7.95,9
"1805","20190518:0000",-42.82722,173.22409,"Cheviot",2080,"Cheviot",100190,"Canterbury",1010,NA,8.6,5
"1806","20190519:0000",-42.82722,173.22409,"Cheviot",2080,"Cheviot",100190,"Canterbury",1010,NA,12.75,4.2
"1807","20190520:0000",-42.82722,173.22409,"Cheviot",2080,"Cheviot",100190,"Canterbury",1010,NA,8.75,8.9
"1808","20190521:0000",-42.82722,173.22409,"Cheviot",2080,"Cheviot",100190,"Canterbury",1010,NA,7.9,8.8
"1809","20190522:0000",-42.82722,173.22409,"Cheviot",2080,"Cheviot",100190,"Canterbury",1010,NA,10.4,7.9
"1810","20190523:0000",-42.82722,173.22409,"Cheviot",2080,"Cheviot",100190,"Canterbury",1010,NA,9.85,8.7
"1811","20190524:0000",-42.82722,173.22409,"Cheviot",2080,"Cheviot",100190,"Canterbury",1010,NA,8.4,8.3
"1812","20190525:0000",-42.82722,173.22409,"Cheviot",2080,"Cheviot",100190,"Canterbury",1010,NA,8.45,8.8
"1813","20190526:0000",-42.82722,173.22409,"Cheviot",2080,"Cheviot",100190,"Canterbury",1010,NA,11.55,8.8
"1814","20190527:0000",-42.82722,173.22409,"Cheviot",2080,"Cheviot",100190,"Canterbury",1010,NA,12.45,3.1
"1815","20190528:0000",-42.82722,173.22409,"Cheviot",2080,"Cheviot",100190,"Canterbury",1010,NA,13.3,1.3
"1816","20190529:0000",-42.82722,173.22409,"Cheviot",2080,"Cheviot",100190,"Canterbury",1010,NA,14.55,8.3
"1817","20190530:0000",-42.82722,173.22409,"Cheviot",2080,"Cheviot",100190,"Canterbury",1010,NA,14.85,3.6
"1818","20190531:0000",-42.82722,173.22409,"Cheviot",2080,"Cheviot",100190,"Canterbury",1010,NA,12.4,6
"1819","20190601:0000",-42.82722,173.22409,"Cheviot",2080,"Cheviot",100190,"Canterbury",1010,NA,5.35,0
"1820","20190602:0000",-42.82722,173.22409,"Cheviot",2080,"Cheviot",100190,"Canterbury",1010,NA,6.2,2.6
"1821","20190603:0000",-42.82722,173.22409,"Cheviot",2080,"Cheviot",100190,"Canterbury",1010,NA,5.85,8.6
"1822","20190604:0000",-42.82722,173.22409,"Cheviot",2080,"Cheviot",100190,"Canterbury",1010,NA,5.65,0.7
"1823","20190605:0000",-42.82722,173.22409,"Cheviot",2080,"Cheviot",100190,"Canterbury",1010,NA,5,0
"1824","20190606:0000",-42.82722,173.22409,"Cheviot",2080,"Cheviot",100190,"Canterbury",1010,NA,6.1,5.4
"1825","20190607:0000",-42.82722,173.22409,"Cheviot",2080,"Cheviot",100190,"Canterbury",1010,NA,7,5.2
"1826","20190608:0000",-42.82722,173.22409,"Cheviot",2080,"Cheviot",100190,"Canterbury",1010,NA,9,1.5
"1827","20190609:0000",-42.82722,173.22409,"Cheviot",2080,"Cheviot",100190,"Canterbury",1010,NA,6.9,6.7
"1828","20190610:0000",-42.82722,173.22409,"Cheviot",2080,"Cheviot",100190,"Canterbury",1010,NA,7.95,5.8
"1829","20190611:0000",-42.82722,173.22409,"Cheviot",2080,"Cheviot",100190,"Canterbury",1010,NA,9.15,2
"1830","20190612:0000",-42.82722,173.22409,"Cheviot",2080,"Cheviot",100190,"Canterbury",1010,NA,9.1,0.5
"1831","20190613:0000",-42.82722,173.22409,"Cheviot",2080,"Cheviot",100190,"Canterbury",1010,NA,9.85,0.2
"1832","20190614:0000",-42.82722,173.22409,"Cheviot",2080,"Cheviot",100190,"Canterbury",1010,NA,11.05,5.7
"1833","20190615:0000",-42.82722,173.22409,"Cheviot",2080,"Cheviot",100190,"Canterbury",1010,NA,9.45,0.1
"1834","20190616:0000",-42.82722,173.22409,"Cheviot",2080,"Cheviot",100190,"Canterbury",1010,NA,5.95,7.6
"1835","20190617:0000",-42.82722,173.22409,"Cheviot",2080,"Cheviot",100190,"Canterbury",1010,NA,6.5,6.6
"1836","20190618:0000",-42.82722,173.22409,"Cheviot",2080,"Cheviot",100190,"Canterbury",1010,NA,7.2,5.7
"1837","20190619:0000",-42.82722,173.22409,"Cheviot",2080,"Cheviot",100190,"Canterbury",1010,NA,4.55,8.4
"1838","20190620:0000",-42.82722,173.22409,"Cheviot",2080,"Cheviot",100190,"Canterbury",1010,NA,3.8,4.4
"1839","20190621:0000",-42.82722,173.22409,"Cheviot",2080,"Cheviot",100190,"Canterbury",1010,NA,7.9,8.2
"1840","20190622:0000",-42.82722,173.22409,"Cheviot",2080,"Cheviot",100190,"Canterbury",1010,NA,10.25,6.8
"1841","20190623:0000",-42.82722,173.22409,"Cheviot",2080,"Cheviot",100190,"Canterbury",1010,NA,6.05,0
"1842","20190624:0000",-42.82722,173.22409,"Cheviot",2080,"Cheviot",100190,"Canterbury",1010,NA,7.3,3.4
"1843","20190625:0000",-42.82722,173.22409,"Cheviot",2080,"Cheviot",100190,"Canterbury",1010,NA,6.4,8.4
"1844","20190626:0000",-42.82722,173.22409,"Cheviot",2080,"Cheviot",100190,"Canterbury",1010,NA,4.85,6
"1845","20190627:0000",-42.82722,173.22409,"Cheviot",2080,"Cheviot",100190,"Canterbury",1010,NA,5.35,8.3
"1846","20190628:0000",-42.82722,173.22409,"Cheviot",2080,"Cheviot",100190,"Canterbury",1010,NA,3.3,8.3
"1847","20190629:0000",-42.82722,173.22409,"Cheviot",2080,"Cheviot",100190,"Canterbury",1010,NA,5.35,7.7
"1848","20190630:0000",-42.82722,173.22409,"Cheviot",2080,"Cheviot",100190,"Canterbury",1010,NA,5.55,8.2
"1849","20190701:0000",-42.82722,173.22409,"Cheviot",2080,"Cheviot",100190,"Canterbury",1010,NA,5.45,0
"1850","20190702:0000",-42.82722,173.22409,"Cheviot",2080,"Cheviot",100190,"Canterbury",1010,NA,9.2,4.1
"1851","20190703:0000",-42.82722,173.22409,"Cheviot",2080,"Cheviot",100190,"Canterbury",1010,NA,12.45,2.6
"1852","20190704:0000",-42.82722,173.22409,"Cheviot",2080,"Cheviot",100190,"Canterbury",1010,NA,9.9,0.1
"1853","20190705:0000",-42.82722,173.22409,"Cheviot",2080,"Cheviot",100190,"Canterbury",1010,NA,7.45,1.1
"1854","20190706:0000",-42.82722,173.22409,"Cheviot",2080,"Cheviot",100190,"Canterbury",1010,NA,8.25,1.1
"1855","20190707:0000",-42.82722,173.22409,"Cheviot",2080,"Cheviot",100190,"Canterbury",1010,NA,7.25,8.3
"1856","20190708:0000",-42.82722,173.22409,"Cheviot",2080,"Cheviot",100190,"Canterbury",1010,NA,6.35,4.1
"1857","20190709:0000",-42.82722,173.22409,"Cheviot",2080,"Cheviot",100190,"Canterbury",1010,NA,8.35,7.8
"1858","20190710:0000",-42.82722,173.22409,"Cheviot",2080,"Cheviot",100190,"Canterbury",1010,NA,6.95,2.8
"1859","20190711:0000",-42.82722,173.22409,"Cheviot",2080,"Cheviot",100190,"Canterbury",1010,NA,9.6,5.4
"1860","20190712:0000",-42.82722,173.22409,"Cheviot",2080,"Cheviot",100190,"Canterbury",1010,NA,6.7,1.1
"1861","20190713:0000",-42.82722,173.22409,"Cheviot",2080,"Cheviot",100190,"Canterbury",1010,NA,9.3,7.5
"1862","20190714:0000",-42.82722,173.22409,"Cheviot",2080,"Cheviot",100190,"Canterbury",1010,NA,9.9,0.8
"1863","20190715:0000",-42.82722,173.22409,"Cheviot",2080,"Cheviot",100190,"Canterbury",1010,NA,7.1,5.8
"1864","20190716:0000",-42.82722,173.22409,"Cheviot",2080,"Cheviot",100190,"Canterbury",1010,NA,9.6,4.2
"1865","20190717:0000",-42.82722,173.22409,"Cheviot",2080,"Cheviot",100190,"Canterbury",1010,NA,5.75,2.8
"1866","20190718:0000",-42.82722,173.22409,"Cheviot",2080,"Cheviot",100190,"Canterbury",1010,NA,6.55,8.2
"1867","20190719:0000",-42.82722,173.22409,"Cheviot",2080,"Cheviot",100190,"Canterbury",1010,NA,5.45,0
"1868","20190720:0000",-42.82722,173.22409,"Cheviot",2080,"Cheviot",100190,"Canterbury",1010,NA,8.15,0
"1869","20190721:0000",-42.82722,173.22409,"Cheviot",2080,"Cheviot",100190,"Canterbury",1010,NA,9.2,0
"1870","20190722:0000",-42.82722,173.22409,"Cheviot",2080,"Cheviot",100190,"Canterbury",1010,NA,8.7,6.5
"1871","20190723:0000",-42.82722,173.22409,"Cheviot",2080,"Cheviot",100190,"Canterbury",1010,NA,8.8,0.4
"1872","20190724:0000",-42.82722,173.22409,"Cheviot",2080,"Cheviot",100190,"Canterbury",1010,NA,9.65,0.9
"1873","20190725:0000",-42.82722,173.22409,"Cheviot",2080,"Cheviot",100190,"Canterbury",1010,NA,6.4,8.6
"1874","20190726:0000",-42.82722,173.22409,"Cheviot",2080,"Cheviot",100190,"Canterbury",1010,NA,6.1,8.8
"1875","20190727:0000",-42.82722,173.22409,"Cheviot",2080,"Cheviot",100190,"Canterbury",1010,NA,8.25,8.8
"1876","20190728:0000",-42.82722,173.22409,"Cheviot",2080,"Cheviot",100190,"Canterbury",1010,NA,7.95,3.8
"1877","20190729:0000",-42.82722,173.22409,"Cheviot",2080,"Cheviot",100190,"Canterbury",1010,NA,9.95,8.7
"1878","20190730:0000",-42.82722,173.22409,"Cheviot",2080,"Cheviot",100190,"Canterbury",1010,NA,9.55,4.8
"1879","20190731:0000",-42.82722,173.22409,"Cheviot",2080,"Cheviot",100190,"Canterbury",1010,NA,6.25,0.2
"1880","20190801:0000",-42.82722,173.22409,"Cheviot",2080,"Cheviot",100190,"Canterbury",1010,NA,7.05,1.7
"1881","20190802:0000",-42.82722,173.22409,"Cheviot",2080,"Cheviot",100190,"Canterbury",1010,NA,6.2,4.7
"1882","20190803:0000",-42.82722,173.22409,"Cheviot",2080,"Cheviot",100190,"Canterbury",1010,NA,9.55,8.6
"1883","20190804:0000",-42.82722,173.22409,"Cheviot",2080,"Cheviot",100190,"Canterbury",1010,NA,6.55,3.7
"1884","20190805:0000",-42.82722,173.22409,"Cheviot",2080,"Cheviot",100190,"Canterbury",1010,NA,6.8,9
"1885","20190806:0000",-42.82722,173.22409,"Cheviot",2080,"Cheviot",100190,"Canterbury",1010,NA,NA,NA
"1886","20190807:0000",-42.82722,173.22409,"Cheviot",2080,"Cheviot",100190,"Canterbury",1010,NA,NA,NA
"1887","20190808:0000",-42.82722,173.22409,"Cheviot",2080,"Cheviot",100190,"Canterbury",1010,NA,NA,NA
"1888","20190809:0000",-42.82722,173.22409,"Cheviot",2080,"Cheviot",100190,"Canterbury",1010,NA,NA,5.8
"1889","20190810:0000",-42.82722,173.22409,"Cheviot",2080,"Cheviot",100190,"Canterbury",1010,NA,8.3,0
"1890","20190811:0000",-42.82722,173.22409,"Cheviot",2080,"Cheviot",100190,"Canterbury",1010,NA,NA,NA
"1891","20190812:0000",-42.82722,173.22409,"Cheviot",2080,"Cheviot",100190,"Canterbury",1010,NA,NA,NA
"1892","20190813:0000",-42.82722,173.22409,"Cheviot",2080,"Cheviot",100190,"Canterbury",1010,NA,NA,NA
"1893","20190814:0000",-42.82722,173.22409,"Cheviot",2080,"Cheviot",100190,"Canterbury",1010,NA,NA,NA
"1894","20190815:0000",-42.82722,173.22409,"Cheviot",2080,"Cheviot",100190,"Canterbury",1010,NA,NA,NA
"1895","20190816:0000",-42.82722,173.22409,"Cheviot",2080,"Cheviot",100190,"Canterbury",1010,NA,NA,NA
"1896","20190817:0000",-42.82722,173.22409,"Cheviot",2080,"Cheviot",100190,"Canterbury",1010,NA,NA,NA
"1897","20190818:0000",-42.82722,173.22409,"Cheviot",2080,"Cheviot",100190,"Canterbury",1010,NA,NA,NA
"1898","20190819:0000",-42.82722,173.22409,"Cheviot",2080,"Cheviot",100190,"Canterbury",1010,NA,NA,NA
"1899","20190820:0000",-42.82722,173.22409,"Cheviot",2080,"Cheviot",100190,"Canterbury",1010,NA,NA,NA
"1900","20190821:0000",-42.82722,173.22409,"Cheviot",2080,"Cheviot",100190,"Canterbury",1010,NA,NA,NA
"1901","20190822:0000",-42.82722,173.22409,"Cheviot",2080,"Cheviot",100190,"Canterbury",1010,NA,NA,NA
"1902","20190823:0000",-42.82722,173.22409,"Cheviot",2080,"Cheviot",100190,"Canterbury",1010,NA,NA,NA
"1903","20190824:0000",-42.82722,173.22409,"Cheviot",2080,"Cheviot",100190,"Canterbury",1010,NA,NA,NA
"1904","20190825:0000",-42.82722,173.22409,"Cheviot",2080,"Cheviot",100190,"Canterbury",1010,NA,NA,NA
"1905","20190826:0000",-42.82722,173.22409,"Cheviot",2080,"Cheviot",100190,"Canterbury",1010,NA,NA,NA
"1906","20190827:0000",-42.82722,173.22409,"Cheviot",2080,"Cheviot",100190,"Canterbury",1010,NA,NA,NA
"1907","20190828:0000",-42.82722,173.22409,"Cheviot",2080,"Cheviot",100190,"Canterbury",1010,NA,NA,NA
"1908","20190829:0000",-42.82722,173.22409,"Cheviot",2080,"Cheviot",100190,"Canterbury",1010,NA,NA,NA
"1909","20190830:0000",-42.82722,173.22409,"Cheviot",2080,"Cheviot",100190,"Canterbury",1010,NA,NA,NA
"1910","20190831:0000",-42.82722,173.22409,"Cheviot",2080,"Cheviot",100190,"Canterbury",1010,NA,NA,NA
"1911","20190901:0000",-42.82722,173.22409,"Cheviot",2080,"Cheviot",100190,"Canterbury",1010,NA,NA,NA
"1912","20190902:0000",-42.82722,173.22409,"Cheviot",2080,"Cheviot",100190,"Canterbury",1010,NA,NA,NA
"1913","20190903:0000",-42.82722,173.22409,"Cheviot",2080,"Cheviot",100190,"Canterbury",1010,NA,NA,NA
"1914","20190904:0000",-42.82722,173.22409,"Cheviot",2080,"Cheviot",100190,"Canterbury",1010,NA,NA,NA
"1915","20190905:0000",-42.82722,173.22409,"Cheviot",2080,"Cheviot",100190,"Canterbury",1010,NA,NA,NA
"1916","20190906:0000",-42.82722,173.22409,"Cheviot",2080,"Cheviot",100190,"Canterbury",1010,NA,NA,NA
"1917","20190907:0000",-42.82722,173.22409,"Cheviot",2080,"Cheviot",100190,"Canterbury",1010,NA,NA,NA
"1918","20190908:0000",-42.82722,173.22409,"Cheviot",2080,"Cheviot",100190,"Canterbury",1010,NA,NA,NA
"1919","20190909:0000",-42.82722,173.22409,"Cheviot",2080,"Cheviot",100190,"Canterbury",1010,NA,NA,NA
"1920","20190910:0000",-42.82722,173.22409,"Cheviot",2080,"Cheviot",100190,"Canterbury",1010,NA,NA,NA
"1921","20190911:0000",-42.82722,173.22409,"Cheviot",2080,"Cheviot",100190,"Canterbury",1010,NA,NA,NA
"1922","20190912:0000",-42.82722,173.22409,"Cheviot",2080,"Cheviot",100190,"Canterbury",1010,NA,NA,10.7
"1923","20190913:0000",-42.82722,173.22409,"Cheviot",2080,"Cheviot",100190,"Canterbury",1010,NA,16.15,3.2
"1924","20190914:0000",-42.82722,173.22409,"Cheviot",2080,"Cheviot",100190,"Canterbury",1010,NA,7.95,0.3
"1925","20190915:0000",-42.82722,173.22409,"Cheviot",2080,"Cheviot",100190,"Canterbury",1010,NA,10.55,8.4
"1926","20190916:0000",-42.82722,173.22409,"Cheviot",2080,"Cheviot",100190,"Canterbury",1010,NA,11.55,6.9
"1927","20190917:0000",-42.82722,173.22409,"Cheviot",2080,"Cheviot",100190,"Canterbury",1010,NA,13.25,10.6
"1928","20190918:0000",-42.82722,173.22409,"Cheviot",2080,"Cheviot",100190,"Canterbury",1010,NA,7.25,11.2
"1929","20190919:0000",-42.82722,173.22409,"Cheviot",2080,"Cheviot",100190,"Canterbury",1010,NA,7.45,11.3
"1930","20190920:0000",-42.82722,173.22409,"Cheviot",2080,"Cheviot",100190,"Canterbury",1010,NA,7.15,2.9
"1931","20190921:0000",-42.82722,173.22409,"Cheviot",2080,"Cheviot",100190,"Canterbury",1010,NA,8.45,11.4
"1932","20190922:0000",-42.82722,173.22409,"Cheviot",2080,"Cheviot",100190,"Canterbury",1010,NA,9.15,5.2
"1933","20190923:0000",-42.82722,173.22409,"Cheviot",2080,"Cheviot",100190,"Canterbury",1010,NA,12.1,1.3
"1934","20190924:0000",-42.82722,173.22409,"Cheviot",2080,"Cheviot",100190,"Canterbury",1010,NA,13.3,8
"1935","20190925:0000",-42.82722,173.22409,"Cheviot",2080,"Cheviot",100190,"Canterbury",1010,NA,7.7,7.1
"1936","20190926:0000",-42.82722,173.22409,"Cheviot",2080,"Cheviot",100190,"Canterbury",1010,NA,8.45,11.2
"1937","20190927:0000",-42.82722,173.22409,"Cheviot",2080,"Cheviot",100190,"Canterbury",1010,NA,8.55,8.7
"1938","20190928:0000",-42.82722,173.22409,"Cheviot",2080,"Cheviot",100190,"Canterbury",1010,NA,12.25,6.7
"1939","20190929:0000",-42.82722,173.22409,"Cheviot",2080,"Cheviot",100190,"Canterbury",1010,NA,17,9.5
"1940","20190930:0000",-42.82722,173.22409,"Cheviot",2080,"Cheviot",100190,"Canterbury",1010,NA,14.95,1
"1941","20191001:0000",-42.82722,173.22409,"Cheviot",2080,"Cheviot",100190,"Canterbury",1010,NA,8.9,3.4
"1942","20191002:0000",-42.82722,173.22409,"Cheviot",2080,"Cheviot",100190,"Canterbury",1010,NA,8,4.3
"1943","20191003:0000",-42.82722,173.22409,"Cheviot",2080,"Cheviot",100190,"Canterbury",1010,NA,8.65,6.2
"1944","20191004:0000",-42.82722,173.22409,"Cheviot",2080,"Cheviot",100190,"Canterbury",1010,NA,8.75,11.8
"1945","20191005:0000",-42.82722,173.22409,"Cheviot",2080,"Cheviot",100190,"Canterbury",1010,NA,9.8,0.1
"1946","20191006:0000",-42.82722,173.22409,"Cheviot",2080,"Cheviot",100190,"Canterbury",1010,NA,6.95,11.9
"1947","20191007:0000",-42.82722,173.22409,"Cheviot",2080,"Cheviot",100190,"Canterbury",1010,NA,10.95,11.5
"1948","20191008:0000",-42.82722,173.22409,"Cheviot",2080,"Cheviot",100190,"Canterbury",1010,NA,14.5,8.2
"1949","20191009:0000",-42.82722,173.22409,"Cheviot",2080,"Cheviot",100190,"Canterbury",1010,NA,17,2.8
"1950","20191010:0000",-42.82722,173.22409,"Cheviot",2080,"Cheviot",100190,"Canterbury",1010,NA,17.65,3.3
"1951","20191011:0000",-42.82722,173.22409,"Cheviot",2080,"Cheviot",100190,"Canterbury",1010,NA,13.6,3.6
"1952","20191012:0000",-42.82722,173.22409,"Cheviot",2080,"Cheviot",100190,"Canterbury",1010,NA,11.25,2.9
"1953","20191013:0000",-42.82722,173.22409,"Cheviot",2080,"Cheviot",100190,"Canterbury",1010,NA,9.75,6.6
"1954","20180101:0000",-42.77014,172.88947,"Amuri Plain",25,NA,0,"Canterbury",1010,2.4,16.75,NA
"1955","20180102:0000",-42.77014,172.88947,"Amuri Plain",25,NA,0,"Canterbury",1010,3.4,19.85,NA
"1956","20180103:0000",-42.77014,172.88947,"Amuri Plain",25,NA,0,"Canterbury",1010,3.2,21,NA
"1957","20180104:0000",-42.77014,172.88947,"Amuri Plain",25,NA,0,"Canterbury",1010,10.8,20.2,NA
"1958","20180105:0000",-42.77014,172.88947,"Amuri Plain",25,NA,0,"Canterbury",1010,12.2,16.25,NA
"1959","20180106:0000",-42.77014,172.88947,"Amuri Plain",25,NA,0,"Canterbury",1010,27.7,12.95,NA
"1960","20180107:0000",-42.77014,172.88947,"Amuri Plain",25,NA,0,"Canterbury",1010,4.2,14.65,NA
"1961","20180108:0000",-42.77014,172.88947,"Amuri Plain",25,NA,0,"Canterbury",1010,6.1,16.85,NA
"1962","20180109:0000",-42.77014,172.88947,"Amuri Plain",25,NA,0,"Canterbury",1010,2.5,21.25,NA
"1963","20180110:0000",-42.77014,172.88947,"Amuri Plain",25,NA,0,"Canterbury",1010,13.1,15.6,NA
"1964","20180111:0000",-42.77014,172.88947,"Amuri Plain",25,NA,0,"Canterbury",1010,4.8,12.7,NA
"1965","20180112:0000",-42.77014,172.88947,"Amuri Plain",25,NA,0,"Canterbury",1010,4.6,13.3,NA
"1966","20180113:0000",-42.77014,172.88947,"Amuri Plain",25,NA,0,"Canterbury",1010,4.3,18.8,NA
"1967","20180114:0000",-42.77014,172.88947,"Amuri Plain",25,NA,0,"Canterbury",1010,6.9,21.6,NA
"1968","20180115:0000",-42.77014,172.88947,"Amuri Plain",25,NA,0,"Canterbury",1010,3.5,22,NA
"1969","20180116:0000",-42.77014,172.88947,"Amuri Plain",25,NA,0,"Canterbury",1010,3.8,23,NA
"1970","20180117:0000",-42.77014,172.88947,"Amuri Plain",25,NA,0,"Canterbury",1010,4.1,22.25,NA
"1971","20180118:0000",-42.77014,172.88947,"Amuri Plain",25,NA,0,"Canterbury",1010,3.3,21.9,NA
"1972","20180119:0000",-42.77014,172.88947,"Amuri Plain",25,NA,0,"Canterbury",1010,7.2,20.9,NA
"1973","20180120:0000",-42.77014,172.88947,"Amuri Plain",25,NA,0,"Canterbury",1010,4.1,23,NA
"1974","20180121:0000",-42.77014,172.88947,"Amuri Plain",25,NA,0,"Canterbury",1010,6.1,20.7,NA
"1975","20180122:0000",-42.77014,172.88947,"Amuri Plain",25,NA,0,"Canterbury",1010,7,21.35,NA
"1976","20180123:0000",-42.77014,172.88947,"Amuri Plain",25,NA,0,"Canterbury",1010,3.9,23.2,NA
"1977","20180124:0000",-42.77014,172.88947,"Amuri Plain",25,NA,0,"Canterbury",1010,2.4,23.9,NA
"1978","20180125:0000",-42.77014,172.88947,"Amuri Plain",25,NA,0,"Canterbury",1010,2.7,24.5,NA
"1979","20180126:0000",-42.77014,172.88947,"Amuri Plain",25,NA,0,"Canterbury",1010,5.4,17.95,NA
"1980","20180127:0000",-42.77014,172.88947,"Amuri Plain",25,NA,0,"Canterbury",1010,4.1,22.7,NA
"1981","20180128:0000",-42.77014,172.88947,"Amuri Plain",25,NA,0,"Canterbury",1010,4.5,21.45,NA
"1982","20180129:0000",-42.77014,172.88947,"Amuri Plain",25,NA,0,"Canterbury",1010,4.3,23.1,NA
"1983","20180130:0000",-42.77014,172.88947,"Amuri Plain",25,NA,0,"Canterbury",1010,5.6,24.25,NA
"1984","20180131:0000",-42.77014,172.88947,"Amuri Plain",25,NA,0,"Canterbury",1010,18.4,22.65,NA
"1985","20180201:0000",-42.77014,172.88947,"Amuri Plain",25,NA,0,"Canterbury",1010,18.5,25.5,NA
"1986","20180202:0000",-42.77014,172.88947,"Amuri Plain",25,NA,0,"Canterbury",1010,10.1,12.1,NA
"1987","20180203:0000",-42.77014,172.88947,"Amuri Plain",25,NA,0,"Canterbury",1010,7.9,12.6,NA
"1988","20180204:0000",-42.77014,172.88947,"Amuri Plain",25,NA,0,"Canterbury",1010,4.5,14.7,NA
"1989","20180205:0000",-42.77014,172.88947,"Amuri Plain",25,NA,0,"Canterbury",1010,10.6,16.65,NA
"1990","20180206:0000",-42.77014,172.88947,"Amuri Plain",25,NA,0,"Canterbury",1010,13.7,13.2,NA
"1991","20180207:0000",-42.77014,172.88947,"Amuri Plain",25,NA,0,"Canterbury",1010,2.2,13.05,NA
"1992","20180208:0000",-42.77014,172.88947,"Amuri Plain",25,NA,0,"Canterbury",1010,1.5,14.35,NA
"1993","20180209:0000",-42.77014,172.88947,"Amuri Plain",25,NA,0,"Canterbury",1010,2.3,17.45,NA
"1994","20180210:0000",-42.77014,172.88947,"Amuri Plain",25,NA,0,"Canterbury",1010,2.2,17.2,NA
"1995","20180211:0000",-42.77014,172.88947,"Amuri Plain",25,NA,0,"Canterbury",1010,5.7,18.95,NA
"1996","20180212:0000",-42.77014,172.88947,"Amuri Plain",25,NA,0,"Canterbury",1010,6.8,22.8,NA
"1997","20180213:0000",-42.77014,172.88947,"Amuri Plain",25,NA,0,"Canterbury",1010,4.7,23.85,NA
"1998","20180214:0000",-42.77014,172.88947,"Amuri Plain",25,NA,0,"Canterbury",1010,11.8,19,NA
"1999","20180215:0000",-42.77014,172.88947,"Amuri Plain",25,NA,0,"Canterbury",1010,3.8,18.4,NA
"2000","20180216:0000",-42.77014,172.88947,"Amuri Plain",25,NA,0,"Canterbury",1010,9.6,20.95,NA
"2001","20180217:0000",-42.77014,172.88947,"Amuri Plain",25,NA,0,"Canterbury",1010,9.1,20.7,NA
"2002","20180218:0000",-42.77014,172.88947,"Amuri Plain",25,NA,0,"Canterbury",1010,2.7,18.05,NA
"2003","20180219:0000",-42.77014,172.88947,"Amuri Plain",25,NA,0,"Canterbury",1010,14.5,18.95,NA
"2004","20180220:0000",-42.77014,172.88947,"Amuri Plain",25,NA,0,"Canterbury",1010,11.4,12.95,NA
"2005","20180221:0000",-42.77014,172.88947,"Amuri Plain",25,NA,0,"Canterbury",1010,13.6,12.45,NA
"2006","20180222:0000",-42.77014,172.88947,"Amuri Plain",25,NA,0,"Canterbury",1010,4.1,13.35,NA
"2007","20180223:0000",-42.77014,172.88947,"Amuri Plain",25,NA,0,"Canterbury",1010,3.6,13.35,NA
"2008","20180224:0000",-42.77014,172.88947,"Amuri Plain",25,NA,0,"Canterbury",1010,3,15.8,NA
"2009","20180225:0000",-42.77014,172.88947,"Amuri Plain",25,NA,0,"Canterbury",1010,15.3,17.05,NA
"2010","20180226:0000",-42.77014,172.88947,"Amuri Plain",25,NA,0,"Canterbury",1010,9.9,13.1,NA
"2011","20180227:0000",-42.77014,172.88947,"Amuri Plain",25,NA,0,"Canterbury",1010,2.8,12.4,NA
"2012","20180228:0000",-42.77014,172.88947,"Amuri Plain",25,NA,0,"Canterbury",1010,3.4,14.7,NA
"2013","20180301:0000",-42.77014,172.88947,"Amuri Plain",25,NA,0,"Canterbury",1010,3.1,19.55,NA
"2014","20180302:0000",-42.77014,172.88947,"Amuri Plain",25,NA,0,"Canterbury",1010,3.6,18.55,NA
"2015","20180303:0000",-42.77014,172.88947,"Amuri Plain",25,NA,0,"Canterbury",1010,1.5,21.4,NA
"2016","20180304:0000",-42.77014,172.88947,"Amuri Plain",25,NA,0,"Canterbury",1010,4.3,20.95,NA
"2017","20180305:0000",-42.77014,172.88947,"Amuri Plain",25,NA,0,"Canterbury",1010,4.7,19.4,NA
"2018","20180306:0000",-42.77014,172.88947,"Amuri Plain",25,NA,0,"Canterbury",1010,9.4,17.25,NA
"2019","20180307:0000",-42.77014,172.88947,"Amuri Plain",25,NA,0,"Canterbury",1010,4.4,12.7,NA
"2020","20180308:0000",-42.77014,172.88947,"Amuri Plain",25,NA,0,"Canterbury",1010,4.4,14.4,NA
"2021","20180309:0000",-42.77014,172.88947,"Amuri Plain",25,NA,0,"Canterbury",1010,1.5,13.35,NA
"2022","20180310:0000",-42.77014,172.88947,"Amuri Plain",25,NA,0,"Canterbury",1010,3.4,12.05,NA
"2023","20180311:0000",-42.77014,172.88947,"Amuri Plain",25,NA,0,"Canterbury",1010,1.5,13.7,NA
"2024","20180312:0000",-42.77014,172.88947,"Amuri Plain",25,NA,0,"Canterbury",1010,2,16.5,NA
"2025","20180313:0000",-42.77014,172.88947,"Amuri Plain",25,NA,0,"Canterbury",1010,4.8,16,NA
"2026","20180314:0000",-42.77014,172.88947,"Amuri Plain",25,NA,0,"Canterbury",1010,1.4,12.9,NA
"2027","20180315:0000",-42.77014,172.88947,"Amuri Plain",25,NA,0,"Canterbury",1010,3.1,16.6,NA
"2028","20180316:0000",-42.77014,172.88947,"Amuri Plain",25,NA,0,"Canterbury",1010,23.7,18.85,NA
"2029","20180317:0000",-42.77014,172.88947,"Amuri Plain",25,NA,0,"Canterbury",1010,5.8,11.15,NA
"2030","20180318:0000",-42.77014,172.88947,"Amuri Plain",25,NA,0,"Canterbury",1010,1.9,11.95,NA
"2031","20180319:0000",-42.77014,172.88947,"Amuri Plain",25,NA,0,"Canterbury",1010,4.5,15.35,NA
"2032","20180320:0000",-42.77014,172.88947,"Amuri Plain",25,NA,0,"Canterbury",1010,1.7,18.2,NA
"2033","20180321:0000",-42.77014,172.88947,"Amuri Plain",25,NA,0,"Canterbury",1010,2.2,18.1,NA
"2034","20180322:0000",-42.77014,172.88947,"Amuri Plain",25,NA,0,"Canterbury",1010,11.9,10.3,NA
"2035","20180323:0000",-42.77014,172.88947,"Amuri Plain",25,NA,0,"Canterbury",1010,2.9,9.45,NA
"2036","20180324:0000",-42.77014,172.88947,"Amuri Plain",25,NA,0,"Canterbury",1010,5.4,13.4,NA
"2037","20180325:0000",-42.77014,172.88947,"Amuri Plain",25,NA,0,"Canterbury",1010,5.7,14.55,NA
"2038","20180326:0000",-42.77014,172.88947,"Amuri Plain",25,NA,0,"Canterbury",1010,4.4,17.2,NA
"2039","20180327:0000",-42.77014,172.88947,"Amuri Plain",25,NA,0,"Canterbury",1010,8.7,19.9,NA
"2040","20180328:0000",-42.77014,172.88947,"Amuri Plain",25,NA,0,"Canterbury",1010,4.2,17.9,NA
"2041","20180329:0000",-42.77014,172.88947,"Amuri Plain",25,NA,0,"Canterbury",1010,5.2,13.6,NA
"2042","20180330:0000",-42.77014,172.88947,"Amuri Plain",25,NA,0,"Canterbury",1010,3.5,14.1,NA
"2043","20180331:0000",-42.77014,172.88947,"Amuri Plain",25,NA,0,"Canterbury",1010,12.9,15.7,NA
"2044","20180401:0000",-42.77014,172.88947,"Amuri Plain",25,NA,0,"Canterbury",1010,2.8,10.65,NA
"2045","20180402:0000",-42.77014,172.88947,"Amuri Plain",25,NA,0,"Canterbury",1010,7.3,13.85,NA
"2046","20180403:0000",-42.77014,172.88947,"Amuri Plain",25,NA,0,"Canterbury",1010,18,20.15,NA
"2047","20180404:0000",-42.77014,172.88947,"Amuri Plain",25,NA,0,"Canterbury",1010,19,17.1,NA
"2048","20180405:0000",-42.77014,172.88947,"Amuri Plain",25,NA,0,"Canterbury",1010,6.1,13.45,NA
"2049","20180406:0000",-42.77014,172.88947,"Amuri Plain",25,NA,0,"Canterbury",1010,2.6,14.3,NA
"2050","20180407:0000",-42.77014,172.88947,"Amuri Plain",25,NA,0,"Canterbury",1010,5.6,11.85,NA
"2051","20180408:0000",-42.77014,172.88947,"Amuri Plain",25,NA,0,"Canterbury",1010,6.8,11.7,NA
"2052","20180409:0000",-42.77014,172.88947,"Amuri Plain",25,NA,0,"Canterbury",1010,9.2,9.95,NA
"2053","20180410:0000",-42.77014,172.88947,"Amuri Plain",25,NA,0,"Canterbury",1010,4.9,3.7,NA
"2054","20180411:0000",-42.77014,172.88947,"Amuri Plain",25,NA,0,"Canterbury",1010,10.8,4.4,NA
"2055","20180412:0000",-42.77014,172.88947,"Amuri Plain",25,NA,0,"Canterbury",1010,3.8,6.8,NA
"2056","20180413:0000",-42.77014,172.88947,"Amuri Plain",25,NA,0,"Canterbury",1010,2.1,7.35,NA
"2057","20180414:0000",-42.77014,172.88947,"Amuri Plain",25,NA,0,"Canterbury",1010,1.1,7.1,NA
"2058","20180415:0000",-42.77014,172.88947,"Amuri Plain",25,NA,0,"Canterbury",1010,3.1,8.2,NA
"2059","20180416:0000",-42.77014,172.88947,"Amuri Plain",25,NA,0,"Canterbury",1010,7.3,12,NA
"2060","20180417:0000",-42.77014,172.88947,"Amuri Plain",25,NA,0,"Canterbury",1010,13.5,15.3,NA
"2061","20180418:0000",-42.77014,172.88947,"Amuri Plain",25,NA,0,"Canterbury",1010,6.8,10.75,NA
"2062","20180419:0000",-42.77014,172.88947,"Amuri Plain",25,NA,0,"Canterbury",1010,3.5,10.85,NA
"2063","20180420:0000",-42.77014,172.88947,"Amuri Plain",25,NA,0,"Canterbury",1010,17.1,15.9,NA
"2064","20180421:0000",-42.77014,172.88947,"Amuri Plain",25,NA,0,"Canterbury",1010,22.4,NA,NA
"2065","20180422:0000",-42.77014,172.88947,"Amuri Plain",25,NA,0,"Canterbury",1010,NA,NA,NA
"2066","20180423:0000",-42.77014,172.88947,"Amuri Plain",25,NA,0,"Canterbury",1010,3,NA,NA
"2067","20180424:0000",-42.77014,172.88947,"Amuri Plain",25,NA,0,"Canterbury",1010,4,10.25,NA
"2068","20180425:0000",-42.77014,172.88947,"Amuri Plain",25,NA,0,"Canterbury",1010,2.5,10.05,NA
"2069","20180426:0000",-42.77014,172.88947,"Amuri Plain",25,NA,0,"Canterbury",1010,3.1,13.1,NA
"2070","20180427:0000",-42.77014,172.88947,"Amuri Plain",25,NA,0,"Canterbury",1010,3.1,10.55,NA
"2071","20180428:0000",-42.77014,172.88947,"Amuri Plain",25,NA,0,"Canterbury",1010,6.2,9,NA
"2072","20180429:0000",-42.77014,172.88947,"Amuri Plain",25,NA,0,"Canterbury",1010,3,11.3,NA
"2073","20180430:0000",-42.77014,172.88947,"Amuri Plain",25,NA,0,"Canterbury",1010,2.3,9.55,NA
"2074","20180501:0000",-42.77014,172.88947,"Amuri Plain",25,NA,0,"Canterbury",1010,4.9,11.35,NA
"2075","20180502:0000",-42.77014,172.88947,"Amuri Plain",25,NA,0,"Canterbury",1010,2.9,10.7,NA
"2076","20180503:0000",-42.77014,172.88947,"Amuri Plain",25,NA,0,"Canterbury",1010,3.6,8.35,NA
"2077","20180504:0000",-42.77014,172.88947,"Amuri Plain",25,NA,0,"Canterbury",1010,3.8,8.05,NA
"2078","20180505:0000",-42.77014,172.88947,"Amuri Plain",25,NA,0,"Canterbury",1010,3.5,11.45,NA
"2079","20180506:0000",-42.77014,172.88947,"Amuri Plain",25,NA,0,"Canterbury",1010,7.1,12.05,NA
"2080","20180507:0000",-42.77014,172.88947,"Amuri Plain",25,NA,0,"Canterbury",1010,8.6,12.45,NA
"2081","20180508:0000",-42.77014,172.88947,"Amuri Plain",25,NA,0,"Canterbury",1010,7.2,15.3,NA
"2082","20180509:0000",-42.77014,172.88947,"Amuri Plain",25,NA,0,"Canterbury",1010,10.1,17.5,NA
"2083","20180510:0000",-42.77014,172.88947,"Amuri Plain",25,NA,0,"Canterbury",1010,3.5,11.35,NA
"2084","20180511:0000",-42.77014,172.88947,"Amuri Plain",25,NA,0,"Canterbury",1010,3.9,14.65,NA
"2085","20180512:0000",-42.77014,172.88947,"Amuri Plain",25,NA,0,"Canterbury",1010,4.3,10.55,NA
"2086","20180513:0000",-42.77014,172.88947,"Amuri Plain",25,NA,0,"Canterbury",1010,4.5,7.85,NA
"2087","20180514:0000",-42.77014,172.88947,"Amuri Plain",25,NA,0,"Canterbury",1010,1.2,9.5,NA
"2088","20180515:0000",-42.77014,172.88947,"Amuri Plain",25,NA,0,"Canterbury",1010,3.1,10.9,NA
"2089","20180516:0000",-42.77014,172.88947,"Amuri Plain",25,NA,0,"Canterbury",1010,2.1,9.15,NA
"2090","20180517:0000",-42.77014,172.88947,"Amuri Plain",25,NA,0,"Canterbury",1010,5.5,9.4,NA
"2091","20180518:0000",-42.77014,172.88947,"Amuri Plain",25,NA,0,"Canterbury",1010,13.6,10.4,NA
"2092","20180519:0000",-42.77014,172.88947,"Amuri Plain",25,NA,0,"Canterbury",1010,8.6,12.3,NA
"2093","20180520:0000",-42.77014,172.88947,"Amuri Plain",25,NA,0,"Canterbury",1010,13,13.55,NA
"2094","20180521:0000",-42.77014,172.88947,"Amuri Plain",25,NA,0,"Canterbury",1010,9.7,9.95,NA
"2095","20180522:0000",-42.77014,172.88947,"Amuri Plain",25,NA,0,"Canterbury",1010,16.2,11.35,NA
"2096","20180523:0000",-42.77014,172.88947,"Amuri Plain",25,NA,0,"Canterbury",1010,5.9,7.5,NA
"2097","20180524:0000",-42.77014,172.88947,"Amuri Plain",25,NA,0,"Canterbury",1010,10,6.15,NA
"2098","20180525:0000",-42.77014,172.88947,"Amuri Plain",25,NA,0,"Canterbury",1010,2.4,6.25,NA
"2099","20180526:0000",-42.77014,172.88947,"Amuri Plain",25,NA,0,"Canterbury",1010,2.4,6.6,NA
"2100","20180527:0000",-42.77014,172.88947,"Amuri Plain",25,NA,0,"Canterbury",1010,3.6,6.8,NA
"2101","20180528:0000",-42.77014,172.88947,"Amuri Plain",25,NA,0,"Canterbury",1010,11.9,4.2,NA
"2102","20180529:0000",-42.77014,172.88947,"Amuri Plain",25,NA,0,"Canterbury",1010,2.1,6.1,NA
"2103","20180530:0000",-42.77014,172.88947,"Amuri Plain",25,NA,0,"Canterbury",1010,2.8,5.1,NA
"2104","20180531:0000",-42.77014,172.88947,"Amuri Plain",25,NA,0,"Canterbury",1010,2.4,3.7,NA
"2105","20180601:0000",-42.77014,172.88947,"Amuri Plain",25,NA,0,"Canterbury",1010,3.1,3.6,NA
"2106","20180602:0000",-42.77014,172.88947,"Amuri Plain",25,NA,0,"Canterbury",1010,2.2,7.2,NA
"2107","20180603:0000",-42.77014,172.88947,"Amuri Plain",25,NA,0,"Canterbury",1010,2.7,7.05,NA
"2108","20180604:0000",-42.77014,172.88947,"Amuri Plain",25,NA,0,"Canterbury",1010,3.9,8.05,NA
"2109","20180605:0000",-42.77014,172.88947,"Amuri Plain",25,NA,0,"Canterbury",1010,4.1,10.9,NA
"2110","20180606:0000",-42.77014,172.88947,"Amuri Plain",25,NA,0,"Canterbury",1010,8.5,3.95,NA
"2111","20180607:0000",-42.77014,172.88947,"Amuri Plain",25,NA,0,"Canterbury",1010,4.1,6.4,NA
"2112","20180608:0000",-42.77014,172.88947,"Amuri Plain",25,NA,0,"Canterbury",1010,3.6,7.8,NA
"2113","20180609:0000",-42.77014,172.88947,"Amuri Plain",25,NA,0,"Canterbury",1010,8.9,7.65,NA
"2114","20180610:0000",-42.77014,172.88947,"Amuri Plain",25,NA,0,"Canterbury",1010,6.8,13.7,NA
"2115","20180611:0000",-42.77014,172.88947,"Amuri Plain",25,NA,0,"Canterbury",1010,4,7.95,NA
"2116","20180612:0000",-42.77014,172.88947,"Amuri Plain",25,NA,0,"Canterbury",1010,7.1,7.45,NA
"2117","20180613:0000",-42.77014,172.88947,"Amuri Plain",25,NA,0,"Canterbury",1010,10.3,8.4,NA
"2118","20180614:0000",-42.77014,172.88947,"Amuri Plain",25,NA,0,"Canterbury",1010,2.5,8.4,NA
"2119","20180615:0000",-42.77014,172.88947,"Amuri Plain",25,NA,0,"Canterbury",1010,2.9,7.3,NA
"2120","20180616:0000",-42.77014,172.88947,"Amuri Plain",25,NA,0,"Canterbury",1010,3.3,8,NA
"2121","20180617:0000",-42.77014,172.88947,"Amuri Plain",25,NA,0,"Canterbury",1010,3.1,8.65,NA
"2122","20180618:0000",-42.77014,172.88947,"Amuri Plain",25,NA,0,"Canterbury",1010,5,2.85,NA
"2123","20180619:0000",-42.77014,172.88947,"Amuri Plain",25,NA,0,"Canterbury",1010,9.2,4.05,NA
"2124","20180620:0000",-42.77014,172.88947,"Amuri Plain",25,NA,0,"Canterbury",1010,2.1,6.7,NA
"2125","20180621:0000",-42.77014,172.88947,"Amuri Plain",25,NA,0,"Canterbury",1010,3.5,5.15,NA
"2126","20180622:0000",-42.77014,172.88947,"Amuri Plain",25,NA,0,"Canterbury",1010,1.7,1.55,NA
"2127","20180623:0000",-42.77014,172.88947,"Amuri Plain",25,NA,0,"Canterbury",1010,1.6,3.55,NA
"2128","20180624:0000",-42.77014,172.88947,"Amuri Plain",25,NA,0,"Canterbury",1010,11.2,6.05,NA
"2129","20180625:0000",-42.77014,172.88947,"Amuri Plain",25,NA,0,"Canterbury",1010,7.1,7.55,NA
"2130","20180626:0000",-42.77014,172.88947,"Amuri Plain",25,NA,0,"Canterbury",1010,5.9,3.9,NA
"2131","20180627:0000",-42.77014,172.88947,"Amuri Plain",25,NA,0,"Canterbury",1010,2.5,6,NA
"2132","20180628:0000",-42.77014,172.88947,"Amuri Plain",25,NA,0,"Canterbury",1010,2.9,7.1,NA
"2133","20180629:0000",-42.77014,172.88947,"Amuri Plain",25,NA,0,"Canterbury",1010,2.7,4.8,NA
"2134","20180630:0000",-42.77014,172.88947,"Amuri Plain",25,NA,0,"Canterbury",1010,1.5,3.85,NA
"2135","20180701:0000",-42.77014,172.88947,"Amuri Plain",25,NA,0,"Canterbury",1010,10.8,7.2,NA
"2136","20180702:0000",-42.77014,172.88947,"Amuri Plain",25,NA,0,"Canterbury",1010,4.8,7.85,NA
"2137","20180703:0000",-42.77014,172.88947,"Amuri Plain",25,NA,0,"Canterbury",1010,3.6,5.55,NA
"2138","20180704:0000",-42.77014,172.88947,"Amuri Plain",25,NA,0,"Canterbury",1010,NA,3.75,NA
"2139","20180705:0000",-42.77014,172.88947,"Amuri Plain",25,NA,0,"Canterbury",1010,2.7,2.25,NA
"2140","20180706:0000",-42.77014,172.88947,"Amuri Plain",25,NA,0,"Canterbury",1010,4,8.35,NA
"2141","20180707:0000",-42.77014,172.88947,"Amuri Plain",25,NA,0,"Canterbury",1010,26.1,11.5,NA
"2142","20180708:0000",-42.77014,172.88947,"Amuri Plain",25,NA,0,"Canterbury",1010,8.8,8.8,NA
"2143","20180709:0000",-42.77014,172.88947,"Amuri Plain",25,NA,0,"Canterbury",1010,9,9.8,NA
"2144","20180710:0000",-42.77014,172.88947,"Amuri Plain",25,NA,0,"Canterbury",1010,5.2,8.45,NA
"2145","20180711:0000",-42.77014,172.88947,"Amuri Plain",25,NA,0,"Canterbury",1010,4.5,5.65,NA
"2146","20180712:0000",-42.77014,172.88947,"Amuri Plain",25,NA,0,"Canterbury",1010,1.8,5,NA
"2147","20180713:0000",-42.77014,172.88947,"Amuri Plain",25,NA,0,"Canterbury",1010,3.2,4.45,NA
"2148","20180714:0000",-42.77014,172.88947,"Amuri Plain",25,NA,0,"Canterbury",1010,4,6.55,NA
"2149","20180715:0000",-42.77014,172.88947,"Amuri Plain",25,NA,0,"Canterbury",1010,4.6,2.35,NA
"2150","20180716:0000",-42.77014,172.88947,"Amuri Plain",25,NA,0,"Canterbury",1010,2.2,7.6,NA
"2151","20180717:0000",-42.77014,172.88947,"Amuri Plain",25,NA,0,"Canterbury",1010,3.7,10.5,NA
"2152","20180718:0000",-42.77014,172.88947,"Amuri Plain",25,NA,0,"Canterbury",1010,2.2,5.8,NA
"2153","20180719:0000",-42.77014,172.88947,"Amuri Plain",25,NA,0,"Canterbury",1010,3.6,6.85,NA
"2154","20180720:0000",-42.77014,172.88947,"Amuri Plain",25,NA,0,"Canterbury",1010,3,6.7,NA
"2155","20180721:0000",-42.77014,172.88947,"Amuri Plain",25,NA,0,"Canterbury",1010,5.9,8.15,NA
"2156","20180722:0000",-42.77014,172.88947,"Amuri Plain",25,NA,0,"Canterbury",1010,10.7,9.65,NA
"2157","20180723:0000",-42.77014,172.88947,"Amuri Plain",25,NA,0,"Canterbury",1010,6.2,6.35,NA
"2158","20180724:0000",-42.77014,172.88947,"Amuri Plain",25,NA,0,"Canterbury",1010,2.4,5.5,NA
"2159","20180725:0000",-42.77014,172.88947,"Amuri Plain",25,NA,0,"Canterbury",1010,2.3,4.85,NA
"2160","20180726:0000",-42.77014,172.88947,"Amuri Plain",25,NA,0,"Canterbury",1010,8.8,5.9,NA
"2161","20180727:0000",-42.77014,172.88947,"Amuri Plain",25,NA,0,"Canterbury",1010,10,7.25,NA
"2162","20180728:0000",-42.77014,172.88947,"Amuri Plain",25,NA,0,"Canterbury",1010,4.6,10.4,NA
"2163","20180729:0000",-42.77014,172.88947,"Amuri Plain",25,NA,0,"Canterbury",1010,6.8,11.6,NA
"2164","20180730:0000",-42.77014,172.88947,"Amuri Plain",25,NA,0,"Canterbury",1010,5.4,6.15,NA
"2165","20180731:0000",-42.77014,172.88947,"Amuri Plain",25,NA,0,"Canterbury",1010,3.2,9.6,NA
"2166","20180801:0000",-42.77014,172.88947,"Amuri Plain",25,NA,0,"Canterbury",1010,11.8,10.15,NA
"2167","20180802:0000",-42.77014,172.88947,"Amuri Plain",25,NA,0,"Canterbury",1010,3.3,7.75,NA
"2168","20180803:0000",-42.77014,172.88947,"Amuri Plain",25,NA,0,"Canterbury",1010,3.6,6.65,NA
"2169","20180804:0000",-42.77014,172.88947,"Amuri Plain",25,NA,0,"Canterbury",1010,3.9,7.85,NA
"2170","20180805:0000",-42.77014,172.88947,"Amuri Plain",25,NA,0,"Canterbury",1010,2.4,6.15,NA
"2171","20180806:0000",-42.77014,172.88947,"Amuri Plain",25,NA,0,"Canterbury",1010,3,5.35,NA
"2172","20180807:0000",-42.77014,172.88947,"Amuri Plain",25,NA,0,"Canterbury",1010,3.6,10.05,NA
"2173","20180808:0000",-42.77014,172.88947,"Amuri Plain",25,NA,0,"Canterbury",1010,6.3,9.8,NA
"2174","20180809:0000",-42.77014,172.88947,"Amuri Plain",25,NA,0,"Canterbury",1010,2.3,9.35,NA
"2175","20180810:0000",-42.77014,172.88947,"Amuri Plain",25,NA,0,"Canterbury",1010,6.9,6.15,NA
"2176","20180811:0000",-42.77014,172.88947,"Amuri Plain",25,NA,0,"Canterbury",1010,1.4,7.05,NA
"2177","20180812:0000",-42.77014,172.88947,"Amuri Plain",25,NA,0,"Canterbury",1010,3.3,7.65,NA
"2178","20180813:0000",-42.77014,172.88947,"Amuri Plain",25,NA,0,"Canterbury",1010,3.3,7.2,NA
"2179","20180814:0000",-42.77014,172.88947,"Amuri Plain",25,NA,0,"Canterbury",1010,5.3,5.85,NA
"2180","20180815:0000",-42.77014,172.88947,"Amuri Plain",25,NA,0,"Canterbury",1010,2.8,9.15,NA
"2181","20180816:0000",-42.77014,172.88947,"Amuri Plain",25,NA,0,"Canterbury",1010,12.3,8.55,NA
"2182","20180817:0000",-42.77014,172.88947,"Amuri Plain",25,NA,0,"Canterbury",1010,3.9,11.3,NA
"2183","20180818:0000",-42.77014,172.88947,"Amuri Plain",25,NA,0,"Canterbury",1010,3.4,7.45,NA
"2184","20180819:0000",-42.77014,172.88947,"Amuri Plain",25,NA,0,"Canterbury",1010,2.5,3.55,NA
"2185","20180820:0000",-42.77014,172.88947,"Amuri Plain",25,NA,0,"Canterbury",1010,3.3,5,NA
"2186","20180821:0000",-42.77014,172.88947,"Amuri Plain",25,NA,0,"Canterbury",1010,6.9,6.25,NA
"2187","20180822:0000",-42.77014,172.88947,"Amuri Plain",25,NA,0,"Canterbury",1010,5.2,6.45,NA
"2188","20180823:0000",-42.77014,172.88947,"Amuri Plain",25,NA,0,"Canterbury",1010,NA,4.7,NA
"2189","20180824:0000",-42.77014,172.88947,"Amuri Plain",25,NA,0,"Canterbury",1010,10.2,5.15,NA
"2190","20180825:0000",-42.77014,172.88947,"Amuri Plain",25,NA,0,"Canterbury",1010,15,4.65,NA
"2191","20180826:0000",-42.77014,172.88947,"Amuri Plain",25,NA,0,"Canterbury",1010,1.5,8.95,NA
"2192","20180827:0000",-42.77014,172.88947,"Amuri Plain",25,NA,0,"Canterbury",1010,3.5,9.1,NA
"2193","20180828:0000",-42.77014,172.88947,"Amuri Plain",25,NA,0,"Canterbury",1010,5.7,8.85,NA
"2194","20180829:0000",-42.77014,172.88947,"Amuri Plain",25,NA,0,"Canterbury",1010,1.3,8.95,NA
"2195","20180830:0000",-42.77014,172.88947,"Amuri Plain",25,NA,0,"Canterbury",1010,5.2,10.4,NA
"2196","20180831:0000",-42.77014,172.88947,"Amuri Plain",25,NA,0,"Canterbury",1010,11.8,5.35,NA
"2197","20180901:0000",-42.77014,172.88947,"Amuri Plain",25,NA,0,"Canterbury",1010,2.4,10.15,NA
"2198","20180902:0000",-42.77014,172.88947,"Amuri Plain",25,NA,0,"Canterbury",1010,3,8.8,NA
"2199","20180903:0000",-42.77014,172.88947,"Amuri Plain",25,NA,0,"Canterbury",1010,18.7,5.95,NA
"2200","20180904:0000",-42.77014,172.88947,"Amuri Plain",25,NA,0,"Canterbury",1010,7.2,6.85,NA
"2201","20180905:0000",-42.77014,172.88947,"Amuri Plain",25,NA,0,"Canterbury",1010,6.2,5.55,NA
"2202","20180906:0000",-42.77014,172.88947,"Amuri Plain",25,NA,0,"Canterbury",1010,4.4,6.75,NA
"2203","20180907:0000",-42.77014,172.88947,"Amuri Plain",25,NA,0,"Canterbury",1010,4.4,6.25,NA
"2204","20180908:0000",-42.77014,172.88947,"Amuri Plain",25,NA,0,"Canterbury",1010,2,4.5,NA
"2205","20180909:0000",-42.77014,172.88947,"Amuri Plain",25,NA,0,"Canterbury",1010,6.6,6.5,NA
"2206","20180910:0000",-42.77014,172.88947,"Amuri Plain",25,NA,0,"Canterbury",1010,2.5,5.75,NA
"2207","20180911:0000",-42.77014,172.88947,"Amuri Plain",25,NA,0,"Canterbury",1010,4,9.2,NA
"2208","20180912:0000",-42.77014,172.88947,"Amuri Plain",25,NA,0,"Canterbury",1010,2.4,9.65,NA
"2209","20180913:0000",-42.77014,172.88947,"Amuri Plain",25,NA,0,"Canterbury",1010,4.2,11.75,NA
"2210","20180914:0000",-42.77014,172.88947,"Amuri Plain",25,NA,0,"Canterbury",1010,8.2,15.8,NA
"2211","20180915:0000",-42.77014,172.88947,"Amuri Plain",25,NA,0,"Canterbury",1010,2.4,12,NA
"2212","20180916:0000",-42.77014,172.88947,"Amuri Plain",25,NA,0,"Canterbury",1010,13.4,12.95,NA
"2213","20180917:0000",-42.77014,172.88947,"Amuri Plain",25,NA,0,"Canterbury",1010,4.3,13.9,NA
"2214","20180918:0000",-42.77014,172.88947,"Amuri Plain",25,NA,0,"Canterbury",1010,4.2,9.1,NA
"2215","20180919:0000",-42.77014,172.88947,"Amuri Plain",25,NA,0,"Canterbury",1010,2.8,9.3,NA
"2216","20180920:0000",-42.77014,172.88947,"Amuri Plain",25,NA,0,"Canterbury",1010,3.7,11.05,NA
"2217","20180921:0000",-42.77014,172.88947,"Amuri Plain",25,NA,0,"Canterbury",1010,4,9.95,NA
"2218","20180922:0000",-42.77014,172.88947,"Amuri Plain",25,NA,0,"Canterbury",1010,3.6,10.3,NA
"2219","20180923:0000",-42.77014,172.88947,"Amuri Plain",25,NA,0,"Canterbury",1010,3.1,11.45,NA
"2220","20180924:0000",-42.77014,172.88947,"Amuri Plain",25,NA,0,"Canterbury",1010,4.2,9.15,NA
"2221","20180925:0000",-42.77014,172.88947,"Amuri Plain",25,NA,0,"Canterbury",1010,20.2,9.5,NA
"2222","20180926:0000",-42.77014,172.88947,"Amuri Plain",25,NA,0,"Canterbury",1010,15.3,8.95,NA
"2223","20180927:0000",-42.77014,172.88947,"Amuri Plain",25,NA,0,"Canterbury",1010,2.6,9.6,NA
"2224","20180928:0000",-42.77014,172.88947,"Amuri Plain",25,NA,0,"Canterbury",1010,3.4,8.2,NA
"2225","20180929:0000",-42.77014,172.88947,"Amuri Plain",25,NA,0,"Canterbury",1010,3.7,9.65,NA
"2226","20180930:0000",-42.77014,172.88947,"Amuri Plain",25,NA,0,"Canterbury",1010,10.7,13.8,NA
"2227","20181001:0000",-42.77014,172.88947,"Amuri Plain",25,NA,0,"Canterbury",1010,5,13.95,NA
"2228","20181002:0000",-42.77014,172.88947,"Amuri Plain",25,NA,0,"Canterbury",1010,2,11.95,NA
"2229","20181003:0000",-42.77014,172.88947,"Amuri Plain",25,NA,0,"Canterbury",1010,3.3,11.8,NA
"2230","20181004:0000",-42.77014,172.88947,"Amuri Plain",25,NA,0,"Canterbury",1010,3.3,10.65,NA
"2231","20181005:0000",-42.77014,172.88947,"Amuri Plain",25,NA,0,"Canterbury",1010,3,9.9,NA
"2232","20181006:0000",-42.77014,172.88947,"Amuri Plain",25,NA,0,"Canterbury",1010,8.9,10.75,NA
"2233","20181007:0000",-42.77014,172.88947,"Amuri Plain",25,NA,0,"Canterbury",1010,10.9,11.25,NA
"2234","20181008:0000",-42.77014,172.88947,"Amuri Plain",25,NA,0,"Canterbury",1010,3.2,9.9,NA
"2235","20181009:0000",-42.77014,172.88947,"Amuri Plain",25,NA,0,"Canterbury",1010,0.9,9.2,NA
"2236","20181010:0000",-42.77014,172.88947,"Amuri Plain",25,NA,0,"Canterbury",1010,9.4,12.5,NA
"2237","20181011:0000",-42.77014,172.88947,"Amuri Plain",25,NA,0,"Canterbury",1010,2,9.9,NA
"2238","20181012:0000",-42.77014,172.88947,"Amuri Plain",25,NA,0,"Canterbury",1010,12.4,5.95,NA
"2239","20181013:0000",-42.77014,172.88947,"Amuri Plain",25,NA,0,"Canterbury",1010,7.4,7.1,NA
"2240","20181014:0000",-42.77014,172.88947,"Amuri Plain",25,NA,0,"Canterbury",1010,10.6,8,NA
"2241","20181015:0000",-42.77014,172.88947,"Amuri Plain",25,NA,0,"Canterbury",1010,2.8,6.4,NA
"2242","20181016:0000",-42.77014,172.88947,"Amuri Plain",25,NA,0,"Canterbury",1010,3.2,11.35,NA
"2243","20181017:0000",-42.77014,172.88947,"Amuri Plain",25,NA,0,"Canterbury",1010,1.8,12.95,NA
"2244","20181018:0000",-42.77014,172.88947,"Amuri Plain",25,NA,0,"Canterbury",1010,12.1,13.35,NA
"2245","20181019:0000",-42.77014,172.88947,"Amuri Plain",25,NA,0,"Canterbury",1010,3.6,12.8,NA
"2246","20181020:0000",-42.77014,172.88947,"Amuri Plain",25,NA,0,"Canterbury",1010,1.3,16.8,NA
"2247","20181021:0000",-42.77014,172.88947,"Amuri Plain",25,NA,0,"Canterbury",1010,2.6,15.35,NA
"2248","20181022:0000",-42.77014,172.88947,"Amuri Plain",25,NA,0,"Canterbury",1010,2.2,16.3,NA
"2249","20181023:0000",-42.77014,172.88947,"Amuri Plain",25,NA,0,"Canterbury",1010,2.1,16.65,NA
"2250","20181024:0000",-42.77014,172.88947,"Amuri Plain",25,NA,0,"Canterbury",1010,2,17.25,NA
"2251","20181025:0000",-42.77014,172.88947,"Amuri Plain",25,NA,0,"Canterbury",1010,4.7,13.85,NA
"2252","20181026:0000",-42.77014,172.88947,"Amuri Plain",25,NA,0,"Canterbury",1010,5.2,9.75,NA
"2253","20181027:0000",-42.77014,172.88947,"Amuri Plain",25,NA,0,"Canterbury",1010,4.6,12.05,NA
"2254","20181028:0000",-42.77014,172.88947,"Amuri Plain",25,NA,0,"Canterbury",1010,3.7,10.6,NA
"2255","20181029:0000",-42.77014,172.88947,"Amuri Plain",25,NA,0,"Canterbury",1010,7.6,11.35,NA
"2256","20181030:0000",-42.77014,172.88947,"Amuri Plain",25,NA,0,"Canterbury",1010,9.3,9.45,NA
"2257","20181031:0000",-42.77014,172.88947,"Amuri Plain",25,NA,0,"Canterbury",1010,3.6,10.45,NA
"2258","20181101:0000",-42.77014,172.88947,"Amuri Plain",25,NA,0,"Canterbury",1010,14.9,9.1,NA
"2259","20181102:0000",-42.77014,172.88947,"Amuri Plain",25,NA,0,"Canterbury",1010,8.2,10,NA
"2260","20181103:0000",-42.77014,172.88947,"Amuri Plain",25,NA,0,"Canterbury",1010,7.4,17.05,NA
"2261","20181104:0000",-42.77014,172.88947,"Amuri Plain",25,NA,0,"Canterbury",1010,15.4,12.3,NA
"2262","20181105:0000",-42.77014,172.88947,"Amuri Plain",25,NA,0,"Canterbury",1010,4.8,14.05,NA
"2263","20181106:0000",-42.77014,172.88947,"Amuri Plain",25,NA,0,"Canterbury",1010,3.5,14.8,NA
"2264","20181107:0000",-42.77014,172.88947,"Amuri Plain",25,NA,0,"Canterbury",1010,4.7,16.35,NA
"2265","20181108:0000",-42.77014,172.88947,"Amuri Plain",25,NA,0,"Canterbury",1010,9,22.65,NA
"2266","20181109:0000",-42.77014,172.88947,"Amuri Plain",25,NA,0,"Canterbury",1010,13,9.65,NA
"2267","20181110:0000",-42.77014,172.88947,"Amuri Plain",25,NA,0,"Canterbury",1010,4.5,9.25,NA
"2268","20181111:0000",-42.77014,172.88947,"Amuri Plain",25,NA,0,"Canterbury",1010,3.9,12.2,NA
"2269","20181112:0000",-42.77014,172.88947,"Amuri Plain",25,NA,0,"Canterbury",1010,3,12.9,NA
"2270","20181113:0000",-42.77014,172.88947,"Amuri Plain",25,NA,0,"Canterbury",1010,5.6,12.1,NA
"2271","20181114:0000",-42.77014,172.88947,"Amuri Plain",25,NA,0,"Canterbury",1010,2.1,15.4,NA
"2272","20181115:0000",-42.77014,172.88947,"Amuri Plain",25,NA,0,"Canterbury",1010,2.9,16.5,NA
"2273","20181116:0000",-42.77014,172.88947,"Amuri Plain",25,NA,0,"Canterbury",1010,5,17.6,NA
"2274","20181117:0000",-42.77014,172.88947,"Amuri Plain",25,NA,0,"Canterbury",1010,10.3,16.3,NA
"2275","20181118:0000",-42.77014,172.88947,"Amuri Plain",25,NA,0,"Canterbury",1010,4.2,14.6,NA
"2276","20181119:0000",-42.77014,172.88947,"Amuri Plain",25,NA,0,"Canterbury",1010,8.3,7.4,NA
"2277","20181120:0000",-42.77014,172.88947,"Amuri Plain",25,NA,0,"Canterbury",1010,2.8,7,NA
"2278","20181121:0000",-42.77014,172.88947,"Amuri Plain",25,NA,0,"Canterbury",1010,4.7,8.75,NA
"2279","20181122:0000",-42.77014,172.88947,"Amuri Plain",25,NA,0,"Canterbury",1010,3.5,10.2,NA
"2280","20181123:0000",-42.77014,172.88947,"Amuri Plain",25,NA,0,"Canterbury",1010,3.2,12.3,NA
"2281","20181124:0000",-42.77014,172.88947,"Amuri Plain",25,NA,0,"Canterbury",1010,4.3,14.85,NA
"2282","20181125:0000",-42.77014,172.88947,"Amuri Plain",25,NA,0,"Canterbury",1010,4.4,14.6,NA
"2283","20181126:0000",-42.77014,172.88947,"Amuri Plain",25,NA,0,"Canterbury",1010,12.3,12.4,NA
"2284","20181127:0000",-42.77014,172.88947,"Amuri Plain",25,NA,0,"Canterbury",1010,10.7,11.9,NA
"2285","20181128:0000",-42.77014,172.88947,"Amuri Plain",25,NA,0,"Canterbury",1010,6.6,13,NA
"2286","20181129:0000",-42.77014,172.88947,"Amuri Plain",25,NA,0,"Canterbury",1010,4.1,14.15,NA
"2287","20181130:0000",-42.77014,172.88947,"Amuri Plain",25,NA,0,"Canterbury",1010,5.7,13.45,NA
"2288","20181201:0000",-42.77014,172.88947,"Amuri Plain",25,NA,0,"Canterbury",1010,3.9,16.05,NA
"2289","20181202:0000",-42.77014,172.88947,"Amuri Plain",25,NA,0,"Canterbury",1010,2.1,16.75,NA
"2290","20181203:0000",-42.77014,172.88947,"Amuri Plain",25,NA,0,"Canterbury",1010,5.2,17.95,NA
"2291","20181204:0000",-42.77014,172.88947,"Amuri Plain",25,NA,0,"Canterbury",1010,8.7,18,NA
"2292","20181205:0000",-42.77014,172.88947,"Amuri Plain",25,NA,0,"Canterbury",1010,11.2,15.4,NA
"2293","20181206:0000",-42.77014,172.88947,"Amuri Plain",25,NA,0,"Canterbury",1010,2.7,11.75,NA
"2294","20181207:0000",-42.77014,172.88947,"Amuri Plain",25,NA,0,"Canterbury",1010,2.4,14.15,NA
"2295","20181208:0000",-42.77014,172.88947,"Amuri Plain",25,NA,0,"Canterbury",1010,5.4,17.65,NA
"2296","20181209:0000",-42.77014,172.88947,"Amuri Plain",25,NA,0,"Canterbury",1010,2.8,20.4,NA
"2297","20181210:0000",-42.77014,172.88947,"Amuri Plain",25,NA,0,"Canterbury",1010,9.3,13.15,NA
"2298","20181211:0000",-42.77014,172.88947,"Amuri Plain",25,NA,0,"Canterbury",1010,7.9,13.4,NA
"2299","20181212:0000",-42.77014,172.88947,"Amuri Plain",25,NA,0,"Canterbury",1010,5,15.35,NA
"2300","20181213:0000",-42.77014,172.88947,"Amuri Plain",25,NA,0,"Canterbury",1010,7.8,14.9,NA
"2301","20181214:0000",-42.77014,172.88947,"Amuri Plain",25,NA,0,"Canterbury",1010,5.3,17.1,NA
"2302","20181215:0000",-42.77014,172.88947,"Amuri Plain",25,NA,0,"Canterbury",1010,3.5,18.75,NA
"2303","20181216:0000",-42.77014,172.88947,"Amuri Plain",25,NA,0,"Canterbury",1010,10.1,16.05,NA
"2304","20181217:0000",-42.77014,172.88947,"Amuri Plain",25,NA,0,"Canterbury",1010,3.2,19,NA
"2305","20181218:0000",-42.77014,172.88947,"Amuri Plain",25,NA,0,"Canterbury",1010,24.7,17.9,NA
"2306","20181219:0000",-42.77014,172.88947,"Amuri Plain",25,NA,0,"Canterbury",1010,4.3,14.7,NA
"2307","20181220:0000",-42.77014,172.88947,"Amuri Plain",25,NA,0,"Canterbury",1010,8.2,11.05,NA
"2308","20181221:0000",-42.77014,172.88947,"Amuri Plain",25,NA,0,"Canterbury",1010,3,13.55,NA
"2309","20181222:0000",-42.77014,172.88947,"Amuri Plain",25,NA,0,"Canterbury",1010,6.7,16.2,NA
"2310","20181223:0000",-42.77014,172.88947,"Amuri Plain",25,NA,0,"Canterbury",1010,4,12.25,NA
"2311","20181224:0000",-42.77014,172.88947,"Amuri Plain",25,NA,0,"Canterbury",1010,4,13.05,NA
"2312","20181225:0000",-42.77014,172.88947,"Amuri Plain",25,NA,0,"Canterbury",1010,3.7,15.8,NA
"2313","20181226:0000",-42.77014,172.88947,"Amuri Plain",25,NA,0,"Canterbury",1010,4.2,13.85,NA
"2314","20181227:0000",-42.77014,172.88947,"Amuri Plain",25,NA,0,"Canterbury",1010,2.9,12.8,NA
"2315","20181228:0000",-42.77014,172.88947,"Amuri Plain",25,NA,0,"Canterbury",1010,3.6,15.15,NA
"2316","20181229:0000",-42.77014,172.88947,"Amuri Plain",25,NA,0,"Canterbury",1010,3,18.65,NA
"2317","20181230:0000",-42.77014,172.88947,"Amuri Plain",25,NA,0,"Canterbury",1010,6.9,19.2,NA
"2318","20181231:0000",-42.77014,172.88947,"Amuri Plain",25,NA,0,"Canterbury",1010,7.8,23.1,NA
"2319","20190101:0000",-42.77014,172.88947,"Amuri Plain",25,NA,0,"Canterbury",1010,3.5,21.75,NA
"2320","20190102:0000",-42.77014,172.88947,"Amuri Plain",25,NA,0,"Canterbury",1010,5.6,21.75,NA
"2321","20190103:0000",-42.77014,172.88947,"Amuri Plain",25,NA,0,"Canterbury",1010,8.3,22.6,NA
"2322","20190104:0000",-42.77014,172.88947,"Amuri Plain",25,NA,0,"Canterbury",1010,2.9,17.8,NA
"2323","20190105:0000",-42.77014,172.88947,"Amuri Plain",25,NA,0,"Canterbury",1010,9.3,19.9,NA
"2324","20190106:0000",-42.77014,172.88947,"Amuri Plain",25,NA,0,"Canterbury",1010,11.2,22.75,NA
"2325","20190107:0000",-42.77014,172.88947,"Amuri Plain",25,NA,0,"Canterbury",1010,11.7,17.45,NA
"2326","20190108:0000",-42.77014,172.88947,"Amuri Plain",25,NA,0,"Canterbury",1010,2.2,16.15,NA
"2327","20190109:0000",-42.77014,172.88947,"Amuri Plain",25,NA,0,"Canterbury",1010,22.9,20.4,NA
"2328","20190110:0000",-42.77014,172.88947,"Amuri Plain",25,NA,0,"Canterbury",1010,7.7,22.5,NA
"2329","20190111:0000",-42.77014,172.88947,"Amuri Plain",25,NA,0,"Canterbury",1010,22.5,19.85,NA
"2330","20190112:0000",-42.77014,172.88947,"Amuri Plain",25,NA,0,"Canterbury",1010,2.2,14.6,NA
"2331","20190113:0000",-42.77014,172.88947,"Amuri Plain",25,NA,0,"Canterbury",1010,2.5,17.35,NA
"2332","20190114:0000",-42.77014,172.88947,"Amuri Plain",25,NA,0,"Canterbury",1010,15.2,12.85,NA
"2333","20190115:0000",-42.77014,172.88947,"Amuri Plain",25,NA,0,"Canterbury",1010,7.7,14.3,NA
"2334","20190116:0000",-42.77014,172.88947,"Amuri Plain",25,NA,0,"Canterbury",1010,2.5,15.1,NA
"2335","20190117:0000",-42.77014,172.88947,"Amuri Plain",25,NA,0,"Canterbury",1010,3.3,19.2,NA
"2336","20190118:0000",-42.77014,172.88947,"Amuri Plain",25,NA,0,"Canterbury",1010,4.9,18.8,NA
"2337","20190119:0000",-42.77014,172.88947,"Amuri Plain",25,NA,0,"Canterbury",1010,2.4,19.35,NA
"2338","20190120:0000",-42.77014,172.88947,"Amuri Plain",25,NA,0,"Canterbury",1010,16.6,17.95,NA
"2339","20190121:0000",-42.77014,172.88947,"Amuri Plain",25,NA,0,"Canterbury",1010,35.3,19,NA
"2340","20190122:0000",-42.77014,172.88947,"Amuri Plain",25,NA,0,"Canterbury",1010,8.1,16.1,NA
"2341","20190123:0000",-42.77014,172.88947,"Amuri Plain",25,NA,0,"Canterbury",1010,11.2,22.65,NA
"2342","20190124:0000",-42.77014,172.88947,"Amuri Plain",25,NA,0,"Canterbury",1010,5.1,14,NA
"2343","20190125:0000",-42.77014,172.88947,"Amuri Plain",25,NA,0,"Canterbury",1010,1.6,14.3,NA
"2344","20190126:0000",-42.77014,172.88947,"Amuri Plain",25,NA,0,"Canterbury",1010,3,19.35,NA
"2345","20190127:0000",-42.77014,172.88947,"Amuri Plain",25,NA,0,"Canterbury",1010,14.5,22.25,NA
"2346","20190128:0000",-42.77014,172.88947,"Amuri Plain",25,NA,0,"Canterbury",1010,15.3,25.3,NA
"2347","20190129:0000",-42.77014,172.88947,"Amuri Plain",25,NA,0,"Canterbury",1010,7.9,23.25,NA
"2348","20190130:0000",-42.77014,172.88947,"Amuri Plain",25,NA,0,"Canterbury",1010,4.2,25.15,NA
"2349","20190131:0000",-42.77014,172.88947,"Amuri Plain",25,NA,0,"Canterbury",1010,2.8,24.6,NA
"2350","20190201:0000",-42.77014,172.88947,"Amuri Plain",25,NA,0,"Canterbury",1010,11.5,23,NA
"2351","20190202:0000",-42.77014,172.88947,"Amuri Plain",25,NA,0,"Canterbury",1010,3,13.6,NA
"2352","20190203:0000",-42.77014,172.88947,"Amuri Plain",25,NA,0,"Canterbury",1010,2.3,17,NA
"2353","20190204:0000",-42.77014,172.88947,"Amuri Plain",25,NA,0,"Canterbury",1010,4.1,19.75,NA
"2354","20190205:0000",-42.77014,172.88947,"Amuri Plain",25,NA,0,"Canterbury",1010,5,20.25,NA
"2355","20190206:0000",-42.77014,172.88947,"Amuri Plain",25,NA,0,"Canterbury",1010,9.7,11.7,NA
"2356","20190207:0000",-42.77014,172.88947,"Amuri Plain",25,NA,0,"Canterbury",1010,2.6,12.75,NA
"2357","20190208:0000",-42.77014,172.88947,"Amuri Plain",25,NA,0,"Canterbury",1010,1.8,15.1,NA
"2358","20190209:0000",-42.77014,172.88947,"Amuri Plain",25,NA,0,"Canterbury",1010,2.2,18.3,NA
"2359","20190210:0000",-42.77014,172.88947,"Amuri Plain",25,NA,0,"Canterbury",1010,3.1,19.75,NA
"2360","20190211:0000",-42.77014,172.88947,"Amuri Plain",25,NA,0,"Canterbury",1010,2,19.75,NA
"2361","20190212:0000",-42.77014,172.88947,"Amuri Plain",25,NA,0,"Canterbury",1010,9.4,20.25,NA
"2362","20190213:0000",-42.77014,172.88947,"Amuri Plain",25,NA,0,"Canterbury",1010,4.5,19.25,NA
"2363","20190214:0000",-42.77014,172.88947,"Amuri Plain",25,NA,0,"Canterbury",1010,2.1,21.3,NA
"2364","20190215:0000",-42.77014,172.88947,"Amuri Plain",25,NA,0,"Canterbury",1010,2.4,19.35,NA
"2365","20190216:0000",-42.77014,172.88947,"Amuri Plain",25,NA,0,"Canterbury",1010,13,13.15,NA
"2366","20190217:0000",-42.77014,172.88947,"Amuri Plain",25,NA,0,"Canterbury",1010,1.9,16.5,NA
"2367","20190218:0000",-42.77014,172.88947,"Amuri Plain",25,NA,0,"Canterbury",1010,2.4,18.4,NA
"2368","20190219:0000",-42.77014,172.88947,"Amuri Plain",25,NA,0,"Canterbury",1010,3.8,19.35,NA
"2369","20190220:0000",-42.77014,172.88947,"Amuri Plain",25,NA,0,"Canterbury",1010,5.8,22.2,NA
"2370","20190221:0000",-42.77014,172.88947,"Amuri Plain",25,NA,0,"Canterbury",1010,3.2,19.65,NA
"2371","20190222:0000",-42.77014,172.88947,"Amuri Plain",25,NA,0,"Canterbury",1010,8.9,19.25,NA
"2372","20190223:0000",-42.77014,172.88947,"Amuri Plain",25,NA,0,"Canterbury",1010,3.3,12.75,NA
"2373","20190224:0000",-42.77014,172.88947,"Amuri Plain",25,NA,0,"Canterbury",1010,16.8,10.95,NA
"2374","20190225:0000",-42.77014,172.88947,"Amuri Plain",25,NA,0,"Canterbury",1010,12.5,11.1,NA
"2375","20190226:0000",-42.77014,172.88947,"Amuri Plain",25,NA,0,"Canterbury",1010,3.6,14.45,NA
"2376","20190227:0000",-42.77014,172.88947,"Amuri Plain",25,NA,0,"Canterbury",1010,5.4,14.25,NA
"2377","20190228:0000",-42.77014,172.88947,"Amuri Plain",25,NA,0,"Canterbury",1010,5.5,11.05,NA
"2378","20190301:0000",-42.77014,172.88947,"Amuri Plain",25,NA,0,"Canterbury",1010,1.8,12.15,NA
"2379","20190302:0000",-42.77014,172.88947,"Amuri Plain",25,NA,0,"Canterbury",1010,3.1,13.65,NA
"2380","20190303:0000",-42.77014,172.88947,"Amuri Plain",25,NA,0,"Canterbury",1010,4.7,16.7,NA
"2381","20190304:0000",-42.77014,172.88947,"Amuri Plain",25,NA,0,"Canterbury",1010,2.3,16.85,NA
"2382","20190305:0000",-42.77014,172.88947,"Amuri Plain",25,NA,0,"Canterbury",1010,2.5,18.05,NA
"2383","20190306:0000",-42.77014,172.88947,"Amuri Plain",25,NA,0,"Canterbury",1010,2.3,20.7,NA
"2384","20190307:0000",-42.77014,172.88947,"Amuri Plain",25,NA,0,"Canterbury",1010,8.6,19.35,NA
"2385","20190308:0000",-42.77014,172.88947,"Amuri Plain",25,NA,0,"Canterbury",1010,12.3,11,NA
"2386","20190309:0000",-42.77014,172.88947,"Amuri Plain",25,NA,0,"Canterbury",1010,4.2,12.4,NA
"2387","20190310:0000",-42.77014,172.88947,"Amuri Plain",25,NA,0,"Canterbury",1010,3.3,12.75,NA
"2388","20190311:0000",-42.77014,172.88947,"Amuri Plain",25,NA,0,"Canterbury",1010,1.6,15.85,NA
"2389","20190312:0000",-42.77014,172.88947,"Amuri Plain",25,NA,0,"Canterbury",1010,12.6,18.7,NA
"2390","20190313:0000",-42.77014,172.88947,"Amuri Plain",25,NA,0,"Canterbury",1010,2.6,20.4,NA
"2391","20190314:0000",-42.77014,172.88947,"Amuri Plain",25,NA,0,"Canterbury",1010,2.8,14.9,NA
"2392","20190315:0000",-42.77014,172.88947,"Amuri Plain",25,NA,0,"Canterbury",1010,3.1,17.5,NA
"2393","20190316:0000",-42.77014,172.88947,"Amuri Plain",25,NA,0,"Canterbury",1010,7.1,19.2,NA
"2394","20190317:0000",-42.77014,172.88947,"Amuri Plain",25,NA,0,"Canterbury",1010,2.3,14.7,NA
"2395","20190318:0000",-42.77014,172.88947,"Amuri Plain",25,NA,0,"Canterbury",1010,3,17.2,NA
"2396","20190319:0000",-42.77014,172.88947,"Amuri Plain",25,NA,0,"Canterbury",1010,1.9,16.9,NA
"2397","20190320:0000",-42.77014,172.88947,"Amuri Plain",25,NA,0,"Canterbury",1010,2.6,17.2,NA
"2398","20190321:0000",-42.77014,172.88947,"Amuri Plain",25,NA,0,"Canterbury",1010,3.1,14.55,NA
"2399","20190322:0000",-42.77014,172.88947,"Amuri Plain",25,NA,0,"Canterbury",1010,6,17.2,NA
"2400","20190323:0000",-42.77014,172.88947,"Amuri Plain",25,NA,0,"Canterbury",1010,5.8,17.9,NA
"2401","20190324:0000",-42.77014,172.88947,"Amuri Plain",25,NA,0,"Canterbury",1010,2.9,20.3,NA
"2402","20190325:0000",-42.77014,172.88947,"Amuri Plain",25,NA,0,"Canterbury",1010,3.8,19.25,NA
"2403","20190326:0000",-42.77014,172.88947,"Amuri Plain",25,NA,0,"Canterbury",1010,18,22,NA
"2404","20190327:0000",-42.77014,172.88947,"Amuri Plain",25,NA,0,"Canterbury",1010,13.2,19.85,NA
"2405","20190328:0000",-42.77014,172.88947,"Amuri Plain",25,NA,0,"Canterbury",1010,3.5,13.4,NA
"2406","20190329:0000",-42.77014,172.88947,"Amuri Plain",25,NA,0,"Canterbury",1010,2.5,12.45,NA
"2407","20190330:0000",-42.77014,172.88947,"Amuri Plain",25,NA,0,"Canterbury",1010,1.6,14.7,NA
"2408","20190331:0000",-42.77014,172.88947,"Amuri Plain",25,NA,0,"Canterbury",1010,2.3,16.95,NA
"2409","20190401:0000",-42.77014,172.88947,"Amuri Plain",25,NA,0,"Canterbury",1010,18.4,16.2,NA
"2410","20190402:0000",-42.77014,172.88947,"Amuri Plain",25,NA,0,"Canterbury",1010,8.6,9.15,NA
"2411","20190403:0000",-42.77014,172.88947,"Amuri Plain",25,NA,0,"Canterbury",1010,3.9,10.9,NA
"2412","20190404:0000",-42.77014,172.88947,"Amuri Plain",25,NA,0,"Canterbury",1010,1.6,10.65,NA
"2413","20190405:0000",-42.77014,172.88947,"Amuri Plain",25,NA,0,"Canterbury",1010,14,5.5,NA
"2414","20190406:0000",-42.77014,172.88947,"Amuri Plain",25,NA,0,"Canterbury",1010,4.9,6.75,NA
"2415","20190407:0000",-42.77014,172.88947,"Amuri Plain",25,NA,0,"Canterbury",1010,9.5,7.85,NA
"2416","20190408:0000",-42.77014,172.88947,"Amuri Plain",25,NA,0,"Canterbury",1010,10.3,12.5,NA
"2417","20190409:0000",-42.77014,172.88947,"Amuri Plain",25,NA,0,"Canterbury",1010,2.7,12.15,NA
"2418","20190410:0000",-42.77014,172.88947,"Amuri Plain",25,NA,0,"Canterbury",1010,9.1,14.35,NA
"2419","20190411:0000",-42.77014,172.88947,"Amuri Plain",25,NA,0,"Canterbury",1010,7.1,12.5,NA
"2420","20190412:0000",-42.77014,172.88947,"Amuri Plain",25,NA,0,"Canterbury",1010,3.9,8.95,NA
"2421","20190413:0000",-42.77014,172.88947,"Amuri Plain",25,NA,0,"Canterbury",1010,6.1,11.75,NA
"2422","20190414:0000",-42.77014,172.88947,"Amuri Plain",25,NA,0,"Canterbury",1010,1.6,7.75,NA
"2423","20190415:0000",-42.77014,172.88947,"Amuri Plain",25,NA,0,"Canterbury",1010,4.3,8.75,NA
"2424","20190416:0000",-42.77014,172.88947,"Amuri Plain",25,NA,0,"Canterbury",1010,1.7,9.2,NA
"2425","20190417:0000",-42.77014,172.88947,"Amuri Plain",25,NA,0,"Canterbury",1010,1.5,9.65,NA
"2426","20190418:0000",-42.77014,172.88947,"Amuri Plain",25,NA,0,"Canterbury",1010,3.7,10.95,NA
"2427","20190419:0000",-42.77014,172.88947,"Amuri Plain",25,NA,0,"Canterbury",1010,4.2,14.55,NA
"2428","20190420:0000",-42.77014,172.88947,"Amuri Plain",25,NA,0,"Canterbury",1010,4.7,12.1,NA
"2429","20190421:0000",-42.77014,172.88947,"Amuri Plain",25,NA,0,"Canterbury",1010,2.4,10.75,NA
"2430","20190422:0000",-42.77014,172.88947,"Amuri Plain",25,NA,0,"Canterbury",1010,2.7,10.95,NA
"2431","20190423:0000",-42.77014,172.88947,"Amuri Plain",25,NA,0,"Canterbury",1010,3.6,13.9,NA
"2432","20190424:0000",-42.77014,172.88947,"Amuri Plain",25,NA,0,"Canterbury",1010,1.8,10.8,NA
"2433","20190425:0000",-42.77014,172.88947,"Amuri Plain",25,NA,0,"Canterbury",1010,1.2,14.5,NA
"2434","20190426:0000",-42.77014,172.88947,"Amuri Plain",25,NA,0,"Canterbury",1010,3.7,15.1,NA
"2435","20190427:0000",-42.77014,172.88947,"Amuri Plain",25,NA,0,"Canterbury",1010,12.8,17.7,NA
"2436","20190428:0000",-42.77014,172.88947,"Amuri Plain",25,NA,0,"Canterbury",1010,6.4,11.7,NA
"2437","20190429:0000",-42.77014,172.88947,"Amuri Plain",25,NA,0,"Canterbury",1010,4.9,12.55,NA
"2438","20190430:0000",-42.77014,172.88947,"Amuri Plain",25,NA,0,"Canterbury",1010,3.1,8.15,NA
"2439","20190501:0000",-42.77014,172.88947,"Amuri Plain",25,NA,0,"Canterbury",1010,1.9,8.9,NA
"2440","20190502:0000",-42.77014,172.88947,"Amuri Plain",25,NA,0,"Canterbury",1010,5,10.05,NA
"2441","20190503:0000",-42.77014,172.88947,"Amuri Plain",25,NA,0,"Canterbury",1010,4.5,9.95,NA
"2442","20190504:0000",-42.77014,172.88947,"Amuri Plain",25,NA,0,"Canterbury",1010,3.9,11.3,NA
"2443","20190505:0000",-42.77014,172.88947,"Amuri Plain",25,NA,0,"Canterbury",1010,3,10.3,NA
"2444","20190506:0000",-42.77014,172.88947,"Amuri Plain",25,NA,0,"Canterbury",1010,3.7,NA,NA
"2445","20190507:0000",-42.77014,172.88947,"Amuri Plain",25,NA,0,"Canterbury",1010,NA,NA,NA
"2446","20190508:0000",-42.77014,172.88947,"Amuri Plain",25,NA,0,"Canterbury",1010,3.7,NA,NA
"2447","20190509:0000",-42.77014,172.88947,"Amuri Plain",25,NA,0,"Canterbury",1010,5.7,13.75,NA
"2448","20190510:0000",-42.77014,172.88947,"Amuri Plain",25,NA,0,"Canterbury",1010,4.1,14.95,NA
"2449","20190511:0000",-42.77014,172.88947,"Amuri Plain",25,NA,0,"Canterbury",1010,2.4,11.15,NA
"2450","20190512:0000",-42.77014,172.88947,"Amuri Plain",25,NA,0,"Canterbury",1010,10.1,11.7,NA
"2451","20190513:0000",-42.77014,172.88947,"Amuri Plain",25,NA,0,"Canterbury",1010,8.1,11.85,NA
"2452","20190514:0000",-42.77014,172.88947,"Amuri Plain",25,NA,0,"Canterbury",1010,3.8,7.65,NA
"2453","20190515:0000",-42.77014,172.88947,"Amuri Plain",25,NA,0,"Canterbury",1010,9.8,10.3,NA
"2454","20190516:0000",-42.77014,172.88947,"Amuri Plain",25,NA,0,"Canterbury",1010,20.7,14.15,NA
"2455","20190517:0000",-42.77014,172.88947,"Amuri Plain",25,NA,0,"Canterbury",1010,2.7,5.9,NA
"2456","20190518:0000",-42.77014,172.88947,"Amuri Plain",25,NA,0,"Canterbury",1010,6,8.3,NA
"2457","20190519:0000",-42.77014,172.88947,"Amuri Plain",25,NA,0,"Canterbury",1010,5.1,8.75,NA
"2458","20190520:0000",-42.77014,172.88947,"Amuri Plain",25,NA,0,"Canterbury",1010,3.3,8.25,NA
"2459","20190521:0000",-42.77014,172.88947,"Amuri Plain",25,NA,0,"Canterbury",1010,7.1,7.2,NA
"2460","20190522:0000",-42.77014,172.88947,"Amuri Plain",25,NA,0,"Canterbury",1010,4.2,9.1,NA
"2461","20190523:0000",-42.77014,172.88947,"Amuri Plain",25,NA,0,"Canterbury",1010,3.1,10.2,NA
"2462","20190524:0000",-42.77014,172.88947,"Amuri Plain",25,NA,0,"Canterbury",1010,1.7,7.9,NA
"2463","20190525:0000",-42.77014,172.88947,"Amuri Plain",25,NA,0,"Canterbury",1010,1.7,8.8,NA
"2464","20190526:0000",-42.77014,172.88947,"Amuri Plain",25,NA,0,"Canterbury",1010,5,11.05,NA
"2465","20190527:0000",-42.77014,172.88947,"Amuri Plain",25,NA,0,"Canterbury",1010,5.9,13.45,NA
"2466","20190528:0000",-42.77014,172.88947,"Amuri Plain",25,NA,0,"Canterbury",1010,5.1,13.35,NA
"2467","20190529:0000",-42.77014,172.88947,"Amuri Plain",25,NA,0,"Canterbury",1010,16.1,14,NA
"2468","20190530:0000",-42.77014,172.88947,"Amuri Plain",25,NA,0,"Canterbury",1010,14.5,16.35,NA
"2469","20190531:0000",-42.77014,172.88947,"Amuri Plain",25,NA,0,"Canterbury",1010,8.5,10.9,NA
"2470","20190601:0000",-42.77014,172.88947,"Amuri Plain",25,NA,0,"Canterbury",1010,23.2,4.2,NA
"2471","20190602:0000",-42.77014,172.88947,"Amuri Plain",25,NA,0,"Canterbury",1010,9.7,4.6,NA
"2472","20190603:0000",-42.77014,172.88947,"Amuri Plain",25,NA,0,"Canterbury",1010,3.5,6.4,NA
"2473","20190604:0000",-42.77014,172.88947,"Amuri Plain",25,NA,0,"Canterbury",1010,11.6,5.1,NA
"2474","20190605:0000",-42.77014,172.88947,"Amuri Plain",25,NA,0,"Canterbury",1010,5.3,4.25,NA
"2475","20190606:0000",-42.77014,172.88947,"Amuri Plain",25,NA,0,"Canterbury",1010,3.4,5.85,NA
"2476","20190607:0000",-42.77014,172.88947,"Amuri Plain",25,NA,0,"Canterbury",1010,10.5,5.7,NA
"2477","20190608:0000",-42.77014,172.88947,"Amuri Plain",25,NA,0,"Canterbury",1010,7.2,8,NA
"2478","20190609:0000",-42.77014,172.88947,"Amuri Plain",25,NA,0,"Canterbury",1010,3.3,5.75,NA
"2479","20190610:0000",-42.77014,172.88947,"Amuri Plain",25,NA,0,"Canterbury",1010,4.4,7.55,NA
"2480","20190611:0000",-42.77014,172.88947,"Amuri Plain",25,NA,0,"Canterbury",1010,2.5,8.95,NA
"2481","20190612:0000",-42.77014,172.88947,"Amuri Plain",25,NA,0,"Canterbury",1010,4.1,8.05,NA
"2482","20190613:0000",-42.77014,172.88947,"Amuri Plain",25,NA,0,"Canterbury",1010,1.6,9.65,NA
"2483","20190614:0000",-42.77014,172.88947,"Amuri Plain",25,NA,0,"Canterbury",1010,2.9,9.5,NA
"2484","20190615:0000",-42.77014,172.88947,"Amuri Plain",25,NA,0,"Canterbury",1010,3.2,8.15,NA
"2485","20190616:0000",-42.77014,172.88947,"Amuri Plain",25,NA,0,"Canterbury",1010,NA,NA,NA
"2486","20190617:0000",-42.77014,172.88947,"Amuri Plain",25,NA,0,"Canterbury",1010,4.1,7.6,NA
"2487","20190618:0000",-42.77014,172.88947,"Amuri Plain",25,NA,0,"Canterbury",1010,5.3,3.9,NA
"2488","20190619:0000",-42.77014,172.88947,"Amuri Plain",25,NA,0,"Canterbury",1010,2.3,2.95,NA
"2489","20190620:0000",-42.77014,172.88947,"Amuri Plain",25,NA,0,"Canterbury",1010,4,3.95,NA
"2490","20190621:0000",-42.77014,172.88947,"Amuri Plain",25,NA,0,"Canterbury",1010,10.6,7,NA
"2491","20190622:0000",-42.77014,172.88947,"Amuri Plain",25,NA,0,"Canterbury",1010,3.5,9.55,NA
"2492","20190623:0000",-42.77014,172.88947,"Amuri Plain",25,NA,0,"Canterbury",1010,7.3,5,NA
"2493","20190624:0000",-42.77014,172.88947,"Amuri Plain",25,NA,0,"Canterbury",1010,7.1,5.45,NA
"2494","20190625:0000",-42.77014,172.88947,"Amuri Plain",25,NA,0,"Canterbury",1010,5.8,5.7,NA
"2495","20190626:0000",-42.77014,172.88947,"Amuri Plain",25,NA,0,"Canterbury",1010,3.5,2.85,NA
"2496","20190627:0000",-42.77014,172.88947,"Amuri Plain",25,NA,0,"Canterbury",1010,1.9,2.3,NA
"2497","20190628:0000",-42.77014,172.88947,"Amuri Plain",25,NA,0,"Canterbury",1010,NA,1.25,NA
"2498","20190629:0000",-42.77014,172.88947,"Amuri Plain",25,NA,0,"Canterbury",1010,1.9,4.15,NA
"2499","20190630:0000",-42.77014,172.88947,"Amuri Plain",25,NA,0,"Canterbury",1010,3.8,3.9,NA
"2500","20190701:0000",-42.77014,172.88947,"Amuri Plain",25,NA,0,"Canterbury",1010,12.9,5.4,NA
"2501","20190702:0000",-42.77014,172.88947,"Amuri Plain",25,NA,0,"Canterbury",1010,2.9,9.75,NA
"2502","20190703:0000",-42.77014,172.88947,"Amuri Plain",25,NA,0,"Canterbury",1010,10.2,11,NA
"2503","20190704:0000",-42.77014,172.88947,"Amuri Plain",25,NA,0,"Canterbury",1010,5.6,8.1,NA
"2504","20190705:0000",-42.77014,172.88947,"Amuri Plain",25,NA,0,"Canterbury",1010,12.9,5.5,NA
"2505","20190706:0000",-42.77014,172.88947,"Amuri Plain",25,NA,0,"Canterbury",1010,3,7.35,NA
"2506","20190707:0000",-42.77014,172.88947,"Amuri Plain",25,NA,0,"Canterbury",1010,2.9,5.25,NA
"2507","20190708:0000",-42.77014,172.88947,"Amuri Plain",25,NA,0,"Canterbury",1010,5.3,5.05,NA
"2508","20190709:0000",-42.77014,172.88947,"Amuri Plain",25,NA,0,"Canterbury",1010,4.1,7.2,NA
"2509","20190710:0000",-42.77014,172.88947,"Amuri Plain",25,NA,0,"Canterbury",1010,NA,NA,NA
"2510","20190711:0000",-42.77014,172.88947,"Amuri Plain",25,NA,0,"Canterbury",1010,8.8,10.25,NA
"2511","20190712:0000",-42.77014,172.88947,"Amuri Plain",25,NA,0,"Canterbury",1010,7.8,7.6,NA
"2512","20190713:0000",-42.77014,172.88947,"Amuri Plain",25,NA,0,"Canterbury",1010,6.2,9.85,NA
"2513","20190714:0000",-42.77014,172.88947,"Amuri Plain",25,NA,0,"Canterbury",1010,10.1,11.05,NA
"2514","20190715:0000",-42.77014,172.88947,"Amuri Plain",25,NA,0,"Canterbury",1010,4,7.1,NA
"2515","20190716:0000",-42.77014,172.88947,"Amuri Plain",25,NA,0,"Canterbury",1010,4.8,8.15,NA
"2516","20190717:0000",-42.77014,172.88947,"Amuri Plain",25,NA,0,"Canterbury",1010,3.9,5.9,NA
"2517","20190718:0000",-42.77014,172.88947,"Amuri Plain",25,NA,0,"Canterbury",1010,6.3,5.55,NA
"2518","20190719:0000",-42.77014,172.88947,"Amuri Plain",25,NA,0,"Canterbury",1010,4.8,5.3,NA
"2519","20190720:0000",-42.77014,172.88947,"Amuri Plain",25,NA,0,"Canterbury",1010,2.9,6.75,NA
"2520","20190721:0000",-42.77014,172.88947,"Amuri Plain",25,NA,0,"Canterbury",1010,14.1,8.35,NA
"2521","20190722:0000",-42.77014,172.88947,"Amuri Plain",25,NA,0,"Canterbury",1010,1.4,9.05,NA
"2522","20190723:0000",-42.77014,172.88947,"Amuri Plain",25,NA,0,"Canterbury",1010,4.5,8.35,NA
"2523","20190724:0000",-42.77014,172.88947,"Amuri Plain",25,NA,0,"Canterbury",1010,5,9.4,NA
"2524","20190725:0000",-42.77014,172.88947,"Amuri Plain",25,NA,0,"Canterbury",1010,2.4,6.9,NA
"2525","20190726:0000",-42.77014,172.88947,"Amuri Plain",25,NA,0,"Canterbury",1010,2.7,5.9,NA
"2526","20190727:0000",-42.77014,172.88947,"Amuri Plain",25,NA,0,"Canterbury",1010,3.8,8.35,NA
"2527","20190728:0000",-42.77014,172.88947,"Amuri Plain",25,NA,0,"Canterbury",1010,4.4,8.45,NA
"2528","20190729:0000",-42.77014,172.88947,"Amuri Plain",25,NA,0,"Canterbury",1010,3.7,9.1,NA
"2529","20190730:0000",-42.77014,172.88947,"Amuri Plain",25,NA,0,"Canterbury",1010,8.2,9.85,NA
"2530","20190731:0000",-42.77014,172.88947,"Amuri Plain",25,NA,0,"Canterbury",1010,24.1,4.75,NA
"2531","20190801:0000",-42.77014,172.88947,"Amuri Plain",25,NA,0,"Canterbury",1010,7.8,6.3,NA
"2532","20190802:0000",-42.77014,172.88947,"Amuri Plain",25,NA,0,"Canterbury",1010,8.7,5.05,NA
"2533","20190803:0000",-42.77014,172.88947,"Amuri Plain",25,NA,0,"Canterbury",1010,6.3,9.4,NA
"2534","20190804:0000",-42.77014,172.88947,"Amuri Plain",25,NA,0,"Canterbury",1010,6.3,5.55,NA
"2535","20190805:0000",-42.77014,172.88947,"Amuri Plain",25,NA,0,"Canterbury",1010,5.6,4.45,NA
"2536","20190806:0000",-42.77014,172.88947,"Amuri Plain",25,NA,0,"Canterbury",1010,3.6,6.95,NA
"2537","20190807:0000",-42.77014,172.88947,"Amuri Plain",25,NA,0,"Canterbury",1010,6.5,7.1,NA
"2538","20190808:0000",-42.77014,172.88947,"Amuri Plain",25,NA,0,"Canterbury",1010,2.7,7.1,NA
"2539","20190809:0000",-42.77014,172.88947,"Amuri Plain",25,NA,0,"Canterbury",1010,4.8,8.5,NA
"2540","20190810:0000",-42.77014,172.88947,"Amuri Plain",25,NA,0,"Canterbury",1010,2.3,7.5,NA
"2541","20190811:0000",-42.77014,172.88947,"Amuri Plain",25,NA,0,"Canterbury",1010,2.4,6.2,NA
"2542","20190812:0000",-42.77014,172.88947,"Amuri Plain",25,NA,0,"Canterbury",1010,3.7,6.75,NA
"2543","20190813:0000",-42.77014,172.88947,"Amuri Plain",25,NA,0,"Canterbury",1010,3.7,5.05,NA
"2544","20190814:0000",-42.77014,172.88947,"Amuri Plain",25,NA,0,"Canterbury",1010,2.9,4.9,NA
"2545","20190815:0000",-42.77014,172.88947,"Amuri Plain",25,NA,0,"Canterbury",1010,1.5,5.1,NA
"2546","20190816:0000",-42.77014,172.88947,"Amuri Plain",25,NA,0,"Canterbury",1010,5.9,6.95,NA
"2547","20190817:0000",-42.77014,172.88947,"Amuri Plain",25,NA,0,"Canterbury",1010,12.2,5.5,NA
"2548","20190818:0000",-42.77014,172.88947,"Amuri Plain",25,NA,0,"Canterbury",1010,2.5,3.7,NA
"2549","20190819:0000",-42.77014,172.88947,"Amuri Plain",25,NA,0,"Canterbury",1010,4.5,5.7,NA
"2550","20190820:0000",-42.77014,172.88947,"Amuri Plain",25,NA,0,"Canterbury",1010,12.1,7.55,NA
"2551","20190821:0000",-42.77014,172.88947,"Amuri Plain",25,NA,0,"Canterbury",1010,7.1,9.85,NA
"2552","20190822:0000",-42.77014,172.88947,"Amuri Plain",25,NA,0,"Canterbury",1010,8.5,8.45,NA
"2553","20190823:0000",-42.77014,172.88947,"Amuri Plain",25,NA,0,"Canterbury",1010,7.2,10.9,NA
"2554","20190824:0000",-42.77014,172.88947,"Amuri Plain",25,NA,0,"Canterbury",1010,3.3,10.2,NA
"2555","20190825:0000",-42.77014,172.88947,"Amuri Plain",25,NA,0,"Canterbury",1010,6,8.55,NA
"2556","20190826:0000",-42.77014,172.88947,"Amuri Plain",25,NA,0,"Canterbury",1010,6.4,10.05,NA
"2557","20190827:0000",-42.77014,172.88947,"Amuri Plain",25,NA,0,"Canterbury",1010,14.8,8.05,NA
"2558","20190828:0000",-42.77014,172.88947,"Amuri Plain",25,NA,0,"Canterbury",1010,2.3,8.3,NA
"2559","20190829:0000",-42.77014,172.88947,"Amuri Plain",25,NA,0,"Canterbury",1010,6.9,9.05,NA
"2560","20190830:0000",-42.77014,172.88947,"Amuri Plain",25,NA,0,"Canterbury",1010,2.8,7.6,NA
"2561","20190831:0000",-42.77014,172.88947,"Amuri Plain",25,NA,0,"Canterbury",1010,2.5,8.3,NA
"2562","20190901:0000",-42.77014,172.88947,"Amuri Plain",25,NA,0,"Canterbury",1010,3.8,11.95,NA
"2563","20190902:0000",-42.77014,172.88947,"Amuri Plain",25,NA,0,"Canterbury",1010,4.7,8.7,NA
"2564","20190903:0000",-42.77014,172.88947,"Amuri Plain",25,NA,0,"Canterbury",1010,3.3,6.5,NA
"2565","20190904:0000",-42.77014,172.88947,"Amuri Plain",25,NA,0,"Canterbury",1010,4.3,6.35,NA
"2566","20190905:0000",-42.77014,172.88947,"Amuri Plain",25,NA,0,"Canterbury",1010,4.6,9.5,NA
"2567","20190906:0000",-42.77014,172.88947,"Amuri Plain",25,NA,0,"Canterbury",1010,11.9,7.3,NA
"2568","20190907:0000",-42.77014,172.88947,"Amuri Plain",25,NA,0,"Canterbury",1010,5,7.35,NA
"2569","20190908:0000",-42.77014,172.88947,"Amuri Plain",25,NA,0,"Canterbury",1010,5.6,2.55,NA
"2570","20190909:0000",-42.77014,172.88947,"Amuri Plain",25,NA,0,"Canterbury",1010,1.9,3.55,NA
"2571","20190910:0000",-42.77014,172.88947,"Amuri Plain",25,NA,0,"Canterbury",1010,2,5.35,NA
"2572","20190911:0000",-42.77014,172.88947,"Amuri Plain",25,NA,0,"Canterbury",1010,11.7,4.75,NA
"2573","20190912:0000",-42.77014,172.88947,"Amuri Plain",25,NA,0,"Canterbury",1010,3.5,7.9,NA
"2574","20190913:0000",-42.77014,172.88947,"Amuri Plain",25,NA,0,"Canterbury",1010,10.9,11.7,NA
"2575","20190914:0000",-42.77014,172.88947,"Amuri Plain",25,NA,0,"Canterbury",1010,5.3,6.6,NA
"2576","20190915:0000",-42.77014,172.88947,"Amuri Plain",25,NA,0,"Canterbury",1010,2.2,9.85,NA
"2577","20190916:0000",-42.77014,172.88947,"Amuri Plain",25,NA,0,"Canterbury",1010,18,11.6,NA
"2578","20190917:0000",-42.77014,172.88947,"Amuri Plain",25,NA,0,"Canterbury",1010,19.4,12,NA
"2579","20190918:0000",-42.77014,172.88947,"Amuri Plain",25,NA,0,"Canterbury",1010,6.1,7.7,NA
"2580","20190919:0000",-42.77014,172.88947,"Amuri Plain",25,NA,0,"Canterbury",1010,3.1,7.9,NA
"2581","20190920:0000",-42.77014,172.88947,"Amuri Plain",25,NA,0,"Canterbury",1010,3.7,7.25,NA
"2582","20190921:0000",-42.77014,172.88947,"Amuri Plain",25,NA,0,"Canterbury",1010,1.8,8.85,NA
"2583","20190922:0000",-42.77014,172.88947,"Amuri Plain",25,NA,0,"Canterbury",1010,5.7,9.95,NA
"2584","20190923:0000",-42.77014,172.88947,"Amuri Plain",25,NA,0,"Canterbury",1010,26.2,12.5,NA
"2585","20190924:0000",-42.77014,172.88947,"Amuri Plain",25,NA,0,"Canterbury",1010,7.3,10.85,NA
"2586","20190925:0000",-42.77014,172.88947,"Amuri Plain",25,NA,0,"Canterbury",1010,17.9,6.75,NA
"2587","20190926:0000",-42.77014,172.88947,"Amuri Plain",25,NA,0,"Canterbury",1010,9,6.65,NA
"2588","20190927:0000",-42.77014,172.88947,"Amuri Plain",25,NA,0,"Canterbury",1010,3.5,10,NA
"2589","20190928:0000",-42.77014,172.88947,"Amuri Plain",25,NA,0,"Canterbury",1010,14.6,11.4,NA
"2590","20190929:0000",-42.77014,172.88947,"Amuri Plain",25,NA,0,"Canterbury",1010,4.5,15.7,NA
"2591","20190930:0000",-42.77014,172.88947,"Amuri Plain",25,NA,0,"Canterbury",1010,5.4,15.25,NA
"2592","20191001:0000",-42.77014,172.88947,"Amuri Plain",25,NA,0,"Canterbury",1010,4.6,7.5,NA
"2593","20191002:0000",-42.77014,172.88947,"Amuri Plain",25,NA,0,"Canterbury",1010,13.4,7.5,NA
"2594","20191003:0000",-42.77014,172.88947,"Amuri Plain",25,NA,0,"Canterbury",1010,3.1,6.65,NA
"2595","20191004:0000",-42.77014,172.88947,"Amuri Plain",25,NA,0,"Canterbury",1010,1.1,8.15,NA
"2596","20191005:0000",-42.77014,172.88947,"Amuri Plain",25,NA,0,"Canterbury",1010,6.9,8.8,NA
"2597","20191006:0000",-42.77014,172.88947,"Amuri Plain",25,NA,0,"Canterbury",1010,2.7,6.55,NA
"2598","20191007:0000",-42.77014,172.88947,"Amuri Plain",25,NA,0,"Canterbury",1010,3.5,9.75,NA
"2599","20191008:0000",-42.77014,172.88947,"Amuri Plain",25,NA,0,"Canterbury",1010,15,12.55,NA
"2600","20191009:0000",-42.77014,172.88947,"Amuri Plain",25,NA,0,"Canterbury",1010,5.2,17.65,NA
"2601","20191010:0000",-42.77014,172.88947,"Amuri Plain",25,NA,0,"Canterbury",1010,3.9,16.4,NA
"2602","20191011:0000",-42.77014,172.88947,"Amuri Plain",25,NA,0,"Canterbury",1010,2.5,13.5,NA
"2603","20191012:0000",-42.77014,172.88947,"Amuri Plain",25,NA,0,"Canterbury",1010,4.8,10.4,NA
"2604","20191013:0000",-42.77014,172.88947,"Amuri Plain",25,NA,0,"Canterbury",1010,3.4,9.7,NA
"2605","20180101:0000",-42.83025,172.83463,"Balmoral",97,NA,0,"Canterbury",1010,2.9,17.3,NA
"2606","20180102:0000",-42.83025,172.83463,"Balmoral",97,NA,0,"Canterbury",1010,2.2,18.7,NA
"2607","20180103:0000",-42.83025,172.83463,"Balmoral",97,NA,0,"Canterbury",1010,4,21.1,NA
"2608","20180104:0000",-42.83025,172.83463,"Balmoral",97,NA,0,"Canterbury",1010,5,20,NA
"2609","20180105:0000",-42.83025,172.83463,"Balmoral",97,NA,0,"Canterbury",1010,8.6,16.5,NA
"2610","20180106:0000",-42.83025,172.83463,"Balmoral",97,NA,0,"Canterbury",1010,24.8,12.95,NA
"2611","20180107:0000",-42.83025,172.83463,"Balmoral",97,NA,0,"Canterbury",1010,2.9,14.2,NA
"2612","20180108:0000",-42.83025,172.83463,"Balmoral",97,NA,0,"Canterbury",1010,5.4,16.45,NA
"2613","20180109:0000",-42.83025,172.83463,"Balmoral",97,NA,0,"Canterbury",1010,3.2,20.35,NA
"2614","20180110:0000",-42.83025,172.83463,"Balmoral",97,NA,0,"Canterbury",1010,5.4,16.45,NA
"2615","20180111:0000",-42.83025,172.83463,"Balmoral",97,NA,0,"Canterbury",1010,2.5,12.85,NA
"2616","20180112:0000",-42.83025,172.83463,"Balmoral",97,NA,0,"Canterbury",1010,7.6,13.15,NA
"2617","20180113:0000",-42.83025,172.83463,"Balmoral",97,NA,0,"Canterbury",1010,5,18.65,NA
"2618","20180114:0000",-42.83025,172.83463,"Balmoral",97,NA,0,"Canterbury",1010,3.2,21.2,NA
"2619","20180115:0000",-42.83025,172.83463,"Balmoral",97,NA,0,"Canterbury",1010,2.2,21.7,NA
"2620","20180116:0000",-42.83025,172.83463,"Balmoral",97,NA,0,"Canterbury",1010,3.6,21.95,NA
"2621","20180117:0000",-42.83025,172.83463,"Balmoral",97,NA,0,"Canterbury",1010,2.9,21.5,NA
"2622","20180118:0000",-42.83025,172.83463,"Balmoral",97,NA,0,"Canterbury",1010,3.2,21.4,NA
"2623","20180119:0000",-42.83025,172.83463,"Balmoral",97,NA,0,"Canterbury",1010,5.8,21,NA
"2624","20180120:0000",-42.83025,172.83463,"Balmoral",97,NA,0,"Canterbury",1010,5,21.75,NA
"2625","20180121:0000",-42.83025,172.83463,"Balmoral",97,NA,0,"Canterbury",1010,4,19.7,NA
"2626","20180122:0000",-42.83025,172.83463,"Balmoral",97,NA,0,"Canterbury",1010,3.2,21.05,NA
"2627","20180123:0000",-42.83025,172.83463,"Balmoral",97,NA,0,"Canterbury",1010,4,22.8,NA
"2628","20180124:0000",-42.83025,172.83463,"Balmoral",97,NA,0,"Canterbury",1010,2.2,22.3,NA
"2629","20180125:0000",-42.83025,172.83463,"Balmoral",97,NA,0,"Canterbury",1010,2.9,23.85,NA
"2630","20180126:0000",-42.83025,172.83463,"Balmoral",97,NA,0,"Canterbury",1010,5,18.1,NA
"2631","20180127:0000",-42.83025,172.83463,"Balmoral",97,NA,0,"Canterbury",1010,4.3,22.05,NA
"2632","20180128:0000",-42.83025,172.83463,"Balmoral",97,NA,0,"Canterbury",1010,2.9,20.85,NA
"2633","20180129:0000",-42.83025,172.83463,"Balmoral",97,NA,0,"Canterbury",1010,4.3,22.65,NA
"2634","20180130:0000",-42.83025,172.83463,"Balmoral",97,NA,0,"Canterbury",1010,2.2,23.75,NA
"2635","20180131:0000",-42.83025,172.83463,"Balmoral",97,NA,0,"Canterbury",1010,15.1,20.15,NA
"2636","20180201:0000",-42.83025,172.83463,"Balmoral",97,NA,0,"Canterbury",1010,13,25.5,NA
"2637","20180202:0000",-42.83025,172.83463,"Balmoral",97,NA,0,"Canterbury",1010,16.6,12.25,NA
"2638","20180203:0000",-42.83025,172.83463,"Balmoral",97,NA,0,"Canterbury",1010,9.4,13.1,NA
"2639","20180204:0000",-42.83025,172.83463,"Balmoral",97,NA,0,"Canterbury",1010,4,14.1,NA
"2640","20180205:0000",-42.83025,172.83463,"Balmoral",97,NA,0,"Canterbury",1010,15.8,16.15,NA
"2641","20180206:0000",-42.83025,172.83463,"Balmoral",97,NA,0,"Canterbury",1010,16.2,12.3,NA
"2642","20180207:0000",-42.83025,172.83463,"Balmoral",97,NA,0,"Canterbury",1010,1.4,12.35,NA
"2643","20180208:0000",-42.83025,172.83463,"Balmoral",97,NA,0,"Canterbury",1010,2.2,13.7,NA
"2644","20180209:0000",-42.83025,172.83463,"Balmoral",97,NA,0,"Canterbury",1010,1.4,17.4,NA
"2645","20180210:0000",-42.83025,172.83463,"Balmoral",97,NA,0,"Canterbury",1010,3.2,17.25,NA
"2646","20180211:0000",-42.83025,172.83463,"Balmoral",97,NA,0,"Canterbury",1010,5,18.55,NA
"2647","20180212:0000",-42.83025,172.83463,"Balmoral",97,NA,0,"Canterbury",1010,8.6,22,NA
"2648","20180213:0000",-42.83025,172.83463,"Balmoral",97,NA,0,"Canterbury",1010,2.9,22.5,NA
"2649","20180214:0000",-42.83025,172.83463,"Balmoral",97,NA,0,"Canterbury",1010,6.5,18.8,NA
"2650","20180215:0000",-42.83025,172.83463,"Balmoral",97,NA,0,"Canterbury",1010,3.6,18.35,NA
"2651","20180216:0000",-42.83025,172.83463,"Balmoral",97,NA,0,"Canterbury",1010,15.8,19.75,NA
"2652","20180217:0000",-42.83025,172.83463,"Balmoral",97,NA,0,"Canterbury",1010,8.3,21.25,NA
"2653","20180218:0000",-42.83025,172.83463,"Balmoral",97,NA,0,"Canterbury",1010,2.2,17,NA
"2654","20180219:0000",-42.83025,172.83463,"Balmoral",97,NA,0,"Canterbury",1010,16.6,18.75,NA
"2655","20180220:0000",-42.83025,172.83463,"Balmoral",97,NA,0,"Canterbury",1010,5.4,13.05,NA
"2656","20180221:0000",-42.83025,172.83463,"Balmoral",97,NA,0,"Canterbury",1010,11.2,12.55,NA
"2657","20180222:0000",-42.83025,172.83463,"Balmoral",97,NA,0,"Canterbury",1010,2.5,13.35,NA
"2658","20180223:0000",-42.83025,172.83463,"Balmoral",97,NA,0,"Canterbury",1010,2.5,12.35,NA
"2659","20180224:0000",-42.83025,172.83463,"Balmoral",97,NA,0,"Canterbury",1010,2.9,15.3,NA
"2660","20180225:0000",-42.83025,172.83463,"Balmoral",97,NA,0,"Canterbury",1010,18,16.7,NA
"2661","20180226:0000",-42.83025,172.83463,"Balmoral",97,NA,0,"Canterbury",1010,10.1,13.25,NA
"2662","20180227:0000",-42.83025,172.83463,"Balmoral",97,NA,0,"Canterbury",1010,1.4,12,NA
"2663","20180228:0000",-42.83025,172.83463,"Balmoral",97,NA,0,"Canterbury",1010,2.9,14.55,NA
"2664","20180301:0000",-42.83025,172.83463,"Balmoral",97,NA,0,"Canterbury",1010,1.8,19.7,NA
"2665","20180302:0000",-42.83025,172.83463,"Balmoral",97,NA,0,"Canterbury",1010,4,18.65,NA
"2666","20180303:0000",-42.83025,172.83463,"Balmoral",97,NA,0,"Canterbury",1010,2.2,21.4,NA
"2667","20180304:0000",-42.83025,172.83463,"Balmoral",97,NA,0,"Canterbury",1010,2.5,19.2,NA
"2668","20180305:0000",-42.83025,172.83463,"Balmoral",97,NA,0,"Canterbury",1010,3.6,19,NA
"2669","20180306:0000",-42.83025,172.83463,"Balmoral",97,NA,0,"Canterbury",1010,4.3,17.2,NA
"2670","20180307:0000",-42.83025,172.83463,"Balmoral",97,NA,0,"Canterbury",1010,3.6,13.1,NA
"2671","20180308:0000",-42.83025,172.83463,"Balmoral",97,NA,0,"Canterbury",1010,5.4,14.1,NA
"2672","20180309:0000",-42.83025,172.83463,"Balmoral",97,NA,0,"Canterbury",1010,1.8,13.4,NA
"2673","20180310:0000",-42.83025,172.83463,"Balmoral",97,NA,0,"Canterbury",1010,2.9,11.45,NA
"2674","20180311:0000",-42.83025,172.83463,"Balmoral",97,NA,0,"Canterbury",1010,1.4,13.35,NA
"2675","20180312:0000",-42.83025,172.83463,"Balmoral",97,NA,0,"Canterbury",1010,2.9,15.6,NA
"2676","20180313:0000",-42.83025,172.83463,"Balmoral",97,NA,0,"Canterbury",1010,6.5,15.7,NA
"2677","20180314:0000",-42.83025,172.83463,"Balmoral",97,NA,0,"Canterbury",1010,1.8,12.5,NA
"2678","20180315:0000",-42.83025,172.83463,"Balmoral",97,NA,0,"Canterbury",1010,7.6,15.5,NA
"2679","20180316:0000",-42.83025,172.83463,"Balmoral",97,NA,0,"Canterbury",1010,20.5,19.7,NA
"2680","20180317:0000",-42.83025,172.83463,"Balmoral",97,NA,0,"Canterbury",1010,5,11.05,NA
"2681","20180318:0000",-42.83025,172.83463,"Balmoral",97,NA,0,"Canterbury",1010,2.2,12.2,NA
"2682","20180319:0000",-42.83025,172.83463,"Balmoral",97,NA,0,"Canterbury",1010,2.5,14.5,NA
"2683","20180320:0000",-42.83025,172.83463,"Balmoral",97,NA,0,"Canterbury",1010,2.2,16.45,NA
"2684","20180321:0000",-42.83025,172.83463,"Balmoral",97,NA,0,"Canterbury",1010,2.9,17,NA
"2685","20180322:0000",-42.83025,172.83463,"Balmoral",97,NA,0,"Canterbury",1010,14.8,10.4,NA
"2686","20180323:0000",-42.83025,172.83463,"Balmoral",97,NA,0,"Canterbury",1010,1.1,9.65,NA
"2687","20180324:0000",-42.83025,172.83463,"Balmoral",97,NA,0,"Canterbury",1010,3.6,13.55,NA
"2688","20180325:0000",-42.83025,172.83463,"Balmoral",97,NA,0,"Canterbury",1010,2.9,14.2,NA
"2689","20180326:0000",-42.83025,172.83463,"Balmoral",97,NA,0,"Canterbury",1010,7.2,16.2,NA
"2690","20180327:0000",-42.83025,172.83463,"Balmoral",97,NA,0,"Canterbury",1010,5,17.35,NA
"2691","20180328:0000",-42.83025,172.83463,"Balmoral",97,NA,0,"Canterbury",1010,4.3,16.6,NA
"2692","20180329:0000",-42.83025,172.83463,"Balmoral",97,NA,0,"Canterbury",1010,3.2,13.35,NA
"2693","20180330:0000",-42.83025,172.83463,"Balmoral",97,NA,0,"Canterbury",1010,2.9,13.6,NA
"2694","20180331:0000",-42.83025,172.83463,"Balmoral",97,NA,0,"Canterbury",1010,14,15.6,NA
"2695","20180401:0000",-42.83025,172.83463,"Balmoral",97,NA,0,"Canterbury",1010,2.2,10.3,NA
"2696","20180402:0000",-42.83025,172.83463,"Balmoral",97,NA,0,"Canterbury",1010,6.1,12.9,NA
"2697","20180403:0000",-42.83025,172.83463,"Balmoral",97,NA,0,"Canterbury",1010,7.6,20,NA
"2698","20180404:0000",-42.83025,172.83463,"Balmoral",97,NA,0,"Canterbury",1010,9.7,16.15,NA
"2699","20180405:0000",-42.83025,172.83463,"Balmoral",97,NA,0,"Canterbury",1010,3.2,12.9,NA
"2700","20180406:0000",-42.83025,172.83463,"Balmoral",97,NA,0,"Canterbury",1010,7.2,13.35,NA
"2701","20180407:0000",-42.83025,172.83463,"Balmoral",97,NA,0,"Canterbury",1010,2.9,11.7,NA
"2702","20180408:0000",-42.83025,172.83463,"Balmoral",97,NA,0,"Canterbury",1010,4.3,10.95,NA
"2703","20180409:0000",-42.83025,172.83463,"Balmoral",97,NA,0,"Canterbury",1010,3.2,9.55,NA
"2704","20180410:0000",-42.83025,172.83463,"Balmoral",97,NA,0,"Canterbury",1010,11.5,4.1,NA
"2705","20180411:0000",-42.83025,172.83463,"Balmoral",97,NA,0,"Canterbury",1010,15.5,4.6,NA
"2706","20180412:0000",-42.83025,172.83463,"Balmoral",97,NA,0,"Canterbury",1010,3.2,5.85,NA
"2707","20180413:0000",-42.83025,172.83463,"Balmoral",97,NA,0,"Canterbury",1010,2.9,6.95,NA
"2708","20180414:0000",-42.83025,172.83463,"Balmoral",97,NA,0,"Canterbury",1010,1.4,7.4,NA
"2709","20180415:0000",-42.83025,172.83463,"Balmoral",97,NA,0,"Canterbury",1010,2.9,8.55,NA
"2710","20180416:0000",-42.83025,172.83463,"Balmoral",97,NA,0,"Canterbury",1010,4,11.15,NA
"2711","20180417:0000",-42.83025,172.83463,"Balmoral",97,NA,0,"Canterbury",1010,5.4,14.1,NA
"2712","20180418:0000",-42.83025,172.83463,"Balmoral",97,NA,0,"Canterbury",1010,6.8,10.2,NA
"2713","20180419:0000",-42.83025,172.83463,"Balmoral",97,NA,0,"Canterbury",1010,2.5,9.85,NA
"2714","20180420:0000",-42.83025,172.83463,"Balmoral",97,NA,0,"Canterbury",1010,12.2,14.5,NA
"2715","20180421:0000",-42.83025,172.83463,"Balmoral",97,NA,0,"Canterbury",1010,16.9,14.7,NA
"2716","20180422:0000",-42.83025,172.83463,"Balmoral",97,NA,0,"Canterbury",1010,2.5,8.7,NA
"2717","20180423:0000",-42.83025,172.83463,"Balmoral",97,NA,0,"Canterbury",1010,2.2,7,NA
"2718","20180424:0000",-42.83025,172.83463,"Balmoral",97,NA,0,"Canterbury",1010,5,9.2,NA
"2719","20180425:0000",-42.83025,172.83463,"Balmoral",97,NA,0,"Canterbury",1010,1.4,8.8,NA
"2720","20180426:0000",-42.83025,172.83463,"Balmoral",97,NA,0,"Canterbury",1010,2.2,10.7,NA
"2721","20180427:0000",-42.83025,172.83463,"Balmoral",97,NA,0,"Canterbury",1010,2.2,9.55,NA
"2722","20180428:0000",-42.83025,172.83463,"Balmoral",97,NA,0,"Canterbury",1010,5.4,8.9,NA
"2723","20180429:0000",-42.83025,172.83463,"Balmoral",97,NA,0,"Canterbury",1010,3.2,11.1,NA
"2724","20180430:0000",-42.83025,172.83463,"Balmoral",97,NA,0,"Canterbury",1010,2.5,8.85,NA
"2725","20180501:0000",-42.83025,172.83463,"Balmoral",97,NA,0,"Canterbury",1010,4.3,10.8,NA
"2726","20180502:0000",-42.83025,172.83463,"Balmoral",97,NA,0,"Canterbury",1010,1.4,10.95,NA
"2727","20180503:0000",-42.83025,172.83463,"Balmoral",97,NA,0,"Canterbury",1010,1.8,8,NA
"2728","20180504:0000",-42.83025,172.83463,"Balmoral",97,NA,0,"Canterbury",1010,2.9,8.15,NA
"2729","20180505:0000",-42.83025,172.83463,"Balmoral",97,NA,0,"Canterbury",1010,3.2,11.15,NA
"2730","20180506:0000",-42.83025,172.83463,"Balmoral",97,NA,0,"Canterbury",1010,3.6,11.9,NA
"2731","20180507:0000",-42.83025,172.83463,"Balmoral",97,NA,0,"Canterbury",1010,7.6,10.55,NA
"2732","20180508:0000",-42.83025,172.83463,"Balmoral",97,NA,0,"Canterbury",1010,11.2,14.9,NA
"2733","20180509:0000",-42.83025,172.83463,"Balmoral",97,NA,0,"Canterbury",1010,9,16.4,NA
"2734","20180510:0000",-42.83025,172.83463,"Balmoral",97,NA,0,"Canterbury",1010,3.6,10.25,NA
"2735","20180511:0000",-42.83025,172.83463,"Balmoral",97,NA,0,"Canterbury",1010,2.5,13.15,NA
"2736","20180512:0000",-42.83025,172.83463,"Balmoral",97,NA,0,"Canterbury",1010,4.3,10.4,NA
"2737","20180513:0000",-42.83025,172.83463,"Balmoral",97,NA,0,"Canterbury",1010,5.4,7.7,NA
"2738","20180514:0000",-42.83025,172.83463,"Balmoral",97,NA,0,"Canterbury",1010,2.5,9.6,NA
"2739","20180515:0000",-42.83025,172.83463,"Balmoral",97,NA,0,"Canterbury",1010,2.2,10.65,NA
"2740","20180516:0000",-42.83025,172.83463,"Balmoral",97,NA,0,"Canterbury",1010,2.5,8.65,NA
"2741","20180517:0000",-42.83025,172.83463,"Balmoral",97,NA,0,"Canterbury",1010,2.9,9,NA
"2742","20180518:0000",-42.83025,172.83463,"Balmoral",97,NA,0,"Canterbury",1010,13.3,9.85,NA
"2743","20180519:0000",-42.83025,172.83463,"Balmoral",97,NA,0,"Canterbury",1010,5,11.1,NA
"2744","20180520:0000",-42.83025,172.83463,"Balmoral",97,NA,0,"Canterbury",1010,18,9.75,NA
"2745","20180521:0000",-42.83025,172.83463,"Balmoral",97,NA,0,"Canterbury",1010,19.8,9.05,NA
"2746","20180522:0000",-42.83025,172.83463,"Balmoral",97,NA,0,"Canterbury",1010,14.8,9.65,NA
"2747","20180523:0000",-42.83025,172.83463,"Balmoral",97,NA,0,"Canterbury",1010,4.3,6,NA
"2748","20180524:0000",-42.83025,172.83463,"Balmoral",97,NA,0,"Canterbury",1010,13,5,NA
"2749","20180525:0000",-42.83025,172.83463,"Balmoral",97,NA,0,"Canterbury",1010,3.2,4.95,NA
"2750","20180526:0000",-42.83025,172.83463,"Balmoral",97,NA,0,"Canterbury",1010,5.8,5.55,NA
"2751","20180527:0000",-42.83025,172.83463,"Balmoral",97,NA,0,"Canterbury",1010,2.2,5.95,NA
"2752","20180528:0000",-42.83025,172.83463,"Balmoral",97,NA,0,"Canterbury",1010,14,4.65,NA
"2753","20180529:0000",-42.83025,172.83463,"Balmoral",97,NA,0,"Canterbury",1010,3.2,6.2,NA
"2754","20180530:0000",-42.83025,172.83463,"Balmoral",97,NA,0,"Canterbury",1010,2.2,4,NA
"2755","20180531:0000",-42.83025,172.83463,"Balmoral",97,NA,0,"Canterbury",1010,2.9,3,NA
"2756","20180601:0000",-42.83025,172.83463,"Balmoral",97,NA,0,"Canterbury",1010,4.7,4.35,NA
"2757","20180602:0000",-42.83025,172.83463,"Balmoral",97,NA,0,"Canterbury",1010,2.2,7.45,NA
"2758","20180603:0000",-42.83025,172.83463,"Balmoral",97,NA,0,"Canterbury",1010,5.8,6.5,NA
"2759","20180604:0000",-42.83025,172.83463,"Balmoral",97,NA,0,"Canterbury",1010,2.9,8.15,NA
"2760","20180605:0000",-42.83025,172.83463,"Balmoral",97,NA,0,"Canterbury",1010,2.2,10.55,NA
"2761","20180606:0000",-42.83025,172.83463,"Balmoral",97,NA,0,"Canterbury",1010,19.4,4.15,NA
"2762","20180607:0000",-42.83025,172.83463,"Balmoral",97,NA,0,"Canterbury",1010,2.5,5.6,NA
"2763","20180608:0000",-42.83025,172.83463,"Balmoral",97,NA,0,"Canterbury",1010,2.9,7.75,NA
"2764","20180609:0000",-42.83025,172.83463,"Balmoral",97,NA,0,"Canterbury",1010,9,6.85,NA
"2765","20180610:0000",-42.83025,172.83463,"Balmoral",97,NA,0,"Canterbury",1010,3.6,12.85,NA
"2766","20180611:0000",-42.83025,172.83463,"Balmoral",97,NA,0,"Canterbury",1010,5,8.05,NA
"2767","20180612:0000",-42.83025,172.83463,"Balmoral",97,NA,0,"Canterbury",1010,6.5,7.7,NA
"2768","20180613:0000",-42.83025,172.83463,"Balmoral",97,NA,0,"Canterbury",1010,24.1,8.75,NA
"2769","20180614:0000",-42.83025,172.83463,"Balmoral",97,NA,0,"Canterbury",1010,2.5,7.45,NA
"2770","20180615:0000",-42.83025,172.83463,"Balmoral",97,NA,0,"Canterbury",1010,4.3,7.1,NA
"2771","20180616:0000",-42.83025,172.83463,"Balmoral",97,NA,0,"Canterbury",1010,4.7,6.5,NA
"2772","20180617:0000",-42.83025,172.83463,"Balmoral",97,NA,0,"Canterbury",1010,2.9,8.4,NA
"2773","20180618:0000",-42.83025,172.83463,"Balmoral",97,NA,0,"Canterbury",1010,1.8,2.9,NA
"2774","20180619:0000",-42.83025,172.83463,"Balmoral",97,NA,0,"Canterbury",1010,14.4,4.25,NA
"2775","20180620:0000",-42.83025,172.83463,"Balmoral",97,NA,0,"Canterbury",1010,1.8,5.65,NA
"2776","20180621:0000",-42.83025,172.83463,"Balmoral",97,NA,0,"Canterbury",1010,1.4,4.55,NA
"2777","20180622:0000",-42.83025,172.83463,"Balmoral",97,NA,0,"Canterbury",1010,1.4,0.95,NA
"2778","20180623:0000",-42.83025,172.83463,"Balmoral",97,NA,0,"Canterbury",1010,2.2,3.45,NA
"2779","20180624:0000",-42.83025,172.83463,"Balmoral",97,NA,0,"Canterbury",1010,8.3,5.35,NA
"2780","20180625:0000",-42.83025,172.83463,"Balmoral",97,NA,0,"Canterbury",1010,8.6,6.55,NA
"2781","20180626:0000",-42.83025,172.83463,"Balmoral",97,NA,0,"Canterbury",1010,3.6,2.85,NA
"2782","20180627:0000",-42.83025,172.83463,"Balmoral",97,NA,0,"Canterbury",1010,2.2,5.45,NA
"2783","20180628:0000",-42.83025,172.83463,"Balmoral",97,NA,0,"Canterbury",1010,2.5,5.45,NA
"2784","20180629:0000",-42.83025,172.83463,"Balmoral",97,NA,0,"Canterbury",1010,3.6,4.1,NA
"2785","20180630:0000",-42.83025,172.83463,"Balmoral",97,NA,0,"Canterbury",1010,1.8,2.2,NA
"2786","20180701:0000",-42.83025,172.83463,"Balmoral",97,NA,0,"Canterbury",1010,5,6.8,NA
"2787","20180702:0000",-42.83025,172.83463,"Balmoral",97,NA,0,"Canterbury",1010,2.9,6.45,NA
"2788","20180703:0000",-42.83025,172.83463,"Balmoral",97,NA,0,"Canterbury",1010,3.6,4.05,NA
"2789","20180704:0000",-42.83025,172.83463,"Balmoral",97,NA,0,"Canterbury",1010,2.9,3.95,NA
"2790","20180705:0000",-42.83025,172.83463,"Balmoral",97,NA,0,"Canterbury",1010,1.8,2.2,NA
"2791","20180706:0000",-42.83025,172.83463,"Balmoral",97,NA,0,"Canterbury",1010,3.2,6.9,NA
"2792","20180707:0000",-42.83025,172.83463,"Balmoral",97,NA,0,"Canterbury",1010,18.4,9.65,NA
"2793","20180708:0000",-42.83025,172.83463,"Balmoral",97,NA,0,"Canterbury",1010,5,7.4,NA
"2794","20180709:0000",-42.83025,172.83463,"Balmoral",97,NA,0,"Canterbury",1010,20.9,8.8,NA
"2795","20180710:0000",-42.83025,172.83463,"Balmoral",97,NA,0,"Canterbury",1010,3.2,7.6,NA
"2796","20180711:0000",-42.83025,172.83463,"Balmoral",97,NA,0,"Canterbury",1010,3.6,4.85,NA
"2797","20180712:0000",-42.83025,172.83463,"Balmoral",97,NA,0,"Canterbury",1010,3.2,4.3,NA
"2798","20180713:0000",-42.83025,172.83463,"Balmoral",97,NA,0,"Canterbury",1010,3.2,3.75,NA
"2799","20180714:0000",-42.83025,172.83463,"Balmoral",97,NA,0,"Canterbury",1010,3.2,5.6,NA
"2800","20180715:0000",-42.83025,172.83463,"Balmoral",97,NA,0,"Canterbury",1010,3.6,1.6,NA
"2801","20180716:0000",-42.83025,172.83463,"Balmoral",97,NA,0,"Canterbury",1010,2.9,7.2,NA
"2802","20180717:0000",-42.83025,172.83463,"Balmoral",97,NA,0,"Canterbury",1010,8.6,10.25,NA
"2803","20180718:0000",-42.83025,172.83463,"Balmoral",97,NA,0,"Canterbury",1010,2.2,4.4,NA
"2804","20180719:0000",-42.83025,172.83463,"Balmoral",97,NA,0,"Canterbury",1010,3.6,5.8,NA
"2805","20180720:0000",-42.83025,172.83463,"Balmoral",97,NA,0,"Canterbury",1010,2.5,5.8,NA
"2806","20180721:0000",-42.83025,172.83463,"Balmoral",97,NA,0,"Canterbury",1010,7.9,7.5,NA
"2807","20180722:0000",-42.83025,172.83463,"Balmoral",97,NA,0,"Canterbury",1010,7.9,9.55,NA
"2808","20180723:0000",-42.83025,172.83463,"Balmoral",97,NA,0,"Canterbury",1010,7.6,5.85,NA
"2809","20180724:0000",-42.83025,172.83463,"Balmoral",97,NA,0,"Canterbury",1010,3.2,5.6,NA
"2810","20180725:0000",-42.83025,172.83463,"Balmoral",97,NA,0,"Canterbury",1010,2.9,5.2,NA
"2811","20180726:0000",-42.83025,172.83463,"Balmoral",97,NA,0,"Canterbury",1010,5.8,6,NA
"2812","20180727:0000",-42.83025,172.83463,"Balmoral",97,NA,0,"Canterbury",1010,12.6,6.3,NA
"2813","20180728:0000",-42.83025,172.83463,"Balmoral",97,NA,0,"Canterbury",1010,5.8,7.95,NA
"2814","20180729:0000",-42.83025,172.83463,"Balmoral",97,NA,0,"Canterbury",1010,9.7,10,NA
"2815","20180730:0000",-42.83025,172.83463,"Balmoral",97,NA,0,"Canterbury",1010,3.6,5.45,NA
"2816","20180731:0000",-42.83025,172.83463,"Balmoral",97,NA,0,"Canterbury",1010,2.5,8.75,NA
"2817","20180801:0000",-42.83025,172.83463,"Balmoral",97,NA,0,"Canterbury",1010,7.2,8.85,NA
"2818","20180802:0000",-42.83025,172.83463,"Balmoral",97,NA,0,"Canterbury",1010,4,6,NA
"2819","20180803:0000",-42.83025,172.83463,"Balmoral",97,NA,0,"Canterbury",1010,2.9,6.45,NA
"2820","20180804:0000",-42.83025,172.83463,"Balmoral",97,NA,0,"Canterbury",1010,2.9,7.2,NA
"2821","20180805:0000",-42.83025,172.83463,"Balmoral",97,NA,0,"Canterbury",1010,7.6,4.9,NA
"2822","20180806:0000",-42.83025,172.83463,"Balmoral",97,NA,0,"Canterbury",1010,2.9,4.9,NA
"2823","20180807:0000",-42.83025,172.83463,"Balmoral",97,NA,0,"Canterbury",1010,5,10.5,NA
"2824","20180808:0000",-42.83025,172.83463,"Balmoral",97,NA,0,"Canterbury",1010,4,10.35,NA
"2825","20180809:0000",-42.83025,172.83463,"Balmoral",97,NA,0,"Canterbury",1010,3.2,8.25,NA
"2826","20180810:0000",-42.83025,172.83463,"Balmoral",97,NA,0,"Canterbury",1010,15.8,6.25,NA
"2827","20180811:0000",-42.83025,172.83463,"Balmoral",97,NA,0,"Canterbury",1010,1.1,6,NA
"2828","20180812:0000",-42.83025,172.83463,"Balmoral",97,NA,0,"Canterbury",1010,0.7,7.5,NA
"2829","20180813:0000",-42.83025,172.83463,"Balmoral",97,NA,0,"Canterbury",1010,3.6,6.95,NA
"2830","20180814:0000",-42.83025,172.83463,"Balmoral",97,NA,0,"Canterbury",1010,4.3,5.5,NA
"2831","20180815:0000",-42.83025,172.83463,"Balmoral",97,NA,0,"Canterbury",1010,3.6,9,NA
"2832","20180816:0000",-42.83025,172.83463,"Balmoral",97,NA,0,"Canterbury",1010,13,7.85,NA
"2833","20180817:0000",-42.83025,172.83463,"Balmoral",97,NA,0,"Canterbury",1010,3.6,10.1,NA
"2834","20180818:0000",-42.83025,172.83463,"Balmoral",97,NA,0,"Canterbury",1010,5.4,7.85,NA
"2835","20180819:0000",-42.83025,172.83463,"Balmoral",97,NA,0,"Canterbury",1010,2.9,3.65,NA
"2836","20180820:0000",-42.83025,172.83463,"Balmoral",97,NA,0,"Canterbury",1010,4.3,4.7,NA
"2837","20180821:0000",-42.83025,172.83463,"Balmoral",97,NA,0,"Canterbury",1010,5.8,6.25,NA
"2838","20180822:0000",-42.83025,172.83463,"Balmoral",97,NA,0,"Canterbury",1010,5.8,6.35,NA
"2839","20180823:0000",-42.83025,172.83463,"Balmoral",97,NA,0,"Canterbury",1010,2.2,4.25,NA
"2840","20180824:0000",-42.83025,172.83463,"Balmoral",97,NA,0,"Canterbury",1010,10.8,5.35,NA
"2841","20180825:0000",-42.83025,172.83463,"Balmoral",97,NA,0,"Canterbury",1010,24.5,4.3,NA
"2842","20180826:0000",-42.83025,172.83463,"Balmoral",97,NA,0,"Canterbury",1010,2.5,7.85,NA
"2843","20180827:0000",-42.83025,172.83463,"Balmoral",97,NA,0,"Canterbury",1010,4.7,7.9,NA
"2844","20180828:0000",-42.83025,172.83463,"Balmoral",97,NA,0,"Canterbury",1010,5,7.75,NA
"2845","20180829:0000",-42.83025,172.83463,"Balmoral",97,NA,0,"Canterbury",1010,1.8,9.1,NA
"2846","20180830:0000",-42.83025,172.83463,"Balmoral",97,NA,0,"Canterbury",1010,3.6,8.8,NA
"2847","20180831:0000",-42.83025,172.83463,"Balmoral",97,NA,0,"Canterbury",1010,16.6,4.9,NA
"2848","20180901:0000",-42.83025,172.83463,"Balmoral",97,NA,0,"Canterbury",1010,2.2,9.9,NA
"2849","20180902:0000",-42.83025,172.83463,"Balmoral",97,NA,0,"Canterbury",1010,3.6,7.75,NA
"2850","20180903:0000",-42.83025,172.83463,"Balmoral",97,NA,0,"Canterbury",1010,27.7,6.25,NA
"2851","20180904:0000",-42.83025,172.83463,"Balmoral",97,NA,0,"Canterbury",1010,13.7,7.05,NA
"2852","20180905:0000",-42.83025,172.83463,"Balmoral",97,NA,0,"Canterbury",1010,4.7,5.55,NA
"2853","20180906:0000",-42.83025,172.83463,"Balmoral",97,NA,0,"Canterbury",1010,2.9,6.35,NA
"2854","20180907:0000",-42.83025,172.83463,"Balmoral",97,NA,0,"Canterbury",1010,6.5,4.95,NA
"2855","20180908:0000",-42.83025,172.83463,"Balmoral",97,NA,0,"Canterbury",1010,1.4,3.85,NA
"2856","20180909:0000",-42.83025,172.83463,"Balmoral",97,NA,0,"Canterbury",1010,4.3,5.65,NA
"2857","20180910:0000",-42.83025,172.83463,"Balmoral",97,NA,0,"Canterbury",1010,4,5.55,NA
"2858","20180911:0000",-42.83025,172.83463,"Balmoral",97,NA,0,"Canterbury",1010,3.6,8.4,NA
"2859","20180912:0000",-42.83025,172.83463,"Balmoral",97,NA,0,"Canterbury",1010,1.4,8.75,NA
"2860","20180913:0000",-42.83025,172.83463,"Balmoral",97,NA,0,"Canterbury",1010,4,11.6,NA
"2861","20180914:0000",-42.83025,172.83463,"Balmoral",97,NA,0,"Canterbury",1010,19.8,15.1,NA
"2862","20180915:0000",-42.83025,172.83463,"Balmoral",97,NA,0,"Canterbury",1010,4.7,10.95,NA
"2863","20180916:0000",-42.83025,172.83463,"Balmoral",97,NA,0,"Canterbury",1010,13.7,11.2,NA
"2864","20180917:0000",-42.83025,172.83463,"Balmoral",97,NA,0,"Canterbury",1010,2.9,13.25,NA
"2865","20180918:0000",-42.83025,172.83463,"Balmoral",97,NA,0,"Canterbury",1010,6.1,8,NA
"2866","20180919:0000",-42.83025,172.83463,"Balmoral",97,NA,0,"Canterbury",1010,1.8,9.2,NA
"2867","20180920:0000",-42.83025,172.83463,"Balmoral",97,NA,0,"Canterbury",1010,2.5,9.9,NA
"2868","20180921:0000",-42.83025,172.83463,"Balmoral",97,NA,0,"Canterbury",1010,2.9,9.4,NA
"2869","20180922:0000",-42.83025,172.83463,"Balmoral",97,NA,0,"Canterbury",1010,4.3,9.55,NA
"2870","20180923:0000",-42.83025,172.83463,"Balmoral",97,NA,0,"Canterbury",1010,1.8,10.75,NA
"2871","20180924:0000",-42.83025,172.83463,"Balmoral",97,NA,0,"Canterbury",1010,4.3,10.05,NA
"2872","20180925:0000",-42.83025,172.83463,"Balmoral",97,NA,0,"Canterbury",1010,22.3,8.7,NA
"2873","20180926:0000",-42.83025,172.83463,"Balmoral",97,NA,0,"Canterbury",1010,9.4,8.95,NA
"2874","20180927:0000",-42.83025,172.83463,"Balmoral",97,NA,0,"Canterbury",1010,2.9,9.55,NA
"2875","20180928:0000",-42.83025,172.83463,"Balmoral",97,NA,0,"Canterbury",1010,2.2,7.7,NA
"2876","20180929:0000",-42.83025,172.83463,"Balmoral",97,NA,0,"Canterbury",1010,4.7,8,NA
"2877","20180930:0000",-42.83025,172.83463,"Balmoral",97,NA,0,"Canterbury",1010,16.9,11.7,NA
"2878","20181001:0000",-42.83025,172.83463,"Balmoral",97,NA,0,"Canterbury",1010,4.3,12.8,NA
"2879","20181002:0000",-42.83025,172.83463,"Balmoral",97,NA,0,"Canterbury",1010,1.4,10.95,NA
"2880","20181003:0000",-42.83025,172.83463,"Balmoral",97,NA,0,"Canterbury",1010,2.2,11.1,NA
"2881","20181004:0000",-42.83025,172.83463,"Balmoral",97,NA,0,"Canterbury",1010,7.9,10.3,NA
"2882","20181005:0000",-42.83025,172.83463,"Balmoral",97,NA,0,"Canterbury",1010,6.8,9.1,NA
"2883","20181006:0000",-42.83025,172.83463,"Balmoral",97,NA,0,"Canterbury",1010,6.5,11.7,NA
"2884","20181007:0000",-42.83025,172.83463,"Balmoral",97,NA,0,"Canterbury",1010,4.7,10.1,NA
"2885","20181008:0000",-42.83025,172.83463,"Balmoral",97,NA,0,"Canterbury",1010,4,9.65,NA
"2886","20181009:0000",-42.83025,172.83463,"Balmoral",97,NA,0,"Canterbury",1010,2.5,9,NA
"2887","20181010:0000",-42.83025,172.83463,"Balmoral",97,NA,0,"Canterbury",1010,14.4,11.1,NA
"2888","20181011:0000",-42.83025,172.83463,"Balmoral",97,NA,0,"Canterbury",1010,5.4,9.65,NA
"2889","20181012:0000",-42.83025,172.83463,"Balmoral",97,NA,0,"Canterbury",1010,15.8,6.15,NA
"2890","20181013:0000",-42.83025,172.83463,"Balmoral",97,NA,0,"Canterbury",1010,13.3,7.5,NA
"2891","20181014:0000",-42.83025,172.83463,"Balmoral",97,NA,0,"Canterbury",1010,13.7,7.5,NA
"2892","20181015:0000",-42.83025,172.83463,"Balmoral",97,NA,0,"Canterbury",1010,2.2,5.8,NA
"2893","20181016:0000",-42.83025,172.83463,"Balmoral",97,NA,0,"Canterbury",1010,1.8,11.3,NA
"2894","20181017:0000",-42.83025,172.83463,"Balmoral",97,NA,0,"Canterbury",1010,5.8,11.6,NA
"2895","20181018:0000",-42.83025,172.83463,"Balmoral",97,NA,0,"Canterbury",1010,9,12.8,NA
"2896","20181019:0000",-42.83025,172.83463,"Balmoral",97,NA,0,"Canterbury",1010,2.9,12.05,NA
"2897","20181020:0000",-42.83025,172.83463,"Balmoral",97,NA,0,"Canterbury",1010,3.6,14.55,NA
"2898","20181021:0000",-42.83025,172.83463,"Balmoral",97,NA,0,"Canterbury",1010,1.8,14.9,NA
"2899","20181022:0000",-42.83025,172.83463,"Balmoral",97,NA,0,"Canterbury",1010,2.5,16.1,NA
"2900","20181023:0000",-42.83025,172.83463,"Balmoral",97,NA,0,"Canterbury",1010,1.4,15.95,NA
"2901","20181024:0000",-42.83025,172.83463,"Balmoral",97,NA,0,"Canterbury",1010,1.8,16,NA
"2902","20181025:0000",-42.83025,172.83463,"Balmoral",97,NA,0,"Canterbury",1010,2.2,14.45,NA
"2903","20181026:0000",-42.83025,172.83463,"Balmoral",97,NA,0,"Canterbury",1010,4.7,9.45,NA
"2904","20181027:0000",-42.83025,172.83463,"Balmoral",97,NA,0,"Canterbury",1010,5,11.4,NA
"2905","20181028:0000",-42.83025,172.83463,"Balmoral",97,NA,0,"Canterbury",1010,2.5,10.25,NA
"2906","20181029:0000",-42.83025,172.83463,"Balmoral",97,NA,0,"Canterbury",1010,6.8,11.4,NA
"2907","20181030:0000",-42.83025,172.83463,"Balmoral",97,NA,0,"Canterbury",1010,13.7,9.8,NA
"2908","20181031:0000",-42.83025,172.83463,"Balmoral",97,NA,0,"Canterbury",1010,2.9,9.55,NA
"2909","20181101:0000",-42.83025,172.83463,"Balmoral",97,NA,0,"Canterbury",1010,16.2,8.95,NA
"2910","20181102:0000",-42.83025,172.83463,"Balmoral",97,NA,0,"Canterbury",1010,5,9,NA
"2911","20181103:0000",-42.83025,172.83463,"Balmoral",97,NA,0,"Canterbury",1010,5.4,16.7,NA
"2912","20181104:0000",-42.83025,172.83463,"Balmoral",97,NA,0,"Canterbury",1010,7.6,12.25,NA
"2913","20181105:0000",-42.83025,172.83463,"Balmoral",97,NA,0,"Canterbury",1010,5,13.4,NA
"2914","20181106:0000",-42.83025,172.83463,"Balmoral",97,NA,0,"Canterbury",1010,2.5,13.9,NA
"2915","20181107:0000",-42.83025,172.83463,"Balmoral",97,NA,0,"Canterbury",1010,4,15.05,NA
"2916","20181108:0000",-42.83025,172.83463,"Balmoral",97,NA,0,"Canterbury",1010,11.9,20.95,NA
"2917","20181109:0000",-42.83025,172.83463,"Balmoral",97,NA,0,"Canterbury",1010,9,9.9,NA
"2918","20181110:0000",-42.83025,172.83463,"Balmoral",97,NA,0,"Canterbury",1010,3.6,8.8,NA
"2919","20181111:0000",-42.83025,172.83463,"Balmoral",97,NA,0,"Canterbury",1010,2.9,11,NA
"2920","20181112:0000",-42.83025,172.83463,"Balmoral",97,NA,0,"Canterbury",1010,1.8,12.15,NA
"2921","20181113:0000",-42.83025,172.83463,"Balmoral",97,NA,0,"Canterbury",1010,2.2,11.75,NA
"2922","20181114:0000",-42.83025,172.83463,"Balmoral",97,NA,0,"Canterbury",1010,2.2,14.95,NA
"2923","20181115:0000",-42.83025,172.83463,"Balmoral",97,NA,0,"Canterbury",1010,3.2,15.9,NA
"2924","20181116:0000",-42.83025,172.83463,"Balmoral",97,NA,0,"Canterbury",1010,4.3,16.6,NA
"2925","20181117:0000",-42.83025,172.83463,"Balmoral",97,NA,0,"Canterbury",1010,4.3,16.15,NA
"2926","20181118:0000",-42.83025,172.83463,"Balmoral",97,NA,0,"Canterbury",1010,10.1,14.25,NA
"2927","20181119:0000",-42.83025,172.83463,"Balmoral",97,NA,0,"Canterbury",1010,5,7.25,NA
"2928","20181120:0000",-42.83025,172.83463,"Balmoral",97,NA,0,"Canterbury",1010,4,6.05,NA
"2929","20181121:0000",-42.83025,172.83463,"Balmoral",97,NA,0,"Canterbury",1010,5,8.15,NA
"2930","20181122:0000",-42.83025,172.83463,"Balmoral",97,NA,0,"Canterbury",1010,3.2,9.7,NA
"2931","20181123:0000",-42.83025,172.83463,"Balmoral",97,NA,0,"Canterbury",1010,2.9,11.7,NA
"2932","20181124:0000",-42.83025,172.83463,"Balmoral",97,NA,0,"Canterbury",1010,2.9,14.95,NA
"2933","20181125:0000",-42.83025,172.83463,"Balmoral",97,NA,0,"Canterbury",1010,6.8,14.5,NA
"2934","20181126:0000",-42.83025,172.83463,"Balmoral",97,NA,0,"Canterbury",1010,11.5,12.35,NA
"2935","20181127:0000",-42.83025,172.83463,"Balmoral",97,NA,0,"Canterbury",1010,7.9,12.2,NA
"2936","20181128:0000",-42.83025,172.83463,"Balmoral",97,NA,0,"Canterbury",1010,8.6,13.55,NA
"2937","20181129:0000",-42.83025,172.83463,"Balmoral",97,NA,0,"Canterbury",1010,3.2,14.1,NA
"2938","20181130:0000",-42.83025,172.83463,"Balmoral",97,NA,0,"Canterbury",1010,3.6,13.85,NA
"2939","20181201:0000",-42.83025,172.83463,"Balmoral",97,NA,0,"Canterbury",1010,3.2,15.15,NA
"2940","20181202:0000",-42.83025,172.83463,"Balmoral",97,NA,0,"Canterbury",1010,3.6,16.5,NA
"2941","20181203:0000",-42.83025,172.83463,"Balmoral",97,NA,0,"Canterbury",1010,6.1,17.9,NA
"2942","20181204:0000",-42.83025,172.83463,"Balmoral",97,NA,0,"Canterbury",1010,6.8,17.45,NA
"2943","20181205:0000",-42.83025,172.83463,"Balmoral",97,NA,0,"Canterbury",1010,5.8,14.9,NA
"2944","20181206:0000",-42.83025,172.83463,"Balmoral",97,NA,0,"Canterbury",1010,2.9,12.05,NA
"2945","20181207:0000",-42.83025,172.83463,"Balmoral",97,NA,0,"Canterbury",1010,2.2,13.55,NA
"2946","20181208:0000",-42.83025,172.83463,"Balmoral",97,NA,0,"Canterbury",1010,2.5,16.5,NA
"2947","20181209:0000",-42.83025,172.83463,"Balmoral",97,NA,0,"Canterbury",1010,4,19.3,NA
"2948","20181210:0000",-42.83025,172.83463,"Balmoral",97,NA,0,"Canterbury",1010,9,13.75,NA
"2949","20181211:0000",-42.83025,172.83463,"Balmoral",97,NA,0,"Canterbury",1010,3.6,13.5,NA
"2950","20181212:0000",-42.83025,172.83463,"Balmoral",97,NA,0,"Canterbury",1010,2.9,15.9,NA
"2951","20181213:0000",-42.83025,172.83463,"Balmoral",97,NA,0,"Canterbury",1010,2.9,15.25,NA
"2952","20181214:0000",-42.83025,172.83463,"Balmoral",97,NA,0,"Canterbury",1010,4.7,17.3,NA
"2953","20181215:0000",-42.83025,172.83463,"Balmoral",97,NA,0,"Canterbury",1010,2.2,17.9,NA
"2954","20181216:0000",-42.83025,172.83463,"Balmoral",97,NA,0,"Canterbury",1010,4,16.35,NA
"2955","20181217:0000",-42.83025,172.83463,"Balmoral",97,NA,0,"Canterbury",1010,2.2,18.55,NA
"2956","20181218:0000",-42.83025,172.83463,"Balmoral",97,NA,0,"Canterbury",1010,27.4,17.8,NA
"2957","20181219:0000",-42.83025,172.83463,"Balmoral",97,NA,0,"Canterbury",1010,1.4,14.6,NA
"2958","20181220:0000",-42.83025,172.83463,"Balmoral",97,NA,0,"Canterbury",1010,8.6,11.3,NA
"2959","20181221:0000",-42.83025,172.83463,"Balmoral",97,NA,0,"Canterbury",1010,3.2,13.6,NA
"2960","20181222:0000",-42.83025,172.83463,"Balmoral",97,NA,0,"Canterbury",1010,4,16.2,NA
"2961","20181223:0000",-42.83025,172.83463,"Balmoral",97,NA,0,"Canterbury",1010,6.1,12.5,NA
"2962","20181224:0000",-42.83025,172.83463,"Balmoral",97,NA,0,"Canterbury",1010,2.9,13.1,NA
"2963","20181225:0000",-42.83025,172.83463,"Balmoral",97,NA,0,"Canterbury",1010,9.4,15.6,NA
"2964","20181226:0000",-42.83025,172.83463,"Balmoral",97,NA,0,"Canterbury",1010,5,13.3,NA
"2965","20181227:0000",-42.83025,172.83463,"Balmoral",97,NA,0,"Canterbury",1010,2.2,12.4,NA
"2966","20181228:0000",-42.83025,172.83463,"Balmoral",97,NA,0,"Canterbury",1010,2.9,15.35,NA
"2967","20181229:0000",-42.83025,172.83463,"Balmoral",97,NA,0,"Canterbury",1010,6.8,18.4,NA
"2968","20181230:0000",-42.83025,172.83463,"Balmoral",97,NA,0,"Canterbury",1010,4.3,18.5,NA
"2969","20181231:0000",-42.83025,172.83463,"Balmoral",97,NA,0,"Canterbury",1010,9.7,22.75,NA
"2970","20190101:0000",-42.83025,172.83463,"Balmoral",97,NA,0,"Canterbury",1010,3.6,21.6,NA
"2971","20190102:0000",-42.83025,172.83463,"Balmoral",97,NA,0,"Canterbury",1010,11.5,20.8,NA
"2972","20190103:0000",-42.83025,172.83463,"Balmoral",97,NA,0,"Canterbury",1010,5.4,21.9,NA
"2973","20190104:0000",-42.83025,172.83463,"Balmoral",97,NA,0,"Canterbury",1010,4.3,17.5,NA
"2974","20190105:0000",-42.83025,172.83463,"Balmoral",97,NA,0,"Canterbury",1010,2.2,20,NA
"2975","20190106:0000",-42.83025,172.83463,"Balmoral",97,NA,0,"Canterbury",1010,22,22.9,NA
"2976","20190107:0000",-42.83025,172.83463,"Balmoral",97,NA,0,"Canterbury",1010,7.2,17.7,NA
"2977","20190108:0000",-42.83025,172.83463,"Balmoral",97,NA,0,"Canterbury",1010,1.8,15.05,NA
"2978","20190109:0000",-42.83025,172.83463,"Balmoral",97,NA,0,"Canterbury",1010,12.2,20.85,NA
"2979","20190110:0000",-42.83025,172.83463,"Balmoral",97,NA,0,"Canterbury",1010,3.6,22.45,NA
"2980","20190111:0000",-42.83025,172.83463,"Balmoral",97,NA,0,"Canterbury",1010,7.9,20.6,NA
"2981","20190112:0000",-42.83025,172.83463,"Balmoral",97,NA,0,"Canterbury",1010,6.8,14.55,NA
"2982","20190113:0000",-42.83025,172.83463,"Balmoral",97,NA,0,"Canterbury",1010,4.3,16.25,NA
"2983","20190114:0000",-42.83025,172.83463,"Balmoral",97,NA,0,"Canterbury",1010,16.2,12.9,NA
"2984","20190115:0000",-42.83025,172.83463,"Balmoral",97,NA,0,"Canterbury",1010,3.6,14.7,NA
"2985","20190116:0000",-42.83025,172.83463,"Balmoral",97,NA,0,"Canterbury",1010,3.2,15.05,NA
"2986","20190117:0000",-42.83025,172.83463,"Balmoral",97,NA,0,"Canterbury",1010,1.8,18.5,NA
"2987","20190118:0000",-42.83025,172.83463,"Balmoral",97,NA,0,"Canterbury",1010,4.7,18.05,NA
"2988","20190119:0000",-42.83025,172.83463,"Balmoral",97,NA,0,"Canterbury",1010,2.9,18.65,NA
"2989","20190120:0000",-42.83025,172.83463,"Balmoral",97,NA,0,"Canterbury",1010,20.2,17.9,NA
"2990","20190121:0000",-42.83025,172.83463,"Balmoral",97,NA,0,"Canterbury",1010,28.4,18.25,NA
"2991","20190122:0000",-42.83025,172.83463,"Balmoral",97,NA,0,"Canterbury",1010,3.2,15.8,NA
"2992","20190123:0000",-42.83025,172.83463,"Balmoral",97,NA,0,"Canterbury",1010,12.6,21.55,NA
"2993","20190124:0000",-42.83025,172.83463,"Balmoral",97,NA,0,"Canterbury",1010,3.6,14.3,NA
"2994","20190125:0000",-42.83025,172.83463,"Balmoral",97,NA,0,"Canterbury",1010,2.2,14,NA
"2995","20190126:0000",-42.83025,172.83463,"Balmoral",97,NA,0,"Canterbury",1010,2.5,17.9,NA
"2996","20190127:0000",-42.83025,172.83463,"Balmoral",97,NA,0,"Canterbury",1010,6.1,21.95,NA
"2997","20190128:0000",-42.83025,172.83463,"Balmoral",97,NA,0,"Canterbury",1010,8.6,24.3,NA
"2998","20190129:0000",-42.83025,172.83463,"Balmoral",97,NA,0,"Canterbury",1010,5,22.15,NA
"2999","20190130:0000",-42.83025,172.83463,"Balmoral",97,NA,0,"Canterbury",1010,2.5,24.15,NA
"3000","20190131:0000",-42.83025,172.83463,"Balmoral",97,NA,0,"Canterbury",1010,2.5,23.8,NA
"3001","20190201:0000",-42.83025,172.83463,"Balmoral",97,NA,0,"Canterbury",1010,32,22.65,NA
"3002","20190202:0000",-42.83025,172.83463,"Balmoral",97,NA,0,"Canterbury",1010,1.1,15.25,NA
"3003","20190203:0000",-42.83025,172.83463,"Balmoral",97,NA,0,"Canterbury",1010,3.6,16.65,NA
"3004","20190204:0000",-42.83025,172.83463,"Balmoral",97,NA,0,"Canterbury",1010,2.9,18.45,NA
"3005","20190205:0000",-42.83025,172.83463,"Balmoral",97,NA,0,"Canterbury",1010,11.9,20.8,NA
"3006","20190206:0000",-42.83025,172.83463,"Balmoral",97,NA,0,"Canterbury",1010,5.8,12.15,NA
"3007","20190207:0000",-42.83025,172.83463,"Balmoral",97,NA,0,"Canterbury",1010,2.2,13.05,NA
"3008","20190208:0000",-42.83025,172.83463,"Balmoral",97,NA,0,"Canterbury",1010,1.8,14.95,NA
"3009","20190209:0000",-42.83025,172.83463,"Balmoral",97,NA,0,"Canterbury",1010,2.5,18,NA
"3010","20190210:0000",-42.83025,172.83463,"Balmoral",97,NA,0,"Canterbury",1010,2.5,18.4,NA
"3011","20190211:0000",-42.83025,172.83463,"Balmoral",97,NA,0,"Canterbury",1010,2.5,18.75,NA
"3012","20190212:0000",-42.83025,172.83463,"Balmoral",97,NA,0,"Canterbury",1010,6.5,19.9,NA
"3013","20190213:0000",-42.83025,172.83463,"Balmoral",97,NA,0,"Canterbury",1010,4,18.75,NA
"3014","20190214:0000",-42.83025,172.83463,"Balmoral",97,NA,0,"Canterbury",1010,2.2,20.25,NA
"3015","20190215:0000",-42.83025,172.83463,"Balmoral",97,NA,0,"Canterbury",1010,2.5,19.25,NA
"3016","20190216:0000",-42.83025,172.83463,"Balmoral",97,NA,0,"Canterbury",1010,14.8,12.5,NA
"3017","20190217:0000",-42.83025,172.83463,"Balmoral",97,NA,0,"Canterbury",1010,1.4,15.15,NA
"3018","20190218:0000",-42.83025,172.83463,"Balmoral",97,NA,0,"Canterbury",1010,2.2,17.35,NA
"3019","20190219:0000",-42.83025,172.83463,"Balmoral",97,NA,0,"Canterbury",1010,2.5,18.75,NA
"3020","20190220:0000",-42.83025,172.83463,"Balmoral",97,NA,0,"Canterbury",1010,15.1,22.9,NA
"3021","20190221:0000",-42.83025,172.83463,"Balmoral",97,NA,0,"Canterbury",1010,2.9,19.55,NA
"3022","20190222:0000",-42.83025,172.83463,"Balmoral",97,NA,0,"Canterbury",1010,18.7,19.75,NA
"3023","20190223:0000",-42.83025,172.83463,"Balmoral",97,NA,0,"Canterbury",1010,2.9,12.35,NA
"3024","20190224:0000",-42.83025,172.83463,"Balmoral",97,NA,0,"Canterbury",1010,13.3,11.15,NA
"3025","20190225:0000",-42.83025,172.83463,"Balmoral",97,NA,0,"Canterbury",1010,13.7,10.8,NA
"3026","20190226:0000",-42.83025,172.83463,"Balmoral",97,NA,0,"Canterbury",1010,2.2,14.5,NA
"3027","20190227:0000",-42.83025,172.83463,"Balmoral",97,NA,0,"Canterbury",1010,23.8,14.8,NA
"3028","20190228:0000",-42.83025,172.83463,"Balmoral",97,NA,0,"Canterbury",1010,7.2,10.75,NA
"3029","20190301:0000",-42.83025,172.83463,"Balmoral",97,NA,0,"Canterbury",1010,2.9,11.4,NA
"3030","20190302:0000",-42.83025,172.83463,"Balmoral",97,NA,0,"Canterbury",1010,1.8,12.85,NA
"3031","20190303:0000",-42.83025,172.83463,"Balmoral",97,NA,0,"Canterbury",1010,2.5,16.3,NA
"3032","20190304:0000",-42.83025,172.83463,"Balmoral",97,NA,0,"Canterbury",1010,2.2,15.85,NA
"3033","20190305:0000",-42.83025,172.83463,"Balmoral",97,NA,0,"Canterbury",1010,2.2,17.05,NA
"3034","20190306:0000",-42.83025,172.83463,"Balmoral",97,NA,0,"Canterbury",1010,2.5,18.65,NA
"3035","20190307:0000",-42.83025,172.83463,"Balmoral",97,NA,0,"Canterbury",1010,23.8,19.1,NA
"3036","20190308:0000",-42.83025,172.83463,"Balmoral",97,NA,0,"Canterbury",1010,14.4,11.15,NA
"3037","20190309:0000",-42.83025,172.83463,"Balmoral",97,NA,0,"Canterbury",1010,2.2,12.85,NA
"3038","20190310:0000",-42.83025,172.83463,"Balmoral",97,NA,0,"Canterbury",1010,4.7,13.1,NA
"3039","20190311:0000",-42.83025,172.83463,"Balmoral",97,NA,0,"Canterbury",1010,1.4,16.05,NA
"3040","20190312:0000",-42.83025,172.83463,"Balmoral",97,NA,0,"Canterbury",1010,5,18.65,NA
"3041","20190313:0000",-42.83025,172.83463,"Balmoral",97,NA,0,"Canterbury",1010,3.2,19.1,NA
"3042","20190314:0000",-42.83025,172.83463,"Balmoral",97,NA,0,"Canterbury",1010,3.2,14.7,NA
"3043","20190315:0000",-42.83025,172.83463,"Balmoral",97,NA,0,"Canterbury",1010,3.6,17,NA
"3044","20190316:0000",-42.83025,172.83463,"Balmoral",97,NA,0,"Canterbury",1010,4,18.6,NA
"3045","20190317:0000",-42.83025,172.83463,"Balmoral",97,NA,0,"Canterbury",1010,3.6,14.85,NA
"3046","20190318:0000",-42.83025,172.83463,"Balmoral",97,NA,0,"Canterbury",1010,2.9,17.35,NA
"3047","20190319:0000",-42.83025,172.83463,"Balmoral",97,NA,0,"Canterbury",1010,1.8,16.3,NA
"3048","20190320:0000",-42.83025,172.83463,"Balmoral",97,NA,0,"Canterbury",1010,2.5,17.3,NA
"3049","20190321:0000",-42.83025,172.83463,"Balmoral",97,NA,0,"Canterbury",1010,2.2,14.45,NA
"3050","20190322:0000",-42.83025,172.83463,"Balmoral",97,NA,0,"Canterbury",1010,2.9,16.8,NA
"3051","20190323:0000",-42.83025,172.83463,"Balmoral",97,NA,0,"Canterbury",1010,2.2,16.85,NA
"3052","20190324:0000",-42.83025,172.83463,"Balmoral",97,NA,0,"Canterbury",1010,2.5,19.8,NA
"3053","20190325:0000",-42.83025,172.83463,"Balmoral",97,NA,0,"Canterbury",1010,5,17.85,NA
"3054","20190326:0000",-42.83025,172.83463,"Balmoral",97,NA,0,"Canterbury",1010,13.3,21.8,NA
"3055","20190327:0000",-42.83025,172.83463,"Balmoral",97,NA,0,"Canterbury",1010,7.9,19,NA
"3056","20190328:0000",-42.83025,172.83463,"Balmoral",97,NA,0,"Canterbury",1010,4.3,13.3,NA
"3057","20190329:0000",-42.83025,172.83463,"Balmoral",97,NA,0,"Canterbury",1010,2.5,11.8,NA
"3058","20190330:0000",-42.83025,172.83463,"Balmoral",97,NA,0,"Canterbury",1010,2.2,13.75,NA
"3059","20190331:0000",-42.83025,172.83463,"Balmoral",97,NA,0,"Canterbury",1010,2.2,17.3,NA
"3060","20190401:0000",-42.83025,172.83463,"Balmoral",97,NA,0,"Canterbury",1010,7.6,15.8,NA
"3061","20190402:0000",-42.83025,172.83463,"Balmoral",97,NA,0,"Canterbury",1010,5.8,8.45,NA
"3062","20190403:0000",-42.83025,172.83463,"Balmoral",97,NA,0,"Canterbury",1010,2.2,10.05,NA
"3063","20190404:0000",-42.83025,172.83463,"Balmoral",97,NA,0,"Canterbury",1010,9.4,10.25,NA
"3064","20190405:0000",-42.83025,172.83463,"Balmoral",97,NA,0,"Canterbury",1010,13.7,5.55,NA
"3065","20190406:0000",-42.83025,172.83463,"Balmoral",97,NA,0,"Canterbury",1010,2.9,6,NA
"3066","20190407:0000",-42.83025,172.83463,"Balmoral",97,NA,0,"Canterbury",1010,10.4,7,NA
"3067","20190408:0000",-42.83025,172.83463,"Balmoral",97,NA,0,"Canterbury",1010,3.6,12.35,NA
"3068","20190409:0000",-42.83025,172.83463,"Balmoral",97,NA,0,"Canterbury",1010,7.9,11.25,NA
"3069","20190410:0000",-42.83025,172.83463,"Balmoral",97,NA,0,"Canterbury",1010,4.3,14.3,NA
"3070","20190411:0000",-42.83025,172.83463,"Balmoral",97,NA,0,"Canterbury",1010,2.9,12.25,NA
"3071","20190412:0000",-42.83025,172.83463,"Balmoral",97,NA,0,"Canterbury",1010,3.2,8.5,NA
"3072","20190413:0000",-42.83025,172.83463,"Balmoral",97,NA,0,"Canterbury",1010,3.6,10.45,NA
"3073","20190414:0000",-42.83025,172.83463,"Balmoral",97,NA,0,"Canterbury",1010,6.8,7.05,NA
"3074","20190415:0000",-42.83025,172.83463,"Balmoral",97,NA,0,"Canterbury",1010,5.8,8.65,NA
"3075","20190416:0000",-42.83025,172.83463,"Balmoral",97,NA,0,"Canterbury",1010,1.8,9.2,NA
"3076","20190417:0000",-42.83025,172.83463,"Balmoral",97,NA,0,"Canterbury",1010,2.2,8.8,NA
"3077","20190418:0000",-42.83025,172.83463,"Balmoral",97,NA,0,"Canterbury",1010,2.9,9.3,NA
"3078","20190419:0000",-42.83025,172.83463,"Balmoral",97,NA,0,"Canterbury",1010,2.9,12.25,NA
"3079","20190420:0000",-42.83025,172.83463,"Balmoral",97,NA,0,"Canterbury",1010,4,10.35,NA
"3080","20190421:0000",-42.83025,172.83463,"Balmoral",97,NA,0,"Canterbury",1010,2.5,10.75,NA
"3081","20190422:0000",-42.83025,172.83463,"Balmoral",97,NA,0,"Canterbury",1010,4,11.2,NA
"3082","20190423:0000",-42.83025,172.83463,"Balmoral",97,NA,0,"Canterbury",1010,4.3,14.25,NA
"3083","20190424:0000",-42.83025,172.83463,"Balmoral",97,NA,0,"Canterbury",1010,2.9,11.3,NA
"3084","20190425:0000",-42.83025,172.83463,"Balmoral",97,NA,0,"Canterbury",1010,5,14.15,NA
"3085","20190426:0000",-42.83025,172.83463,"Balmoral",97,NA,0,"Canterbury",1010,3.6,13.7,NA
"3086","20190427:0000",-42.83025,172.83463,"Balmoral",97,NA,0,"Canterbury",1010,12.6,16.3,NA
"3087","20190428:0000",-42.83025,172.83463,"Balmoral",97,NA,0,"Canterbury",1010,6.5,10.8,NA
"3088","20190429:0000",-42.83025,172.83463,"Balmoral",97,NA,0,"Canterbury",1010,4,11.9,NA
"3089","20190430:0000",-42.83025,172.83463,"Balmoral",97,NA,0,"Canterbury",1010,4.3,6.95,NA
"3090","20190501:0000",-42.83025,172.83463,"Balmoral",97,NA,0,"Canterbury",1010,1.8,7.15,NA
"3091","20190502:0000",-42.83025,172.83463,"Balmoral",97,NA,0,"Canterbury",1010,3.6,9.25,NA
"3092","20190503:0000",-42.83025,172.83463,"Balmoral",97,NA,0,"Canterbury",1010,2.9,9.2,NA
"3093","20190504:0000",-42.83025,172.83463,"Balmoral",97,NA,0,"Canterbury",1010,3.6,10.95,NA
"3094","20190505:0000",-42.83025,172.83463,"Balmoral",97,NA,0,"Canterbury",1010,3.6,11.3,NA
"3095","20190506:0000",-42.83025,172.83463,"Balmoral",97,NA,0,"Canterbury",1010,7.9,9.85,NA
"3096","20190507:0000",-42.83025,172.83463,"Balmoral",97,NA,0,"Canterbury",1010,2.9,10.3,NA
"3097","20190508:0000",-42.83025,172.83463,"Balmoral",97,NA,0,"Canterbury",1010,2.5,11.6,NA
"3098","20190509:0000",-42.83025,172.83463,"Balmoral",97,NA,0,"Canterbury",1010,4,13.1,NA
"3099","20190510:0000",-42.83025,172.83463,"Balmoral",97,NA,0,"Canterbury",1010,2.9,13.65,NA
"3100","20190511:0000",-42.83025,172.83463,"Balmoral",97,NA,0,"Canterbury",1010,1.4,9.85,NA
"3101","20190512:0000",-42.83025,172.83463,"Balmoral",97,NA,0,"Canterbury",1010,5,10.5,NA
"3102","20190513:0000",-42.83025,172.83463,"Balmoral",97,NA,0,"Canterbury",1010,6.8,10.75,NA
"3103","20190514:0000",-42.83025,172.83463,"Balmoral",97,NA,0,"Canterbury",1010,4.7,6.8,NA
"3104","20190515:0000",-42.83025,172.83463,"Balmoral",97,NA,0,"Canterbury",1010,7.6,10.05,NA
"3105","20190516:0000",-42.83025,172.83463,"Balmoral",97,NA,0,"Canterbury",1010,17.6,13.45,NA
"3106","20190517:0000",-42.83025,172.83463,"Balmoral",97,NA,0,"Canterbury",1010,2.5,5.45,NA
"3107","20190518:0000",-42.83025,172.83463,"Balmoral",97,NA,0,"Canterbury",1010,2.2,7.15,NA
"3108","20190519:0000",-42.83025,172.83463,"Balmoral",97,NA,0,"Canterbury",1010,12.2,6.9,NA
"3109","20190520:0000",-42.83025,172.83463,"Balmoral",97,NA,0,"Canterbury",1010,3.2,6.6,NA
"3110","20190521:0000",-42.83025,172.83463,"Balmoral",97,NA,0,"Canterbury",1010,4,5.8,NA
"3111","20190522:0000",-42.83025,172.83463,"Balmoral",97,NA,0,"Canterbury",1010,9.7,9.5,NA
"3112","20190523:0000",-42.83025,172.83463,"Balmoral",97,NA,0,"Canterbury",1010,2.5,8.75,NA
"3113","20190524:0000",-42.83025,172.83463,"Balmoral",97,NA,0,"Canterbury",1010,6.8,7.85,NA
"3114","20190525:0000",-42.83025,172.83463,"Balmoral",97,NA,0,"Canterbury",1010,2.2,7.15,NA
"3115","20190526:0000",-42.83025,172.83463,"Balmoral",97,NA,0,"Canterbury",1010,4,10.2,NA
"3116","20190527:0000",-42.83025,172.83463,"Balmoral",97,NA,0,"Canterbury",1010,13.3,11.65,NA
"3117","20190528:0000",-42.83025,172.83463,"Balmoral",97,NA,0,"Canterbury",1010,4.3,13.05,NA
"3118","20190529:0000",-42.83025,172.83463,"Balmoral",97,NA,0,"Canterbury",1010,6.8,13.5,NA
"3119","20190530:0000",-42.83025,172.83463,"Balmoral",97,NA,0,"Canterbury",1010,14,15.4,NA
"3120","20190531:0000",-42.83025,172.83463,"Balmoral",97,NA,0,"Canterbury",1010,7.9,9.6,NA
"3121","20190601:0000",-42.83025,172.83463,"Balmoral",97,NA,0,"Canterbury",1010,25.9,4.4,NA
"3122","20190602:0000",-42.83025,172.83463,"Balmoral",97,NA,0,"Canterbury",1010,14.4,5.1,NA
"3123","20190603:0000",-42.83025,172.83463,"Balmoral",97,NA,0,"Canterbury",1010,2.2,4.55,NA
"3124","20190604:0000",-42.83025,172.83463,"Balmoral",97,NA,0,"Canterbury",1010,9.7,4.8,NA
"3125","20190605:0000",-42.83025,172.83463,"Balmoral",97,NA,0,"Canterbury",1010,2.5,4.1,NA
"3126","20190606:0000",-42.83025,172.83463,"Balmoral",97,NA,0,"Canterbury",1010,2.5,4.2,NA
"3127","20190607:0000",-42.83025,172.83463,"Balmoral",97,NA,0,"Canterbury",1010,12.2,5.35,NA
"3128","20190608:0000",-42.83025,172.83463,"Balmoral",97,NA,0,"Canterbury",1010,16.6,8,NA
"3129","20190609:0000",-42.83025,172.83463,"Balmoral",97,NA,0,"Canterbury",1010,3.6,4.7,NA
"3130","20190610:0000",-42.83025,172.83463,"Balmoral",97,NA,0,"Canterbury",1010,5,7.1,NA
"3131","20190611:0000",-42.83025,172.83463,"Balmoral",97,NA,0,"Canterbury",1010,3.2,7.85,NA
"3132","20190612:0000",-42.83025,172.83463,"Balmoral",97,NA,0,"Canterbury",1010,2.2,8.65,NA
"3133","20190613:0000",-42.83025,172.83463,"Balmoral",97,NA,0,"Canterbury",1010,2.9,8.5,NA
"3134","20190614:0000",-42.83025,172.83463,"Balmoral",97,NA,0,"Canterbury",1010,2.9,9.35,NA
"3135","20190615:0000",-42.83025,172.83463,"Balmoral",97,NA,0,"Canterbury",1010,2.5,8.4,NA
"3136","20190616:0000",-42.83025,172.83463,"Balmoral",97,NA,0,"Canterbury",1010,9.7,6.2,NA
"3137","20190617:0000",-42.83025,172.83463,"Balmoral",97,NA,0,"Canterbury",1010,4.7,6.75,NA
"3138","20190618:0000",-42.83025,172.83463,"Balmoral",97,NA,0,"Canterbury",1010,2.5,3.65,NA
"3139","20190619:0000",-42.83025,172.83463,"Balmoral",97,NA,0,"Canterbury",1010,2.5,2.35,NA
"3140","20190620:0000",-42.83025,172.83463,"Balmoral",97,NA,0,"Canterbury",1010,3.2,4.05,NA
"3141","20190621:0000",-42.83025,172.83463,"Balmoral",97,NA,0,"Canterbury",1010,9.4,6,NA
"3142","20190622:0000",-42.83025,172.83463,"Balmoral",97,NA,0,"Canterbury",1010,2.9,8.45,NA
"3143","20190623:0000",-42.83025,172.83463,"Balmoral",97,NA,0,"Canterbury",1010,4.3,4.8,NA
"3144","20190624:0000",-42.83025,172.83463,"Balmoral",97,NA,0,"Canterbury",1010,5.4,5.05,NA
"3145","20190625:0000",-42.83025,172.83463,"Balmoral",97,NA,0,"Canterbury",1010,4.7,3.95,NA
"3146","20190626:0000",-42.83025,172.83463,"Balmoral",97,NA,0,"Canterbury",1010,3.6,2.85,NA
"3147","20190627:0000",-42.83025,172.83463,"Balmoral",97,NA,0,"Canterbury",1010,1.8,1.9,NA
"3148","20190628:0000",-42.83025,172.83463,"Balmoral",97,NA,0,"Canterbury",1010,1.4,0.7,NA
"3149","20190629:0000",-42.83025,172.83463,"Balmoral",97,NA,0,"Canterbury",1010,2.5,2.25,NA
"3150","20190630:0000",-42.83025,172.83463,"Balmoral",97,NA,0,"Canterbury",1010,3.2,2.95,NA
"3151","20190701:0000",-42.83025,172.83463,"Balmoral",97,NA,0,"Canterbury",1010,5.4,3.95,NA
"3152","20190702:0000",-42.83025,172.83463,"Balmoral",97,NA,0,"Canterbury",1010,2.9,8.2,NA
"3153","20190703:0000",-42.83025,172.83463,"Balmoral",97,NA,0,"Canterbury",1010,5.8,10,NA
"3154","20190704:0000",-42.83025,172.83463,"Balmoral",97,NA,0,"Canterbury",1010,8.3,7.2,NA
"3155","20190705:0000",-42.83025,172.83463,"Balmoral",97,NA,0,"Canterbury",1010,14.8,6.25,NA
"3156","20190706:0000",-42.83025,172.83463,"Balmoral",97,NA,0,"Canterbury",1010,10.1,7.4,NA
"3157","20190707:0000",-42.83025,172.83463,"Balmoral",97,NA,0,"Canterbury",1010,0.7,5.2,NA
"3158","20190708:0000",-42.83025,172.83463,"Balmoral",97,NA,0,"Canterbury",1010,6.1,4.5,NA
"3159","20190709:0000",-42.83025,172.83463,"Balmoral",97,NA,0,"Canterbury",1010,4.7,6.3,NA
"3160","20190710:0000",-42.83025,172.83463,"Balmoral",97,NA,0,"Canterbury",1010,4.7,7.4,NA
"3161","20190711:0000",-42.83025,172.83463,"Balmoral",97,NA,0,"Canterbury",1010,4.3,8.45,NA
"3162","20190712:0000",-42.83025,172.83463,"Balmoral",97,NA,0,"Canterbury",1010,4,6.15,NA
"3163","20190713:0000",-42.83025,172.83463,"Balmoral",97,NA,0,"Canterbury",1010,5.4,8.85,NA
"3164","20190714:0000",-42.83025,172.83463,"Balmoral",97,NA,0,"Canterbury",1010,4.3,8.85,NA
"3165","20190715:0000",-42.83025,172.83463,"Balmoral",97,NA,0,"Canterbury",1010,6.1,5.35,NA
"3166","20190716:0000",-42.83025,172.83463,"Balmoral",97,NA,0,"Canterbury",1010,6.1,7.55,NA
"3167","20190717:0000",-42.83025,172.83463,"Balmoral",97,NA,0,"Canterbury",1010,3.2,5.3,NA
"3168","20190718:0000",-42.83025,172.83463,"Balmoral",97,NA,0,"Canterbury",1010,6.1,5.55,NA
"3169","20190719:0000",-42.83025,172.83463,"Balmoral",97,NA,0,"Canterbury",1010,5.8,4.55,NA
"3170","20190720:0000",-42.83025,172.83463,"Balmoral",97,NA,0,"Canterbury",1010,2.5,6.55,NA
"3171","20190721:0000",-42.83025,172.83463,"Balmoral",97,NA,0,"Canterbury",1010,19.1,8.45,NA
"3172","20190722:0000",-42.83025,172.83463,"Balmoral",97,NA,0,"Canterbury",1010,4.3,8.95,NA
"3173","20190723:0000",-42.83025,172.83463,"Balmoral",97,NA,0,"Canterbury",1010,2.9,7.45,NA
"3174","20190724:0000",-42.83025,172.83463,"Balmoral",97,NA,0,"Canterbury",1010,4.3,9.2,NA
"3175","20190725:0000",-42.83025,172.83463,"Balmoral",97,NA,0,"Canterbury",1010,2.9,7.55,NA
"3176","20190726:0000",-42.83025,172.83463,"Balmoral",97,NA,0,"Canterbury",1010,4.7,5.55,NA
"3177","20190727:0000",-42.83025,172.83463,"Balmoral",97,NA,0,"Canterbury",1010,3.2,7.5,NA
"3178","20190728:0000",-42.83025,172.83463,"Balmoral",97,NA,0,"Canterbury",1010,3.2,7.6,NA
"3179","20190729:0000",-42.83025,172.83463,"Balmoral",97,NA,0,"Canterbury",1010,4.3,8.25,NA
"3180","20190730:0000",-42.83025,172.83463,"Balmoral",97,NA,0,"Canterbury",1010,3.2,8.7,NA
"3181","20190731:0000",-42.83025,172.83463,"Balmoral",97,NA,0,"Canterbury",1010,27.7,4.15,NA
"3182","20190801:0000",-42.83025,172.83463,"Balmoral",97,NA,0,"Canterbury",1010,8.6,5.5,NA
"3183","20190802:0000",-42.83025,172.83463,"Balmoral",97,NA,0,"Canterbury",1010,12.2,3.95,NA
"3184","20190803:0000",-42.83025,172.83463,"Balmoral",97,NA,0,"Canterbury",1010,7.9,9.2,NA
"3185","20190804:0000",-42.83025,172.83463,"Balmoral",97,NA,0,"Canterbury",1010,8.3,4.8,NA
"3186","20190805:0000",-42.83025,172.83463,"Balmoral",97,NA,0,"Canterbury",1010,5,2.7,NA
"3187","20190806:0000",-42.83025,172.83463,"Balmoral",97,NA,0,"Canterbury",1010,4,4.85,NA
"3188","20190807:0000",-42.83025,172.83463,"Balmoral",97,NA,0,"Canterbury",1010,7.9,5.9,NA
"3189","20190808:0000",-42.83025,172.83463,"Balmoral",97,NA,0,"Canterbury",1010,3.6,5.7,NA
"3190","20190809:0000",-42.83025,172.83463,"Balmoral",97,NA,0,"Canterbury",1010,6.1,7.9,NA
"3191","20190810:0000",-42.83025,172.83463,"Balmoral",97,NA,0,"Canterbury",1010,3.2,7.85,NA
"3192","20190811:0000",-42.83025,172.83463,"Balmoral",97,NA,0,"Canterbury",1010,2.5,5.75,NA
"3193","20190812:0000",-42.83025,172.83463,"Balmoral",97,NA,0,"Canterbury",1010,1.8,6.7,NA
"3194","20190813:0000",-42.83025,172.83463,"Balmoral",97,NA,0,"Canterbury",1010,5.4,4.75,NA
"3195","20190814:0000",-42.83025,172.83463,"Balmoral",97,NA,0,"Canterbury",1010,2.5,4.05,NA
"3196","20190815:0000",-42.83025,172.83463,"Balmoral",97,NA,0,"Canterbury",1010,1.4,4.55,NA
"3197","20190816:0000",-42.83025,172.83463,"Balmoral",97,NA,0,"Canterbury",1010,5,5.75,NA
"3198","20190817:0000",-42.83025,172.83463,"Balmoral",97,NA,0,"Canterbury",1010,9,5.5,NA
"3199","20190818:0000",-42.83025,172.83463,"Balmoral",97,NA,0,"Canterbury",1010,2.2,2.8,NA
"3200","20190819:0000",-42.83025,172.83463,"Balmoral",97,NA,0,"Canterbury",1010,1.8,5.7,NA
"3201","20190820:0000",-42.83025,172.83463,"Balmoral",97,NA,0,"Canterbury",1010,9.7,7.1,NA
"3202","20190821:0000",-42.83025,172.83463,"Balmoral",97,NA,0,"Canterbury",1010,3.6,8.55,NA
"3203","20190822:0000",-42.83025,172.83463,"Balmoral",97,NA,0,"Canterbury",1010,11.5,7.8,NA
"3204","20190823:0000",-42.83025,172.83463,"Balmoral",97,NA,0,"Canterbury",1010,2.2,9.8,NA
"3205","20190824:0000",-42.83025,172.83463,"Balmoral",97,NA,0,"Canterbury",1010,3.6,9.65,NA
"3206","20190825:0000",-42.83025,172.83463,"Balmoral",97,NA,0,"Canterbury",1010,4,7.55,NA
"3207","20190826:0000",-42.83025,172.83463,"Balmoral",97,NA,0,"Canterbury",1010,6.8,9.85,NA
"3208","20190827:0000",-42.83025,172.83463,"Balmoral",97,NA,0,"Canterbury",1010,2.9,7.45,NA
"3209","20190828:0000",-42.83025,172.83463,"Balmoral",97,NA,0,"Canterbury",1010,2.2,6.65,NA
"3210","20190829:0000",-42.83025,172.83463,"Balmoral",97,NA,0,"Canterbury",1010,7.2,8.75,NA
"3211","20190830:0000",-42.83025,172.83463,"Balmoral",97,NA,0,"Canterbury",1010,2.5,6.7,NA
"3212","20190831:0000",-42.83025,172.83463,"Balmoral",97,NA,0,"Canterbury",1010,2.2,6.85,NA
"3213","20190901:0000",-42.83025,172.83463,"Balmoral",97,NA,0,"Canterbury",1010,2.2,10.8,NA
"3214","20190902:0000",-42.83025,172.83463,"Balmoral",97,NA,0,"Canterbury",1010,1.8,8.8,NA
"3215","20190903:0000",-42.83025,172.83463,"Balmoral",97,NA,0,"Canterbury",1010,2.9,5.65,NA
"3216","20190904:0000",-42.83025,172.83463,"Balmoral",97,NA,0,"Canterbury",1010,5.4,6.7,NA
"3217","20190905:0000",-42.83025,172.83463,"Balmoral",97,NA,0,"Canterbury",1010,7.2,9.6,NA
"3218","20190906:0000",-42.83025,172.83463,"Balmoral",97,NA,0,"Canterbury",1010,13,7.45,NA
"3219","20190907:0000",-42.83025,172.83463,"Balmoral",97,NA,0,"Canterbury",1010,6.8,7.15,NA
"3220","20190908:0000",-42.83025,172.83463,"Balmoral",97,NA,0,"Canterbury",1010,4,1.5,NA
"3221","20190909:0000",-42.83025,172.83463,"Balmoral",97,NA,0,"Canterbury",1010,3.6,3.75,NA
"3222","20190910:0000",-42.83025,172.83463,"Balmoral",97,NA,0,"Canterbury",1010,2.5,4.6,NA
"3223","20190911:0000",-42.83025,172.83463,"Balmoral",97,NA,0,"Canterbury",1010,14,4,NA
"3224","20190912:0000",-42.83025,172.83463,"Balmoral",97,NA,0,"Canterbury",1010,3.6,6.7,NA
"3225","20190913:0000",-42.83025,172.83463,"Balmoral",97,NA,0,"Canterbury",1010,16.9,11.35,NA
"3226","20190914:0000",-42.83025,172.83463,"Balmoral",97,NA,0,"Canterbury",1010,4.7,7,NA
"3227","20190915:0000",-42.83025,172.83463,"Balmoral",97,NA,0,"Canterbury",1010,7.9,9.6,NA
"3228","20190916:0000",-42.83025,172.83463,"Balmoral",97,NA,0,"Canterbury",1010,14.4,10.4,NA
"3229","20190917:0000",-42.83025,172.83463,"Balmoral",97,NA,0,"Canterbury",1010,20.9,11.95,NA
"3230","20190918:0000",-42.83025,172.83463,"Balmoral",97,NA,0,"Canterbury",1010,4.3,6.8,NA
"3231","20190919:0000",-42.83025,172.83463,"Balmoral",97,NA,0,"Canterbury",1010,1.1,7.2,NA
"3232","20190920:0000",-42.83025,172.83463,"Balmoral",97,NA,0,"Canterbury",1010,2.9,5.95,NA
"3233","20190921:0000",-42.83025,172.83463,"Balmoral",97,NA,0,"Canterbury",1010,2.2,8.4,NA
"3234","20190922:0000",-42.83025,172.83463,"Balmoral",97,NA,0,"Canterbury",1010,1.8,8.4,NA
"3235","20190923:0000",-42.83025,172.83463,"Balmoral",97,NA,0,"Canterbury",1010,33.1,11.75,NA
"3236","20190924:0000",-42.83025,172.83463,"Balmoral",97,NA,0,"Canterbury",1010,3.2,11.1,NA
"3237","20190925:0000",-42.83025,172.83463,"Balmoral",97,NA,0,"Canterbury",1010,8.6,6.5,NA
"3238","20190926:0000",-42.83025,172.83463,"Balmoral",97,NA,0,"Canterbury",1010,4.3,5.8,NA
"3239","20190927:0000",-42.83025,172.83463,"Balmoral",97,NA,0,"Canterbury",1010,3.2,8.7,NA
"3240","20190928:0000",-42.83025,172.83463,"Balmoral",97,NA,0,"Canterbury",1010,3.6,10.7,NA
"3241","20190929:0000",-42.83025,172.83463,"Balmoral",97,NA,0,"Canterbury",1010,10.8,14.55,NA
"3242","20190930:0000",-42.83025,172.83463,"Balmoral",97,NA,0,"Canterbury",1010,10.1,14.75,NA
"3243","20191001:0000",-42.83025,172.83463,"Balmoral",97,NA,0,"Canterbury",1010,9.7,6.8,NA
"3244","20191002:0000",-42.83025,172.83463,"Balmoral",97,NA,0,"Canterbury",1010,14,7.5,NA
"3245","20191003:0000",-42.83025,172.83463,"Balmoral",97,NA,0,"Canterbury",1010,2.9,6.15,NA
"3246","20191004:0000",-42.83025,172.83463,"Balmoral",97,NA,0,"Canterbury",1010,1.4,7.05,NA
"3247","20191005:0000",-42.83025,172.83463,"Balmoral",97,NA,0,"Canterbury",1010,13,8.2,NA
"3248","20191006:0000",-42.83025,172.83463,"Balmoral",97,NA,0,"Canterbury",1010,1.8,6.2,NA
"3249","20191007:0000",-42.83025,172.83463,"Balmoral",97,NA,0,"Canterbury",1010,2.9,8.55,NA
"3250","20191008:0000",-42.83025,172.83463,"Balmoral",97,NA,0,"Canterbury",1010,11.5,12.6,NA
"3251","20191009:0000",-42.83025,172.83463,"Balmoral",97,NA,0,"Canterbury",1010,5.4,17.05,NA
"3252","20191010:0000",-42.83025,172.83463,"Balmoral",97,NA,0,"Canterbury",1010,3.2,16.5,NA
"3253","20191011:0000",-42.83025,172.83463,"Balmoral",97,NA,0,"Canterbury",1010,2.2,13.35,NA
"3254","20191012:0000",-42.83025,172.83463,"Balmoral",97,NA,0,"Canterbury",1010,6.5,10.1,NA
"3255","20191013:0000",-42.83025,172.83463,"Balmoral",97,NA,0,"Canterbury",1010,3.2,8.4,NA
"3256","20180101:0000",-42.88031,172.68964,"Medbury",910,NA,0,"Canterbury",1010,2.9,17.9,NA
"3257","20180102:0000",-42.88031,172.68964,"Medbury",910,NA,0,"Canterbury",1010,2.5,19.15,NA
"3258","20180103:0000",-42.88031,172.68964,"Medbury",910,NA,0,"Canterbury",1010,4,21.9,NA
"3259","20180104:0000",-42.88031,172.68964,"Medbury",910,NA,0,"Canterbury",1010,5,19.55,NA
"3260","20180105:0000",-42.88031,172.68964,"Medbury",910,NA,0,"Canterbury",1010,9,16.5,NA
"3261","20180106:0000",-42.88031,172.68964,"Medbury",910,NA,0,"Canterbury",1010,16.2,13.1,NA
"3262","20180107:0000",-42.88031,172.68964,"Medbury",910,NA,0,"Canterbury",1010,2.5,14.75,NA
"3263","20180108:0000",-42.88031,172.68964,"Medbury",910,NA,0,"Canterbury",1010,6.8,17,NA
"3264","20180109:0000",-42.88031,172.68964,"Medbury",910,NA,0,"Canterbury",1010,10.1,22.3,NA
"3265","20180110:0000",-42.88031,172.68964,"Medbury",910,NA,0,"Canterbury",1010,3.6,15.8,NA
"3266","20180111:0000",-42.88031,172.68964,"Medbury",910,NA,0,"Canterbury",1010,2.9,12.9,NA
"3267","20180112:0000",-42.88031,172.68964,"Medbury",910,NA,0,"Canterbury",1010,0.7,13.5,NA
"3268","20180113:0000",-42.88031,172.68964,"Medbury",910,NA,0,"Canterbury",1010,2.2,19.3,NA
"3269","20180114:0000",-42.88031,172.68964,"Medbury",910,NA,0,"Canterbury",1010,3.2,22.05,NA
"3270","20180115:0000",-42.88031,172.68964,"Medbury",910,NA,0,"Canterbury",1010,3.6,22.05,NA
"3271","20180116:0000",-42.88031,172.68964,"Medbury",910,NA,0,"Canterbury",1010,3.2,23,NA
"3272","20180117:0000",-42.88031,172.68964,"Medbury",910,NA,0,"Canterbury",1010,3.2,21.95,NA
"3273","20180118:0000",-42.88031,172.68964,"Medbury",910,NA,0,"Canterbury",1010,2.2,21.65,NA
"3274","20180119:0000",-42.88031,172.68964,"Medbury",910,NA,0,"Canterbury",1010,4.3,21.4,NA
"3275","20180120:0000",-42.88031,172.68964,"Medbury",910,NA,0,"Canterbury",1010,15.8,24.15,NA
"3276","20180121:0000",-42.88031,172.68964,"Medbury",910,NA,0,"Canterbury",1010,5,20.3,NA
"3277","20180122:0000",-42.88031,172.68964,"Medbury",910,NA,0,"Canterbury",1010,2.2,22.05,NA
"3278","20180123:0000",-42.88031,172.68964,"Medbury",910,NA,0,"Canterbury",1010,3.2,23.55,NA
"3279","20180124:0000",-42.88031,172.68964,"Medbury",910,NA,0,"Canterbury",1010,5,24.25,NA
"3280","20180125:0000",-42.88031,172.68964,"Medbury",910,NA,0,"Canterbury",1010,2.9,24.45,NA
"3281","20180126:0000",-42.88031,172.68964,"Medbury",910,NA,0,"Canterbury",1010,3.6,17.85,NA
"3282","20180127:0000",-42.88031,172.68964,"Medbury",910,NA,0,"Canterbury",1010,5.8,22.75,NA
"3283","20180128:0000",-42.88031,172.68964,"Medbury",910,NA,0,"Canterbury",1010,1.8,21.7,NA
"3284","20180129:0000",-42.88031,172.68964,"Medbury",910,NA,0,"Canterbury",1010,4.7,22.75,NA
"3285","20180130:0000",-42.88031,172.68964,"Medbury",910,NA,0,"Canterbury",1010,2.9,23.35,NA
"3286","20180131:0000",-42.88031,172.68964,"Medbury",910,NA,0,"Canterbury",1010,12.2,22,NA
"3287","20180201:0000",-42.88031,172.68964,"Medbury",910,NA,0,"Canterbury",1010,8.6,23.75,NA
"3288","20180202:0000",-42.88031,172.68964,"Medbury",910,NA,0,"Canterbury",1010,8.6,12.55,NA
"3289","20180203:0000",-42.88031,172.68964,"Medbury",910,NA,0,"Canterbury",1010,9.4,12.7,NA
"3290","20180204:0000",-42.88031,172.68964,"Medbury",910,NA,0,"Canterbury",1010,6.1,14.05,NA
"3291","20180205:0000",-42.88031,172.68964,"Medbury",910,NA,0,"Canterbury",1010,8.3,16.8,NA
"3292","20180206:0000",-42.88031,172.68964,"Medbury",910,NA,0,"Canterbury",1010,6.5,12.6,NA
"3293","20180207:0000",-42.88031,172.68964,"Medbury",910,NA,0,"Canterbury",1010,2.2,12.65,NA
"3294","20180208:0000",-42.88031,172.68964,"Medbury",910,NA,0,"Canterbury",1010,2.5,15.05,NA
"3295","20180209:0000",-42.88031,172.68964,"Medbury",910,NA,0,"Canterbury",1010,2.5,17.7,NA
"3296","20180210:0000",-42.88031,172.68964,"Medbury",910,NA,0,"Canterbury",1010,2.5,17.2,NA
"3297","20180211:0000",-42.88031,172.68964,"Medbury",910,NA,0,"Canterbury",1010,2.9,19,NA
"3298","20180212:0000",-42.88031,172.68964,"Medbury",910,NA,0,"Canterbury",1010,6.1,22.5,NA
"3299","20180213:0000",-42.88031,172.68964,"Medbury",910,NA,0,"Canterbury",1010,6.8,23.5,NA
"3300","20180214:0000",-42.88031,172.68964,"Medbury",910,NA,0,"Canterbury",1010,4.7,18.95,NA
"3301","20180215:0000",-42.88031,172.68964,"Medbury",910,NA,0,"Canterbury",1010,5,17.8,NA
"3302","20180216:0000",-42.88031,172.68964,"Medbury",910,NA,0,"Canterbury",1010,9.4,19.65,NA
"3303","20180217:0000",-42.88031,172.68964,"Medbury",910,NA,0,"Canterbury",1010,6.8,21.4,NA
"3304","20180218:0000",-42.88031,172.68964,"Medbury",910,NA,0,"Canterbury",1010,6.1,17.7,NA
"3305","20180219:0000",-42.88031,172.68964,"Medbury",910,NA,0,"Canterbury",1010,9.4,20.7,NA
"3306","20180220:0000",-42.88031,172.68964,"Medbury",910,NA,0,"Canterbury",1010,4.3,12.75,NA
"3307","20180221:0000",-42.88031,172.68964,"Medbury",910,NA,0,"Canterbury",1010,11.2,12.7,NA
"3308","20180222:0000",-42.88031,172.68964,"Medbury",910,NA,0,"Canterbury",1010,1.4,13.5,NA
"3309","20180223:0000",-42.88031,172.68964,"Medbury",910,NA,0,"Canterbury",1010,3.2,12.7,NA
"3310","20180224:0000",-42.88031,172.68964,"Medbury",910,NA,0,"Canterbury",1010,1.4,15.95,NA
"3311","20180225:0000",-42.88031,172.68964,"Medbury",910,NA,0,"Canterbury",1010,7.9,17.95,NA
"3312","20180226:0000",-42.88031,172.68964,"Medbury",910,NA,0,"Canterbury",1010,7.2,13.45,NA
"3313","20180227:0000",-42.88031,172.68964,"Medbury",910,NA,0,"Canterbury",1010,2.2,11.45,NA
"3314","20180228:0000",-42.88031,172.68964,"Medbury",910,NA,0,"Canterbury",1010,2.2,14.45,NA
"3315","20180301:0000",-42.88031,172.68964,"Medbury",910,NA,0,"Canterbury",1010,1.8,19.6,NA
"3316","20180302:0000",-42.88031,172.68964,"Medbury",910,NA,0,"Canterbury",1010,2.5,19.3,NA
"3317","20180303:0000",-42.88031,172.68964,"Medbury",910,NA,0,"Canterbury",1010,1.4,21.3,NA
"3318","20180304:0000",-42.88031,172.68964,"Medbury",910,NA,0,"Canterbury",1010,3.6,19.9,NA
"3319","20180305:0000",-42.88031,172.68964,"Medbury",910,NA,0,"Canterbury",1010,3.6,19.25,NA
"3320","20180306:0000",-42.88031,172.68964,"Medbury",910,NA,0,"Canterbury",1010,4,17.75,NA
"3321","20180307:0000",-42.88031,172.68964,"Medbury",910,NA,0,"Canterbury",1010,3.2,13.2,NA
"3322","20180308:0000",-42.88031,172.68964,"Medbury",910,NA,0,"Canterbury",1010,2.9,14.55,NA
"3323","20180309:0000",-42.88031,172.68964,"Medbury",910,NA,0,"Canterbury",1010,1.4,13.5,NA
"3324","20180310:0000",-42.88031,172.68964,"Medbury",910,NA,0,"Canterbury",1010,1.4,11.15,NA
"3325","20180311:0000",-42.88031,172.68964,"Medbury",910,NA,0,"Canterbury",1010,2.5,13.55,NA
"3326","20180312:0000",-42.88031,172.68964,"Medbury",910,NA,0,"Canterbury",1010,1.4,16.1,NA
"3327","20180313:0000",-42.88031,172.68964,"Medbury",910,NA,0,"Canterbury",1010,5,16.85,NA
"3328","20180314:0000",-42.88031,172.68964,"Medbury",910,NA,0,"Canterbury",1010,2.2,12.25,NA
"3329","20180315:0000",-42.88031,172.68964,"Medbury",910,NA,0,"Canterbury",1010,8.6,15.65,NA
"3330","20180316:0000",-42.88031,172.68964,"Medbury",910,NA,0,"Canterbury",1010,28.1,20.2,NA
"3331","20180317:0000",-42.88031,172.68964,"Medbury",910,NA,0,"Canterbury",1010,2.9,11,NA
"3332","20180318:0000",-42.88031,172.68964,"Medbury",910,NA,0,"Canterbury",1010,2.5,12.2,NA
"3333","20180319:0000",-42.88031,172.68964,"Medbury",910,NA,0,"Canterbury",1010,3.2,14.9,NA
"3334","20180320:0000",-42.88031,172.68964,"Medbury",910,NA,0,"Canterbury",1010,2.5,16.4,NA
"3335","20180321:0000",-42.88031,172.68964,"Medbury",910,NA,0,"Canterbury",1010,1.8,17.3,NA
"3336","20180322:0000",-42.88031,172.68964,"Medbury",910,NA,0,"Canterbury",1010,15.8,10.35,NA
"3337","20180323:0000",-42.88031,172.68964,"Medbury",910,NA,0,"Canterbury",1010,1.4,9.8,NA
"3338","20180324:0000",-42.88031,172.68964,"Medbury",910,NA,0,"Canterbury",1010,2.2,13.4,NA
"3339","20180325:0000",-42.88031,172.68964,"Medbury",910,NA,0,"Canterbury",1010,2.9,14.7,NA
"3340","20180326:0000",-42.88031,172.68964,"Medbury",910,NA,0,"Canterbury",1010,5,16.7,NA
"3341","20180327:0000",-42.88031,172.68964,"Medbury",910,NA,0,"Canterbury",1010,12.6,18.3,NA
"3342","20180328:0000",-42.88031,172.68964,"Medbury",910,NA,0,"Canterbury",1010,6.5,19.15,NA
"3343","20180329:0000",-42.88031,172.68964,"Medbury",910,NA,0,"Canterbury",1010,2.5,13.2,NA
"3344","20180330:0000",-42.88031,172.68964,"Medbury",910,NA,0,"Canterbury",1010,1.8,13.4,NA
"3345","20180331:0000",-42.88031,172.68964,"Medbury",910,NA,0,"Canterbury",1010,5,16.25,NA
"3346","20180401:0000",-42.88031,172.68964,"Medbury",910,NA,0,"Canterbury",1010,2.2,10.7,NA
"3347","20180402:0000",-42.88031,172.68964,"Medbury",910,NA,0,"Canterbury",1010,8.6,13.2,NA
"3348","20180403:0000",-42.88031,172.68964,"Medbury",910,NA,0,"Canterbury",1010,26.3,17.9,NA
"3349","20180404:0000",-42.88031,172.68964,"Medbury",910,NA,0,"Canterbury",1010,12.2,16.6,NA
"3350","20180405:0000",-42.88031,172.68964,"Medbury",910,NA,0,"Canterbury",1010,2.2,13.1,NA
"3351","20180406:0000",-42.88031,172.68964,"Medbury",910,NA,0,"Canterbury",1010,3.2,13.75,NA
"3352","20180407:0000",-42.88031,172.68964,"Medbury",910,NA,0,"Canterbury",1010,4.7,11.6,NA
"3353","20180408:0000",-42.88031,172.68964,"Medbury",910,NA,0,"Canterbury",1010,5,11,NA
"3354","20180409:0000",-42.88031,172.68964,"Medbury",910,NA,0,"Canterbury",1010,4.3,10.35,NA
"3355","20180410:0000",-42.88031,172.68964,"Medbury",910,NA,0,"Canterbury",1010,10.1,4,NA
"3356","20180411:0000",-42.88031,172.68964,"Medbury",910,NA,0,"Canterbury",1010,8.6,4.95,NA
"3357","20180412:0000",-42.88031,172.68964,"Medbury",910,NA,0,"Canterbury",1010,7.2,5.9,NA
"3358","20180413:0000",-42.88031,172.68964,"Medbury",910,NA,0,"Canterbury",1010,3.6,7,NA
"3359","20180414:0000",-42.88031,172.68964,"Medbury",910,NA,0,"Canterbury",1010,1.4,8.6,NA
"3360","20180415:0000",-42.88031,172.68964,"Medbury",910,NA,0,"Canterbury",1010,1.4,8.8,NA
"3361","20180416:0000",-42.88031,172.68964,"Medbury",910,NA,0,"Canterbury",1010,4,12.6,NA
"3362","20180417:0000",-42.88031,172.68964,"Medbury",910,NA,0,"Canterbury",1010,6.8,13.7,NA
"3363","20180418:0000",-42.88031,172.68964,"Medbury",910,NA,0,"Canterbury",1010,5,10.55,NA
"3364","20180419:0000",-42.88031,172.68964,"Medbury",910,NA,0,"Canterbury",1010,20.9,11.15,NA
"3365","20180420:0000",-42.88031,172.68964,"Medbury",910,NA,0,"Canterbury",1010,23.4,16.1,NA
"3366","20180421:0000",-42.88031,172.68964,"Medbury",910,NA,0,"Canterbury",1010,21.2,16.2,NA
"3367","20180422:0000",-42.88031,172.68964,"Medbury",910,NA,0,"Canterbury",1010,1.1,9.2,NA
"3368","20180423:0000",-42.88031,172.68964,"Medbury",910,NA,0,"Canterbury",1010,2.2,7.35,NA
"3369","20180424:0000",-42.88031,172.68964,"Medbury",910,NA,0,"Canterbury",1010,14.8,10.25,NA
"3370","20180425:0000",-42.88031,172.68964,"Medbury",910,NA,0,"Canterbury",1010,1.8,9.15,NA
"3371","20180426:0000",-42.88031,172.68964,"Medbury",910,NA,0,"Canterbury",1010,2.9,11.05,NA
"3372","20180427:0000",-42.88031,172.68964,"Medbury",910,NA,0,"Canterbury",1010,2.2,9.5,NA
"3373","20180428:0000",-42.88031,172.68964,"Medbury",910,NA,0,"Canterbury",1010,4,9.95,NA
"3374","20180429:0000",-42.88031,172.68964,"Medbury",910,NA,0,"Canterbury",1010,3.2,11.8,NA
"3375","20180430:0000",-42.88031,172.68964,"Medbury",910,NA,0,"Canterbury",1010,1.1,8.2,NA
"3376","20180501:0000",-42.88031,172.68964,"Medbury",910,NA,0,"Canterbury",1010,3.2,10.85,NA
"3377","20180502:0000",-42.88031,172.68964,"Medbury",910,NA,0,"Canterbury",1010,2.2,11.55,NA
"3378","20180503:0000",-42.88031,172.68964,"Medbury",910,NA,0,"Canterbury",1010,1.4,7.95,NA
"3379","20180504:0000",-42.88031,172.68964,"Medbury",910,NA,0,"Canterbury",1010,1.8,8.15,NA
"3380","20180505:0000",-42.88031,172.68964,"Medbury",910,NA,0,"Canterbury",1010,5.4,11.05,NA
"3381","20180506:0000",-42.88031,172.68964,"Medbury",910,NA,0,"Canterbury",1010,23,13.5,NA
"3382","20180507:0000",-42.88031,172.68964,"Medbury",910,NA,0,"Canterbury",1010,28.1,12.95,NA
"3383","20180508:0000",-42.88031,172.68964,"Medbury",910,NA,0,"Canterbury",1010,11.2,13.55,NA
"3384","20180509:0000",-42.88031,172.68964,"Medbury",910,NA,0,"Canterbury",1010,7.2,16.95,NA
"3385","20180510:0000",-42.88031,172.68964,"Medbury",910,NA,0,"Canterbury",1010,5.8,10.75,NA
"3386","20180511:0000",-42.88031,172.68964,"Medbury",910,NA,0,"Canterbury",1010,2.5,14.35,NA
"3387","20180512:0000",-42.88031,172.68964,"Medbury",910,NA,0,"Canterbury",1010,2.2,10.9,NA
"3388","20180513:0000",-42.88031,172.68964,"Medbury",910,NA,0,"Canterbury",1010,2.2,7.95,NA
"3389","20180514:0000",-42.88031,172.68964,"Medbury",910,NA,0,"Canterbury",1010,2.2,9.75,NA
"3390","20180515:0000",-42.88031,172.68964,"Medbury",910,NA,0,"Canterbury",1010,4,12.35,NA
"3391","20180516:0000",-42.88031,172.68964,"Medbury",910,NA,0,"Canterbury",1010,3.6,9.2,NA
"3392","20180517:0000",-42.88031,172.68964,"Medbury",910,NA,0,"Canterbury",1010,0,9,NA
"3393","20180518:0000",-42.88031,172.68964,"Medbury",910,NA,0,"Canterbury",1010,11.9,11.1,NA
"3394","20180519:0000",-42.88031,172.68964,"Medbury",910,NA,0,"Canterbury",1010,5,11.45,NA
"3395","20180520:0000",-42.88031,172.68964,"Medbury",910,NA,0,"Canterbury",1010,11.2,13.4,NA
"3396","20180521:0000",-42.88031,172.68964,"Medbury",910,NA,0,"Canterbury",1010,11.5,8.9,NA
"3397","20180522:0000",-42.88031,172.68964,"Medbury",910,NA,0,"Canterbury",1010,10.8,10.1,NA
"3398","20180523:0000",-42.88031,172.68964,"Medbury",910,NA,0,"Canterbury",1010,2.9,5.85,NA
"3399","20180524:0000",-42.88031,172.68964,"Medbury",910,NA,0,"Canterbury",1010,19.4,5.4,NA
"3400","20180525:0000",-42.88031,172.68964,"Medbury",910,NA,0,"Canterbury",1010,2.2,5.45,NA
"3401","20180526:0000",-42.88031,172.68964,"Medbury",910,NA,0,"Canterbury",1010,2.2,5.6,NA
"3402","20180527:0000",-42.88031,172.68964,"Medbury",910,NA,0,"Canterbury",1010,2.9,6.7,NA
"3403","20180528:0000",-42.88031,172.68964,"Medbury",910,NA,0,"Canterbury",1010,14.8,4.4,NA
"3404","20180529:0000",-42.88031,172.68964,"Medbury",910,NA,0,"Canterbury",1010,1.1,5.65,NA
"3405","20180530:0000",-42.88031,172.68964,"Medbury",910,NA,0,"Canterbury",1010,0.7,3.5,NA
"3406","20180531:0000",-42.88031,172.68964,"Medbury",910,NA,0,"Canterbury",1010,1.1,3.9,NA
"3407","20180601:0000",-42.88031,172.68964,"Medbury",910,NA,0,"Canterbury",1010,3.6,4.9,NA
"3408","20180602:0000",-42.88031,172.68964,"Medbury",910,NA,0,"Canterbury",1010,1.1,7.45,NA
"3409","20180603:0000",-42.88031,172.68964,"Medbury",910,NA,0,"Canterbury",1010,2.9,6.6,NA
"3410","20180604:0000",-42.88031,172.68964,"Medbury",910,NA,0,"Canterbury",1010,0,8.05,NA
"3411","20180605:0000",-42.88031,172.68964,"Medbury",910,NA,0,"Canterbury",1010,0,10.55,NA
"3412","20180606:0000",-42.88031,172.68964,"Medbury",910,NA,0,"Canterbury",1010,0,4.3,NA
"3413","20180607:0000",-42.88031,172.68964,"Medbury",910,NA,0,"Canterbury",1010,2.2,6.55,NA
"3414","20180608:0000",-42.88031,172.68964,"Medbury",910,NA,0,"Canterbury",1010,0.7,8.15,NA
"3415","20180609:0000",-42.88031,172.68964,"Medbury",910,NA,0,"Canterbury",1010,16.9,7.8,NA
"3416","20180610:0000",-42.88031,172.68964,"Medbury",910,NA,0,"Canterbury",1010,6.5,14.4,NA
"3417","20180611:0000",-42.88031,172.68964,"Medbury",910,NA,0,"Canterbury",1010,1.4,7.9,NA
"3418","20180612:0000",-42.88031,172.68964,"Medbury",910,NA,0,"Canterbury",1010,4,7.65,NA
"3419","20180613:0000",-42.88031,172.68964,"Medbury",910,NA,0,"Canterbury",1010,0,8.75,NA
"3420","20180614:0000",-42.88031,172.68964,"Medbury",910,NA,0,"Canterbury",1010,2.2,8.35,NA
"3421","20180615:0000",-42.88031,172.68964,"Medbury",910,NA,0,"Canterbury",1010,5.4,8,NA
"3422","20180616:0000",-42.88031,172.68964,"Medbury",910,NA,0,"Canterbury",1010,4,8.05,NA
"3423","20180617:0000",-42.88031,172.68964,"Medbury",910,NA,0,"Canterbury",1010,2.9,9.85,NA
"3424","20180618:0000",-42.88031,172.68964,"Medbury",910,NA,0,"Canterbury",1010,2.9,3.25,NA
"3425","20180619:0000",-42.88031,172.68964,"Medbury",910,NA,0,"Canterbury",1010,6.1,4.85,NA
"3426","20180620:0000",-42.88031,172.68964,"Medbury",910,NA,0,"Canterbury",1010,1.1,6.1,NA
"3427","20180621:0000",-42.88031,172.68964,"Medbury",910,NA,0,"Canterbury",1010,1.4,5.2,NA
"3428","20180622:0000",-42.88031,172.68964,"Medbury",910,NA,0,"Canterbury",1010,1.8,1.65,NA
"3429","20180623:0000",-42.88031,172.68964,"Medbury",910,NA,0,"Canterbury",1010,1.1,3.55,NA
"3430","20180624:0000",-42.88031,172.68964,"Medbury",910,NA,0,"Canterbury",1010,12.6,6.1,NA
"3431","20180625:0000",-42.88031,172.68964,"Medbury",910,NA,0,"Canterbury",1010,6.1,7.15,NA
"3432","20180626:0000",-42.88031,172.68964,"Medbury",910,NA,0,"Canterbury",1010,1.8,4.4,NA
"3433","20180627:0000",-42.88031,172.68964,"Medbury",910,NA,0,"Canterbury",1010,2.5,5.65,NA
"3434","20180628:0000",-42.88031,172.68964,"Medbury",910,NA,0,"Canterbury",1010,2.5,6.95,NA
"3435","20180629:0000",-42.88031,172.68964,"Medbury",910,NA,0,"Canterbury",1010,2.2,4.4,NA
"3436","20180630:0000",-42.88031,172.68964,"Medbury",910,NA,0,"Canterbury",1010,1.4,4.45,NA
"3437","20180701:0000",-42.88031,172.68964,"Medbury",910,NA,0,"Canterbury",1010,9,6.85,NA
"3438","20180702:0000",-42.88031,172.68964,"Medbury",910,NA,0,"Canterbury",1010,3.2,7.35,NA
"3439","20180703:0000",-42.88031,172.68964,"Medbury",910,NA,0,"Canterbury",1010,2.9,4.45,NA
"3440","20180704:0000",-42.88031,172.68964,"Medbury",910,NA,0,"Canterbury",1010,5.8,4.75,NA
"3441","20180705:0000",-42.88031,172.68964,"Medbury",910,NA,0,"Canterbury",1010,1.8,4.7,NA
"3442","20180706:0000",-42.88031,172.68964,"Medbury",910,NA,0,"Canterbury",1010,4.3,7.6,NA
"3443","20180707:0000",-42.88031,172.68964,"Medbury",910,NA,0,"Canterbury",1010,13.3,11.95,NA
"3444","20180708:0000",-42.88031,172.68964,"Medbury",910,NA,0,"Canterbury",1010,5.8,9,NA
"3445","20180709:0000",-42.88031,172.68964,"Medbury",910,NA,0,"Canterbury",1010,11.2,9.45,NA
"3446","20180710:0000",-42.88031,172.68964,"Medbury",910,NA,0,"Canterbury",1010,2.9,7.8,NA
"3447","20180711:0000",-42.88031,172.68964,"Medbury",910,NA,0,"Canterbury",1010,4.3,5.25,NA
"3448","20180712:0000",-42.88031,172.68964,"Medbury",910,NA,0,"Canterbury",1010,1.4,5.8,NA
"3449","20180713:0000",-42.88031,172.68964,"Medbury",910,NA,0,"Canterbury",1010,4,4.3,NA
"3450","20180714:0000",-42.88031,172.68964,"Medbury",910,NA,0,"Canterbury",1010,2.9,5.75,NA
"3451","20180715:0000",-42.88031,172.68964,"Medbury",910,NA,0,"Canterbury",1010,2.5,2.2,NA
"3452","20180716:0000",-42.88031,172.68964,"Medbury",910,NA,0,"Canterbury",1010,1.8,8.8,NA
"3453","20180717:0000",-42.88031,172.68964,"Medbury",910,NA,0,"Canterbury",1010,14.8,9.8,NA
"3454","20180718:0000",-42.88031,172.68964,"Medbury",910,NA,0,"Canterbury",1010,2.5,5.3,NA
"3455","20180719:0000",-42.88031,172.68964,"Medbury",910,NA,0,"Canterbury",1010,2.5,6.25,NA
"3456","20180720:0000",-42.88031,172.68964,"Medbury",910,NA,0,"Canterbury",1010,2.5,6.4,NA
"3457","20180721:0000",-42.88031,172.68964,"Medbury",910,NA,0,"Canterbury",1010,18,8.3,NA
"3458","20180722:0000",-42.88031,172.68964,"Medbury",910,NA,0,"Canterbury",1010,4.7,9.8,NA
"3459","20180723:0000",-42.88031,172.68964,"Medbury",910,NA,0,"Canterbury",1010,2.2,6.45,NA
"3460","20180724:0000",-42.88031,172.68964,"Medbury",910,NA,0,"Canterbury",1010,0.7,5.35,NA
"3461","20180725:0000",-42.88031,172.68964,"Medbury",910,NA,0,"Canterbury",1010,1.8,5.4,NA
"3462","20180726:0000",-42.88031,172.68964,"Medbury",910,NA,0,"Canterbury",1010,7.9,5.85,NA
"3463","20180727:0000",-42.88031,172.68964,"Medbury",910,NA,0,"Canterbury",1010,3.2,8.2,NA
"3464","20180728:0000",-42.88031,172.68964,"Medbury",910,NA,0,"Canterbury",1010,19.1,10.25,NA
"3465","20180729:0000",-42.88031,172.68964,"Medbury",910,NA,0,"Canterbury",1010,4.3,10.35,NA
"3466","20180730:0000",-42.88031,172.68964,"Medbury",910,NA,0,"Canterbury",1010,1.4,5.85,NA
"3467","20180731:0000",-42.88031,172.68964,"Medbury",910,NA,0,"Canterbury",1010,5.8,8.9,NA
"3468","20180801:0000",-42.88031,172.68964,"Medbury",910,NA,0,"Canterbury",1010,4.7,9.8,NA
"3469","20180802:0000",-42.88031,172.68964,"Medbury",910,NA,0,"Canterbury",1010,4,9.05,NA
"3470","20180803:0000",-42.88031,172.68964,"Medbury",910,NA,0,"Canterbury",1010,3.2,6.35,NA
"3471","20180804:0000",-42.88031,172.68964,"Medbury",910,NA,0,"Canterbury",1010,1.4,7.95,NA
"3472","20180805:0000",-42.88031,172.68964,"Medbury",910,NA,0,"Canterbury",1010,1.4,4.5,NA
"3473","20180806:0000",-42.88031,172.68964,"Medbury",910,NA,0,"Canterbury",1010,4,5.3,NA
"3474","20180807:0000",-42.88031,172.68964,"Medbury",910,NA,0,"Canterbury",1010,3.6,10.5,NA
"3475","20180808:0000",-42.88031,172.68964,"Medbury",910,NA,0,"Canterbury",1010,2.9,9.95,NA
"3476","20180809:0000",-42.88031,172.68964,"Medbury",910,NA,0,"Canterbury",1010,2.2,8.5,NA
"3477","20180810:0000",-42.88031,172.68964,"Medbury",910,NA,0,"Canterbury",1010,14.4,7.8,NA
"3478","20180811:0000",-42.88031,172.68964,"Medbury",910,NA,0,"Canterbury",1010,4.3,5.2,NA
"3479","20180812:0000",-42.88031,172.68964,"Medbury",910,NA,0,"Canterbury",1010,1.8,8.65,NA
"3480","20180813:0000",-42.88031,172.68964,"Medbury",910,NA,0,"Canterbury",1010,2.2,8.4,NA
"3481","20180814:0000",-42.88031,172.68964,"Medbury",910,NA,0,"Canterbury",1010,2.2,6.35,NA
"3482","20180815:0000",-42.88031,172.68964,"Medbury",910,NA,0,"Canterbury",1010,1.8,10,NA
"3483","20180816:0000",-42.88031,172.68964,"Medbury",910,NA,0,"Canterbury",1010,12.6,9.15,NA
"3484","20180817:0000",-42.88031,172.68964,"Medbury",910,NA,0,"Canterbury",1010,4,10.25,NA
"3485","20180818:0000",-42.88031,172.68964,"Medbury",910,NA,0,"Canterbury",1010,1.8,6.95,NA
"3486","20180819:0000",-42.88031,172.68964,"Medbury",910,NA,0,"Canterbury",1010,2.5,3.65,NA
"3487","20180820:0000",-42.88031,172.68964,"Medbury",910,NA,0,"Canterbury",1010,2.2,5.15,NA
"3488","20180821:0000",-42.88031,172.68964,"Medbury",910,NA,0,"Canterbury",1010,3.2,6.4,NA
"3489","20180822:0000",-42.88031,172.68964,"Medbury",910,NA,0,"Canterbury",1010,7.6,6.2,NA
"3490","20180823:0000",-42.88031,172.68964,"Medbury",910,NA,0,"Canterbury",1010,2.9,4.5,NA
"3491","20180824:0000",-42.88031,172.68964,"Medbury",910,NA,0,"Canterbury",1010,9.4,6.1,NA
"3492","20180825:0000",-42.88031,172.68964,"Medbury",910,NA,0,"Canterbury",1010,16.2,4.45,NA
"3493","20180826:0000",-42.88031,172.68964,"Medbury",910,NA,0,"Canterbury",1010,2.2,8.25,NA
"3494","20180827:0000",-42.88031,172.68964,"Medbury",910,NA,0,"Canterbury",1010,6.8,8.8,NA
"3495","20180828:0000",-42.88031,172.68964,"Medbury",910,NA,0,"Canterbury",1010,4,9.85,NA
"3496","20180829:0000",-42.88031,172.68964,"Medbury",910,NA,0,"Canterbury",1010,2.2,9,NA
"3497","20180830:0000",-42.88031,172.68964,"Medbury",910,NA,0,"Canterbury",1010,4.3,9.4,NA
"3498","20180831:0000",-42.88031,172.68964,"Medbury",910,NA,0,"Canterbury",1010,2.9,4.8,NA
"3499","20180901:0000",-42.88031,172.68964,"Medbury",910,NA,0,"Canterbury",1010,2.2,9.2,NA
"3500","20180902:0000",-42.88031,172.68964,"Medbury",910,NA,0,"Canterbury",1010,2.5,7.75,NA
"3501","20180903:0000",-42.88031,172.68964,"Medbury",910,NA,0,"Canterbury",1010,24.5,6.05,NA
"3502","20180904:0000",-42.88031,172.68964,"Medbury",910,NA,0,"Canterbury",1010,8.3,7.15,NA
"3503","20180905:0000",-42.88031,172.68964,"Medbury",910,NA,0,"Canterbury",1010,3.6,5.15,NA
"3504","20180906:0000",-42.88031,172.68964,"Medbury",910,NA,0,"Canterbury",1010,4,6.65,NA
"3505","20180907:0000",-42.88031,172.68964,"Medbury",910,NA,0,"Canterbury",1010,1.4,5.35,NA
"3506","20180908:0000",-42.88031,172.68964,"Medbury",910,NA,0,"Canterbury",1010,1.8,4.25,NA
"3507","20180909:0000",-42.88031,172.68964,"Medbury",910,NA,0,"Canterbury",1010,7.2,6.95,NA
"3508","20180910:0000",-42.88031,172.68964,"Medbury",910,NA,0,"Canterbury",1010,3.6,5.45,NA
"3509","20180911:0000",-42.88031,172.68964,"Medbury",910,NA,0,"Canterbury",1010,2.9,8.95,NA
"3510","20180912:0000",-42.88031,172.68964,"Medbury",910,NA,0,"Canterbury",1010,4.3,9.25,NA
"3511","20180913:0000",-42.88031,172.68964,"Medbury",910,NA,0,"Canterbury",1010,6.5,13.2,NA
"3512","20180914:0000",-42.88031,172.68964,"Medbury",910,NA,0,"Canterbury",1010,11.2,15.85,NA
"3513","20180915:0000",-42.88031,172.68964,"Medbury",910,NA,0,"Canterbury",1010,3.2,11.65,NA
"3514","20180916:0000",-42.88031,172.68964,"Medbury",910,NA,0,"Canterbury",1010,14.4,12.65,NA
"3515","20180917:0000",-42.88031,172.68964,"Medbury",910,NA,0,"Canterbury",1010,1.8,14.7,NA
"3516","20180918:0000",-42.88031,172.68964,"Medbury",910,NA,0,"Canterbury",1010,3.6,8.8,NA
"3517","20180919:0000",-42.88031,172.68964,"Medbury",910,NA,0,"Canterbury",1010,1.8,9.8,NA
"3518","20180920:0000",-42.88031,172.68964,"Medbury",910,NA,0,"Canterbury",1010,3.2,10.15,NA
"3519","20180921:0000",-42.88031,172.68964,"Medbury",910,NA,0,"Canterbury",1010,4,10.4,NA
"3520","20180922:0000",-42.88031,172.68964,"Medbury",910,NA,0,"Canterbury",1010,1.8,9.8,NA
"3521","20180923:0000",-42.88031,172.68964,"Medbury",910,NA,0,"Canterbury",1010,2.2,10.1,NA
"3522","20180924:0000",-42.88031,172.68964,"Medbury",910,NA,0,"Canterbury",1010,2.5,10.25,NA
"3523","20180925:0000",-42.88031,172.68964,"Medbury",910,NA,0,"Canterbury",1010,16.2,8.8,NA
"3524","20180926:0000",-42.88031,172.68964,"Medbury",910,NA,0,"Canterbury",1010,9.4,8.55,NA
"3525","20180927:0000",-42.88031,172.68964,"Medbury",910,NA,0,"Canterbury",1010,5.4,9.75,NA
"3526","20180928:0000",-42.88031,172.68964,"Medbury",910,NA,0,"Canterbury",1010,2.9,7.35,NA
"3527","20180929:0000",-42.88031,172.68964,"Medbury",910,NA,0,"Canterbury",1010,22.3,8.6,NA
"3528","20180930:0000",-42.88031,172.68964,"Medbury",910,NA,0,"Canterbury",1010,15.5,12.6,NA
"3529","20181001:0000",-42.88031,172.68964,"Medbury",910,NA,0,"Canterbury",1010,2.9,12.75,NA
"3530","20181002:0000",-42.88031,172.68964,"Medbury",910,NA,0,"Canterbury",1010,5,11.9,NA
"3531","20181003:0000",-42.88031,172.68964,"Medbury",910,NA,0,"Canterbury",1010,2.9,10.6,NA
"3532","20181004:0000",-42.88031,172.68964,"Medbury",910,NA,0,"Canterbury",1010,17.6,12.75,NA
"3533","20181005:0000",-42.88031,172.68964,"Medbury",910,NA,0,"Canterbury",1010,5.4,10.25,NA
"3534","20181006:0000",-42.88031,172.68964,"Medbury",910,NA,0,"Canterbury",1010,2.2,11.3,NA
"3535","20181007:0000",-42.88031,172.68964,"Medbury",910,NA,0,"Canterbury",1010,6.8,11.5,NA
"3536","20181008:0000",-42.88031,172.68964,"Medbury",910,NA,0,"Canterbury",1010,3.6,9,NA
"3537","20181009:0000",-42.88031,172.68964,"Medbury",910,NA,0,"Canterbury",1010,2.9,9.35,NA
"3538","20181010:0000",-42.88031,172.68964,"Medbury",910,NA,0,"Canterbury",1010,11.2,12,NA
"3539","20181011:0000",-42.88031,172.68964,"Medbury",910,NA,0,"Canterbury",1010,2.9,9.55,NA
"3540","20181012:0000",-42.88031,172.68964,"Medbury",910,NA,0,"Canterbury",1010,10.8,5.8,NA
"3541","20181013:0000",-42.88031,172.68964,"Medbury",910,NA,0,"Canterbury",1010,10.1,6.9,NA
"3542","20181014:0000",-42.88031,172.68964,"Medbury",910,NA,0,"Canterbury",1010,10.1,8.15,NA
"3543","20181015:0000",-42.88031,172.68964,"Medbury",910,NA,0,"Canterbury",1010,2.2,6.65,NA
"3544","20181016:0000",-42.88031,172.68964,"Medbury",910,NA,0,"Canterbury",1010,2.5,12.25,NA
"3545","20181017:0000",-42.88031,172.68964,"Medbury",910,NA,0,"Canterbury",1010,12.6,13.5,NA
"3546","20181018:0000",-42.88031,172.68964,"Medbury",910,NA,0,"Canterbury",1010,7.9,14.85,NA
"3547","20181019:0000",-42.88031,172.68964,"Medbury",910,NA,0,"Canterbury",1010,3.6,12.05,NA
"3548","20181020:0000",-42.88031,172.68964,"Medbury",910,NA,0,"Canterbury",1010,7.2,17.25,NA
"3549","20181021:0000",-42.88031,172.68964,"Medbury",910,NA,0,"Canterbury",1010,5,16.8,NA
"3550","20181022:0000",-42.88031,172.68964,"Medbury",910,NA,0,"Canterbury",1010,1.4,16.2,NA
"3551","20181023:0000",-42.88031,172.68964,"Medbury",910,NA,0,"Canterbury",1010,1.8,15.7,NA
"3552","20181024:0000",-42.88031,172.68964,"Medbury",910,NA,0,"Canterbury",1010,3.2,16.25,NA
"3553","20181025:0000",-42.88031,172.68964,"Medbury",910,NA,0,"Canterbury",1010,5.4,15.7,NA
"3554","20181026:0000",-42.88031,172.68964,"Medbury",910,NA,0,"Canterbury",1010,4,9.2,NA
"3555","20181027:0000",-42.88031,172.68964,"Medbury",910,NA,0,"Canterbury",1010,4,11.55,NA
"3556","20181028:0000",-42.88031,172.68964,"Medbury",910,NA,0,"Canterbury",1010,5,11.05,NA
"3557","20181029:0000",-42.88031,172.68964,"Medbury",910,NA,0,"Canterbury",1010,7.2,10.95,NA
"3558","20181030:0000",-42.88031,172.68964,"Medbury",910,NA,0,"Canterbury",1010,7.6,9.55,NA
"3559","20181031:0000",-42.88031,172.68964,"Medbury",910,NA,0,"Canterbury",1010,2.9,9.45,NA
"3560","20181101:0000",-42.88031,172.68964,"Medbury",910,NA,0,"Canterbury",1010,12.2,9.3,NA
"3561","20181102:0000",-42.88031,172.68964,"Medbury",910,NA,0,"Canterbury",1010,4.3,9.75,NA
"3562","20181103:0000",-42.88031,172.68964,"Medbury",910,NA,0,"Canterbury",1010,10.1,17.3,NA
"3563","20181104:0000",-42.88031,172.68964,"Medbury",910,NA,0,"Canterbury",1010,17.3,12.3,NA
"3564","20181105:0000",-42.88031,172.68964,"Medbury",910,NA,0,"Canterbury",1010,15.8,16.75,NA
"3565","20181106:0000",-42.88031,172.68964,"Medbury",910,NA,0,"Canterbury",1010,4.3,15.9,NA
"3566","20181107:0000",-42.88031,172.68964,"Medbury",910,NA,0,"Canterbury",1010,17.3,17.7,NA
"3567","20181108:0000",-42.88031,172.68964,"Medbury",910,NA,0,"Canterbury",1010,15.8,22.35,NA
"3568","20181109:0000",-42.88031,172.68964,"Medbury",910,NA,0,"Canterbury",1010,11.2,9.4,NA
"3569","20181110:0000",-42.88031,172.68964,"Medbury",910,NA,0,"Canterbury",1010,5,8.85,NA
"3570","20181111:0000",-42.88031,172.68964,"Medbury",910,NA,0,"Canterbury",1010,2.2,11.45,NA
"3571","20181112:0000",-42.88031,172.68964,"Medbury",910,NA,0,"Canterbury",1010,2.2,12.05,NA
"3572","20181113:0000",-42.88031,172.68964,"Medbury",910,NA,0,"Canterbury",1010,2.9,11.45,NA
"3573","20181114:0000",-42.88031,172.68964,"Medbury",910,NA,0,"Canterbury",1010,3.6,14.7,NA
"3574","20181115:0000",-42.88031,172.68964,"Medbury",910,NA,0,"Canterbury",1010,5.8,15.55,NA
"3575","20181116:0000",-42.88031,172.68964,"Medbury",910,NA,0,"Canterbury",1010,19.4,18.45,NA
"3576","20181117:0000",-42.88031,172.68964,"Medbury",910,NA,0,"Canterbury",1010,5.4,16.6,NA
"3577","20181118:0000",-42.88031,172.68964,"Medbury",910,NA,0,"Canterbury",1010,19.4,15.25,NA
"3578","20181119:0000",-42.88031,172.68964,"Medbury",910,NA,0,"Canterbury",1010,4,7.2,NA
"3579","20181120:0000",-42.88031,172.68964,"Medbury",910,NA,0,"Canterbury",1010,3.6,6.65,NA
"3580","20181121:0000",-42.88031,172.68964,"Medbury",910,NA,0,"Canterbury",1010,2.9,8.75,NA
"3581","20181122:0000",-42.88031,172.68964,"Medbury",910,NA,0,"Canterbury",1010,2.2,10.15,NA
"3582","20181123:0000",-42.88031,172.68964,"Medbury",910,NA,0,"Canterbury",1010,2.9,12.2,NA
"3583","20181124:0000",-42.88031,172.68964,"Medbury",910,NA,0,"Canterbury",1010,4.7,14.9,NA
"3584","20181125:0000",-42.88031,172.68964,"Medbury",910,NA,0,"Canterbury",1010,3.2,14.65,NA
"3585","20181126:0000",-42.88031,172.68964,"Medbury",910,NA,0,"Canterbury",1010,4.3,12.2,NA
"3586","20181127:0000",-42.88031,172.68964,"Medbury",910,NA,0,"Canterbury",1010,5.8,11.8,NA
"3587","20181128:0000",-42.88031,172.68964,"Medbury",910,NA,0,"Canterbury",1010,5.8,14,NA
"3588","20181129:0000",-42.88031,172.68964,"Medbury",910,NA,0,"Canterbury",1010,4.3,14.5,NA
"3589","20181130:0000",-42.88031,172.68964,"Medbury",910,NA,0,"Canterbury",1010,4.7,14.1,NA
"3590","20181201:0000",-42.88031,172.68964,"Medbury",910,NA,0,"Canterbury",1010,3.6,15.8,NA
"3591","20181202:0000",-42.88031,172.68964,"Medbury",910,NA,0,"Canterbury",1010,2.2,16.2,NA
"3592","20181203:0000",-42.88031,172.68964,"Medbury",910,NA,0,"Canterbury",1010,5,18.15,NA
"3593","20181204:0000",-42.88031,172.68964,"Medbury",910,NA,0,"Canterbury",1010,7.2,17.4,NA
"3594","20181205:0000",-42.88031,172.68964,"Medbury",910,NA,0,"Canterbury",1010,8.6,15.05,NA
"3595","20181206:0000",-42.88031,172.68964,"Medbury",910,NA,0,"Canterbury",1010,2.9,12.1,NA
"3596","20181207:0000",-42.88031,172.68964,"Medbury",910,NA,0,"Canterbury",1010,4.3,14.05,NA
"3597","20181208:0000",-42.88031,172.68964,"Medbury",910,NA,0,"Canterbury",1010,4.7,16.95,NA
"3598","20181209:0000",-42.88031,172.68964,"Medbury",910,NA,0,"Canterbury",1010,2.2,20.05,NA
"3599","20181210:0000",-42.88031,172.68964,"Medbury",910,NA,0,"Canterbury",1010,4.3,13.7,NA
"3600","20181211:0000",-42.88031,172.68964,"Medbury",910,NA,0,"Canterbury",1010,4,13.25,NA
"3601","20181212:0000",-42.88031,172.68964,"Medbury",910,NA,0,"Canterbury",1010,4.3,15.65,NA
"3602","20181213:0000",-42.88031,172.68964,"Medbury",910,NA,0,"Canterbury",1010,2.2,15.05,NA
"3603","20181214:0000",-42.88031,172.68964,"Medbury",910,NA,0,"Canterbury",1010,3.2,17.2,NA
"3604","20181215:0000",-42.88031,172.68964,"Medbury",910,NA,0,"Canterbury",1010,2.2,17.7,NA
"3605","20181216:0000",-42.88031,172.68964,"Medbury",910,NA,0,"Canterbury",1010,4,16.15,NA
"3606","20181217:0000",-42.88031,172.68964,"Medbury",910,NA,0,"Canterbury",1010,2.2,20.05,NA
"3607","20181218:0000",-42.88031,172.68964,"Medbury",910,NA,0,"Canterbury",1010,24.8,19.15,NA
"3608","20181219:0000",-42.88031,172.68964,"Medbury",910,NA,0,"Canterbury",1010,2.5,14.4,NA
"3609","20181220:0000",-42.88031,172.68964,"Medbury",910,NA,0,"Canterbury",1010,5.4,11.35,NA
"3610","20181221:0000",-42.88031,172.68964,"Medbury",910,NA,0,"Canterbury",1010,4.3,13.65,NA
"3611","20181222:0000",-42.88031,172.68964,"Medbury",910,NA,0,"Canterbury",1010,4.7,15.75,NA
"3612","20181223:0000",-42.88031,172.68964,"Medbury",910,NA,0,"Canterbury",1010,5,12.2,NA
"3613","20181224:0000",-42.88031,172.68964,"Medbury",910,NA,0,"Canterbury",1010,4.3,13.85,NA
"3614","20181225:0000",-42.88031,172.68964,"Medbury",910,NA,0,"Canterbury",1010,2.2,16.7,NA
"3615","20181226:0000",-42.88031,172.68964,"Medbury",910,NA,0,"Canterbury",1010,3.2,13.6,NA
"3616","20181227:0000",-42.88031,172.68964,"Medbury",910,NA,0,"Canterbury",1010,2.9,12.95,NA
"3617","20181228:0000",-42.88031,172.68964,"Medbury",910,NA,0,"Canterbury",1010,3.6,15.8,NA
"3618","20181229:0000",-42.88031,172.68964,"Medbury",910,NA,0,"Canterbury",1010,9.4,18.7,NA
"3619","20181230:0000",-42.88031,172.68964,"Medbury",910,NA,0,"Canterbury",1010,12.2,18.95,NA
"3620","20181231:0000",-42.88031,172.68964,"Medbury",910,NA,0,"Canterbury",1010,5.8,22.35,NA
"3621","20190101:0000",-42.88031,172.68964,"Medbury",910,NA,0,"Canterbury",1010,3.2,21.35,NA
"3622","20190102:0000",-42.88031,172.68964,"Medbury",910,NA,0,"Canterbury",1010,21.6,22.1,NA
"3623","20190103:0000",-42.88031,172.68964,"Medbury",910,NA,0,"Canterbury",1010,21.2,22.65,NA
"3624","20190104:0000",-42.88031,172.68964,"Medbury",910,NA,0,"Canterbury",1010,7.9,18.45,NA
"3625","20190105:0000",-42.88031,172.68964,"Medbury",910,NA,0,"Canterbury",1010,7.2,19.75,NA
"3626","20190106:0000",-42.88031,172.68964,"Medbury",910,NA,0,"Canterbury",1010,10.1,22.6,NA
"3627","20190107:0000",-42.88031,172.68964,"Medbury",910,NA,0,"Canterbury",1010,6.1,18.35,NA
"3628","20190108:0000",-42.88031,172.68964,"Medbury",910,NA,0,"Canterbury",1010,5.8,15.5,NA
"3629","20190109:0000",-42.88031,172.68964,"Medbury",910,NA,0,"Canterbury",1010,9,21.25,NA
"3630","20190110:0000",-42.88031,172.68964,"Medbury",910,NA,0,"Canterbury",1010,5.4,23.15,NA
"3631","20190111:0000",-42.88031,172.68964,"Medbury",910,NA,0,"Canterbury",1010,22.7,20.8,NA
"3632","20190112:0000",-42.88031,172.68964,"Medbury",910,NA,0,"Canterbury",1010,1.8,14.95,NA
"3633","20190113:0000",-42.88031,172.68964,"Medbury",910,NA,0,"Canterbury",1010,4,16.45,NA
"3634","20190114:0000",-42.88031,172.68964,"Medbury",910,NA,0,"Canterbury",1010,11.5,13.05,NA
"3635","20190115:0000",-42.88031,172.68964,"Medbury",910,NA,0,"Canterbury",1010,4.7,14.85,NA
"3636","20190116:0000",-42.88031,172.68964,"Medbury",910,NA,0,"Canterbury",1010,2.2,15.35,NA
"3637","20190117:0000",-42.88031,172.68964,"Medbury",910,NA,0,"Canterbury",1010,3.2,18.55,NA
"3638","20190118:0000",-42.88031,172.68964,"Medbury",910,NA,0,"Canterbury",1010,1.8,18.55,NA
"3639","20190119:0000",-42.88031,172.68964,"Medbury",910,NA,0,"Canterbury",1010,5.8,20.25,NA
"3640","20190120:0000",-42.88031,172.68964,"Medbury",910,NA,0,"Canterbury",1010,34.2,18.25,NA
"3641","20190121:0000",-42.88031,172.68964,"Medbury",910,NA,0,"Canterbury",1010,25.6,19.45,NA
"3642","20190122:0000",-42.88031,172.68964,"Medbury",910,NA,0,"Canterbury",1010,14.4,16.25,NA
"3643","20190123:0000",-42.88031,172.68964,"Medbury",910,NA,0,"Canterbury",1010,18.4,22.6,NA
"3644","20190124:0000",-42.88031,172.68964,"Medbury",910,NA,0,"Canterbury",1010,4.3,14.5,NA
"3645","20190125:0000",-42.88031,172.68964,"Medbury",910,NA,0,"Canterbury",1010,3.2,14.15,NA
"3646","20190126:0000",-42.88031,172.68964,"Medbury",910,NA,0,"Canterbury",1010,4,19.35,NA
"3647","20190127:0000",-42.88031,172.68964,"Medbury",910,NA,0,"Canterbury",1010,21.6,23.25,NA
"3648","20190128:0000",-42.88031,172.68964,"Medbury",910,NA,0,"Canterbury",1010,9,25.3,NA
"3649","20190129:0000",-42.88031,172.68964,"Medbury",910,NA,0,"Canterbury",1010,1.8,23,NA
"3650","20190130:0000",-42.88031,172.68964,"Medbury",910,NA,0,"Canterbury",1010,3.6,24.35,NA
"3651","20190131:0000",-42.88031,172.68964,"Medbury",910,NA,0,"Canterbury",1010,1.8,24.6,NA
"3652","20190201:0000",-42.88031,172.68964,"Medbury",910,NA,0,"Canterbury",1010,12.2,25.1,NA
"3653","20190202:0000",-42.88031,172.68964,"Medbury",910,NA,0,"Canterbury",1010,1.8,13.85,NA
"3654","20190203:0000",-42.88031,172.68964,"Medbury",910,NA,0,"Canterbury",1010,5.4,17.2,NA
"3655","20190204:0000",-42.88031,172.68964,"Medbury",910,NA,0,"Canterbury",1010,11.9,19.45,NA
"3656","20190205:0000",-42.88031,172.68964,"Medbury",910,NA,0,"Canterbury",1010,24.1,21.35,NA
"3657","20190206:0000",-42.88031,172.68964,"Medbury",910,NA,0,"Canterbury",1010,9.4,12.3,NA
"3658","20190207:0000",-42.88031,172.68964,"Medbury",910,NA,0,"Canterbury",1010,1.1,12.4,NA
"3659","20190208:0000",-42.88031,172.68964,"Medbury",910,NA,0,"Canterbury",1010,2.2,15.35,NA
"3660","20190209:0000",-42.88031,172.68964,"Medbury",910,NA,0,"Canterbury",1010,5.8,19.1,NA
"3661","20190210:0000",-42.88031,172.68964,"Medbury",910,NA,0,"Canterbury",1010,5.4,22.9,NA
"3662","20190211:0000",-42.88031,172.68964,"Medbury",910,NA,0,"Canterbury",1010,2.5,20.15,NA
"3663","20190212:0000",-42.88031,172.68964,"Medbury",910,NA,0,"Canterbury",1010,5.8,20.85,NA
"3664","20190213:0000",-42.88031,172.68964,"Medbury",910,NA,0,"Canterbury",1010,1.4,20.1,NA
"3665","20190214:0000",-42.88031,172.68964,"Medbury",910,NA,0,"Canterbury",1010,3.6,20.55,NA
"3666","20190215:0000",-42.88031,172.68964,"Medbury",910,NA,0,"Canterbury",1010,1.4,19.4,NA
"3667","20190216:0000",-42.88031,172.68964,"Medbury",910,NA,0,"Canterbury",1010,13.3,13.6,NA
"3668","20190217:0000",-42.88031,172.68964,"Medbury",910,NA,0,"Canterbury",1010,2.2,15.95,NA
"3669","20190218:0000",-42.88031,172.68964,"Medbury",910,NA,0,"Canterbury",1010,2.2,18.3,NA
"3670","20190219:0000",-42.88031,172.68964,"Medbury",910,NA,0,"Canterbury",1010,5.8,19.6,NA
"3671","20190220:0000",-42.88031,172.68964,"Medbury",910,NA,0,"Canterbury",1010,4.3,23,NA
"3672","20190221:0000",-42.88031,172.68964,"Medbury",910,NA,0,"Canterbury",1010,2.9,19.35,NA
"3673","20190222:0000",-42.88031,172.68964,"Medbury",910,NA,0,"Canterbury",1010,10.1,20,NA
"3674","20190223:0000",-42.88031,172.68964,"Medbury",910,NA,0,"Canterbury",1010,1.4,13.45,NA
"3675","20190224:0000",-42.88031,172.68964,"Medbury",910,NA,0,"Canterbury",1010,8.3,11.2,NA
"3676","20190225:0000",-42.88031,172.68964,"Medbury",910,NA,0,"Canterbury",1010,9.7,11.6,NA
"3677","20190226:0000",-42.88031,172.68964,"Medbury",910,NA,0,"Canterbury",1010,2.2,14.7,NA
"3678","20190227:0000",-42.88031,172.68964,"Medbury",910,NA,0,"Canterbury",1010,31.7,15.9,NA
"3679","20190228:0000",-42.88031,172.68964,"Medbury",910,NA,0,"Canterbury",1010,2.9,10.55,NA
"3680","20190301:0000",-42.88031,172.68964,"Medbury",910,NA,0,"Canterbury",1010,1.8,11.9,NA
"3681","20190302:0000",-42.88031,172.68964,"Medbury",910,NA,0,"Canterbury",1010,1.1,13.9,NA
"3682","20190303:0000",-42.88031,172.68964,"Medbury",910,NA,0,"Canterbury",1010,3.2,17.9,NA
"3683","20190304:0000",-42.88031,172.68964,"Medbury",910,NA,0,"Canterbury",1010,1.8,16.25,NA
"3684","20190305:0000",-42.88031,172.68964,"Medbury",910,NA,0,"Canterbury",1010,2.2,20.75,NA
"3685","20190306:0000",-42.88031,172.68964,"Medbury",910,NA,0,"Canterbury",1010,2.2,20.7,NA
"3686","20190307:0000",-42.88031,172.68964,"Medbury",910,NA,0,"Canterbury",1010,10.8,20.95,NA
"3687","20190308:0000",-42.88031,172.68964,"Medbury",910,NA,0,"Canterbury",1010,10.1,11.35,NA
"3688","20190309:0000",-42.88031,172.68964,"Medbury",910,NA,0,"Canterbury",1010,4,12.8,NA
"3689","20190310:0000",-42.88031,172.68964,"Medbury",910,NA,0,"Canterbury",1010,3.6,13.45,NA
"3690","20190311:0000",-42.88031,172.68964,"Medbury",910,NA,0,"Canterbury",1010,2.5,16.25,NA
"3691","20190312:0000",-42.88031,172.68964,"Medbury",910,NA,0,"Canterbury",1010,5,19.35,NA
"3692","20190313:0000",-42.88031,172.68964,"Medbury",910,NA,0,"Canterbury",1010,3.2,20.15,NA
"3693","20190314:0000",-42.88031,172.68964,"Medbury",910,NA,0,"Canterbury",1010,1.4,14.75,NA
"3694","20190315:0000",-42.88031,172.68964,"Medbury",910,NA,0,"Canterbury",1010,3.2,16.7,NA
"3695","20190316:0000",-42.88031,172.68964,"Medbury",910,NA,0,"Canterbury",1010,4.7,19.2,NA
"3696","20190317:0000",-42.88031,172.68964,"Medbury",910,NA,0,"Canterbury",1010,1.8,14.85,NA
"3697","20190318:0000",-42.88031,172.68964,"Medbury",910,NA,0,"Canterbury",1010,3.2,17.35,NA
"3698","20190319:0000",-42.88031,172.68964,"Medbury",910,NA,0,"Canterbury",1010,1.8,17.05,NA
"3699","20190320:0000",-42.88031,172.68964,"Medbury",910,NA,0,"Canterbury",1010,2.2,18.3,NA
"3700","20190321:0000",-42.88031,172.68964,"Medbury",910,NA,0,"Canterbury",1010,1.8,15.55,NA
"3701","20190322:0000",-42.88031,172.68964,"Medbury",910,NA,0,"Canterbury",1010,3.6,17.85,NA
"3702","20190323:0000",-42.88031,172.68964,"Medbury",910,NA,0,"Canterbury",1010,2.9,17.7,NA
"3703","20190324:0000",-42.88031,172.68964,"Medbury",910,NA,0,"Canterbury",1010,2.9,20.1,NA
"3704","20190325:0000",-42.88031,172.68964,"Medbury",910,NA,0,"Canterbury",1010,8.6,19.3,NA
"3705","20190326:0000",-42.88031,172.68964,"Medbury",910,NA,0,"Canterbury",1010,14.8,22.6,NA
"3706","20190327:0000",-42.88031,172.68964,"Medbury",910,NA,0,"Canterbury",1010,7.9,19.75,NA
"3707","20190328:0000",-42.88031,172.68964,"Medbury",910,NA,0,"Canterbury",1010,4.3,13,NA
"3708","20190329:0000",-42.88031,172.68964,"Medbury",910,NA,0,"Canterbury",1010,2.2,12.45,NA
"3709","20190330:0000",-42.88031,172.68964,"Medbury",910,NA,0,"Canterbury",1010,1.8,14.55,NA
"3710","20190331:0000",-42.88031,172.68964,"Medbury",910,NA,0,"Canterbury",1010,6.5,17.5,NA
"3711","20190401:0000",-42.88031,172.68964,"Medbury",910,NA,0,"Canterbury",1010,9,16.6,NA
"3712","20190402:0000",-42.88031,172.68964,"Medbury",910,NA,0,"Canterbury",1010,5,8.8,NA
"3713","20190403:0000",-42.88031,172.68964,"Medbury",910,NA,0,"Canterbury",1010,1.4,10.8,NA
"3714","20190404:0000",-42.88031,172.68964,"Medbury",910,NA,0,"Canterbury",1010,1.8,10,NA
"3715","20190405:0000",-42.88031,172.68964,"Medbury",910,NA,0,"Canterbury",1010,13.3,5.5,NA
"3716","20190406:0000",-42.88031,172.68964,"Medbury",910,NA,0,"Canterbury",1010,5.8,6.5,NA
"3717","20190407:0000",-42.88031,172.68964,"Medbury",910,NA,0,"Canterbury",1010,8.3,7.8,NA
"3718","20190408:0000",-42.88031,172.68964,"Medbury",910,NA,0,"Canterbury",1010,2.5,12.4,NA
"3719","20190409:0000",-42.88031,172.68964,"Medbury",910,NA,0,"Canterbury",1010,2.5,11.9,NA
"3720","20190410:0000",-42.88031,172.68964,"Medbury",910,NA,0,"Canterbury",1010,7.2,15.4,NA
"3721","20190411:0000",-42.88031,172.68964,"Medbury",910,NA,0,"Canterbury",1010,3.2,12.5,NA
"3722","20190412:0000",-42.88031,172.68964,"Medbury",910,NA,0,"Canterbury",1010,7.9,8.1,NA
"3723","20190413:0000",-42.88031,172.68964,"Medbury",910,NA,0,"Canterbury",1010,3.2,11.1,NA
"3724","20190414:0000",-42.88031,172.68964,"Medbury",910,NA,0,"Canterbury",1010,7.9,8.3,NA
"3725","20190415:0000",-42.88031,172.68964,"Medbury",910,NA,0,"Canterbury",1010,3.2,10,NA
"3726","20190416:0000",-42.88031,172.68964,"Medbury",910,NA,0,"Canterbury",1010,1.8,9,NA
"3727","20190417:0000",-42.88031,172.68964,"Medbury",910,NA,0,"Canterbury",1010,1.4,9.05,NA
"3728","20190418:0000",-42.88031,172.68964,"Medbury",910,NA,0,"Canterbury",1010,3.6,10.4,NA
"3729","20190419:0000",-42.88031,172.68964,"Medbury",910,NA,0,"Canterbury",1010,4.3,12.7,NA
"3730","20190420:0000",-42.88031,172.68964,"Medbury",910,NA,0,"Canterbury",1010,6.8,13.05,NA
"3731","20190421:0000",-42.88031,172.68964,"Medbury",910,NA,0,"Canterbury",1010,4,10.85,NA
"3732","20190422:0000",-42.88031,172.68964,"Medbury",910,NA,0,"Canterbury",1010,1.8,11.2,NA
"3733","20190423:0000",-42.88031,172.68964,"Medbury",910,NA,0,"Canterbury",1010,4.3,14.45,NA
"3734","20190424:0000",-42.88031,172.68964,"Medbury",910,NA,0,"Canterbury",1010,2.2,10.3,NA
"3735","20190425:0000",-42.88031,172.68964,"Medbury",910,NA,0,"Canterbury",1010,3.6,14.3,NA
"3736","20190426:0000",-42.88031,172.68964,"Medbury",910,NA,0,"Canterbury",1010,2.5,14.9,NA
"3737","20190427:0000",-42.88031,172.68964,"Medbury",910,NA,0,"Canterbury",1010,12.2,16.7,NA
"3738","20190428:0000",-42.88031,172.68964,"Medbury",910,NA,0,"Canterbury",1010,3.6,10.75,NA
"3739","20190429:0000",-42.88031,172.68964,"Medbury",910,NA,0,"Canterbury",1010,4.3,11.05,NA
"3740","20190430:0000",-42.88031,172.68964,"Medbury",910,NA,0,"Canterbury",1010,2.5,6.7,NA
"3741","20190501:0000",-42.88031,172.68964,"Medbury",910,NA,0,"Canterbury",1010,1.8,7.8,NA
"3742","20190502:0000",-42.88031,172.68964,"Medbury",910,NA,0,"Canterbury",1010,3.2,9.7,NA
"3743","20190503:0000",-42.88031,172.68964,"Medbury",910,NA,0,"Canterbury",1010,1.4,11.1,NA
"3744","20190504:0000",-42.88031,172.68964,"Medbury",910,NA,0,"Canterbury",1010,1.1,10.55,NA
"3745","20190505:0000",-42.88031,172.68964,"Medbury",910,NA,0,"Canterbury",1010,2.2,12.55,NA
"3746","20190506:0000",-42.88031,172.68964,"Medbury",910,NA,0,"Canterbury",1010,1.4,9.95,NA
"3747","20190507:0000",-42.88031,172.68964,"Medbury",910,NA,0,"Canterbury",1010,4,10.3,NA
"3748","20190508:0000",-42.88031,172.68964,"Medbury",910,NA,0,"Canterbury",1010,2.9,11.9,NA
"3749","20190509:0000",-42.88031,172.68964,"Medbury",910,NA,0,"Canterbury",1010,7.9,13.85,NA
"3750","20190510:0000",-42.88031,172.68964,"Medbury",910,NA,0,"Canterbury",1010,2.9,13.7,NA
"3751","20190511:0000",-42.88031,172.68964,"Medbury",910,NA,0,"Canterbury",1010,2.5,10.8,NA
"3752","20190512:0000",-42.88031,172.68964,"Medbury",910,NA,0,"Canterbury",1010,15.5,12.45,NA
"3753","20190513:0000",-42.88031,172.68964,"Medbury",910,NA,0,"Canterbury",1010,4.3,10.5,NA
"3754","20190514:0000",-42.88031,172.68964,"Medbury",910,NA,0,"Canterbury",1010,20.2,7.65,NA
"3755","20190515:0000",-42.88031,172.68964,"Medbury",910,NA,0,"Canterbury",1010,23.8,14.1,NA
"3756","20190516:0000",-42.88031,172.68964,"Medbury",910,NA,0,"Canterbury",1010,29.9,14.4,NA
"3757","20190517:0000",-42.88031,172.68964,"Medbury",910,NA,0,"Canterbury",1010,2.2,4.85,NA
"3758","20190518:0000",-42.88031,172.68964,"Medbury",910,NA,0,"Canterbury",1010,4.3,8.1,NA
"3759","20190519:0000",-42.88031,172.68964,"Medbury",910,NA,0,"Canterbury",1010,14.8,9.95,NA
"3760","20190520:0000",-42.88031,172.68964,"Medbury",910,NA,0,"Canterbury",1010,2.9,8.4,NA
"3761","20190521:0000",-42.88031,172.68964,"Medbury",910,NA,0,"Canterbury",1010,1.4,6,NA
"3762","20190522:0000",-42.88031,172.68964,"Medbury",910,NA,0,"Canterbury",1010,4.3,10,NA
"3763","20190523:0000",-42.88031,172.68964,"Medbury",910,NA,0,"Canterbury",1010,2.9,10.35,NA
"3764","20190524:0000",-42.88031,172.68964,"Medbury",910,NA,0,"Canterbury",1010,1.8,7.35,NA
"3765","20190525:0000",-42.88031,172.68964,"Medbury",910,NA,0,"Canterbury",1010,2.9,8.45,NA
"3766","20190526:0000",-42.88031,172.68964,"Medbury",910,NA,0,"Canterbury",1010,5.8,11.65,NA
"3767","20190527:0000",-42.88031,172.68964,"Medbury",910,NA,0,"Canterbury",1010,6.8,14.35,NA
"3768","20190528:0000",-42.88031,172.68964,"Medbury",910,NA,0,"Canterbury",1010,5,15.3,NA
"3769","20190529:0000",-42.88031,172.68964,"Medbury",910,NA,0,"Canterbury",1010,28.4,14.55,NA
"3770","20190530:0000",-42.88031,172.68964,"Medbury",910,NA,0,"Canterbury",1010,30.2,16.55,NA
"3771","20190531:0000",-42.88031,172.68964,"Medbury",910,NA,0,"Canterbury",1010,11.9,9.9,NA
"3772","20190601:0000",-42.88031,172.68964,"Medbury",910,NA,0,"Canterbury",1010,20.9,4.5,NA
"3773","20190602:0000",-42.88031,172.68964,"Medbury",910,NA,0,"Canterbury",1010,11.9,5.45,NA
"3774","20190603:0000",-42.88031,172.68964,"Medbury",910,NA,0,"Canterbury",1010,1.4,5.15,NA
"3775","20190604:0000",-42.88031,172.68964,"Medbury",910,NA,0,"Canterbury",1010,6.8,5.35,NA
"3776","20190605:0000",-42.88031,172.68964,"Medbury",910,NA,0,"Canterbury",1010,8.3,4.4,NA
"3777","20190606:0000",-42.88031,172.68964,"Medbury",910,NA,0,"Canterbury",1010,4,5,NA
"3778","20190607:0000",-42.88031,172.68964,"Medbury",910,NA,0,"Canterbury",1010,9.7,6.75,NA
"3779","20190608:0000",-42.88031,172.68964,"Medbury",910,NA,0,"Canterbury",1010,13.3,8.75,NA
"3780","20190609:0000",-42.88031,172.68964,"Medbury",910,NA,0,"Canterbury",1010,1.8,5.85,NA
"3781","20190610:0000",-42.88031,172.68964,"Medbury",910,NA,0,"Canterbury",1010,2.9,7.15,NA
"3782","20190611:0000",-42.88031,172.68964,"Medbury",910,NA,0,"Canterbury",1010,6.1,8.3,NA
"3783","20190612:0000",-42.88031,172.68964,"Medbury",910,NA,0,"Canterbury",1010,2.2,9.7,NA
"3784","20190613:0000",-42.88031,172.68964,"Medbury",910,NA,0,"Canterbury",1010,2.2,9.15,NA
"3785","20190614:0000",-42.88031,172.68964,"Medbury",910,NA,0,"Canterbury",1010,4.3,8.3,NA
"3786","20190615:0000",-42.88031,172.68964,"Medbury",910,NA,0,"Canterbury",1010,1.1,8.2,NA
"3787","20190616:0000",-42.88031,172.68964,"Medbury",910,NA,0,"Canterbury",1010,10.1,6.85,NA
"3788","20190617:0000",-42.88031,172.68964,"Medbury",910,NA,0,"Canterbury",1010,2.9,6.75,NA
"3789","20190618:0000",-42.88031,172.68964,"Medbury",910,NA,0,"Canterbury",1010,2.2,4.7,NA
"3790","20190619:0000",-42.88031,172.68964,"Medbury",910,NA,0,"Canterbury",1010,1.4,3.05,NA
"3791","20190620:0000",-42.88031,172.68964,"Medbury",910,NA,0,"Canterbury",1010,2.9,3.2,NA
"3792","20190621:0000",-42.88031,172.68964,"Medbury",910,NA,0,"Canterbury",1010,5.8,7.2,NA
"3793","20190622:0000",-42.88031,172.68964,"Medbury",910,NA,0,"Canterbury",1010,4,10.85,NA
"3794","20190623:0000",-42.88031,172.68964,"Medbury",910,NA,0,"Canterbury",1010,3.2,6.05,NA
"3795","20190624:0000",-42.88031,172.68964,"Medbury",910,NA,0,"Canterbury",1010,2.5,5.55,NA
"3796","20190625:0000",-42.88031,172.68964,"Medbury",910,NA,0,"Canterbury",1010,2.5,4.35,NA
"3797","20190626:0000",-42.88031,172.68964,"Medbury",910,NA,0,"Canterbury",1010,1.4,3.6,NA
"3798","20190627:0000",-42.88031,172.68964,"Medbury",910,NA,0,"Canterbury",1010,2.2,2.85,NA
"3799","20190628:0000",-42.88031,172.68964,"Medbury",910,NA,0,"Canterbury",1010,2.9,2,NA
"3800","20190629:0000",-42.88031,172.68964,"Medbury",910,NA,0,"Canterbury",1010,2.5,5.15,NA
"3801","20190630:0000",-42.88031,172.68964,"Medbury",910,NA,0,"Canterbury",1010,1.8,4.85,NA
"3802","20190701:0000",-42.88031,172.68964,"Medbury",910,NA,0,"Canterbury",1010,5,5.3,NA
"3803","20190702:0000",-42.88031,172.68964,"Medbury",910,NA,0,"Canterbury",1010,3.2,9.7,NA
"3804","20190703:0000",-42.88031,172.68964,"Medbury",910,NA,0,"Canterbury",1010,4.7,12.1,NA
"3805","20190704:0000",-42.88031,172.68964,"Medbury",910,NA,0,"Canterbury",1010,2.5,8.25,NA
"3806","20190705:0000",-42.88031,172.68964,"Medbury",910,NA,0,"Canterbury",1010,9.7,6.65,NA
"3807","20190706:0000",-42.88031,172.68964,"Medbury",910,NA,0,"Canterbury",1010,9.7,8,NA
"3808","20190707:0000",-42.88031,172.68964,"Medbury",910,NA,0,"Canterbury",1010,2.2,5.2,NA
"3809","20190708:0000",-42.88031,172.68964,"Medbury",910,NA,0,"Canterbury",1010,2.5,4.55,NA
"3810","20190709:0000",-42.88031,172.68964,"Medbury",910,NA,0,"Canterbury",1010,4.3,6.55,NA
"3811","20190710:0000",-42.88031,172.68964,"Medbury",910,NA,0,"Canterbury",1010,3.6,7.85,NA
"3812","20190711:0000",-42.88031,172.68964,"Medbury",910,NA,0,"Canterbury",1010,4,9.9,NA
"3813","20190712:0000",-42.88031,172.68964,"Medbury",910,NA,0,"Canterbury",1010,3.6,8.1,NA
"3814","20190713:0000",-42.88031,172.68964,"Medbury",910,NA,0,"Canterbury",1010,6.1,10.25,NA
"3815","20190714:0000",-42.88031,172.68964,"Medbury",910,NA,0,"Canterbury",1010,6.1,11.6,NA
"3816","20190715:0000",-42.88031,172.68964,"Medbury",910,NA,0,"Canterbury",1010,4.3,5.95,NA
"3817","20190716:0000",-42.88031,172.68964,"Medbury",910,NA,0,"Canterbury",1010,2.9,8.95,NA
"3818","20190717:0000",-42.88031,172.68964,"Medbury",910,NA,0,"Canterbury",1010,2.5,6.15,NA
"3819","20190718:0000",-42.88031,172.68964,"Medbury",910,NA,0,"Canterbury",1010,5,5.55,NA
"3820","20190719:0000",-42.88031,172.68964,"Medbury",910,NA,0,"Canterbury",1010,3.2,5.6,NA
"3821","20190720:0000",-42.88031,172.68964,"Medbury",910,NA,0,"Canterbury",1010,1.8,7.9,NA
"3822","20190721:0000",-42.88031,172.68964,"Medbury",910,NA,0,"Canterbury",1010,15.1,9,NA
"3823","20190722:0000",-42.88031,172.68964,"Medbury",910,NA,0,"Canterbury",1010,2.9,8.5,NA
"3824","20190723:0000",-42.88031,172.68964,"Medbury",910,NA,0,"Canterbury",1010,4.3,9.25,NA
"3825","20190724:0000",-42.88031,172.68964,"Medbury",910,NA,0,"Canterbury",1010,4.3,10.1,NA
"3826","20190725:0000",-42.88031,172.68964,"Medbury",910,NA,0,"Canterbury",1010,1.8,7,NA
"3827","20190726:0000",-42.88031,172.68964,"Medbury",910,NA,0,"Canterbury",1010,2.5,6,NA
"3828","20190727:0000",-42.88031,172.68964,"Medbury",910,NA,0,"Canterbury",1010,4.7,8.15,NA
"3829","20190728:0000",-42.88031,172.68964,"Medbury",910,NA,0,"Canterbury",1010,4.3,8.7,NA
"3830","20190729:0000",-42.88031,172.68964,"Medbury",910,NA,0,"Canterbury",1010,2.9,9.55,NA
"3831","20190730:0000",-42.88031,172.68964,"Medbury",910,NA,0,"Canterbury",1010,3.2,9.65,NA
"3832","20190731:0000",-42.88031,172.68964,"Medbury",910,NA,0,"Canterbury",1010,21.6,5.25,NA
"3833","20190801:0000",-42.88031,172.68964,"Medbury",910,NA,0,"Canterbury",1010,9.4,7,NA
"3834","20190802:0000",-42.88031,172.68964,"Medbury",910,NA,0,"Canterbury",1010,6.8,4.7,NA
"3835","20190803:0000",-42.88031,172.68964,"Medbury",910,NA,0,"Canterbury",1010,4.7,8.9,NA
"3836","20190804:0000",-42.88031,172.68964,"Medbury",910,NA,0,"Canterbury",1010,8.6,6.1,NA
"3837","20190805:0000",-42.88031,172.68964,"Medbury",910,NA,0,"Canterbury",1010,3.2,3.05,NA
"3838","20190806:0000",-42.88031,172.68964,"Medbury",910,NA,0,"Canterbury",1010,3.6,7.95,NA
"3839","20190807:0000",-42.88031,172.68964,"Medbury",910,NA,0,"Canterbury",1010,4,9.45,NA
"3840","20190808:0000",-42.88031,172.68964,"Medbury",910,NA,0,"Canterbury",1010,4.7,10.55,NA
"3841","20190809:0000",-42.88031,172.68964,"Medbury",910,NA,0,"Canterbury",1010,5.8,12.4,NA
"3842","20190810:0000",-42.88031,172.68964,"Medbury",910,NA,0,"Canterbury",1010,4.7,7.95,NA
"3843","20190811:0000",-42.88031,172.68964,"Medbury",910,NA,0,"Canterbury",1010,2.5,6.05,NA
"3844","20190812:0000",-42.88031,172.68964,"Medbury",910,NA,0,"Canterbury",1010,1.4,6.55,NA
"3845","20190813:0000",-42.88031,172.68964,"Medbury",910,NA,0,"Canterbury",1010,27,5.9,NA
"3846","20190814:0000",-42.88031,172.68964,"Medbury",910,NA,0,"Canterbury",1010,3.2,4.7,NA
"3847","20190815:0000",-42.88031,172.68964,"Medbury",910,NA,0,"Canterbury",1010,1.4,5,NA
"3848","20190816:0000",-42.88031,172.68964,"Medbury",910,NA,0,"Canterbury",1010,13.7,7.05,NA
"3849","20190817:0000",-42.88031,172.68964,"Medbury",910,NA,0,"Canterbury",1010,7.2,5.65,NA
"3850","20190818:0000",-42.88031,172.68964,"Medbury",910,NA,0,"Canterbury",1010,1.8,3.5,NA
"3851","20190819:0000",-42.88031,172.68964,"Medbury",910,NA,0,"Canterbury",1010,2.5,6,NA
"3852","20190820:0000",-42.88031,172.68964,"Medbury",910,NA,0,"Canterbury",1010,11.2,8.45,NA
"3853","20190821:0000",-42.88031,172.68964,"Medbury",910,NA,0,"Canterbury",1010,2.9,8.9,NA
"3854","20190822:0000",-42.88031,172.68964,"Medbury",910,NA,0,"Canterbury",1010,19.1,8.85,NA
"3855","20190823:0000",-42.88031,172.68964,"Medbury",910,NA,0,"Canterbury",1010,2.2,10.55,NA
"3856","20190824:0000",-42.88031,172.68964,"Medbury",910,NA,0,"Canterbury",1010,1.8,9.55,NA
"3857","20190825:0000",-42.88031,172.68964,"Medbury",910,NA,0,"Canterbury",1010,20.2,9.7,NA
"3858","20190826:0000",-42.88031,172.68964,"Medbury",910,NA,0,"Canterbury",1010,4.3,9.95,NA
"3859","20190827:0000",-42.88031,172.68964,"Medbury",910,NA,0,"Canterbury",1010,2.2,7.25,NA
"3860","20190828:0000",-42.88031,172.68964,"Medbury",910,NA,0,"Canterbury",1010,3.2,8.05,NA
"3861","20190829:0000",-42.88031,172.68964,"Medbury",910,NA,0,"Canterbury",1010,27.4,11.5,NA
"3862","20190830:0000",-42.88031,172.68964,"Medbury",910,NA,0,"Canterbury",1010,2.2,7.2,NA
"3863","20190831:0000",-42.88031,172.68964,"Medbury",910,NA,0,"Canterbury",1010,2.2,9.35,NA
"3864","20190901:0000",-42.88031,172.68964,"Medbury",910,NA,0,"Canterbury",1010,2.5,11.7,NA
"3865","20190902:0000",-42.88031,172.68964,"Medbury",910,NA,0,"Canterbury",1010,1.8,9.2,NA
"3866","20190903:0000",-42.88031,172.68964,"Medbury",910,NA,0,"Canterbury",1010,2.5,6.05,NA
"3867","20190904:0000",-42.88031,172.68964,"Medbury",910,NA,0,"Canterbury",1010,4,7.85,NA
"3868","20190905:0000",-42.88031,172.68964,"Medbury",910,NA,0,"Canterbury",1010,3.6,9.8,NA
"3869","20190906:0000",-42.88031,172.68964,"Medbury",910,NA,0,"Canterbury",1010,14.4,7.75,NA
"3870","20190907:0000",-42.88031,172.68964,"Medbury",910,NA,0,"Canterbury",1010,3.6,7.55,NA
"3871","20190908:0000",-42.88031,172.68964,"Medbury",910,NA,0,"Canterbury",1010,3.2,2.45,NA
"3872","20190909:0000",-42.88031,172.68964,"Medbury",910,NA,0,"Canterbury",1010,2.2,4.25,NA
"3873","20190910:0000",-42.88031,172.68964,"Medbury",910,NA,0,"Canterbury",1010,2.2,5.35,NA
"3874","20190911:0000",-42.88031,172.68964,"Medbury",910,NA,0,"Canterbury",1010,12.2,5.3,NA
"3875","20190912:0000",-42.88031,172.68964,"Medbury",910,NA,0,"Canterbury",1010,6.1,7.75,NA
"3876","20190913:0000",-42.88031,172.68964,"Medbury",910,NA,0,"Canterbury",1010,6.5,13.45,NA
"3877","20190914:0000",-42.88031,172.68964,"Medbury",910,NA,0,"Canterbury",1010,5,7.4,NA
"3878","20190915:0000",-42.88031,172.68964,"Medbury",910,NA,0,"Canterbury",1010,5.4,9.9,NA
"3879","20190916:0000",-42.88031,172.68964,"Medbury",910,NA,0,"Canterbury",1010,7.2,13.3,NA
"3880","20190917:0000",-42.88031,172.68964,"Medbury",910,NA,0,"Canterbury",1010,28.8,12.3,NA
"3881","20190918:0000",-42.88031,172.68964,"Medbury",910,NA,0,"Canterbury",1010,4,6.85,NA
"3882","20190919:0000",-42.88031,172.68964,"Medbury",910,NA,0,"Canterbury",1010,2.9,8.45,NA
"3883","20190920:0000",-42.88031,172.68964,"Medbury",910,NA,0,"Canterbury",1010,1.4,7.15,NA
"3884","20190921:0000",-42.88031,172.68964,"Medbury",910,NA,0,"Canterbury",1010,2.2,9.3,NA
"3885","20190922:0000",-42.88031,172.68964,"Medbury",910,NA,0,"Canterbury",1010,9,9.15,NA
"3886","20190923:0000",-42.88031,172.68964,"Medbury",910,NA,0,"Canterbury",1010,12.2,14,NA
"3887","20190924:0000",-42.88031,172.68964,"Medbury",910,NA,0,"Canterbury",1010,17.3,10.6,NA
"3888","20190925:0000",-42.88031,172.68964,"Medbury",910,NA,0,"Canterbury",1010,22.7,7.1,NA
"3889","20190926:0000",-42.88031,172.68964,"Medbury",910,NA,0,"Canterbury",1010,19.4,6.15,NA
"3890","20190927:0000",-42.88031,172.68964,"Medbury",910,NA,0,"Canterbury",1010,2.2,10.2,NA
"3891","20190928:0000",-42.88031,172.68964,"Medbury",910,NA,0,"Canterbury",1010,25.2,13.9,NA
"3892","20190929:0000",-42.88031,172.68964,"Medbury",910,NA,0,"Canterbury",1010,5.8,15.4,NA
"3893","20190930:0000",-42.88031,172.68964,"Medbury",910,NA,0,"Canterbury",1010,6.5,15.15,NA
"3894","20191001:0000",-42.88031,172.68964,"Medbury",910,NA,0,"Canterbury",1010,9.4,8.25,NA
"3895","20191002:0000",-42.88031,172.68964,"Medbury",910,NA,0,"Canterbury",1010,13.7,8.25,NA
"3896","20191003:0000",-42.88031,172.68964,"Medbury",910,NA,0,"Canterbury",1010,7.9,6.5,NA
"3897","20191004:0000",-42.88031,172.68964,"Medbury",910,NA,0,"Canterbury",1010,1.4,8,NA
"3898","20191005:0000",-42.88031,172.68964,"Medbury",910,NA,0,"Canterbury",1010,12.6,9.3,NA
"3899","20191006:0000",-42.88031,172.68964,"Medbury",910,NA,0,"Canterbury",1010,1.1,6.9,NA
"3900","20191007:0000",-42.88031,172.68964,"Medbury",910,NA,0,"Canterbury",1010,4.7,9.5,NA
"3901","20191008:0000",-42.88031,172.68964,"Medbury",910,NA,0,"Canterbury",1010,23.8,14.95,NA
"3902","20191009:0000",-42.88031,172.68964,"Medbury",910,NA,0,"Canterbury",1010,2.9,17.9,NA
"3903","20191010:0000",-42.88031,172.68964,"Medbury",910,NA,0,"Canterbury",1010,4.3,17.3,NA
"3904","20191011:0000",-42.88031,172.68964,"Medbury",910,NA,0,"Canterbury",1010,5.4,13.85,NA
"3905","20191012:0000",-42.88031,172.68964,"Medbury",910,NA,0,"Canterbury",1010,3.6,9.8,NA
"3906","20191013:0000",-42.88031,172.68964,"Medbury",910,NA,0,"Canterbury",1010,1.8,8.65,NA
"3907",NA,-42.93849,172.42165,"Virginia",1762,NA,0,"Canterbury",1010,NA,NA,NA
"3908","20180101:0000",-43.07026,172.65344,"Broomfield",2301,NA,0,"Canterbury",1010,4.7,17.15,9.2
"3909","20180102:0000",-43.07026,172.65344,"Broomfield",2301,NA,0,"Canterbury",1010,4,17.5,8.7
"3910","20180103:0000",-43.07026,172.65344,"Broomfield",2301,NA,0,"Canterbury",1010,8.6,19.95,10
"3911","20180104:0000",-43.07026,172.65344,"Broomfield",2301,NA,0,"Canterbury",1010,7.2,19.25,9.6
"3912","20180105:0000",-43.07026,172.65344,"Broomfield",2301,NA,0,"Canterbury",1010,13.3,16.05,0
"3913","20180106:0000",-43.07026,172.65344,"Broomfield",2301,NA,0,"Canterbury",1010,26.3,13.6,1.8
"3914","20180107:0000",-43.07026,172.65344,"Broomfield",2301,NA,0,"Canterbury",1010,9,15.2,10.3
"3915","20180108:0000",-43.07026,172.65344,"Broomfield",2301,NA,0,"Canterbury",1010,11.2,19.25,13.2
"3916","20180109:0000",-43.07026,172.65344,"Broomfield",2301,NA,0,"Canterbury",1010,4.7,20.75,3.7
"3917","20180110:0000",-43.07026,172.65344,"Broomfield",2301,NA,0,"Canterbury",1010,16.6,15.55,0
"3918","20180111:0000",-43.07026,172.65344,"Broomfield",2301,NA,0,"Canterbury",1010,3.6,12.7,0
"3919","20180112:0000",-43.07026,172.65344,"Broomfield",2301,NA,0,"Canterbury",1010,5,13,0
"3920","20180113:0000",-43.07026,172.65344,"Broomfield",2301,NA,0,"Canterbury",1010,4.3,17.95,9.3
"3921","20180114:0000",-43.07026,172.65344,"Broomfield",2301,NA,0,"Canterbury",1010,9,22.45,13.9
"3922","20180115:0000",-43.07026,172.65344,"Broomfield",2301,NA,0,"Canterbury",1010,3.6,23.2,12.8
"3923","20180116:0000",-43.07026,172.65344,"Broomfield",2301,NA,0,"Canterbury",1010,9.4,22.9,12.6
"3924","20180117:0000",-43.07026,172.65344,"Broomfield",2301,NA,0,"Canterbury",1010,12.6,22.95,3.8
"3925","20180118:0000",-43.07026,172.65344,"Broomfield",2301,NA,0,"Canterbury",1010,8.6,22.9,11.5
"3926","20180119:0000",-43.07026,172.65344,"Broomfield",2301,NA,0,"Canterbury",1010,5.4,21.5,10.6
"3927","20180120:0000",-43.07026,172.65344,"Broomfield",2301,NA,0,"Canterbury",1010,13.3,22.8,13.6
"3928","20180121:0000",-43.07026,172.65344,"Broomfield",2301,NA,0,"Canterbury",1010,5.8,19.65,3.9
"3929","20180122:0000",-43.07026,172.65344,"Broomfield",2301,NA,0,"Canterbury",1010,2.2,21.2,6.3
"3930","20180123:0000",-43.07026,172.65344,"Broomfield",2301,NA,0,"Canterbury",1010,5.4,22.25,12.5
"3931","20180124:0000",-43.07026,172.65344,"Broomfield",2301,NA,0,"Canterbury",1010,8.6,22.75,12.9
"3932","20180125:0000",-43.07026,172.65344,"Broomfield",2301,NA,0,"Canterbury",1010,3.6,24.15,10
"3933","20180126:0000",-43.07026,172.65344,"Broomfield",2301,NA,0,"Canterbury",1010,4.3,17.7,0
"3934","20180127:0000",-43.07026,172.65344,"Broomfield",2301,NA,0,"Canterbury",1010,7.2,19.1,12.9
"3935","20180128:0000",-43.07026,172.65344,"Broomfield",2301,NA,0,"Canterbury",1010,10.8,20.9,8.6
"3936","20180129:0000",-43.07026,172.65344,"Broomfield",2301,NA,0,"Canterbury",1010,6.1,20.25,11
"3937","20180130:0000",-43.07026,172.65344,"Broomfield",2301,NA,0,"Canterbury",1010,4,22.95,12.8
"3938","20180131:0000",-43.07026,172.65344,"Broomfield",2301,NA,0,"Canterbury",1010,22.3,22.1,5
"3939","20180201:0000",-43.07026,172.65344,"Broomfield",2301,NA,0,"Canterbury",1010,6.1,24.45,10.7
"3940","20180202:0000",-43.07026,172.65344,"Broomfield",2301,NA,0,"Canterbury",1010,21.6,12.75,0
"3941","20180203:0000",-43.07026,172.65344,"Broomfield",2301,NA,0,"Canterbury",1010,10.8,13.1,5.7
"3942","20180204:0000",-43.07026,172.65344,"Broomfield",2301,NA,0,"Canterbury",1010,9,16.35,11.4
"3943","20180205:0000",-43.07026,172.65344,"Broomfield",2301,NA,0,"Canterbury",1010,21.6,18.6,6.6
"3944","20180206:0000",-43.07026,172.65344,"Broomfield",2301,NA,0,"Canterbury",1010,16.6,12.25,0.2
"3945","20180207:0000",-43.07026,172.65344,"Broomfield",2301,NA,0,"Canterbury",1010,4.7,13.55,12.4
"3946","20180208:0000",-43.07026,172.65344,"Broomfield",2301,NA,0,"Canterbury",1010,8.3,15.6,13.4
"3947","20180209:0000",-43.07026,172.65344,"Broomfield",2301,NA,0,"Canterbury",1010,8.6,16.5,13.1
"3948","20180210:0000",-43.07026,172.65344,"Broomfield",2301,NA,0,"Canterbury",1010,6.8,19,5.9
"3949","20180211:0000",-43.07026,172.65344,"Broomfield",2301,NA,0,"Canterbury",1010,4.7,19.9,0.7
"3950","20180212:0000",-43.07026,172.65344,"Broomfield",2301,NA,0,"Canterbury",1010,20.9,22.9,13
"3951","20180213:0000",-43.07026,172.65344,"Broomfield",2301,NA,0,"Canterbury",1010,4.7,23.8,11.6
"3952","20180214:0000",-43.07026,172.65344,"Broomfield",2301,NA,0,"Canterbury",1010,4.3,18.1,5.6
"3953","20180215:0000",-43.07026,172.65344,"Broomfield",2301,NA,0,"Canterbury",1010,5.8,18.8,13.1
"3954","20180216:0000",-43.07026,172.65344,"Broomfield",2301,NA,0,"Canterbury",1010,27.4,19.8,7.7
"3955","20180217:0000",-43.07026,172.65344,"Broomfield",2301,NA,0,"Canterbury",1010,9.7,24.4,8.2
"3956","20180218:0000",-43.07026,172.65344,"Broomfield",2301,NA,0,"Canterbury",1010,9.7,18.8,11.8
"3957","20180219:0000",-43.07026,172.65344,"Broomfield",2301,NA,0,"Canterbury",1010,42.1,22.85,8.5
"3958","20180220:0000",-43.07026,172.65344,"Broomfield",2301,NA,0,"Canterbury",1010,9.4,12.4,0
"3959","20180221:0000",-43.07026,172.65344,"Broomfield",2301,NA,0,"Canterbury",1010,19.4,12.85,2.7
"3960","20180222:0000",-43.07026,172.65344,"Broomfield",2301,NA,0,"Canterbury",1010,14.8,14.5,11
"3961","20180223:0000",-43.07026,172.65344,"Broomfield",2301,NA,0,"Canterbury",1010,9,13.3,12.3
"3962","20180224:0000",-43.07026,172.65344,"Broomfield",2301,NA,0,"Canterbury",1010,11.5,15.7,12.8
"3963","20180225:0000",-43.07026,172.65344,"Broomfield",2301,NA,0,"Canterbury",1010,31,18.7,5.9
"3964","20180226:0000",-43.07026,172.65344,"Broomfield",2301,NA,0,"Canterbury",1010,10.1,13.4,2.6
"3965","20180227:0000",-43.07026,172.65344,"Broomfield",2301,NA,0,"Canterbury",1010,6.8,12.05,1.3
"3966","20180228:0000",-43.07026,172.65344,"Broomfield",2301,NA,0,"Canterbury",1010,4,15.9,2.7
"3967","20180301:0000",-43.07026,172.65344,"Broomfield",2301,NA,0,"Canterbury",1010,2.9,20.6,10.2
"3968","20180302:0000",-43.07026,172.65344,"Broomfield",2301,NA,0,"Canterbury",1010,3.6,19.45,1.5
"3969","20180303:0000",-43.07026,172.65344,"Broomfield",2301,NA,0,"Canterbury",1010,7.2,20.7,10.3
"3970","20180304:0000",-43.07026,172.65344,"Broomfield",2301,NA,0,"Canterbury",1010,16.6,22.45,11.2
"3971","20180305:0000",-43.07026,172.65344,"Broomfield",2301,NA,0,"Canterbury",1010,3.2,21.1,8.7
"3972","20180306:0000",-43.07026,172.65344,"Broomfield",2301,NA,0,"Canterbury",1010,5.4,17.05,0.5
"3973","20180307:0000",-43.07026,172.65344,"Broomfield",2301,NA,0,"Canterbury",1010,5.4,13.05,0
"3974","20180308:0000",-43.07026,172.65344,"Broomfield",2301,NA,0,"Canterbury",1010,11.5,13.85,6.9
"3975","20180309:0000",-43.07026,172.65344,"Broomfield",2301,NA,0,"Canterbury",1010,5.4,12.6,1.2
"3976","20180310:0000",-43.07026,172.65344,"Broomfield",2301,NA,0,"Canterbury",1010,10.8,12.2,12
"3977","20180311:0000",-43.07026,172.65344,"Broomfield",2301,NA,0,"Canterbury",1010,8.6,15.2,12.1
"3978","20180312:0000",-43.07026,172.65344,"Broomfield",2301,NA,0,"Canterbury",1010,10.1,16.85,11.8
"3979","20180313:0000",-43.07026,172.65344,"Broomfield",2301,NA,0,"Canterbury",1010,8.6,18.6,4.3
"3980","20180314:0000",-43.07026,172.65344,"Broomfield",2301,NA,0,"Canterbury",1010,1.8,14.9,11.8
"3981","20180315:0000",-43.07026,172.65344,"Broomfield",2301,NA,0,"Canterbury",1010,29.9,16.75,3.9
"3982","20180316:0000",-43.07026,172.65344,"Broomfield",2301,NA,0,"Canterbury",1010,10.1,21.75,5.7
"3983","20180317:0000",-43.07026,172.65344,"Broomfield",2301,NA,0,"Canterbury",1010,3.2,11.35,0.4
"3984","20180318:0000",-43.07026,172.65344,"Broomfield",2301,NA,0,"Canterbury",1010,3.6,13.5,11.8
"3985","20180319:0000",-43.07026,172.65344,"Broomfield",2301,NA,0,"Canterbury",1010,9.7,16.45,10.1
"3986","20180320:0000",-43.07026,172.65344,"Broomfield",2301,NA,0,"Canterbury",1010,5,20.65,11.7
"3987","20180321:0000",-43.07026,172.65344,"Broomfield",2301,NA,0,"Canterbury",1010,13.3,19.55,7.6
"3988","20180322:0000",-43.07026,172.65344,"Broomfield",2301,NA,0,"Canterbury",1010,24.5,10.35,0.2
"3989","20180323:0000",-43.07026,172.65344,"Broomfield",2301,NA,0,"Canterbury",1010,8.3,10.05,0.1
"3990","20180324:0000",-43.07026,172.65344,"Broomfield",2301,NA,0,"Canterbury",1010,5,13.9,7.8
"3991","20180325:0000",-43.07026,172.65344,"Broomfield",2301,NA,0,"Canterbury",1010,6.8,16.4,6.3
"3992","20180326:0000",-43.07026,172.65344,"Broomfield",2301,NA,0,"Canterbury",1010,27.4,18.45,10.3
"3993","20180327:0000",-43.07026,172.65344,"Broomfield",2301,NA,0,"Canterbury",1010,19.1,21.95,5.9
"3994","20180328:0000",-43.07026,172.65344,"Broomfield",2301,NA,0,"Canterbury",1010,9,19.65,10.3
"3995","20180329:0000",-43.07026,172.65344,"Broomfield",2301,NA,0,"Canterbury",1010,5.8,14.4,6.3
"3996","20180330:0000",-43.07026,172.65344,"Broomfield",2301,NA,0,"Canterbury",1010,9,15.75,11.3
"3997","20180331:0000",-43.07026,172.65344,"Broomfield",2301,NA,0,"Canterbury",1010,20.9,18.65,7
"3998","20180401:0000",-43.07026,172.65344,"Broomfield",2301,NA,0,"Canterbury",1010,5,12.6,11.1
"3999","20180402:0000",-43.07026,172.65344,"Broomfield",2301,NA,0,"Canterbury",1010,8.3,14.2,5.9
"4000","20180403:0000",-43.07026,172.65344,"Broomfield",2301,NA,0,"Canterbury",1010,19.8,21.65,6.1
"4001","20180404:0000",-43.07026,172.65344,"Broomfield",2301,NA,0,"Canterbury",1010,23,15.45,6
"4002","20180405:0000",-43.07026,172.65344,"Broomfield",2301,NA,0,"Canterbury",1010,4.3,14.4,9.7
"4003","20180406:0000",-43.07026,172.65344,"Broomfield",2301,NA,0,"Canterbury",1010,10.1,16.85,9
"4004","20180407:0000",-43.07026,172.65344,"Broomfield",2301,NA,0,"Canterbury",1010,19.8,11.4,4.6
"4005","20180408:0000",-43.07026,172.65344,"Broomfield",2301,NA,0,"Canterbury",1010,20.5,12.7,6.4
"4006","20180409:0000",-43.07026,172.65344,"Broomfield",2301,NA,0,"Canterbury",1010,7.9,10.2,0
"4007","20180410:0000",-43.07026,172.65344,"Broomfield",2301,NA,0,"Canterbury",1010,18,4.6,0
"4008","20180411:0000",-43.07026,172.65344,"Broomfield",2301,NA,0,"Canterbury",1010,26.6,5.45,2.8
"4009","20180412:0000",-43.07026,172.65344,"Broomfield",2301,NA,0,"Canterbury",1010,5.8,8.3,4.2
"4010","20180413:0000",-43.07026,172.65344,"Broomfield",2301,NA,0,"Canterbury",1010,20.9,8.55,7
"4011","20180414:0000",-43.07026,172.65344,"Broomfield",2301,NA,0,"Canterbury",1010,9,9,2.9
"4012","20180415:0000",-43.07026,172.65344,"Broomfield",2301,NA,0,"Canterbury",1010,7.9,10.1,8.8
"4013","20180416:0000",-43.07026,172.65344,"Broomfield",2301,NA,0,"Canterbury",1010,9,15.2,8.3
"4014","20180417:0000",-43.07026,172.65344,"Broomfield",2301,NA,0,"Canterbury",1010,26.3,16.65,9.9
"4015","20180418:0000",-43.07026,172.65344,"Broomfield",2301,NA,0,"Canterbury",1010,17.3,11.5,9.7
"4016","20180419:0000",-43.07026,172.65344,"Broomfield",2301,NA,0,"Canterbury",1010,26.6,13.2,8.3
"4017","20180420:0000",-43.07026,172.65344,"Broomfield",2301,NA,0,"Canterbury",1010,18,15.7,9
"4018","20180421:0000",-43.07026,172.65344,"Broomfield",2301,NA,0,"Canterbury",1010,5.8,15.2,9.4
"4019","20180422:0000",-43.07026,172.65344,"Broomfield",2301,NA,0,"Canterbury",1010,9.7,10.45,9.9
"4020","20180423:0000",-43.07026,172.65344,"Broomfield",2301,NA,0,"Canterbury",1010,10.4,10.65,9.9
"4021","20180424:0000",-43.07026,172.65344,"Broomfield",2301,NA,0,"Canterbury",1010,21.2,13.65,8.8
"4022","20180425:0000",-43.07026,172.65344,"Broomfield",2301,NA,0,"Canterbury",1010,11.2,10.7,9.7
"4023","20180426:0000",-43.07026,172.65344,"Broomfield",2301,NA,0,"Canterbury",1010,16.6,14.75,9.8
"4024","20180427:0000",-43.07026,172.65344,"Broomfield",2301,NA,0,"Canterbury",1010,21.2,13.3,4
"4025","20180428:0000",-43.07026,172.65344,"Broomfield",2301,NA,0,"Canterbury",1010,4,10.9,0
"4026","20180429:0000",-43.07026,172.65344,"Broomfield",2301,NA,0,"Canterbury",1010,10.8,12,1.9
"4027","20180430:0000",-43.07026,172.65344,"Broomfield",2301,NA,0,"Canterbury",1010,4.7,9.15,0
"4028","20180501:0000",-43.07026,172.65344,"Broomfield",2301,NA,0,"Canterbury",1010,7.9,11.65,8.3
"4029","20180502:0000",-43.07026,172.65344,"Broomfield",2301,NA,0,"Canterbury",1010,7.2,11.85,8.4
"4030","20180503:0000",-43.07026,172.65344,"Broomfield",2301,NA,0,"Canterbury",1010,11.5,10.3,8.7
"4031","20180504:0000",-43.07026,172.65344,"Broomfield",2301,NA,0,"Canterbury",1010,7.9,10.55,6.8
"4032","20180505:0000",-43.07026,172.65344,"Broomfield",2301,NA,0,"Canterbury",1010,29.9,11.3,2.2
"4033","20180506:0000",-43.07026,172.65344,"Broomfield",2301,NA,0,"Canterbury",1010,23.4,15.9,8.7
"4034","20180507:0000",-43.07026,172.65344,"Broomfield",2301,NA,0,"Canterbury",1010,21.6,13.45,7
"4035","20180508:0000",-43.07026,172.65344,"Broomfield",2301,NA,0,"Canterbury",1010,26.3,17.15,4.1
"4036","20180509:0000",-43.07026,172.65344,"Broomfield",2301,NA,0,"Canterbury",1010,19.1,18.7,9.1
"4037","20180510:0000",-43.07026,172.65344,"Broomfield",2301,NA,0,"Canterbury",1010,7.2,11.7,5.4
"4038","20180511:0000",-43.07026,172.65344,"Broomfield",2301,NA,0,"Canterbury",1010,5.4,14.9,5.8
"4039","20180512:0000",-43.07026,172.65344,"Broomfield",2301,NA,0,"Canterbury",1010,11.2,12,0
"4040","20180513:0000",-43.07026,172.65344,"Broomfield",2301,NA,0,"Canterbury",1010,4.7,7.65,0
"4041","20180514:0000",-43.07026,172.65344,"Broomfield",2301,NA,0,"Canterbury",1010,1.8,9.75,0
"4042","20180515:0000",-43.07026,172.65344,"Broomfield",2301,NA,0,"Canterbury",1010,4.7,10.9,0.9
"4043","20180516:0000",-43.07026,172.65344,"Broomfield",2301,NA,0,"Canterbury",1010,4.3,9.75,0
"4044","20180517:0000",-43.07026,172.65344,"Broomfield",2301,NA,0,"Canterbury",1010,12.6,10.35,7.5
"4045","20180518:0000",-43.07026,172.65344,"Broomfield",2301,NA,0,"Canterbury",1010,14.4,11.75,4.5
"4046","20180519:0000",-43.07026,172.65344,"Broomfield",2301,NA,0,"Canterbury",1010,21.6,13.75,7.3
"4047","20180520:0000",-43.07026,172.65344,"Broomfield",2301,NA,0,"Canterbury",1010,32.4,13.7,4.7
"4048","20180521:0000",-43.07026,172.65344,"Broomfield",2301,NA,0,"Canterbury",1010,11.9,10.2,6.6
"4049","20180522:0000",-43.07026,172.65344,"Broomfield",2301,NA,0,"Canterbury",1010,27,12.2,0.8
"4050","20180523:0000",-43.07026,172.65344,"Broomfield",2301,NA,0,"Canterbury",1010,13.3,7.3,5.5
"4051","20180524:0000",-43.07026,172.65344,"Broomfield",2301,NA,0,"Canterbury",1010,29.5,6.9,7.3
"4052","20180525:0000",-43.07026,172.65344,"Broomfield",2301,NA,0,"Canterbury",1010,8.6,6.05,6.5
"4053","20180526:0000",-43.07026,172.65344,"Broomfield",2301,NA,0,"Canterbury",1010,11.2,8.5,6.1
"4054","20180527:0000",-43.07026,172.65344,"Broomfield",2301,NA,0,"Canterbury",1010,13.3,7.9,2.7
"4055","20180528:0000",-43.07026,172.65344,"Broomfield",2301,NA,0,"Canterbury",1010,25.9,4,2
"4056","20180529:0000",-43.07026,172.65344,"Broomfield",2301,NA,0,"Canterbury",1010,10.4,6.35,6.4
"4057","20180530:0000",-43.07026,172.65344,"Broomfield",2301,NA,0,"Canterbury",1010,17.3,5.2,8.1
"4058","20180531:0000",-43.07026,172.65344,"Broomfield",2301,NA,0,"Canterbury",1010,11.2,5.85,6
"4059","20180601:0000",-43.07026,172.65344,"Broomfield",2301,NA,0,"Canterbury",1010,3.2,6.25,2.6
"4060","20180602:0000",-43.07026,172.65344,"Broomfield",2301,NA,0,"Canterbury",1010,3.2,8.15,3.9
"4061","20180603:0000",-43.07026,172.65344,"Broomfield",2301,NA,0,"Canterbury",1010,1.8,7.95,0.5
"4062","20180604:0000",-43.07026,172.65344,"Broomfield",2301,NA,0,"Canterbury",1010,7.9,8,0
"4063","20180605:0000",-43.07026,172.65344,"Broomfield",2301,NA,0,"Canterbury",1010,4.3,10.6,5.9
"4064","20180606:0000",-43.07026,172.65344,"Broomfield",2301,NA,0,"Canterbury",1010,20.5,5.95,1.6
"4065","20180607:0000",-43.07026,172.65344,"Broomfield",2301,NA,0,"Canterbury",1010,27,9,1.4
"4066","20180608:0000",-43.07026,172.65344,"Broomfield",2301,NA,0,"Canterbury",1010,3.2,10.55,7.1
"4067","20180609:0000",-43.07026,172.65344,"Broomfield",2301,NA,0,"Canterbury",1010,24.8,8.7,1.2
"4068","20180610:0000",-43.07026,172.65344,"Broomfield",2301,NA,0,"Canterbury",1010,29.5,14.45,6.7
"4069","20180611:0000",-43.07026,172.65344,"Broomfield",2301,NA,0,"Canterbury",1010,4,7.7,0
"4070","20180612:0000",-43.07026,172.65344,"Broomfield",2301,NA,0,"Canterbury",1010,11.5,7.6,0
"4071","20180613:0000",-43.07026,172.65344,"Broomfield",2301,NA,0,"Canterbury",1010,25.2,8.8,0
"4072","20180614:0000",-43.07026,172.65344,"Broomfield",2301,NA,0,"Canterbury",1010,5,9.05,7.2
"4073","20180615:0000",-43.07026,172.65344,"Broomfield",2301,NA,0,"Canterbury",1010,7.2,7.1,5.3
"4074","20180616:0000",-43.07026,172.65344,"Broomfield",2301,NA,0,"Canterbury",1010,16.2,8.95,4.6
"4075","20180617:0000",-43.07026,172.65344,"Broomfield",2301,NA,0,"Canterbury",1010,2.2,5.45,2.5
"4076","20180618:0000",-43.07026,172.65344,"Broomfield",2301,NA,0,"Canterbury",1010,7.6,3.9,0
"4077","20180619:0000",-43.07026,172.65344,"Broomfield",2301,NA,0,"Canterbury",1010,16.2,5.15,3
"4078","20180620:0000",-43.07026,172.65344,"Broomfield",2301,NA,0,"Canterbury",1010,4.3,7.4,1.6
"4079","20180621:0000",-43.07026,172.65344,"Broomfield",2301,NA,0,"Canterbury",1010,11.5,7.75,2.3
"4080","20180622:0000",-43.07026,172.65344,"Broomfield",2301,NA,0,"Canterbury",1010,12.2,3.75,7.8
"4081","20180623:0000",-43.07026,172.65344,"Broomfield",2301,NA,0,"Canterbury",1010,14,5.75,7.7
"4082","20180624:0000",-43.07026,172.65344,"Broomfield",2301,NA,0,"Canterbury",1010,26.6,7.65,5.4
"4083","20180625:0000",-43.07026,172.65344,"Broomfield",2301,NA,0,"Canterbury",1010,17.3,9.55,6
"4084","20180626:0000",-43.07026,172.65344,"Broomfield",2301,NA,0,"Canterbury",1010,13.7,5.35,5.6
"4085","20180627:0000",-43.07026,172.65344,"Broomfield",2301,NA,0,"Canterbury",1010,16.6,8,5.6
"4086","20180628:0000",-43.07026,172.65344,"Broomfield",2301,NA,0,"Canterbury",1010,9.7,9.15,5.6
"4087","20180629:0000",-43.07026,172.65344,"Broomfield",2301,NA,0,"Canterbury",1010,17.6,7.15,7.9
"4088","20180630:0000",-43.07026,172.65344,"Broomfield",2301,NA,0,"Canterbury",1010,13.3,6.65,7.9
"4089","20180701:0000",-43.07026,172.65344,"Broomfield",2301,NA,0,"Canterbury",1010,12.2,9,3.3
"4090","20180702:0000",-43.07026,172.65344,"Broomfield",2301,NA,0,"Canterbury",1010,11.5,7.9,0
"4091","20180703:0000",-43.07026,172.65344,"Broomfield",2301,NA,0,"Canterbury",1010,15.1,6.7,7.9
"4092","20180704:0000",-43.07026,172.65344,"Broomfield",2301,NA,0,"Canterbury",1010,9.4,6.65,7.9
"4093","20180705:0000",-43.07026,172.65344,"Broomfield",2301,NA,0,"Canterbury",1010,13.3,7,6.3
"4094","20180706:0000",-43.07026,172.65344,"Broomfield",2301,NA,0,"Canterbury",1010,7.6,8.95,2.5
"4095","20180707:0000",-43.07026,172.65344,"Broomfield",2301,NA,0,"Canterbury",1010,33.8,14.75,6.2
"4096","20180708:0000",-43.07026,172.65344,"Broomfield",2301,NA,0,"Canterbury",1010,20.2,11.65,0
"4097","20180709:0000",-43.07026,172.65344,"Broomfield",2301,NA,0,"Canterbury",1010,25.6,10.8,6.5
"4098","20180710:0000",-43.07026,172.65344,"Broomfield",2301,NA,0,"Canterbury",1010,11.5,NA,5.5
"4099","20180711:0000",-43.07026,172.65344,"Broomfield",2301,NA,0,"Canterbury",1010,5.8,7.15,8.1
"4100","20180712:0000",-43.07026,172.65344,"Broomfield",2301,NA,0,"Canterbury",1010,8.3,5.85,7
"4101","20180713:0000",-43.07026,172.65344,"Broomfield",2301,NA,0,"Canterbury",1010,33.1,5.1,8.2
"4102","20180714:0000",-43.07026,172.65344,"Broomfield",2301,NA,0,"Canterbury",1010,7.9,9.05,8.2
"4103","20180715:0000",-43.07026,172.65344,"Broomfield",2301,NA,0,"Canterbury",1010,13.3,4.5,0.2
"4104","20180716:0000",-43.07026,172.65344,"Broomfield",2301,NA,0,"Canterbury",1010,1.8,9.35,4.6
"4105","20180717:0000",-43.07026,172.65344,"Broomfield",2301,NA,0,"Canterbury",1010,22.7,11.15,8.3
"4106","20180718:0000",-43.07026,172.65344,"Broomfield",2301,NA,0,"Canterbury",1010,11.5,8.05,8.3
"4107","20180719:0000",-43.07026,172.65344,"Broomfield",2301,NA,0,"Canterbury",1010,3.6,6.75,8.4
"4108","20180720:0000",-43.07026,172.65344,"Broomfield",2301,NA,0,"Canterbury",1010,2.5,7.55,7.9
"4109","20180721:0000",-43.07026,172.65344,"Broomfield",2301,NA,0,"Canterbury",1010,25.9,10.3,3.7
"4110","20180722:0000",-43.07026,172.65344,"Broomfield",2301,NA,0,"Canterbury",1010,19.1,11.35,8.2
"4111","20180723:0000",-43.07026,172.65344,"Broomfield",2301,NA,0,"Canterbury",1010,6.8,6.2,0.4
"4112","20180724:0000",-43.07026,172.65344,"Broomfield",2301,NA,0,"Canterbury",1010,10.4,5.35,1.5
"4113","20180725:0000",-43.07026,172.65344,"Broomfield",2301,NA,0,"Canterbury",1010,4,4.85,7.5
"4114","20180726:0000",-43.07026,172.65344,"Broomfield",2301,NA,0,"Canterbury",1010,7.6,5.5,5.2
"4115","20180727:0000",-43.07026,172.65344,"Broomfield",2301,NA,0,"Canterbury",1010,6.8,8,2.8
"4116","20180728:0000",-43.07026,172.65344,"Broomfield",2301,NA,0,"Canterbury",1010,22,9.1,4.5
"4117","20180729:0000",-43.07026,172.65344,"Broomfield",2301,NA,0,"Canterbury",1010,7.2,10.6,3.6
"4118","20180730:0000",-43.07026,172.65344,"Broomfield",2301,NA,0,"Canterbury",1010,11.5,6.7,8.8
"4119","20180731:0000",-43.07026,172.65344,"Broomfield",2301,NA,0,"Canterbury",1010,18,9.45,5.3
"4120","20180801:0000",-43.07026,172.65344,"Broomfield",2301,NA,0,"Canterbury",1010,16.9,12.85,0.9
"4121","20180802:0000",-43.07026,172.65344,"Broomfield",2301,NA,0,"Canterbury",1010,9.4,10.9,0
"4122","20180803:0000",-43.07026,172.65344,"Broomfield",2301,NA,0,"Canterbury",1010,8.3,6.65,8.4
"4123","20180804:0000",-43.07026,172.65344,"Broomfield",2301,NA,0,"Canterbury",1010,4.3,7.25,7.3
"4124","20180805:0000",-43.07026,172.65344,"Broomfield",2301,NA,0,"Canterbury",1010,10.8,6.15,7.5
"4125","20180806:0000",-43.07026,172.65344,"Broomfield",2301,NA,0,"Canterbury",1010,2.9,6.85,1
"4126","20180807:0000",-43.07026,172.65344,"Broomfield",2301,NA,0,"Canterbury",1010,10.1,9.65,8
"4127","20180808:0000",-43.07026,172.65344,"Broomfield",2301,NA,0,"Canterbury",1010,6.8,9.3,1.3
"4128","20180809:0000",-43.07026,172.65344,"Broomfield",2301,NA,0,"Canterbury",1010,9.7,10.55,9.2
"4129","20180810:0000",-43.07026,172.65344,"Broomfield",2301,NA,0,"Canterbury",1010,18.7,8.25,0.1
"4130","20180811:0000",-43.07026,172.65344,"Broomfield",2301,NA,0,"Canterbury",1010,14,7.55,9.5
"4131","20180812:0000",-43.07026,172.65344,"Broomfield",2301,NA,0,"Canterbury",1010,11.2,10.1,9.5
"4132","20180813:0000",-43.07026,172.65344,"Broomfield",2301,NA,0,"Canterbury",1010,7.2,10.45,7.4
"4133","20180814:0000",-43.07026,172.65344,"Broomfield",2301,NA,0,"Canterbury",1010,12.6,7.3,1.2
"4134","20180815:0000",-43.07026,172.65344,"Broomfield",2301,NA,0,"Canterbury",1010,6.5,10.55,7.3
"4135","20180816:0000",-43.07026,172.65344,"Broomfield",2301,NA,0,"Canterbury",1010,41,9.35,5
"4136","20180817:0000",-43.07026,172.65344,"Broomfield",2301,NA,0,"Canterbury",1010,5.4,9.75,3.8
"4137","20180818:0000",-43.07026,172.65344,"Broomfield",2301,NA,0,"Canterbury",1010,7.6,7.4,6
"4138","20180819:0000",-43.07026,172.65344,"Broomfield",2301,NA,0,"Canterbury",1010,11.9,4.95,9.8
"4139","20180820:0000",-43.07026,172.65344,"Broomfield",2301,NA,0,"Canterbury",1010,9.4,5.75,5.1
"4140","20180821:0000",-43.07026,172.65344,"Broomfield",2301,NA,0,"Canterbury",1010,9.4,8,3.5
"4141","20180822:0000",-43.07026,172.65344,"Broomfield",2301,NA,0,"Canterbury",1010,29.5,8.65,9.8
"4142","20180823:0000",-43.07026,172.65344,"Broomfield",2301,NA,0,"Canterbury",1010,10.1,5.3,4
"4143","20180824:0000",-43.07026,172.65344,"Broomfield",2301,NA,0,"Canterbury",1010,15.8,6.45,4.4
"4144","20180825:0000",-43.07026,172.65344,"Broomfield",2301,NA,0,"Canterbury",1010,16.2,6.1,5.2
"4145","20180826:0000",-43.07026,172.65344,"Broomfield",2301,NA,0,"Canterbury",1010,15.5,10.45,10.3
"4146","20180827:0000",-43.07026,172.65344,"Broomfield",2301,NA,0,"Canterbury",1010,8.3,11.1,10
"4147","20180828:0000",-43.07026,172.65344,"Broomfield",2301,NA,0,"Canterbury",1010,11.2,10.3,5.1
"4148","20180829:0000",-43.07026,172.65344,"Broomfield",2301,NA,0,"Canterbury",1010,1.8,9,0.4
"4149","20180830:0000",-43.07026,172.65344,"Broomfield",2301,NA,0,"Canterbury",1010,11.5,11.2,10.4
"4150","20180831:0000",-43.07026,172.65344,"Broomfield",2301,NA,0,"Canterbury",1010,20.5,4.95,0
"4151","20180901:0000",-43.07026,172.65344,"Broomfield",2301,NA,0,"Canterbury",1010,4,10.15,10
"4152","20180902:0000",-43.07026,172.65344,"Broomfield",2301,NA,0,"Canterbury",1010,4.3,7.3,1.3
"4153","20180903:0000",-43.07026,172.65344,"Broomfield",2301,NA,0,"Canterbury",1010,29.2,5.35,0
"4154","20180904:0000",-43.07026,172.65344,"Broomfield",2301,NA,0,"Canterbury",1010,15.8,7,0.7
"4155","20180905:0000",-43.07026,172.65344,"Broomfield",2301,NA,0,"Canterbury",1010,6.5,6.4,5.2
"4156","20180906:0000",-43.07026,172.65344,"Broomfield",2301,NA,0,"Canterbury",1010,10.8,5.8,1.9
"4157","20180907:0000",-43.07026,172.65344,"Broomfield",2301,NA,0,"Canterbury",1010,9.7,5.5,10.3
"4158","20180908:0000",-43.07026,172.65344,"Broomfield",2301,NA,0,"Canterbury",1010,7.2,5.1,11
"4159","20180909:0000",-43.07026,172.65344,"Broomfield",2301,NA,0,"Canterbury",1010,9.4,5.55,6.3
"4160","20180910:0000",-43.07026,172.65344,"Broomfield",2301,NA,0,"Canterbury",1010,7.6,4.25,2.4
"4161","20180911:0000",-43.07026,172.65344,"Broomfield",2301,NA,0,"Canterbury",1010,5.4,8.8,7.2
"4162","20180912:0000",-43.07026,172.65344,"Broomfield",2301,NA,0,"Canterbury",1010,4.3,10.45,10.9
"4163","20180913:0000",-43.07026,172.65344,"Broomfield",2301,NA,0,"Canterbury",1010,19.4,12.25,3.9
"4164","20180914:0000",-43.07026,172.65344,"Broomfield",2301,NA,0,"Canterbury",1010,7.9,16.25,10.6
"4165","20180915:0000",-43.07026,172.65344,"Broomfield",2301,NA,0,"Canterbury",1010,7.6,12.5,11.3
"4166","20180916:0000",-43.07026,172.65344,"Broomfield",2301,NA,0,"Canterbury",1010,29.2,14.3,10.8
"4167","20180917:0000",-43.07026,172.65344,"Broomfield",2301,NA,0,"Canterbury",1010,15.5,12.45,2.5
"4168","20180918:0000",-43.07026,172.65344,"Broomfield",2301,NA,0,"Canterbury",1010,13.3,8.05,10.2
"4169","20180919:0000",-43.07026,172.65344,"Broomfield",2301,NA,0,"Canterbury",1010,9,9.4,11.5
"4170","20180920:0000",-43.07026,172.65344,"Broomfield",2301,NA,0,"Canterbury",1010,8.6,12.65,11.5
"4171","20180921:0000",-43.07026,172.65344,"Broomfield",2301,NA,0,"Canterbury",1010,3.6,8.5,1.2
"4172","20180922:0000",-43.07026,172.65344,"Broomfield",2301,NA,0,"Canterbury",1010,4,10.65,11.6
"4173","20180923:0000",-43.07026,172.65344,"Broomfield",2301,NA,0,"Canterbury",1010,2.5,10,8.3
"4174","20180924:0000",-43.07026,172.65344,"Broomfield",2301,NA,0,"Canterbury",1010,2.9,10.35,1.6
"4175","20180925:0000",-43.07026,172.65344,"Broomfield",2301,NA,0,"Canterbury",1010,25.6,8.3,6.9
"4176","20180926:0000",-43.07026,172.65344,"Broomfield",2301,NA,0,"Canterbury",1010,14,6.35,3
"4177","20180927:0000",-43.07026,172.65344,"Broomfield",2301,NA,0,"Canterbury",1010,5.8,9.5,7.2
"4178","20180928:0000",-43.07026,172.65344,"Broomfield",2301,NA,0,"Canterbury",1010,1.8,7.95,11.8
"4179","20180929:0000",-43.07026,172.65344,"Broomfield",2301,NA,0,"Canterbury",1010,28.8,12,10.9
"4180","20180930:0000",-43.07026,172.65344,"Broomfield",2301,NA,0,"Canterbury",1010,16.9,14.75,1.4
"4181","20181001:0000",-43.07026,172.65344,"Broomfield",2301,NA,0,"Canterbury",1010,10.4,13.95,9.5
"4182","20181002:0000",-43.07026,172.65344,"Broomfield",2301,NA,0,"Canterbury",1010,2.2,10.7,10.3
"4183","20181003:0000",-43.07026,172.65344,"Broomfield",2301,NA,0,"Canterbury",1010,1.4,10.95,11.9
"4184","20181004:0000",-43.07026,172.65344,"Broomfield",2301,NA,0,"Canterbury",1010,22.7,14.2,10.3
"4185","20181005:0000",-43.07026,172.65344,"Broomfield",2301,NA,0,"Canterbury",1010,11.2,9.8,1.2
"4186","20181006:0000",-43.07026,172.65344,"Broomfield",2301,NA,0,"Canterbury",1010,6.5,10.55,7.6
"4187","20181007:0000",-43.07026,172.65344,"Broomfield",2301,NA,0,"Canterbury",1010,12.2,11.05,8.7
"4188","20181008:0000",-43.07026,172.65344,"Broomfield",2301,NA,0,"Canterbury",1010,6.1,8.65,10.9
"4189","20181009:0000",-43.07026,172.65344,"Broomfield",2301,NA,0,"Canterbury",1010,6.1,10.7,12.4
"4190","20181010:0000",-43.07026,172.65344,"Broomfield",2301,NA,0,"Canterbury",1010,34.6,12.05,1.7
"4191","20181011:0000",-43.07026,172.65344,"Broomfield",2301,NA,0,"Canterbury",1010,2.5,9.1,0
"4192","20181012:0000",-43.07026,172.65344,"Broomfield",2301,NA,0,"Canterbury",1010,19.4,5.25,0
"4193","20181013:0000",-43.07026,172.65344,"Broomfield",2301,NA,0,"Canterbury",1010,12.2,6.75,8.7
"4194","20181014:0000",-43.07026,172.65344,"Broomfield",2301,NA,0,"Canterbury",1010,16.9,8.65,5.3
"4195","20181015:0000",-43.07026,172.65344,"Broomfield",2301,NA,0,"Canterbury",1010,7.6,7,6.6
"4196","20181016:0000",-43.07026,172.65344,"Broomfield",2301,NA,0,"Canterbury",1010,5,10,12.5
"4197","20181017:0000",-43.07026,172.65344,"Broomfield",2301,NA,0,"Canterbury",1010,18,12.45,2.7
"4198","20181018:0000",-43.07026,172.65344,"Broomfield",2301,NA,0,"Canterbury",1010,12.6,14.45,5.9
"4199","20181019:0000",-43.07026,172.65344,"Broomfield",2301,NA,0,"Canterbury",1010,6.1,14.55,12.8
"4200","20181020:0000",-43.07026,172.65344,"Broomfield",2301,NA,0,"Canterbury",1010,15.8,19.1,11.8
"4201","20181021:0000",-43.07026,172.65344,"Broomfield",2301,NA,0,"Canterbury",1010,7.6,15.95,12.7
"4202","20181022:0000",-43.07026,172.65344,"Broomfield",2301,NA,0,"Canterbury",1010,4.3,15.05,12.6
"4203","20181023:0000",-43.07026,172.65344,"Broomfield",2301,NA,0,"Canterbury",1010,3.6,14.15,13
"4204","20181024:0000",-43.07026,172.65344,"Broomfield",2301,NA,0,"Canterbury",1010,2.9,15.35,12.9
"4205","20181025:0000",-43.07026,172.65344,"Broomfield",2301,NA,0,"Canterbury",1010,4.3,14.45,0
"4206","20181026:0000",-43.07026,172.65344,"Broomfield",2301,NA,0,"Canterbury",1010,3.6,8.35,4
"4207","20181027:0000",-43.07026,172.65344,"Broomfield",2301,NA,0,"Canterbury",1010,5,10.2,11
"4208","20181028:0000",-43.07026,172.65344,"Broomfield",2301,NA,0,"Canterbury",1010,4.7,11.55,9.8
"4209","20181029:0000",-43.07026,172.65344,"Broomfield",2301,NA,0,"Canterbury",1010,4.3,10.95,0
"4210","20181030:0000",-43.07026,172.65344,"Broomfield",2301,NA,0,"Canterbury",1010,13.7,8.9,0.1
"4211","20181031:0000",-43.07026,172.65344,"Broomfield",2301,NA,0,"Canterbury",1010,6.5,11.15,9.4
"4212","20181101:0000",-43.07026,172.65344,"Broomfield",2301,NA,0,"Canterbury",1010,18,9.4,7.2
"4213","20181102:0000",-43.07026,172.65344,"Broomfield",2301,NA,0,"Canterbury",1010,2.9,10.4,10.3
"4214","20181103:0000",-43.07026,172.65344,"Broomfield",2301,NA,0,"Canterbury",1010,20.5,18.05,2.8
"4215","20181104:0000",-43.07026,172.65344,"Broomfield",2301,NA,0,"Canterbury",1010,21.6,14.05,11
"4216","20181105:0000",-43.07026,172.65344,"Broomfield",2301,NA,0,"Canterbury",1010,26.6,14.1,13
"4217","20181106:0000",-43.07026,172.65344,"Broomfield",2301,NA,0,"Canterbury",1010,5.8,13.75,13.5
"4218","20181107:0000",-43.07026,172.65344,"Broomfield",2301,NA,0,"Canterbury",1010,18,18.65,5.9
"4219","20181108:0000",-43.07026,172.65344,"Broomfield",2301,NA,0,"Canterbury",1010,18,22.95,3.1
"4220","20181109:0000",-43.07026,172.65344,"Broomfield",2301,NA,0,"Canterbury",1010,8.6,8.55,0
"4221","20181110:0000",-43.07026,172.65344,"Broomfield",2301,NA,0,"Canterbury",1010,3.2,8.5,6
"4222","20181111:0000",-43.07026,172.65344,"Broomfield",2301,NA,0,"Canterbury",1010,5.4,11.25,13.3
"4223","20181112:0000",-43.07026,172.65344,"Broomfield",2301,NA,0,"Canterbury",1010,3.6,12.75,9.2
"4224","20181113:0000",-43.07026,172.65344,"Broomfield",2301,NA,0,"Canterbury",1010,7.9,12.8,10.2
"4225","20181114:0000",-43.07026,172.65344,"Broomfield",2301,NA,0,"Canterbury",1010,4,12.8,13.7
"4226","20181115:0000",-43.07026,172.65344,"Broomfield",2301,NA,0,"Canterbury",1010,9.7,15.9,12.7
"4227","20181116:0000",-43.07026,172.65344,"Broomfield",2301,NA,0,"Canterbury",1010,31.3,19.9,8.3
"4228","20181117:0000",-43.07026,172.65344,"Broomfield",2301,NA,0,"Canterbury",1010,10.4,14.5,5.6
"4229","20181118:0000",-43.07026,172.65344,"Broomfield",2301,NA,0,"Canterbury",1010,6.1,15.8,10.8
"4230","20181119:0000",-43.07026,172.65344,"Broomfield",2301,NA,0,"Canterbury",1010,7.9,8.35,7.6
"4231","20181120:0000",-43.07026,172.65344,"Broomfield",2301,NA,0,"Canterbury",1010,3.2,6.7,1.5
"4232","20181121:0000",-43.07026,172.65344,"Broomfield",2301,NA,0,"Canterbury",1010,4,9.75,5.6
"4233","20181122:0000",-43.07026,172.65344,"Broomfield",2301,NA,0,"Canterbury",1010,4.7,11.35,11.4
"4234","20181123:0000",-43.07026,172.65344,"Broomfield",2301,NA,0,"Canterbury",1010,4.3,12.1,1.9
"4235","20181124:0000",-43.07026,172.65344,"Broomfield",2301,NA,0,"Canterbury",1010,6.1,14.6,0.3
"4236","20181125:0000",-43.07026,172.65344,"Broomfield",2301,NA,0,"Canterbury",1010,9,13.9,0
"4237","20181126:0000",-43.07026,172.65344,"Broomfield",2301,NA,0,"Canterbury",1010,10.8,11.4,0
"4238","20181127:0000",-43.07026,172.65344,"Broomfield",2301,NA,0,"Canterbury",1010,5.8,11.8,0.3
"4239","20181128:0000",-43.07026,172.65344,"Broomfield",2301,NA,0,"Canterbury",1010,13.7,13.15,0
"4240","20181129:0000",-43.07026,172.65344,"Broomfield",2301,NA,0,"Canterbury",1010,12.6,13.05,5.8
"4241","20181130:0000",-43.07026,172.65344,"Broomfield",2301,NA,0,"Canterbury",1010,5,12.35,0.5
"4242","20181201:0000",-43.07026,172.65344,"Broomfield",2301,NA,0,"Canterbury",1010,5,15.4,1.9
"4243","20181202:0000",-43.07026,172.65344,"Broomfield",2301,NA,0,"Canterbury",1010,4.7,14.9,0.8
"4244","20181203:0000",-43.07026,172.65344,"Broomfield",2301,NA,0,"Canterbury",1010,9,17.5,4.6
"4245","20181204:0000",-43.07026,172.65344,"Broomfield",2301,NA,0,"Canterbury",1010,15.8,17.2,10.5
"4246","20181205:0000",-43.07026,172.65344,"Broomfield",2301,NA,0,"Canterbury",1010,16.6,16.4,4.2
"4247","20181206:0000",-43.07026,172.65344,"Broomfield",2301,NA,0,"Canterbury",1010,9.4,12.3,2.1
"4248","20181207:0000",-43.07026,172.65344,"Broomfield",2301,NA,0,"Canterbury",1010,6.5,12.6,12.1
"4249","20181208:0000",-43.07026,172.65344,"Broomfield",2301,NA,0,"Canterbury",1010,4.7,17.05,7
"4250","20181209:0000",-43.07026,172.65344,"Broomfield",2301,NA,0,"Canterbury",1010,3.2,20,9.1
"4251","20181210:0000",-43.07026,172.65344,"Broomfield",2301,NA,0,"Canterbury",1010,16.6,13.1,0
"4252","20181211:0000",-43.07026,172.65344,"Broomfield",2301,NA,0,"Canterbury",1010,4,11.95,0
"4253","20181212:0000",-43.07026,172.65344,"Broomfield",2301,NA,0,"Canterbury",1010,5,13.85,0
"4254","20181213:0000",-43.07026,172.65344,"Broomfield",2301,NA,0,"Canterbury",1010,2.9,14.5,0
"4255","20181214:0000",-43.07026,172.65344,"Broomfield",2301,NA,0,"Canterbury",1010,8.6,16.3,1.7
"4256","20181215:0000",-43.07026,172.65344,"Broomfield",2301,NA,0,"Canterbury",1010,5,17.15,7.4
"4257","20181216:0000",-43.07026,172.65344,"Broomfield",2301,NA,0,"Canterbury",1010,3.6,14.9,0
"4258","20181217:0000",-43.07026,172.65344,"Broomfield",2301,NA,0,"Canterbury",1010,3.6,18.05,14.1
"4259","20181218:0000",-43.07026,172.65344,"Broomfield",2301,NA,0,"Canterbury",1010,26.6,19.1,1.2
"4260","20181219:0000",-43.07026,172.65344,"Broomfield",2301,NA,0,"Canterbury",1010,4,13.85,0
"4261","20181220:0000",-43.07026,172.65344,"Broomfield",2301,NA,0,"Canterbury",1010,6.1,10.6,0.1
"4262","20181221:0000",-43.07026,172.65344,"Broomfield",2301,NA,0,"Canterbury",1010,5.4,12,4.8
"4263","20181222:0000",-43.07026,172.65344,"Broomfield",2301,NA,0,"Canterbury",1010,4,14.1,8.6
"4264","20181223:0000",-43.07026,172.65344,"Broomfield",2301,NA,0,"Canterbury",1010,5,12.35,0.6
"4265","20181224:0000",-43.07026,172.65344,"Broomfield",2301,NA,0,"Canterbury",1010,11.5,13.25,14.2
"4266","20181225:0000",-43.07026,172.65344,"Broomfield",2301,NA,0,"Canterbury",1010,9,16.85,3.3
"4267","20181226:0000",-43.07026,172.65344,"Broomfield",2301,NA,0,"Canterbury",1010,9.7,13.3,0
"4268","20181227:0000",-43.07026,172.65344,"Broomfield",2301,NA,0,"Canterbury",1010,6.5,12.7,9.2
"4269","20181228:0000",-43.07026,172.65344,"Broomfield",2301,NA,0,"Canterbury",1010,3.2,15.4,9.7
"4270","20181229:0000",-43.07026,172.65344,"Broomfield",2301,NA,0,"Canterbury",1010,13,19.15,8.7
"4271","20181230:0000",-43.07026,172.65344,"Broomfield",2301,NA,0,"Canterbury",1010,24.1,21,0
"4272","20181231:0000",-43.07026,172.65344,"Broomfield",2301,NA,0,"Canterbury",1010,5,18.35,7.8
"4273","20190101:0000",-43.07026,172.65344,"Broomfield",2301,NA,0,"Canterbury",1010,10.1,19.4,9.2
"4274","20190102:0000",-43.07026,172.65344,"Broomfield",2301,NA,0,"Canterbury",1010,30.2,21.4,12.6
"4275","20190103:0000",-43.07026,172.65344,"Broomfield",2301,NA,0,"Canterbury",1010,14.8,20.65,6.5
"4276","20190104:0000",-43.07026,172.65344,"Broomfield",2301,NA,0,"Canterbury",1010,4.3,16.3,11.1
"4277","20190105:0000",-43.07026,172.65344,"Broomfield",2301,NA,0,"Canterbury",1010,4.3,20.15,13.1
"4278","20190106:0000",-43.07026,172.65344,"Broomfield",2301,NA,0,"Canterbury",1010,33.5,23.6,6
"4279","20190107:0000",-43.07026,172.65344,"Broomfield",2301,NA,0,"Canterbury",1010,13.3,17.2,8.6
"4280","20190108:0000",-43.07026,172.65344,"Broomfield",2301,NA,0,"Canterbury",1010,2.9,16.35,7.7
"4281","20190109:0000",-43.07026,172.65344,"Broomfield",2301,NA,0,"Canterbury",1010,22.7,20.5,9.3
"4282","20190110:0000",-43.07026,172.65344,"Broomfield",2301,NA,0,"Canterbury",1010,11.5,23.3,9.8
"4283","20190111:0000",-43.07026,172.65344,"Broomfield",2301,NA,0,"Canterbury",1010,5.8,16.3,6
"4284","20190112:0000",-43.07026,172.65344,"Broomfield",2301,NA,0,"Canterbury",1010,3.6,15.65,0.3
"4285","20190113:0000",-43.07026,172.65344,"Broomfield",2301,NA,0,"Canterbury",1010,25.9,17.75,5.4
"4286","20190114:0000",-43.07026,172.65344,"Broomfield",2301,NA,0,"Canterbury",1010,23.8,13.5,1.8
"4287","20190115:0000",-43.07026,172.65344,"Broomfield",2301,NA,0,"Canterbury",1010,6.5,14.5,2.5
"4288","20190116:0000",-43.07026,172.65344,"Broomfield",2301,NA,0,"Canterbury",1010,7.6,15.7,13.7
"4289","20190117:0000",-43.07026,172.65344,"Broomfield",2301,NA,0,"Canterbury",1010,3.2,16.4,11.7
"4290","20190118:0000",-43.07026,172.65344,"Broomfield",2301,NA,0,"Canterbury",1010,4.7,18.25,3.1
"4291","20190119:0000",-43.07026,172.65344,"Broomfield",2301,NA,0,"Canterbury",1010,6.1,19.65,6.5
"4292","20190120:0000",-43.07026,172.65344,"Broomfield",2301,NA,0,"Canterbury",1010,25.9,19.55,13.8
"4293","20190121:0000",-43.07026,172.65344,"Broomfield",2301,NA,0,"Canterbury",1010,21.2,20.4,11.1
"4294","20190122:0000",-43.07026,172.65344,"Broomfield",2301,NA,0,"Canterbury",1010,19.1,17.7,13.5
"4295","20190123:0000",-43.07026,172.65344,"Broomfield",2301,NA,0,"Canterbury",1010,19.4,24.45,9.9
"4296","20190124:0000",-43.07026,172.65344,"Broomfield",2301,NA,0,"Canterbury",1010,5.8,13.4,9.6
"4297","20190125:0000",-43.07026,172.65344,"Broomfield",2301,NA,0,"Canterbury",1010,4,14.2,6.9
"4298","20190126:0000",-43.07026,172.65344,"Broomfield",2301,NA,0,"Canterbury",1010,4.3,18.6,5.1
"4299","20190127:0000",-43.07026,172.65344,"Broomfield",2301,NA,0,"Canterbury",1010,27.7,23.4,13.5
"4300","20190128:0000",-43.07026,172.65344,"Broomfield",2301,NA,0,"Canterbury",1010,16.6,21.35,9.5
"4301","20190129:0000",-43.07026,172.65344,"Broomfield",2301,NA,0,"Canterbury",1010,7.9,19.6,5.1
"4302","20190130:0000",-43.07026,172.65344,"Broomfield",2301,NA,0,"Canterbury",1010,3.6,23.5,10.7
"4303","20190131:0000",-43.07026,172.65344,"Broomfield",2301,NA,0,"Canterbury",1010,6.1,21.9,11.8
"4304","20190201:0000",-43.07026,172.65344,"Broomfield",2301,NA,0,"Canterbury",1010,29.9,25.1,0.7
"4305","20190202:0000",-43.07026,172.65344,"Broomfield",2301,NA,0,"Canterbury",1010,9,13.85,13
"4306","20190203:0000",-43.07026,172.65344,"Broomfield",2301,NA,0,"Canterbury",1010,8.3,16.7,13.1
"4307","20190204:0000",-43.07026,172.65344,"Broomfield",2301,NA,0,"Canterbury",1010,31.3,20.35,13.5
"4308","20190205:0000",-43.07026,172.65344,"Broomfield",2301,NA,0,"Canterbury",1010,44.6,24.05,10.5
"4309","20190206:0000",-43.07026,172.65344,"Broomfield",2301,NA,0,"Canterbury",1010,15.1,12.3,0
"4310","20190207:0000",-43.07026,172.65344,"Broomfield",2301,NA,0,"Canterbury",1010,6.1,12.5,5.3
"4311","20190208:0000",-43.07026,172.65344,"Broomfield",2301,NA,0,"Canterbury",1010,8.3,16.15,13.4
"4312","20190209:0000",-43.07026,172.65344,"Broomfield",2301,NA,0,"Canterbury",1010,26.3,21.05,13.3
"4313","20190210:0000",-43.07026,172.65344,"Broomfield",2301,NA,0,"Canterbury",1010,22.7,23.55,13.4
"4314","20190211:0000",-43.07026,172.65344,"Broomfield",2301,NA,0,"Canterbury",1010,11.5,20.65,12.5
"4315","20190212:0000",-43.07026,172.65344,"Broomfield",2301,NA,0,"Canterbury",1010,10.4,23.1,11.1
"4316","20190213:0000",-43.07026,172.65344,"Broomfield",2301,NA,0,"Canterbury",1010,4.7,18.6,13.3
"4317","20190214:0000",-43.07026,172.65344,"Broomfield",2301,NA,0,"Canterbury",1010,17.3,20.5,9.2
"4318","20190215:0000",-43.07026,172.65344,"Broomfield",2301,NA,0,"Canterbury",1010,2.9,17.8,11.7
"4319","20190216:0000",-43.07026,172.65344,"Broomfield",2301,NA,0,"Canterbury",1010,14.4,12.35,0.2
"4320","20190217:0000",-43.07026,172.65344,"Broomfield",2301,NA,0,"Canterbury",1010,2.2,14.85,12.1
"4321","20190218:0000",-43.07026,172.65344,"Broomfield",2301,NA,0,"Canterbury",1010,9.4,17.85,12.7
"4322","20190219:0000",-43.07026,172.65344,"Broomfield",2301,NA,0,"Canterbury",1010,13,19.65,9.3
"4323","20190220:0000",-43.07026,172.65344,"Broomfield",2301,NA,0,"Canterbury",1010,32,23.85,4.5
"4324","20190221:0000",-43.07026,172.65344,"Broomfield",2301,NA,0,"Canterbury",1010,4.3,19.95,10.5
"4325","20190222:0000",-43.07026,172.65344,"Broomfield",2301,NA,0,"Canterbury",1010,22,22.4,7.6
"4326","20190223:0000",-43.07026,172.65344,"Broomfield",2301,NA,0,"Canterbury",1010,9,13.65,5.2
"4327","20190224:0000",-43.07026,172.65344,"Broomfield",2301,NA,0,"Canterbury",1010,16.9,11.8,0.8
"4328","20190225:0000",-43.07026,172.65344,"Broomfield",2301,NA,0,"Canterbury",1010,13,11.9,5.7
"4329","20190226:0000",-43.07026,172.65344,"Broomfield",2301,NA,0,"Canterbury",1010,4.3,16.95,12.2
"4330","20190227:0000",-43.07026,172.65344,"Broomfield",2301,NA,0,"Canterbury",1010,17.6,17.25,5.4
"4331","20190228:0000",-43.07026,172.65344,"Broomfield",2301,NA,0,"Canterbury",1010,11.2,11.15,9.3
"4332","20190301:0000",-43.07026,172.65344,"Broomfield",2301,NA,0,"Canterbury",1010,13,12.7,12.7
"4333","20190302:0000",-43.07026,172.65344,"Broomfield",2301,NA,0,"Canterbury",1010,11.5,13.6,12.5
"4334","20190303:0000",-43.07026,172.65344,"Broomfield",2301,NA,0,"Canterbury",1010,7.9,16.65,11.6
"4335","20190304:0000",-43.07026,172.65344,"Broomfield",2301,NA,0,"Canterbury",1010,12.2,18.6,12.5
"4336","20190305:0000",-43.07026,172.65344,"Broomfield",2301,NA,0,"Canterbury",1010,13,22.5,12.4
"4337","20190306:0000",-43.07026,172.65344,"Broomfield",2301,NA,0,"Canterbury",1010,7.9,20.95,12.3
"4338","20190307:0000",-43.07026,172.65344,"Broomfield",2301,NA,0,"Canterbury",1010,48.2,21.55,8.9
"4339","20190308:0000",-43.07026,172.65344,"Broomfield",2301,NA,0,"Canterbury",1010,18.7,11.2,0
"4340","20190309:0000",-43.07026,172.65344,"Broomfield",2301,NA,0,"Canterbury",1010,4.3,12.85,0
"4341","20190310:0000",-43.07026,172.65344,"Broomfield",2301,NA,0,"Canterbury",1010,13.7,13.2,0
"4342","20190311:0000",-43.07026,172.65344,"Broomfield",2301,NA,0,"Canterbury",1010,3.2,16.15,2.8
"4343","20190312:0000",-43.07026,172.65344,"Broomfield",2301,NA,0,"Canterbury",1010,4.7,20.5,11.1
"4344","20190313:0000",-43.07026,172.65344,"Broomfield",2301,NA,0,"Canterbury",1010,12.6,20.9,7.9
"4345","20190314:0000",-43.07026,172.65344,"Broomfield",2301,NA,0,"Canterbury",1010,1.8,14.35,0
"4346","20190315:0000",-43.07026,172.65344,"Broomfield",2301,NA,0,"Canterbury",1010,5,17.65,0.8
"4347","20190316:0000",-43.07026,172.65344,"Broomfield",2301,NA,0,"Canterbury",1010,4.3,17.05,2.1
"4348","20190317:0000",-43.07026,172.65344,"Broomfield",2301,NA,0,"Canterbury",1010,1.4,14.45,0
"4349","20190318:0000",-43.07026,172.65344,"Broomfield",2301,NA,0,"Canterbury",1010,6.5,16.2,4
"4350","20190319:0000",-43.07026,172.65344,"Broomfield",2301,NA,0,"Canterbury",1010,3.6,17.2,4.7
"4351","20190320:0000",-43.07026,172.65344,"Broomfield",2301,NA,0,"Canterbury",1010,1.1,17.25,6.7
"4352","20190321:0000",-43.07026,172.65344,"Broomfield",2301,NA,0,"Canterbury",1010,1.8,14.4,9.7
"4353","20190322:0000",-43.07026,172.65344,"Broomfield",2301,NA,0,"Canterbury",1010,8.6,16.7,8.9
"4354","20190323:0000",-43.07026,172.65344,"Broomfield",2301,NA,0,"Canterbury",1010,4,16.4,3.2
"4355","20190324:0000",-43.07026,172.65344,"Broomfield",2301,NA,0,"Canterbury",1010,5,17.4,9.8
"4356","20190325:0000",-43.07026,172.65344,"Broomfield",2301,NA,0,"Canterbury",1010,36.4,18.9,3.2
"4357","20190326:0000",-43.07026,172.65344,"Broomfield",2301,NA,0,"Canterbury",1010,23,22.75,0
"4358","20190327:0000",-43.07026,172.65344,"Broomfield",2301,NA,0,"Canterbury",1010,4,21.45,6.6
"4359","20190328:0000",-43.07026,172.65344,"Broomfield",2301,NA,0,"Canterbury",1010,5,12.95,0.1
"4360","20190329:0000",-43.07026,172.65344,"Broomfield",2301,NA,0,"Canterbury",1010,9.7,12.9,8.4
"4361","20190330:0000",-43.07026,172.65344,"Broomfield",2301,NA,0,"Canterbury",1010,4.3,14.1,10.9
"4362","20190331:0000",-43.07026,172.65344,"Broomfield",2301,NA,0,"Canterbury",1010,12.6,18.1,10.6
"4363","20190401:0000",-43.07026,172.65344,"Broomfield",2301,NA,0,"Canterbury",1010,23.4,17.8,10.6
"4364","20190402:0000",-43.07026,172.65344,"Broomfield",2301,NA,0,"Canterbury",1010,5.4,8.75,0.6
"4365","20190403:0000",-43.07026,172.65344,"Broomfield",2301,NA,0,"Canterbury",1010,4.7,11.3,6.8
"4366","20190404:0000",-43.07026,172.65344,"Broomfield",2301,NA,0,"Canterbury",1010,11.9,11.2,10.3
"4367","20190405:0000",-43.07026,172.65344,"Broomfield",2301,NA,0,"Canterbury",1010,23.4,7.1,0.1
"4368","20190406:0000",-43.07026,172.65344,"Broomfield",2301,NA,0,"Canterbury",1010,10.8,7.9,4.3
"4369","20190407:0000",-43.07026,172.65344,"Broomfield",2301,NA,0,"Canterbury",1010,18.4,8.25,0
"4370","20190408:0000",-43.07026,172.65344,"Broomfield",2301,NA,0,"Canterbury",1010,10.1,12.55,9.9
"4371","20190409:0000",-43.07026,172.65344,"Broomfield",2301,NA,0,"Canterbury",1010,6.8,12.25,10.1
"4372","20190410:0000",-43.07026,172.65344,"Broomfield",2301,NA,0,"Canterbury",1010,21.2,16.1,7.6
"4373","20190411:0000",-43.07026,172.65344,"Broomfield",2301,NA,0,"Canterbury",1010,8.3,11.65,0
"4374","20190412:0000",-43.07026,172.65344,"Broomfield",2301,NA,0,"Canterbury",1010,13.7,8.1,1.2
"4375","20190413:0000",-43.07026,172.65344,"Broomfield",2301,NA,0,"Canterbury",1010,11.5,11.3,8.1
"4376","20190414:0000",-43.07026,172.65344,"Broomfield",2301,NA,0,"Canterbury",1010,14,9.15,2.1
"4377","20190415:0000",-43.07026,172.65344,"Broomfield",2301,NA,0,"Canterbury",1010,4.7,10.95,4.8
"4378","20190416:0000",-43.07026,172.65344,"Broomfield",2301,NA,0,"Canterbury",1010,3.6,10.2,2.4
"4379","20190417:0000",-43.07026,172.65344,"Broomfield",2301,NA,0,"Canterbury",1010,8.6,9.4,10.2
"4380","20190418:0000",-43.07026,172.65344,"Broomfield",2301,NA,0,"Canterbury",1010,11.9,9.95,7.6
"4381","20190419:0000",-43.07026,172.65344,"Broomfield",2301,NA,0,"Canterbury",1010,6.1,11.15,8.1
"4382","20190420:0000",-43.07026,172.65344,"Broomfield",2301,NA,0,"Canterbury",1010,30.6,11.5,3.1
"4383","20190421:0000",-43.07026,172.65344,"Broomfield",2301,NA,0,"Canterbury",1010,7.9,9.65,0
"4384","20190422:0000",-43.07026,172.65344,"Broomfield",2301,NA,0,"Canterbury",1010,11.9,11.8,0
"4385","20190423:0000",-43.07026,172.65344,"Broomfield",2301,NA,0,"Canterbury",1010,11.2,13.95,8.1
"4386","20190424:0000",-43.07026,172.65344,"Broomfield",2301,NA,0,"Canterbury",1010,9,10.25,6.1
"4387","20190425:0000",-43.07026,172.65344,"Broomfield",2301,NA,0,"Canterbury",1010,5.8,12.3,8
"4388","20190426:0000",-43.07026,172.65344,"Broomfield",2301,NA,0,"Canterbury",1010,8.6,15.1,8.2
"4389","20190427:0000",-43.07026,172.65344,"Broomfield",2301,NA,0,"Canterbury",1010,20.5,18.25,6.4
"4390","20190428:0000",-43.07026,172.65344,"Broomfield",2301,NA,0,"Canterbury",1010,9.4,12.2,5.3
"4391","20190429:0000",-43.07026,172.65344,"Broomfield",2301,NA,0,"Canterbury",1010,10.4,10.3,1.8
"4392","20190430:0000",-43.07026,172.65344,"Broomfield",2301,NA,0,"Canterbury",1010,15.8,8.05,9.1
"4393","20190501:0000",-43.07026,172.65344,"Broomfield",2301,NA,0,"Canterbury",1010,12.6,9.85,9.5
"4394","20190502:0000",-43.07026,172.65344,"Broomfield",2301,NA,0,"Canterbury",1010,10.1,12.25,6.3
"4395","20190503:0000",-43.07026,172.65344,"Broomfield",2301,NA,0,"Canterbury",1010,2.9,11.95,8.5
"4396","20190504:0000",-43.07026,172.65344,"Broomfield",2301,NA,0,"Canterbury",1010,4,13,8.5
"4397","20190505:0000",-43.07026,172.65344,"Broomfield",2301,NA,0,"Canterbury",1010,7.6,14.5,6.8
"4398","20190506:0000",-43.07026,172.65344,"Broomfield",2301,NA,0,"Canterbury",1010,9.4,10.4,4
"4399","20190507:0000",-43.07026,172.65344,"Broomfield",2301,NA,0,"Canterbury",1010,7.6,10.25,0
"4400","20190508:0000",-43.07026,172.65344,"Broomfield",2301,NA,0,"Canterbury",1010,7.6,11.85,4.9
"4401","20190509:0000",-43.07026,172.65344,"Broomfield",2301,NA,0,"Canterbury",1010,13,14.15,3.2
"4402","20190510:0000",-43.07026,172.65344,"Broomfield",2301,NA,0,"Canterbury",1010,20.5,15.95,7.8
"4403","20190511:0000",-43.07026,172.65344,"Broomfield",2301,NA,0,"Canterbury",1010,7.2,11.85,4.5
"4404","20190512:0000",-43.07026,172.65344,"Broomfield",2301,NA,0,"Canterbury",1010,22.3,12.4,0
"4405","20190513:0000",-43.07026,172.65344,"Broomfield",2301,NA,0,"Canterbury",1010,12.2,11.3,8.5
"4406","20190514:0000",-43.07026,172.65344,"Broomfield",2301,NA,0,"Canterbury",1010,28.1,8,4.5
"4407","20190515:0000",-43.07026,172.65344,"Broomfield",2301,NA,0,"Canterbury",1010,19.4,12.25,6.3
"4408","20190516:0000",-43.07026,172.65344,"Broomfield",2301,NA,0,"Canterbury",1010,28.4,11.45,3.7
"4409","20190517:0000",-43.07026,172.65344,"Broomfield",2301,NA,0,"Canterbury",1010,18,6.7,8.7
"4410","20190518:0000",-43.07026,172.65344,"Broomfield",2301,NA,0,"Canterbury",1010,21.6,9.05,3.8
"4411","20190519:0000",-43.07026,172.65344,"Broomfield",2301,NA,0,"Canterbury",1010,16.2,12.1,4.7
"4412","20190520:0000",-43.07026,172.65344,"Broomfield",2301,NA,0,"Canterbury",1010,13,9.65,8.6
"4413","20190521:0000",-43.07026,172.65344,"Broomfield",2301,NA,0,"Canterbury",1010,13.3,8.5,8.5
"4414","20190522:0000",-43.07026,172.65344,"Broomfield",2301,NA,0,"Canterbury",1010,4.3,9.1,5.9
"4415","20190523:0000",-43.07026,172.65344,"Broomfield",2301,NA,0,"Canterbury",1010,9,9.45,8.4
"4416","20190524:0000",-43.07026,172.65344,"Broomfield",2301,NA,0,"Canterbury",1010,11.2,10.05,8.4
"4417","20190525:0000",-43.07026,172.65344,"Broomfield",2301,NA,0,"Canterbury",1010,11.9,9.6,8.4
"4418","20190526:0000",-43.07026,172.65344,"Broomfield",2301,NA,0,"Canterbury",1010,18.7,13.85,7.1
"4419","20190527:0000",-43.07026,172.65344,"Broomfield",2301,NA,0,"Canterbury",1010,19.1,16.75,1.1
"4420","20190528:0000",-43.07026,172.65344,"Broomfield",2301,NA,0,"Canterbury",1010,6.5,15.35,1.2
"4421","20190529:0000",-43.07026,172.65344,"Broomfield",2301,NA,0,"Canterbury",1010,5,12.15,8.2
"4422","20190530:0000",-43.07026,172.65344,"Broomfield",2301,NA,0,"Canterbury",1010,33.8,14.1,3.3
"4423","20190531:0000",-43.07026,172.65344,"Broomfield",2301,NA,0,"Canterbury",1010,10.8,11,5.7
"4424","20190601:0000",-43.07026,172.65344,"Broomfield",2301,NA,0,"Canterbury",1010,42.5,4.4,0
"4425","20190602:0000",-43.07026,172.65344,"Broomfield",2301,NA,0,"Canterbury",1010,28.1,5.2,1.7
"4426","20190603:0000",-43.07026,172.65344,"Broomfield",2301,NA,0,"Canterbury",1010,14.8,7.05,8
"4427","20190604:0000",-43.07026,172.65344,"Broomfield",2301,NA,0,"Canterbury",1010,13.3,5.6,0
"4428","20190605:0000",-43.07026,172.65344,"Broomfield",2301,NA,0,"Canterbury",1010,16.2,4.05,0.9
"4429","20190606:0000",-43.07026,172.65344,"Broomfield",2301,NA,0,"Canterbury",1010,4.3,5.85,5
"4430","20190607:0000",-43.07026,172.65344,"Broomfield",2301,NA,0,"Canterbury",1010,16.9,7.8,6.1
"4431","20190608:0000",-43.07026,172.65344,"Broomfield",2301,NA,0,"Canterbury",1010,12.2,8.05,0.1
"4432","20190609:0000",-43.07026,172.65344,"Broomfield",2301,NA,0,"Canterbury",1010,16.6,8.3,5.5
"4433","20190610:0000",-43.07026,172.65344,"Broomfield",2301,NA,0,"Canterbury",1010,11.9,8.5,5.6
"4434","20190611:0000",-43.07026,172.65344,"Broomfield",2301,NA,0,"Canterbury",1010,10.4,9.2,0.2
"4435","20190612:0000",-43.07026,172.65344,"Broomfield",2301,NA,0,"Canterbury",1010,13,12,0.3
"4436","20190613:0000",-43.07026,172.65344,"Broomfield",2301,NA,0,"Canterbury",1010,3.2,10.15,1.8
"4437","20190614:0000",-43.07026,172.65344,"Broomfield",2301,NA,0,"Canterbury",1010,9,10.95,6.7
"4438","20190615:0000",-43.07026,172.65344,"Broomfield",2301,NA,0,"Canterbury",1010,14,9.4,0
"4439","20190616:0000",-43.07026,172.65344,"Broomfield",2301,NA,0,"Canterbury",1010,11.9,6.75,5.9
"4440","20190617:0000",-43.07026,172.65344,"Broomfield",2301,NA,0,"Canterbury",1010,13.7,6.55,4.2
"4441","20190618:0000",-43.07026,172.65344,"Broomfield",2301,NA,0,"Canterbury",1010,13.3,6.45,1.5
"4442","20190619:0000",-43.07026,172.65344,"Broomfield",2301,NA,0,"Canterbury",1010,13.3,5.5,7.8
"4443","20190620:0000",-43.07026,172.65344,"Broomfield",2301,NA,0,"Canterbury",1010,10.1,7.05,4
"4444","20190621:0000",-43.07026,172.65344,"Broomfield",2301,NA,0,"Canterbury",1010,36.7,10.4,7.8
"4445","20190622:0000",-43.07026,172.65344,"Broomfield",2301,NA,0,"Canterbury",1010,6.5,11.25,6.8
"4446","20190623:0000",-43.07026,172.65344,"Broomfield",2301,NA,0,"Canterbury",1010,6.8,5.25,0
"4447","20190624:0000",-43.07026,172.65344,"Broomfield",2301,NA,0,"Canterbury",1010,12.2,6.75,6.1
"4448","20190625:0000",-43.07026,172.65344,"Broomfield",2301,NA,0,"Canterbury",1010,13.7,7.3,7.8
"4449","20190626:0000",-43.07026,172.65344,"Broomfield",2301,NA,0,"Canterbury",1010,6.8,5.35,7.5
"4450","20190627:0000",-43.07026,172.65344,"Broomfield",2301,NA,0,"Canterbury",1010,11.5,6.85,7.8
"4451","20190628:0000",-43.07026,172.65344,"Broomfield",2301,NA,0,"Canterbury",1010,14,5.15,7.9
"4452","20190629:0000",-43.07026,172.65344,"Broomfield",2301,NA,0,"Canterbury",1010,15.5,8.1,7.5
"4453","20190630:0000",-43.07026,172.65344,"Broomfield",2301,NA,0,"Canterbury",1010,14,8.3,7
"4454","20190701:0000",-43.07026,172.65344,"Broomfield",2301,NA,0,"Canterbury",1010,27.7,7.65,0
"4455","20190702:0000",-43.07026,172.65344,"Broomfield",2301,NA,0,"Canterbury",1010,6.5,11.95,3.1
"4456","20190703:0000",-43.07026,172.65344,"Broomfield",2301,NA,0,"Canterbury",1010,15.1,15.15,3.4
"4457","20190704:0000",-43.07026,172.65344,"Broomfield",2301,NA,0,"Canterbury",1010,13.7,8.1,2.4
"4458","20190705:0000",-43.07026,172.65344,"Broomfield",2301,NA,0,"Canterbury",1010,18.4,7.25,0.3
"4459","20190706:0000",-43.07026,172.65344,"Broomfield",2301,NA,0,"Canterbury",1010,16.6,8.2,1.3
"4460","20190707:0000",-43.07026,172.65344,"Broomfield",2301,NA,0,"Canterbury",1010,14.8,8.75,8
"4461","20190708:0000",-43.07026,172.65344,"Broomfield",2301,NA,0,"Canterbury",1010,11.5,7.9,4
"4462","20190709:0000",-43.07026,172.65344,"Broomfield",2301,NA,0,"Canterbury",1010,9.7,8.6,7.5
"4463","20190710:0000",-43.07026,172.65344,"Broomfield",2301,NA,0,"Canterbury",1010,14.4,9.65,2.5
"4464","20190711:0000",-43.07026,172.65344,"Broomfield",2301,NA,0,"Canterbury",1010,31.7,13.65,5.1
"4465","20190712:0000",-43.07026,172.65344,"Broomfield",2301,NA,0,"Canterbury",1010,10.4,10.15,2.1
"4466","20190713:0000",-43.07026,172.65344,"Broomfield",2301,NA,0,"Canterbury",1010,32.4,12.05,6.5
"4467","20190714:0000",-43.07026,172.65344,"Broomfield",2301,NA,0,"Canterbury",1010,18.7,13.25,1.1
"4468","20190715:0000",-43.07026,172.65344,"Broomfield",2301,NA,0,"Canterbury",1010,4.7,6.8,5.2
"4469","20190716:0000",-43.07026,172.65344,"Broomfield",2301,NA,0,"Canterbury",1010,10.4,9.15,4.2
"4470","20190717:0000",-43.07026,172.65344,"Broomfield",2301,NA,0,"Canterbury",1010,9.4,5.9,2.5
"4471","20190718:0000",-43.07026,172.65344,"Broomfield",2301,NA,0,"Canterbury",1010,13.7,7.4,7.4
"4472","20190719:0000",-43.07026,172.65344,"Broomfield",2301,NA,0,"Canterbury",1010,13,7.1,0
"4473","20190720:0000",-43.07026,172.65344,"Broomfield",2301,NA,0,"Canterbury",1010,11.2,8.15,0
"4474","20190721:0000",-43.07026,172.65344,"Broomfield",2301,NA,0,"Canterbury",1010,23,9.25,0
"4475","20190722:0000",-43.07026,172.65344,"Broomfield",2301,NA,0,"Canterbury",1010,3.6,8.5,6.2
"4476","20190723:0000",-43.07026,172.65344,"Broomfield",2301,NA,0,"Canterbury",1010,10.8,7.95,0
"4477","20190724:0000",-43.07026,172.65344,"Broomfield",2301,NA,0,"Canterbury",1010,1.8,9.35,2.5
"4478","20190725:0000",-43.07026,172.65344,"Broomfield",2301,NA,0,"Canterbury",1010,5.8,8.3,8.6
"4479","20190726:0000",-43.07026,172.65344,"Broomfield",2301,NA,0,"Canterbury",1010,9,7.6,8.5
"4480","20190727:0000",-43.07026,172.65344,"Broomfield",2301,NA,0,"Canterbury",1010,17.3,8.8,8.4
"4481","20190728:0000",-43.07026,172.65344,"Broomfield",2301,NA,0,"Canterbury",1010,5,11.15,4.7
"4482","20190729:0000",-43.07026,172.65344,"Broomfield",2301,NA,0,"Canterbury",1010,5.4,11.35,8.5
"4483","20190730:0000",-43.07026,172.65344,"Broomfield",2301,NA,0,"Canterbury",1010,3.2,11.65,3.6
"4484","20190731:0000",-43.07026,172.65344,"Broomfield",2301,NA,0,"Canterbury",1010,32.4,6.3,0.9
"4485","20190801:0000",-43.07026,172.65344,"Broomfield",2301,NA,0,"Canterbury",1010,16.2,7.3,4.8
"4486","20190802:0000",-43.07026,172.65344,"Broomfield",2301,NA,0,"Canterbury",1010,11.2,7.4,4.9
"4487","20190803:0000",-43.07026,172.65344,"Broomfield",2301,NA,0,"Canterbury",1010,3.2,8.85,8.5
"4488","20190804:0000",-43.07026,172.65344,"Broomfield",2301,NA,0,"Canterbury",1010,11.5,4.75,4.7
"4489","20190805:0000",-43.07026,172.65344,"Broomfield",2301,NA,0,"Canterbury",1010,16.2,5,8.2
"4490","20190806:0000",-43.07026,172.65344,"Broomfield",2301,NA,0,"Canterbury",1010,15.1,8.15,9.2
"4491","20190807:0000",-43.07026,172.65344,"Broomfield",2301,NA,0,"Canterbury",1010,20.2,9.8,5
"4492","20190808:0000",-43.07026,172.65344,"Broomfield",2301,NA,0,"Canterbury",1010,24.8,10.1,8.2
"4493","20190809:0000",-43.07026,172.65344,"Broomfield",2301,NA,0,"Canterbury",1010,13,12,6.5
"4494","20190810:0000",-43.07026,172.65344,"Broomfield",2301,NA,0,"Canterbury",1010,4.7,7.4,0
"4495","20190811:0000",-43.07026,172.65344,"Broomfield",2301,NA,0,"Canterbury",1010,8.6,6.55,2.1
"4496","20190812:0000",-43.07026,172.65344,"Broomfield",2301,NA,0,"Canterbury",1010,6.1,5.55,6.2
"4497","20190813:0000",-43.07026,172.65344,"Broomfield",2301,NA,0,"Canterbury",1010,7.2,7.65,9.1
"4498","20190814:0000",-43.07026,172.65344,"Broomfield",2301,NA,0,"Canterbury",1010,2.5,6.8,1.4
"4499","20190815:0000",-43.07026,172.65344,"Broomfield",2301,NA,0,"Canterbury",1010,6.5,7,9.5
"4500","20190816:0000",-43.07026,172.65344,"Broomfield",2301,NA,0,"Canterbury",1010,18.7,7.95,1.5
"4501","20190817:0000",-43.07026,172.65344,"Broomfield",2301,NA,0,"Canterbury",1010,9.4,5.6,0
"4502","20190818:0000",-43.07026,172.65344,"Broomfield",2301,NA,0,"Canterbury",1010,1.8,5.75,3.8
"4503","20190819:0000",-43.07026,172.65344,"Broomfield",2301,NA,0,"Canterbury",1010,7.6,7.2,9.9
"4504","20190820:0000",-43.07026,172.65344,"Broomfield",2301,NA,0,"Canterbury",1010,21.6,8.75,1.5
"4505","20190821:0000",-43.07026,172.65344,"Broomfield",2301,NA,0,"Canterbury",1010,10.4,10.35,7.9
"4506","20190822:0000",-43.07026,172.65344,"Broomfield",2301,NA,0,"Canterbury",1010,13,10.2,4.1
"4507","20190823:0000",-43.07026,172.65344,"Broomfield",2301,NA,0,"Canterbury",1010,9.4,11.55,4.8
"4508","20190824:0000",-43.07026,172.65344,"Broomfield",2301,NA,0,"Canterbury",1010,7.9,10.45,9.8
"4509","20190825:0000",-43.07026,172.65344,"Broomfield",2301,NA,0,"Canterbury",1010,24.8,10.85,5.7
"4510","20190826:0000",-43.07026,172.65344,"Broomfield",2301,NA,0,"Canterbury",1010,6.5,10.25,1.5
"4511","20190827:0000",-43.07026,172.65344,"Broomfield",2301,NA,0,"Canterbury",1010,14.4,7.9,10.3
"4512","20190828:0000",-43.07026,172.65344,"Broomfield",2301,NA,0,"Canterbury",1010,12.2,10.15,10.3
"4513","20190829:0000",-43.07026,172.65344,"Broomfield",2301,NA,0,"Canterbury",1010,25.9,13.65,5.9
"4514","20190830:0000",-43.07026,172.65344,"Broomfield",2301,NA,0,"Canterbury",1010,14.8,8.5,10.3
"4515","20190831:0000",-43.07026,172.65344,"Broomfield",2301,NA,0,"Canterbury",1010,18,11.2,8.5
"4516","20190901:0000",-43.07026,172.65344,"Broomfield",2301,NA,0,"Canterbury",1010,15.8,15.45,10.6
"4517","20190902:0000",-43.07026,172.65344,"Broomfield",2301,NA,0,"Canterbury",1010,9.4,9.5,10.6
"4518","20190903:0000",-43.07026,172.65344,"Broomfield",2301,NA,0,"Canterbury",1010,10.8,7.1,7
"4519","20190904:0000",-43.07026,172.65344,"Broomfield",2301,NA,0,"Canterbury",1010,5,8.15,0
"4520","20190905:0000",-43.07026,172.65344,"Broomfield",2301,NA,0,"Canterbury",1010,16.2,9.55,0
"4521","20190906:0000",-43.07026,172.65344,"Broomfield",2301,NA,0,"Canterbury",1010,24.5,7.8,0
"4522","20190907:0000",-43.07026,172.65344,"Broomfield",2301,NA,0,"Canterbury",1010,14,8.4,8.2
"4523","20190908:0000",-43.07026,172.65344,"Broomfield",2301,NA,0,"Canterbury",1010,5.8,3.05,0.2
"4524","20190909:0000",-43.07026,172.65344,"Broomfield",2301,NA,0,"Canterbury",1010,10.1,4.15,0.5
"4525","20190910:0000",-43.07026,172.65344,"Broomfield",2301,NA,0,"Canterbury",1010,7.2,5.7,10.8
"4526","20190911:0000",-43.07026,172.65344,"Broomfield",2301,NA,0,"Canterbury",1010,12.2,7.5,6.6
"4527","20190912:0000",-43.07026,172.65344,"Broomfield",2301,NA,0,"Canterbury",1010,19.8,10.3,9.7
"4528","20190913:0000",-43.07026,172.65344,"Broomfield",2301,NA,0,"Canterbury",1010,28.1,14.65,1.7
"4529","20190914:0000",-43.07026,172.65344,"Broomfield",2301,NA,0,"Canterbury",1010,0.7,7.55,0
"4530","20190915:0000",-43.07026,172.65344,"Broomfield",2301,NA,0,"Canterbury",1010,8.3,10.1,7
"4531","20190916:0000",-43.07026,172.65344,"Broomfield",2301,NA,0,"Canterbury",1010,23.8,12.85,8
"4532","20190917:0000",-43.07026,172.65344,"Broomfield",2301,NA,0,"Canterbury",1010,20.9,11.6,9.9
"4533","20190918:0000",-43.07026,172.65344,"Broomfield",2301,NA,0,"Canterbury",1010,3.2,7.6,11.4
"4534","20190919:0000",-43.07026,172.65344,"Broomfield",2301,NA,0,"Canterbury",1010,10.1,9.55,11.5
"4535","20190920:0000",-43.07026,172.65344,"Broomfield",2301,NA,0,"Canterbury",1010,9,8.2,3.8
"4536","20190921:0000",-43.07026,172.65344,"Broomfield",2301,NA,0,"Canterbury",1010,9.4,10.15,11.5
"4537","20190922:0000",-43.07026,172.65344,"Broomfield",2301,NA,0,"Canterbury",1010,5.8,8.3,7.9
"4538","20190923:0000",-43.07026,172.65344,"Broomfield",2301,NA,0,"Canterbury",1010,19.4,12.75,1.6
"4539","20190924:0000",-43.07026,172.65344,"Broomfield",2301,NA,0,"Canterbury",1010,8.6,10.3,6.7
"4540","20190925:0000",-43.07026,172.65344,"Broomfield",2301,NA,0,"Canterbury",1010,12.2,8.7,8.2
"4541","20190926:0000",-43.07026,172.65344,"Broomfield",2301,NA,0,"Canterbury",1010,15.8,8.1,10.8
"4542","20190927:0000",-43.07026,172.65344,"Broomfield",2301,NA,0,"Canterbury",1010,4.7,9.5,9.2
"4543","20190928:0000",-43.07026,172.65344,"Broomfield",2301,NA,0,"Canterbury",1010,21.2,14.15,4.3
"4544","20190929:0000",-43.07026,172.65344,"Broomfield",2301,NA,0,"Canterbury",1010,25.6,17.3,9.8
"4545","20190930:0000",-43.07026,172.65344,"Broomfield",2301,NA,0,"Canterbury",1010,20.9,16.15,1.8
"4546","20191001:0000",-43.07026,172.65344,"Broomfield",2301,NA,0,"Canterbury",1010,12.2,7.85,3.4
"4547","20191002:0000",-43.07026,172.65344,"Broomfield",2301,NA,0,"Canterbury",1010,5.4,7.8,2.2
"4548","20191003:0000",-43.07026,172.65344,"Broomfield",2301,NA,0,"Canterbury",1010,12.6,7.9,7.5
"4549","20191004:0000",-43.07026,172.65344,"Broomfield",2301,NA,0,"Canterbury",1010,9,10.85,11.9
"4550","20191005:0000",-43.07026,172.65344,"Broomfield",2301,NA,0,"Canterbury",1010,31.7,8.2,0.2
"4551","20191006:0000",-43.07026,172.65344,"Broomfield",2301,NA,0,"Canterbury",1010,12.2,8.75,12.2
"4552","20191007:0000",-43.07026,172.65344,"Broomfield",2301,NA,0,"Canterbury",1010,9.4,11,12.3
"4553","20191008:0000",-43.07026,172.65344,"Broomfield",2301,NA,0,"Canterbury",1010,49,17.75,5.5
"4554","20191009:0000",-43.07026,172.65344,"Broomfield",2301,NA,0,"Canterbury",1010,10.1,19.2,4.3
"4555","20191010:0000",-43.07026,172.65344,"Broomfield",2301,NA,0,"Canterbury",1010,4.3,17.3,2.1
"4556","20191011:0000",-43.07026,172.65344,"Broomfield",2301,NA,0,"Canterbury",1010,2.2,12.05,0.4
"4557","20191012:0000",-43.07026,172.65344,"Broomfield",2301,NA,0,"Canterbury",1010,14.4,10.1,2.4
"4558","20191013:0000",-43.07026,172.65344,"Broomfield",2301,NA,0,"Canterbury",1010,6.1,8.35,5.8
"4559","20180101:0000",-43.32858,172.61114,"Rangiora",1362,"Rangiora",100088,"Canterbury",1010,8.6,17,9.5
"4560","20180102:0000",-43.32858,172.61114,"Rangiora",1362,"Rangiora",100088,"Canterbury",1010,4.3,18.95,4.5
"4561","20180103:0000",-43.32858,172.61114,"Rangiora",1362,"Rangiora",100088,"Canterbury",1010,1.8,19.65,2.5
"4562","20180104:0000",-43.32858,172.61114,"Rangiora",1362,"Rangiora",100088,"Canterbury",1010,5.8,20.4,8.1
"4563","20180105:0000",-43.32858,172.61114,"Rangiora",1362,"Rangiora",100088,"Canterbury",1010,16.2,16.5,0
"4564","20180106:0000",-43.32858,172.61114,"Rangiora",1362,"Rangiora",100088,"Canterbury",1010,31,15.25,2.8
"4565","20180107:0000",-43.32858,172.61114,"Rangiora",1362,"Rangiora",100088,"Canterbury",1010,9.4,14.95,10.2
"4566","20180108:0000",-43.32858,172.61114,"Rangiora",1362,"Rangiora",100088,"Canterbury",1010,25.2,16.05,12.7
"4567","20180109:0000",-43.32858,172.61114,"Rangiora",1362,"Rangiora",100088,"Canterbury",1010,4.7,NA,NA
"4568","20180110:0000",-43.32858,172.61114,"Rangiora",1362,"Rangiora",100088,"Canterbury",1010,16.2,NA,0
"4569","20180111:0000",-43.32858,172.61114,"Rangiora",1362,"Rangiora",100088,"Canterbury",1010,1.8,13.25,0
"4570","20180112:0000",-43.32858,172.61114,"Rangiora",1362,"Rangiora",100088,"Canterbury",1010,7.2,13.55,0
"4571","20180113:0000",-43.32858,172.61114,"Rangiora",1362,"Rangiora",100088,"Canterbury",1010,8.6,16.9,3.1
"4572","20180114:0000",-43.32858,172.61114,"Rangiora",1362,"Rangiora",100088,"Canterbury",1010,3.6,20.7,14.3
"4573","20180115:0000",-43.32858,172.61114,"Rangiora",1362,"Rangiora",100088,"Canterbury",1010,5,20.15,11.7
"4574","20180116:0000",-43.32858,172.61114,"Rangiora",1362,"Rangiora",100088,"Canterbury",1010,4.7,20.65,11.5
"4575","20180117:0000",-43.32858,172.61114,"Rangiora",1362,"Rangiora",100088,"Canterbury",1010,4.3,20.95,5
"4576","20180118:0000",-43.32858,172.61114,"Rangiora",1362,"Rangiora",100088,"Canterbury",1010,7.6,23.25,11.8
"4577","20180119:0000",-43.32858,172.61114,"Rangiora",1362,"Rangiora",100088,"Canterbury",1010,3.6,19.8,8.7
"4578","20180120:0000",-43.32858,172.61114,"Rangiora",1362,"Rangiora",100088,"Canterbury",1010,3.6,23.45,11
"4579","20180121:0000",-43.32858,172.61114,"Rangiora",1362,"Rangiora",100088,"Canterbury",1010,4.7,19.75,3.7
"4580","20180122:0000",-43.32858,172.61114,"Rangiora",1362,"Rangiora",100088,"Canterbury",1010,4,22.1,6
"4581","20180123:0000",-43.32858,172.61114,"Rangiora",1362,"Rangiora",100088,"Canterbury",1010,2.9,20.7,9.8
"4582","20180124:0000",-43.32858,172.61114,"Rangiora",1362,"Rangiora",100088,"Canterbury",1010,2.5,23.4,12.9
"4583","20180125:0000",-43.32858,172.61114,"Rangiora",1362,"Rangiora",100088,"Canterbury",1010,4,21.85,7.4
"4584","20180126:0000",-43.32858,172.61114,"Rangiora",1362,"Rangiora",100088,"Canterbury",1010,5.4,19.3,4.4
"4585","20180127:0000",-43.32858,172.61114,"Rangiora",1362,"Rangiora",100088,"Canterbury",1010,8.3,18.3,9.4
"4586","20180128:0000",-43.32858,172.61114,"Rangiora",1362,"Rangiora",100088,"Canterbury",1010,6.1,22.1,7.9
"4587","20180129:0000",-43.32858,172.61114,"Rangiora",1362,"Rangiora",100088,"Canterbury",1010,6.8,19.8,8.4
"4588","20180130:0000",-43.32858,172.61114,"Rangiora",1362,"Rangiora",100088,"Canterbury",1010,2.5,21.8,10.5
"4589","20180131:0000",-43.32858,172.61114,"Rangiora",1362,"Rangiora",100088,"Canterbury",1010,2.9,22.4,4.5
"4590","20180201:0000",-43.32858,172.61114,"Rangiora",1362,"Rangiora",100088,"Canterbury",1010,9.7,25.7,9.6
"4591","20180202:0000",-43.32858,172.61114,"Rangiora",1362,"Rangiora",100088,"Canterbury",1010,23.8,13.55,1
"4592","20180203:0000",-43.32858,172.61114,"Rangiora",1362,"Rangiora",100088,"Canterbury",1010,10.4,13.9,5.8
"4593","20180204:0000",-43.32858,172.61114,"Rangiora",1362,"Rangiora",100088,"Canterbury",1010,11.2,16.05,11.9
"4594","20180205:0000",-43.32858,172.61114,"Rangiora",1362,"Rangiora",100088,"Canterbury",1010,6.8,20.05,6.7
"4595","20180206:0000",-43.32858,172.61114,"Rangiora",1362,"Rangiora",100088,"Canterbury",1010,11.2,13.55,0.3
"4596","20180207:0000",-43.32858,172.61114,"Rangiora",1362,"Rangiora",100088,"Canterbury",1010,2.2,14,13.4
"4597","20180208:0000",-43.32858,172.61114,"Rangiora",1362,"Rangiora",100088,"Canterbury",1010,2.2,13.35,13.5
"4598","20180209:0000",-43.32858,172.61114,"Rangiora",1362,"Rangiora",100088,"Canterbury",1010,1.4,15.05,12.8
"4599","20180210:0000",-43.32858,172.61114,"Rangiora",1362,"Rangiora",100088,"Canterbury",1010,8.3,18.75,5
"4600","20180211:0000",-43.32858,172.61114,"Rangiora",1362,"Rangiora",100088,"Canterbury",1010,5.4,18.35,0
"4601","20180212:0000",-43.32858,172.61114,"Rangiora",1362,"Rangiora",100088,"Canterbury",1010,3.2,21.25,12.8
"4602","20180213:0000",-43.32858,172.61114,"Rangiora",1362,"Rangiora",100088,"Canterbury",1010,2.5,20.45,9.8
"4603","20180214:0000",-43.32858,172.61114,"Rangiora",1362,"Rangiora",100088,"Canterbury",1010,14.8,18.55,4.4
"4604","20180215:0000",-43.32858,172.61114,"Rangiora",1362,"Rangiora",100088,"Canterbury",1010,7.9,19.95,12.3
"4605","20180216:0000",-43.32858,172.61114,"Rangiora",1362,"Rangiora",100088,"Canterbury",1010,2.5,21.35,7.4
"4606","20180217:0000",-43.32858,172.61114,"Rangiora",1362,"Rangiora",100088,"Canterbury",1010,6.8,21.55,7
"4607","20180218:0000",-43.32858,172.61114,"Rangiora",1362,"Rangiora",100088,"Canterbury",1010,3.6,21.2,11.1
"4608","20180219:0000",-43.32858,172.61114,"Rangiora",1362,"Rangiora",100088,"Canterbury",1010,18,22.15,8
"4609","20180220:0000",-43.32858,172.61114,"Rangiora",1362,"Rangiora",100088,"Canterbury",1010,12.2,12.75,0
"4610","20180221:0000",-43.32858,172.61114,"Rangiora",1362,"Rangiora",100088,"Canterbury",1010,23,12.9,2.8
"4611","20180222:0000",-43.32858,172.61114,"Rangiora",1362,"Rangiora",100088,"Canterbury",1010,13,14.3,9.7
"4612","20180223:0000",-43.32858,172.61114,"Rangiora",1362,"Rangiora",100088,"Canterbury",1010,5,13.7,8.5
"4613","20180224:0000",-43.32858,172.61114,"Rangiora",1362,"Rangiora",100088,"Canterbury",1010,2.5,15.2,10.9
"4614","20180225:0000",-43.32858,172.61114,"Rangiora",1362,"Rangiora",100088,"Canterbury",1010,6.1,18.95,4
"4615","20180226:0000",-43.32858,172.61114,"Rangiora",1362,"Rangiora",100088,"Canterbury",1010,10.4,14.7,5.8
"4616","20180227:0000",-43.32858,172.61114,"Rangiora",1362,"Rangiora",100088,"Canterbury",1010,1.4,14.2,2.7
"4617","20180228:0000",-43.32858,172.61114,"Rangiora",1362,"Rangiora",100088,"Canterbury",1010,5.8,16.35,5
"4618","20180301:0000",-43.32858,172.61114,"Rangiora",1362,"Rangiora",100088,"Canterbury",1010,1.8,19.4,10.2
"4619","20180302:0000",-43.32858,172.61114,"Rangiora",1362,"Rangiora",100088,"Canterbury",1010,1.4,19.4,0.3
"4620","20180303:0000",-43.32858,172.61114,"Rangiora",1362,"Rangiora",100088,"Canterbury",1010,2.5,19.15,9.7
"4621","20180304:0000",-43.32858,172.61114,"Rangiora",1362,"Rangiora",100088,"Canterbury",1010,1.1,21.55,10
"4622","20180305:0000",-43.32858,172.61114,"Rangiora",1362,"Rangiora",100088,"Canterbury",1010,14.4,19.8,8
"4623","20180306:0000",-43.32858,172.61114,"Rangiora",1362,"Rangiora",100088,"Canterbury",1010,9.7,17.1,0
"4624","20180307:0000",-43.32858,172.61114,"Rangiora",1362,"Rangiora",100088,"Canterbury",1010,3.6,14.2,0
"4625","20180308:0000",-43.32858,172.61114,"Rangiora",1362,"Rangiora",100088,"Canterbury",1010,1.8,13.8,9.7
"4626","20180309:0000",-43.32858,172.61114,"Rangiora",1362,"Rangiora",100088,"Canterbury",1010,6.8,12.75,0.1
"4627","20180310:0000",-43.32858,172.61114,"Rangiora",1362,"Rangiora",100088,"Canterbury",1010,2.2,12.4,10.5
"4628","20180311:0000",-43.32858,172.61114,"Rangiora",1362,"Rangiora",100088,"Canterbury",1010,6.8,12.35,10.4
"4629","20180312:0000",-43.32858,172.61114,"Rangiora",1362,"Rangiora",100088,"Canterbury",1010,3.6,16.4,9.1
"4630","20180313:0000",-43.32858,172.61114,"Rangiora",1362,"Rangiora",100088,"Canterbury",1010,4.7,16.25,3.1
"4631","20180314:0000",-43.32858,172.61114,"Rangiora",1362,"Rangiora",100088,"Canterbury",1010,1.8,14,9.7
"4632","20180315:0000",-43.32858,172.61114,"Rangiora",1362,"Rangiora",100088,"Canterbury",1010,0.7,16.2,3.9
"4633","20180316:0000",-43.32858,172.61114,"Rangiora",1362,"Rangiora",100088,"Canterbury",1010,5.4,18.05,3.7
"4634","20180317:0000",-43.32858,172.61114,"Rangiora",1362,"Rangiora",100088,"Canterbury",1010,2.5,12.55,0.6
"4635","20180318:0000",-43.32858,172.61114,"Rangiora",1362,"Rangiora",100088,"Canterbury",1010,8.3,14.15,9.6
"4636","20180319:0000",-43.32858,172.61114,"Rangiora",1362,"Rangiora",100088,"Canterbury",1010,6.8,18.8,6.7
"4637","20180320:0000",-43.32858,172.61114,"Rangiora",1362,"Rangiora",100088,"Canterbury",1010,2.9,16.7,9.5
"4638","20180321:0000",-43.32858,172.61114,"Rangiora",1362,"Rangiora",100088,"Canterbury",1010,2.9,18.1,4.7
"4639","20180322:0000",-43.32858,172.61114,"Rangiora",1362,"Rangiora",100088,"Canterbury",1010,21.6,10.8,0
"4640","20180323:0000",-43.32858,172.61114,"Rangiora",1362,"Rangiora",100088,"Canterbury",1010,3.6,10.55,0
"4641","20180324:0000",-43.32858,172.61114,"Rangiora",1362,"Rangiora",100088,"Canterbury",1010,1.8,13.6,3.6
"4642","20180325:0000",-43.32858,172.61114,"Rangiora",1362,"Rangiora",100088,"Canterbury",1010,2.9,16.15,6.2
"4643","20180326:0000",-43.32858,172.61114,"Rangiora",1362,"Rangiora",100088,"Canterbury",1010,2.2,17.7,9.2
"4644","20180327:0000",-43.32858,172.61114,"Rangiora",1362,"Rangiora",100088,"Canterbury",1010,3.2,17.2,3.6
"4645","20180328:0000",-43.32858,172.61114,"Rangiora",1362,"Rangiora",100088,"Canterbury",1010,2.9,15.85,8.8
"4646","20180329:0000",-43.32858,172.61114,"Rangiora",1362,"Rangiora",100088,"Canterbury",1010,4.3,15.75,4.7
"4647","20180330:0000",-43.32858,172.61114,"Rangiora",1362,"Rangiora",100088,"Canterbury",1010,1.8,12.4,9.4
"4648","20180331:0000",-43.32858,172.61114,"Rangiora",1362,"Rangiora",100088,"Canterbury",1010,11.9,17.05,7.7
"4649","20180401:0000",-43.32858,172.61114,"Rangiora",1362,"Rangiora",100088,"Canterbury",1010,2.2,11.45,9.3
"4650","20180402:0000",-43.32858,172.61114,"Rangiora",1362,"Rangiora",100088,"Canterbury",1010,3.6,14.25,3.4
"4651","20180403:0000",-43.32858,172.61114,"Rangiora",1362,"Rangiora",100088,"Canterbury",1010,7.2,20.15,6.9
"4652","20180404:0000",-43.32858,172.61114,"Rangiora",1362,"Rangiora",100088,"Canterbury",1010,2.5,15.55,4.1
"4653","20180405:0000",-43.32858,172.61114,"Rangiora",1362,"Rangiora",100088,"Canterbury",1010,10.4,13.95,8
"4654","20180406:0000",-43.32858,172.61114,"Rangiora",1362,"Rangiora",100088,"Canterbury",1010,4,14.9,6.5
"4655","20180407:0000",-43.32858,172.61114,"Rangiora",1362,"Rangiora",100088,"Canterbury",1010,23.4,12.45,2.2
"4656","20180408:0000",-43.32858,172.61114,"Rangiora",1362,"Rangiora",100088,"Canterbury",1010,4.3,13.25,5.9
"4657","20180409:0000",-43.32858,172.61114,"Rangiora",1362,"Rangiora",100088,"Canterbury",1010,11.9,9.1,0.1
"4658","20180410:0000",-43.32858,172.61114,"Rangiora",1362,"Rangiora",100088,"Canterbury",1010,9.7,5.7,0
"4659","20180411:0000",-43.32858,172.61114,"Rangiora",1362,"Rangiora",100088,"Canterbury",1010,31.3,6.8,1.6
"4660","20180412:0000",-43.32858,172.61114,"Rangiora",1362,"Rangiora",100088,"Canterbury",1010,13,7.85,3.2
"4661","20180413:0000",-43.32858,172.61114,"Rangiora",1362,"Rangiora",100088,"Canterbury",1010,11.5,10.05,6
"4662","20180414:0000",-43.32858,172.61114,"Rangiora",1362,"Rangiora",100088,"Canterbury",1010,5,9.35,6.1
"4663","20180415:0000",-43.32858,172.61114,"Rangiora",1362,"Rangiora",100088,"Canterbury",1010,12.2,9.85,7.2
"4664","20180416:0000",-43.32858,172.61114,"Rangiora",1362,"Rangiora",100088,"Canterbury",1010,3.6,15.75,5.9
"4665","20180417:0000",-43.32858,172.61114,"Rangiora",1362,"Rangiora",100088,"Canterbury",1010,5.8,15.75,8.7
"4666","20180418:0000",-43.32858,172.61114,"Rangiora",1362,"Rangiora",100088,"Canterbury",1010,5,10.4,8.7
"4667","20180419:0000",-43.32858,172.61114,"Rangiora",1362,"Rangiora",100088,"Canterbury",1010,2.9,11.85,7.3
"4668","20180420:0000",-43.32858,172.61114,"Rangiora",1362,"Rangiora",100088,"Canterbury",1010,4,14.95,8.8
"4669","20180421:0000",-43.32858,172.61114,"Rangiora",1362,"Rangiora",100088,"Canterbury",1010,12.2,14.9,8.7
"4670","20180422:0000",-43.32858,172.61114,"Rangiora",1362,"Rangiora",100088,"Canterbury",1010,3.6,10.85,8.6
"4671","20180423:0000",-43.32858,172.61114,"Rangiora",1362,"Rangiora",100088,"Canterbury",1010,2.5,7.8,8.6
"4672","20180424:0000",-43.32858,172.61114,"Rangiora",1362,"Rangiora",100088,"Canterbury",1010,2.9,11.5,8
"4673","20180425:0000",-43.32858,172.61114,"Rangiora",1362,"Rangiora",100088,"Canterbury",1010,5,9.85,8.4
"4674","20180426:0000",-43.32858,172.61114,"Rangiora",1362,"Rangiora",100088,"Canterbury",1010,2.9,12.35,8.7
"4675","20180427:0000",-43.32858,172.61114,"Rangiora",1362,"Rangiora",100088,"Canterbury",1010,3.2,11.5,4.6
"4676","20180428:0000",-43.32858,172.61114,"Rangiora",1362,"Rangiora",100088,"Canterbury",1010,5.4,10,0
"4677","20180429:0000",-43.32858,172.61114,"Rangiora",1362,"Rangiora",100088,"Canterbury",1010,14.4,11.05,0
"4678","20180430:0000",-43.32858,172.61114,"Rangiora",1362,"Rangiora",100088,"Canterbury",1010,5,9,0
"4679","20180501:0000",-43.32858,172.61114,"Rangiora",1362,"Rangiora",100088,"Canterbury",1010,6.5,11.55,8.6
"4680","20180502:0000",-43.32858,172.61114,"Rangiora",1362,"Rangiora",100088,"Canterbury",1010,1.1,11.95,7.9
"4681","20180503:0000",-43.32858,172.61114,"Rangiora",1362,"Rangiora",100088,"Canterbury",1010,3.2,8.6,7.6
"4682","20180504:0000",-43.32858,172.61114,"Rangiora",1362,"Rangiora",100088,"Canterbury",1010,2.9,9.55,6
"4683","20180505:0000",-43.32858,172.61114,"Rangiora",1362,"Rangiora",100088,"Canterbury",1010,4.3,10.9,1.4
"4684","20180506:0000",-43.32858,172.61114,"Rangiora",1362,"Rangiora",100088,"Canterbury",1010,3.2,13.85,8.4
"4685","20180507:0000",-43.32858,172.61114,"Rangiora",1362,"Rangiora",100088,"Canterbury",1010,6.5,11.25,6.8
"4686","20180508:0000",-43.32858,172.61114,"Rangiora",1362,"Rangiora",100088,"Canterbury",1010,9.7,13.05,2.7
"4687","20180509:0000",-43.32858,172.61114,"Rangiora",1362,"Rangiora",100088,"Canterbury",1010,2.5,13.1,9
"4688","20180510:0000",-43.32858,172.61114,"Rangiora",1362,"Rangiora",100088,"Canterbury",1010,4.3,12.6,6.1
"4689","20180511:0000",-43.32858,172.61114,"Rangiora",1362,"Rangiora",100088,"Canterbury",1010,3.2,12.6,6.1
"4690","20180512:0000",-43.32858,172.61114,"Rangiora",1362,"Rangiora",100088,"Canterbury",1010,11.9,10.7,0.2
"4691","20180513:0000",-43.32858,172.61114,"Rangiora",1362,"Rangiora",100088,"Canterbury",1010,1.8,8.15,0
"4692","20180514:0000",-43.32858,172.61114,"Rangiora",1362,"Rangiora",100088,"Canterbury",1010,3.2,10.15,0.4
"4693","20180515:0000",-43.32858,172.61114,"Rangiora",1362,"Rangiora",100088,"Canterbury",1010,5.8,10.75,0
"4694","20180516:0000",-43.32858,172.61114,"Rangiora",1362,"Rangiora",100088,"Canterbury",1010,2.9,10.05,0
"4695","20180517:0000",-43.32858,172.61114,"Rangiora",1362,"Rangiora",100088,"Canterbury",1010,3.6,9.7,6.8
"4696","20180518:0000",-43.32858,172.61114,"Rangiora",1362,"Rangiora",100088,"Canterbury",1010,7.9,11.2,8.4
"4697","20180519:0000",-43.32858,172.61114,"Rangiora",1362,"Rangiora",100088,"Canterbury",1010,7.9,12.35,8.5
"4698","20180520:0000",-43.32858,172.61114,"Rangiora",1362,"Rangiora",100088,"Canterbury",1010,7.2,10.7,3.9
"4699","20180521:0000",-43.32858,172.61114,"Rangiora",1362,"Rangiora",100088,"Canterbury",1010,14,10.45,6.8
"4700","20180522:0000",-43.32858,172.61114,"Rangiora",1362,"Rangiora",100088,"Canterbury",1010,14.4,8.55,2.1
"4701","20180523:0000",-43.32858,172.61114,"Rangiora",1362,"Rangiora",100088,"Canterbury",1010,5,8.1,7.4
"4702","20180524:0000",-43.32858,172.61114,"Rangiora",1362,"Rangiora",100088,"Canterbury",1010,5,7.3,7.6
"4703","20180525:0000",-43.32858,172.61114,"Rangiora",1362,"Rangiora",100088,"Canterbury",1010,5.4,5.3,6.7
"4704","20180526:0000",-43.32858,172.61114,"Rangiora",1362,"Rangiora",100088,"Canterbury",1010,2.9,7.05,5.8
"4705","20180527:0000",-43.32858,172.61114,"Rangiora",1362,"Rangiora",100088,"Canterbury",1010,3.6,6.8,3.9
"4706","20180528:0000",-43.32858,172.61114,"Rangiora",1362,"Rangiora",100088,"Canterbury",1010,26.6,5.25,2.4
"4707","20180529:0000",-43.32858,172.61114,"Rangiora",1362,"Rangiora",100088,"Canterbury",1010,3.6,6.35,3.8
"4708","20180530:0000",-43.32858,172.61114,"Rangiora",1362,"Rangiora",100088,"Canterbury",1010,4.7,6.55,8.5
"4709","20180531:0000",-43.32858,172.61114,"Rangiora",1362,"Rangiora",100088,"Canterbury",1010,3.2,7.2,5
"4710","20180601:0000",-43.32858,172.61114,"Rangiora",1362,"Rangiora",100088,"Canterbury",1010,6.8,7.3,2.3
"4711","20180602:0000",-43.32858,172.61114,"Rangiora",1362,"Rangiora",100088,"Canterbury",1010,8.6,8.05,1.3
"4712","20180603:0000",-43.32858,172.61114,"Rangiora",1362,"Rangiora",100088,"Canterbury",1010,3.6,8.25,0.1
"4713","20180604:0000",-43.32858,172.61114,"Rangiora",1362,"Rangiora",100088,"Canterbury",1010,5.4,7.9,0
"4714","20180605:0000",-43.32858,172.61114,"Rangiora",1362,"Rangiora",100088,"Canterbury",1010,16.9,10.4,4.9
"4715","20180606:0000",-43.32858,172.61114,"Rangiora",1362,"Rangiora",100088,"Canterbury",1010,30.6,5.8,1.5
"4716","20180607:0000",-43.32858,172.61114,"Rangiora",1362,"Rangiora",100088,"Canterbury",1010,20.5,8.65,1.8
"4717","20180608:0000",-43.32858,172.61114,"Rangiora",1362,"Rangiora",100088,"Canterbury",1010,2.2,10.45,7.1
"4718","20180609:0000",-43.32858,172.61114,"Rangiora",1362,"Rangiora",100088,"Canterbury",1010,2.5,7.85,0.5
"4719","20180610:0000",-43.32858,172.61114,"Rangiora",1362,"Rangiora",100088,"Canterbury",1010,4,8.7,1
"4720","20180611:0000",-43.32858,172.61114,"Rangiora",1362,"Rangiora",100088,"Canterbury",1010,0.7,8.35,0
"4721","20180612:0000",-43.32858,172.61114,"Rangiora",1362,"Rangiora",100088,"Canterbury",1010,6.5,7.35,0
"4722","20180613:0000",-43.32858,172.61114,"Rangiora",1362,"Rangiora",100088,"Canterbury",1010,23,8.2,0
"4723","20180614:0000",-43.32858,172.61114,"Rangiora",1362,"Rangiora",100088,"Canterbury",1010,9,9.55,4
"4724","20180615:0000",-43.32858,172.61114,"Rangiora",1362,"Rangiora",100088,"Canterbury",1010,3.6,8.05,0
"4725","20180616:0000",-43.32858,172.61114,"Rangiora",1362,"Rangiora",100088,"Canterbury",1010,2.9,7.75,0
"4726","20180617:0000",-43.32858,172.61114,"Rangiora",1362,"Rangiora",100088,"Canterbury",1010,5,6.85,0
"4727","20180618:0000",-43.32858,172.61114,"Rangiora",1362,"Rangiora",100088,"Canterbury",1010,5,6.75,0
"4728","20180619:0000",-43.32858,172.61114,"Rangiora",1362,"Rangiora",100088,"Canterbury",1010,15.1,8.1,3.1
"4729","20180620:0000",-43.32858,172.61114,"Rangiora",1362,"Rangiora",100088,"Canterbury",1010,7.2,9,2
"4730","20180621:0000",-43.32858,172.61114,"Rangiora",1362,"Rangiora",100088,"Canterbury",1010,4,7.05,1.7
"4731","20180622:0000",-43.32858,172.61114,"Rangiora",1362,"Rangiora",100088,"Canterbury",1010,2.5,3.25,8
"4732","20180623:0000",-43.32858,172.61114,"Rangiora",1362,"Rangiora",100088,"Canterbury",1010,3.2,2.85,7.1
"4733","20180624:0000",-43.32858,172.61114,"Rangiora",1362,"Rangiora",100088,"Canterbury",1010,9.7,7.3,3
"4734","20180625:0000",-43.32858,172.61114,"Rangiora",1362,"Rangiora",100088,"Canterbury",1010,4.3,7.75,6.5
"4735","20180626:0000",-43.32858,172.61114,"Rangiora",1362,"Rangiora",100088,"Canterbury",1010,9,4.5,6.2
"4736","20180627:0000",-43.32858,172.61114,"Rangiora",1362,"Rangiora",100088,"Canterbury",1010,3.2,7.55,5.4
"4737","20180628:0000",-43.32858,172.61114,"Rangiora",1362,"Rangiora",100088,"Canterbury",1010,2.9,8.55,5.9
"4738","20180629:0000",-43.32858,172.61114,"Rangiora",1362,"Rangiora",100088,"Canterbury",1010,5.8,7.5,8.1
"4739","20180630:0000",-43.32858,172.61114,"Rangiora",1362,"Rangiora",100088,"Canterbury",1010,3.2,5.15,7.7
"4740","20180701:0000",-43.32858,172.61114,"Rangiora",1362,"Rangiora",100088,"Canterbury",1010,2.5,8.65,4.2
"4741","20180702:0000",-43.32858,172.61114,"Rangiora",1362,"Rangiora",100088,"Canterbury",1010,10.4,6.5,0.3
"4742","20180703:0000",-43.32858,172.61114,"Rangiora",1362,"Rangiora",100088,"Canterbury",1010,5,7.5,7.8
"4743","20180704:0000",-43.32858,172.61114,"Rangiora",1362,"Rangiora",100088,"Canterbury",1010,5.8,4.6,7.5
"4744","20180705:0000",-43.32858,172.61114,"Rangiora",1362,"Rangiora",100088,"Canterbury",1010,2.2,5.35,5.2
"4745","20180706:0000",-43.32858,172.61114,"Rangiora",1362,"Rangiora",100088,"Canterbury",1010,3.2,7.6,2.5
"4746","20180707:0000",-43.32858,172.61114,"Rangiora",1362,"Rangiora",100088,"Canterbury",1010,11.9,11.5,7.8
"4747","20180708:0000",-43.32858,172.61114,"Rangiora",1362,"Rangiora",100088,"Canterbury",1010,16.9,7.9,0
"4748","20180709:0000",-43.32858,172.61114,"Rangiora",1362,"Rangiora",100088,"Canterbury",1010,9.7,9.35,4.4
"4749","20180710:0000",-43.32858,172.61114,"Rangiora",1362,"Rangiora",100088,"Canterbury",1010,4.3,8.7,8.5
"4750","20180711:0000",-43.32858,172.61114,"Rangiora",1362,"Rangiora",100088,"Canterbury",1010,2.2,5.45,7.7
"4751","20180712:0000",-43.32858,172.61114,"Rangiora",1362,"Rangiora",100088,"Canterbury",1010,5,5,7.8
"4752","20180713:0000",-43.32858,172.61114,"Rangiora",1362,"Rangiora",100088,"Canterbury",1010,4,4.25,8.5
"4753","20180714:0000",-43.32858,172.61114,"Rangiora",1362,"Rangiora",100088,"Canterbury",1010,3.6,5.15,8.5
"4754","20180715:0000",-43.32858,172.61114,"Rangiora",1362,"Rangiora",100088,"Canterbury",1010,4,5,0
"4755","20180716:0000",-43.32858,172.61114,"Rangiora",1362,"Rangiora",100088,"Canterbury",1010,5,9.55,4.3
"4756","20180717:0000",-43.32858,172.61114,"Rangiora",1362,"Rangiora",100088,"Canterbury",1010,2.2,10.1,8.9
"4757","20180718:0000",-43.32858,172.61114,"Rangiora",1362,"Rangiora",100088,"Canterbury",1010,2.5,7.85,8.9
"4758","20180719:0000",-43.32858,172.61114,"Rangiora",1362,"Rangiora",100088,"Canterbury",1010,3.2,5.05,8.6
"4759","20180720:0000",-43.32858,172.61114,"Rangiora",1362,"Rangiora",100088,"Canterbury",1010,2.2,4.7,8.2
"4760","20180721:0000",-43.32858,172.61114,"Rangiora",1362,"Rangiora",100088,"Canterbury",1010,10.1,8.3,4.1
"4761","20180722:0000",-43.32858,172.61114,"Rangiora",1362,"Rangiora",100088,"Canterbury",1010,7.2,11.55,8.6
"4762","20180723:0000",-43.32858,172.61114,"Rangiora",1362,"Rangiora",100088,"Canterbury",1010,15.1,6.35,1.3
"4763","20180724:0000",-43.32858,172.61114,"Rangiora",1362,"Rangiora",100088,"Canterbury",1010,7.9,6.45,1.1
"4764","20180725:0000",-43.32858,172.61114,"Rangiora",1362,"Rangiora",100088,"Canterbury",1010,2.2,4.75,6.8
"4765","20180726:0000",-43.32858,172.61114,"Rangiora",1362,"Rangiora",100088,"Canterbury",1010,4.7,5.5,6.4
"4766","20180727:0000",-43.32858,172.61114,"Rangiora",1362,"Rangiora",100088,"Canterbury",1010,2.9,6.7,4.1
"4767","20180728:0000",-43.32858,172.61114,"Rangiora",1362,"Rangiora",100088,"Canterbury",1010,1.8,7.8,5.2
"4768","20180729:0000",-43.32858,172.61114,"Rangiora",1362,"Rangiora",100088,"Canterbury",1010,2.9,8.35,3.2
"4769","20180730:0000",-43.32858,172.61114,"Rangiora",1362,"Rangiora",100088,"Canterbury",1010,2.2,6.6,8.9
"4770","20180731:0000",-43.32858,172.61114,"Rangiora",1362,"Rangiora",100088,"Canterbury",1010,11.5,10.5,4.6
"4771","20180801:0000",-43.32858,172.61114,"Rangiora",1362,"Rangiora",100088,"Canterbury",1010,11.9,8.85,0.6
"4772","20180802:0000",-43.32858,172.61114,"Rangiora",1362,"Rangiora",100088,"Canterbury",1010,2.5,6.35,0
"4773","20180803:0000",-43.32858,172.61114,"Rangiora",1362,"Rangiora",100088,"Canterbury",1010,3.2,6.9,8.1
"4774","20180804:0000",-43.32858,172.61114,"Rangiora",1362,"Rangiora",100088,"Canterbury",1010,5.8,8.1,6.3
"4775","20180805:0000",-43.32858,172.61114,"Rangiora",1362,"Rangiora",100088,"Canterbury",1010,2.9,6.25,6.1
"4776","20180806:0000",-43.32858,172.61114,"Rangiora",1362,"Rangiora",100088,"Canterbury",1010,4.3,5.85,0
"4777","20180807:0000",-43.32858,172.61114,"Rangiora",1362,"Rangiora",100088,"Canterbury",1010,2.5,10.45,7.4
"4778","20180808:0000",-43.32858,172.61114,"Rangiora",1362,"Rangiora",100088,"Canterbury",1010,7.6,9.3,0.2
"4779","20180809:0000",-43.32858,172.61114,"Rangiora",1362,"Rangiora",100088,"Canterbury",1010,2.9,10.15,8.7
"4780","20180810:0000",-43.32858,172.61114,"Rangiora",1362,"Rangiora",100088,"Canterbury",1010,16.6,8.95,4.9
"4781","20180811:0000",-43.32858,172.61114,"Rangiora",1362,"Rangiora",100088,"Canterbury",1010,1.8,5.25,8.7
"4782","20180812:0000",-43.32858,172.61114,"Rangiora",1362,"Rangiora",100088,"Canterbury",1010,5.4,6.35,8.7
"4783","20180813:0000",-43.32858,172.61114,"Rangiora",1362,"Rangiora",100088,"Canterbury",1010,2.5,8.85,7.8
"4784","20180814:0000",-43.32858,172.61114,"Rangiora",1362,"Rangiora",100088,"Canterbury",1010,5.8,6.7,1.2
"4785","20180815:0000",-43.32858,172.61114,"Rangiora",1362,"Rangiora",100088,"Canterbury",1010,8.3,10.85,6.6
"4786","20180816:0000",-43.32858,172.61114,"Rangiora",1362,"Rangiora",100088,"Canterbury",1010,8.6,10,4.1
"4787","20180817:0000",-43.32858,172.61114,"Rangiora",1362,"Rangiora",100088,"Canterbury",1010,4.3,8.2,4.4
"4788","20180818:0000",-43.32858,172.61114,"Rangiora",1362,"Rangiora",100088,"Canterbury",1010,9,8.55,6.3
"4789","20180819:0000",-43.32858,172.61114,"Rangiora",1362,"Rangiora",100088,"Canterbury",1010,2.9,4.05,8.7
"4790","20180820:0000",-43.32858,172.61114,"Rangiora",1362,"Rangiora",100088,"Canterbury",1010,10.4,6.85,5.4
"4791","20180821:0000",-43.32858,172.61114,"Rangiora",1362,"Rangiora",100088,"Canterbury",1010,4.3,8.55,5
"4792","20180822:0000",-43.32858,172.61114,"Rangiora",1362,"Rangiora",100088,"Canterbury",1010,2.5,8.1,8.5
"4793","20180823:0000",-43.32858,172.61114,"Rangiora",1362,"Rangiora",100088,"Canterbury",1010,8.6,5.95,3.4
"4794","20180824:0000",-43.32858,172.61114,"Rangiora",1362,"Rangiora",100088,"Canterbury",1010,18.4,9.45,6
"4795","20180825:0000",-43.32858,172.61114,"Rangiora",1362,"Rangiora",100088,"Canterbury",1010,11.5,6.1,4.1
"4796","20180826:0000",-43.32858,172.61114,"Rangiora",1362,"Rangiora",100088,"Canterbury",1010,2.5,7.25,9.3
"4797","20180827:0000",-43.32858,172.61114,"Rangiora",1362,"Rangiora",100088,"Canterbury",1010,4,9.15,8.6
"4798","20180828:0000",-43.32858,172.61114,"Rangiora",1362,"Rangiora",100088,"Canterbury",1010,11.5,7.95,7.4
"4799","20180829:0000",-43.32858,172.61114,"Rangiora",1362,"Rangiora",100088,"Canterbury",1010,6.8,9.95,0
"4800","20180830:0000",-43.32858,172.61114,"Rangiora",1362,"Rangiora",100088,"Canterbury",1010,3.6,10.15,9.4
"4801","20180831:0000",-43.32858,172.61114,"Rangiora",1362,"Rangiora",100088,"Canterbury",1010,18.4,7.05,0
"4802","20180901:0000",-43.32858,172.61114,"Rangiora",1362,"Rangiora",100088,"Canterbury",1010,13.7,10.75,8.4
"4803","20180902:0000",-43.32858,172.61114,"Rangiora",1362,"Rangiora",100088,"Canterbury",1010,4,8.05,0.1
"4804","20180903:0000",-43.32858,172.61114,"Rangiora",1362,"Rangiora",100088,"Canterbury",1010,30.2,7.1,1
"4805","20180904:0000",-43.32858,172.61114,"Rangiora",1362,"Rangiora",100088,"Canterbury",1010,15.1,8.45,2.2
"4806","20180905:0000",-43.32858,172.61114,"Rangiora",1362,"Rangiora",100088,"Canterbury",1010,4,8.1,8.2
"4807","20180906:0000",-43.32858,172.61114,"Rangiora",1362,"Rangiora",100088,"Canterbury",1010,4.3,7.45,5.1
"4808","20180907:0000",-43.32858,172.61114,"Rangiora",1362,"Rangiora",100088,"Canterbury",1010,0.7,4.85,9.3
"4809","20180908:0000",-43.32858,172.61114,"Rangiora",1362,"Rangiora",100088,"Canterbury",1010,1.1,3.85,8.1
"4810","20180909:0000",-43.32858,172.61114,"Rangiora",1362,"Rangiora",100088,"Canterbury",1010,3.6,6.7,4.6
"4811","20180910:0000",-43.32858,172.61114,"Rangiora",1362,"Rangiora",100088,"Canterbury",1010,2.9,5.35,3.3
"4812","20180911:0000",-43.32858,172.61114,"Rangiora",1362,"Rangiora",100088,"Canterbury",1010,6.1,10.55,6.7
"4813","20180912:0000",-43.32858,172.61114,"Rangiora",1362,"Rangiora",100088,"Canterbury",1010,3.6,8.45,9.3
"4814","20180913:0000",-43.32858,172.61114,"Rangiora",1362,"Rangiora",100088,"Canterbury",1010,2.9,11.55,3.6
"4815","20180914:0000",-43.32858,172.61114,"Rangiora",1362,"Rangiora",100088,"Canterbury",1010,1.8,14.6,9.8
"4816","20180915:0000",-43.32858,172.61114,"Rangiora",1362,"Rangiora",100088,"Canterbury",1010,2.2,11.7,7.4
"4817","20180916:0000",-43.32858,172.61114,"Rangiora",1362,"Rangiora",100088,"Canterbury",1010,2.5,12,9.8
"4818","20180917:0000",-43.32858,172.61114,"Rangiora",1362,"Rangiora",100088,"Canterbury",1010,16.2,11.95,2.1
"4819","20180918:0000",-43.32858,172.61114,"Rangiora",1362,"Rangiora",100088,"Canterbury",1010,11.5,9.75,9.3
"4820","20180919:0000",-43.32858,172.61114,"Rangiora",1362,"Rangiora",100088,"Canterbury",1010,2.5,9,9.9
"4821","20180920:0000",-43.32858,172.61114,"Rangiora",1362,"Rangiora",100088,"Canterbury",1010,1.8,9.65,7.8
"4822","20180921:0000",-43.32858,172.61114,"Rangiora",1362,"Rangiora",100088,"Canterbury",1010,14.8,9.4,4.3
"4823","20180922:0000",-43.32858,172.61114,"Rangiora",1362,"Rangiora",100088,"Canterbury",1010,4,8.65,9.8
"4824","20180923:0000",-43.32858,172.61114,"Rangiora",1362,"Rangiora",100088,"Canterbury",1010,1.8,7.85,7.2
"4825","20180924:0000",-43.32858,172.61114,"Rangiora",1362,"Rangiora",100088,"Canterbury",1010,5,10.3,3.2
"4826","20180925:0000",-43.32858,172.61114,"Rangiora",1362,"Rangiora",100088,"Canterbury",1010,28.8,9.4,7.4
"4827","20180926:0000",-43.32858,172.61114,"Rangiora",1362,"Rangiora",100088,"Canterbury",1010,9.7,6.85,2.6
"4828","20180927:0000",-43.32858,172.61114,"Rangiora",1362,"Rangiora",100088,"Canterbury",1010,5.8,10.7,8.2
"4829","20180928:0000",-43.32858,172.61114,"Rangiora",1362,"Rangiora",100088,"Canterbury",1010,4,8.35,10
"4830","20180929:0000",-43.32858,172.61114,"Rangiora",1362,"Rangiora",100088,"Canterbury",1010,1.4,10.05,9.2
"4831","20180930:0000",-43.32858,172.61114,"Rangiora",1362,"Rangiora",100088,"Canterbury",1010,7.2,12.65,0.6
"4832","20181001:0000",-43.32858,172.61114,"Rangiora",1362,"Rangiora",100088,"Canterbury",1010,12.6,12.4,6.8
"4833","20181002:0000",-43.32858,172.61114,"Rangiora",1362,"Rangiora",100088,"Canterbury",1010,3.2,8.3,5.1
"4834","20181003:0000",-43.32858,172.61114,"Rangiora",1362,"Rangiora",100088,"Canterbury",1010,5.4,9.5,9.9
"4835","20181004:0000",-43.32858,172.61114,"Rangiora",1362,"Rangiora",100088,"Canterbury",1010,2.5,11.05,10.4
"4836","20181005:0000",-43.32858,172.61114,"Rangiora",1362,"Rangiora",100088,"Canterbury",1010,8.6,9.25,0.3
"4837","20181006:0000",-43.32858,172.61114,"Rangiora",1362,"Rangiora",100088,"Canterbury",1010,6.8,8.75,8.8
"4838","20181007:0000",-43.32858,172.61114,"Rangiora",1362,"Rangiora",100088,"Canterbury",1010,16.6,11,6.3
"4839","20181008:0000",-43.32858,172.61114,"Rangiora",1362,"Rangiora",100088,"Canterbury",1010,3.6,9.5,9.8
"4840","20181009:0000",-43.32858,172.61114,"Rangiora",1362,"Rangiora",100088,"Canterbury",1010,2.5,8.85,11.8
"4841","20181010:0000",-43.32858,172.61114,"Rangiora",1362,"Rangiora",100088,"Canterbury",1010,10.4,10.35,2.8
"4842","20181011:0000",-43.32858,172.61114,"Rangiora",1362,"Rangiora",100088,"Canterbury",1010,0.7,9.05,0
"4843","20181012:0000",-43.32858,172.61114,"Rangiora",1362,"Rangiora",100088,"Canterbury",1010,20.5,7,0.1
"4844","20181013:0000",-43.32858,172.61114,"Rangiora",1362,"Rangiora",100088,"Canterbury",1010,13.3,8.2,7.9
"4845","20181014:0000",-43.32858,172.61114,"Rangiora",1362,"Rangiora",100088,"Canterbury",1010,14,8.75,6
"4846","20181015:0000",-43.32858,172.61114,"Rangiora",1362,"Rangiora",100088,"Canterbury",1010,3.2,7.55,5.3
"4847","20181016:0000",-43.32858,172.61114,"Rangiora",1362,"Rangiora",100088,"Canterbury",1010,2.5,8.3,12.3
"4848","20181017:0000",-43.32858,172.61114,"Rangiora",1362,"Rangiora",100088,"Canterbury",1010,3.2,14.25,3.6
"4849","20181018:0000",-43.32858,172.61114,"Rangiora",1362,"Rangiora",100088,"Canterbury",1010,15.1,13.6,8.5
"4850","20181019:0000",-43.32858,172.61114,"Rangiora",1362,"Rangiora",100088,"Canterbury",1010,1.8,13.6,12.8
"4851","20181020:0000",-43.32858,172.61114,"Rangiora",1362,"Rangiora",100088,"Canterbury",1010,1.1,14.5,11.4
"4852","20181021:0000",-43.32858,172.61114,"Rangiora",1362,"Rangiora",100088,"Canterbury",1010,3.2,14.55,12.6
"4853","20181022:0000",-43.32858,172.61114,"Rangiora",1362,"Rangiora",100088,"Canterbury",1010,5.4,13.1,10.6
"4854","20181023:0000",-43.32858,172.61114,"Rangiora",1362,"Rangiora",100088,"Canterbury",1010,3.2,15.7,9.7
"4855","20181024:0000",-43.32858,172.61114,"Rangiora",1362,"Rangiora",100088,"Canterbury",1010,3.6,14.6,9.1
"4856","20181025:0000",-43.32858,172.61114,"Rangiora",1362,"Rangiora",100088,"Canterbury",1010,13.3,12.75,0.5
"4857","20181026:0000",-43.32858,172.61114,"Rangiora",1362,"Rangiora",100088,"Canterbury",1010,7.6,10.5,7.8
"4858","20181027:0000",-43.32858,172.61114,"Rangiora",1362,"Rangiora",100088,"Canterbury",1010,3.2,10.7,11.6
"4859","20181028:0000",-43.32858,172.61114,"Rangiora",1362,"Rangiora",100088,"Canterbury",1010,6.5,11.25,6.7
"4860","20181029:0000",-43.32858,172.61114,"Rangiora",1362,"Rangiora",100088,"Canterbury",1010,10.1,11.4,0
"4861","20181030:0000",-43.32858,172.61114,"Rangiora",1362,"Rangiora",100088,"Canterbury",1010,15.5,10.55,0.7
"4862","20181031:0000",-43.32858,172.61114,"Rangiora",1362,"Rangiora",100088,"Canterbury",1010,3.2,9.85,12.1
"4863","20181101:0000",-43.32858,172.61114,"Rangiora",1362,"Rangiora",100088,"Canterbury",1010,15.8,11.15,8.7
"4864","20181102:0000",-43.32858,172.61114,"Rangiora",1362,"Rangiora",100088,"Canterbury",1010,2.9,8.55,10.5
"4865","20181103:0000",-43.32858,172.61114,"Rangiora",1362,"Rangiora",100088,"Canterbury",1010,9.4,18.85,6.1
"4866","20181104:0000",-43.32858,172.61114,"Rangiora",1362,"Rangiora",100088,"Canterbury",1010,7.9,13.9,10.6
"4867","20181105:0000",-43.32858,172.61114,"Rangiora",1362,"Rangiora",100088,"Canterbury",1010,1.8,13.55,12.9
"4868","20181106:0000",-43.32858,172.61114,"Rangiora",1362,"Rangiora",100088,"Canterbury",1010,3.2,12.9,13.5
"4869","20181107:0000",-43.32858,172.61114,"Rangiora",1362,"Rangiora",100088,"Canterbury",1010,1.1,14.95,7.4
"4870","20181108:0000",-43.32858,172.61114,"Rangiora",1362,"Rangiora",100088,"Canterbury",1010,20.9,21.55,5
"4871","20181109:0000",-43.32858,172.61114,"Rangiora",1362,"Rangiora",100088,"Canterbury",1010,7.9,9.45,0.1
"4872","20181110:0000",-43.32858,172.61114,"Rangiora",1362,"Rangiora",100088,"Canterbury",1010,1.4,9,11.6
"4873","20181111:0000",-43.32858,172.61114,"Rangiora",1362,"Rangiora",100088,"Canterbury",1010,3.2,10.85,13.6
"4874","20181112:0000",-43.32858,172.61114,"Rangiora",1362,"Rangiora",100088,"Canterbury",1010,3.6,13.85,9.3
"4875","20181113:0000",-43.32858,172.61114,"Rangiora",1362,"Rangiora",100088,"Canterbury",1010,11.5,14.05,11.1
"4876","20181114:0000",-43.32858,172.61114,"Rangiora",1362,"Rangiora",100088,"Canterbury",1010,10.8,12.05,9
"4877","20181115:0000",-43.32858,172.61114,"Rangiora",1362,"Rangiora",100088,"Canterbury",1010,1.4,15.65,10.4
"4878","20181116:0000",-43.32858,172.61114,"Rangiora",1362,"Rangiora",100088,"Canterbury",1010,1.8,15.55,9.9
"4879","20181117:0000",-43.32858,172.61114,"Rangiora",1362,"Rangiora",100088,"Canterbury",1010,6.8,14.3,2.6
"4880","20181118:0000",-43.32858,172.61114,"Rangiora",1362,"Rangiora",100088,"Canterbury",1010,3.6,16,9.4
"4881","20181119:0000",-43.32858,172.61114,"Rangiora",1362,"Rangiora",100088,"Canterbury",1010,3.2,8.35,6.3
"4882","20181120:0000",-43.32858,172.61114,"Rangiora",1362,"Rangiora",100088,"Canterbury",1010,10.8,8.55,0.7
"4883","20181121:0000",-43.32858,172.61114,"Rangiora",1362,"Rangiora",100088,"Canterbury",1010,10.4,10.2,8.3
"4884","20181122:0000",-43.32858,172.61114,"Rangiora",1362,"Rangiora",100088,"Canterbury",1010,3.6,11.3,11.1
"4885","20181123:0000",-43.32858,172.61114,"Rangiora",1362,"Rangiora",100088,"Canterbury",1010,1.1,11.45,3.2
"4886","20181124:0000",-43.32858,172.61114,"Rangiora",1362,"Rangiora",100088,"Canterbury",1010,2.5,14.8,0.4
"4887","20181125:0000",-43.32858,172.61114,"Rangiora",1362,"Rangiora",100088,"Canterbury",1010,14,15.2,0
"4888","20181126:0000",-43.32858,172.61114,"Rangiora",1362,"Rangiora",100088,"Canterbury",1010,10.1,13.05,0
"4889","20181127:0000",-43.32858,172.61114,"Rangiora",1362,"Rangiora",100088,"Canterbury",1010,2.9,13.45,1.4
"4890","20181128:0000",-43.32858,172.61114,"Rangiora",1362,"Rangiora",100088,"Canterbury",1010,15.5,13.05,0
"4891","20181129:0000",-43.32858,172.61114,"Rangiora",1362,"Rangiora",100088,"Canterbury",1010,8.6,13.55,10.7
"4892","20181130:0000",-43.32858,172.61114,"Rangiora",1362,"Rangiora",100088,"Canterbury",1010,9,14.1,7.1
"4893","20181201:0000",-43.32858,172.61114,"Rangiora",1362,"Rangiora",100088,"Canterbury",1010,7.6,16.6,7.6
"4894","20181202:0000",-43.32858,172.61114,"Rangiora",1362,"Rangiora",100088,"Canterbury",1010,3.6,16.3,0.6
"4895","20181203:0000",-43.32858,172.61114,"Rangiora",1362,"Rangiora",100088,"Canterbury",1010,8.6,16.85,5.5
"4896","20181204:0000",-43.32858,172.61114,"Rangiora",1362,"Rangiora",100088,"Canterbury",1010,10.1,19.95,9.7
"4897","20181205:0000",-43.32858,172.61114,"Rangiora",1362,"Rangiora",100088,"Canterbury",1010,8.6,15.5,4.4
"4898","20181206:0000",-43.32858,172.61114,"Rangiora",1362,"Rangiora",100088,"Canterbury",1010,10.1,12.6,7.7
"4899","20181207:0000",-43.32858,172.61114,"Rangiora",1362,"Rangiora",100088,"Canterbury",1010,3.6,12,13.3
"4900","20181208:0000",-43.32858,172.61114,"Rangiora",1362,"Rangiora",100088,"Canterbury",1010,2.9,14.7,6.7
"4901","20181209:0000",-43.32858,172.61114,"Rangiora",1362,"Rangiora",100088,"Canterbury",1010,2.9,17.6,10.1
"4902","20181210:0000",-43.32858,172.61114,"Rangiora",1362,"Rangiora",100088,"Canterbury",1010,18,15,0.3
"4903","20181211:0000",-43.32858,172.61114,"Rangiora",1362,"Rangiora",100088,"Canterbury",1010,7.6,12.55,0
"4904","20181212:0000",-43.32858,172.61114,"Rangiora",1362,"Rangiora",100088,"Canterbury",1010,6.5,13.9,0
"4905","20181213:0000",-43.32858,172.61114,"Rangiora",1362,"Rangiora",100088,"Canterbury",1010,8.3,15.55,0.4
"4906","20181214:0000",-43.32858,172.61114,"Rangiora",1362,"Rangiora",100088,"Canterbury",1010,7.9,17,3.9
"4907","20181215:0000",-43.32858,172.61114,"Rangiora",1362,"Rangiora",100088,"Canterbury",1010,4,17.9,5.8
"4908","20181216:0000",-43.32858,172.61114,"Rangiora",1362,"Rangiora",100088,"Canterbury",1010,6.8,16.8,0
"4909","20181217:0000",-43.32858,172.61114,"Rangiora",1362,"Rangiora",100088,"Canterbury",1010,5,17.45,14.4
"4910","20181218:0000",-43.32858,172.61114,"Rangiora",1362,"Rangiora",100088,"Canterbury",1010,13.3,18.1,0.5
"4911","20181219:0000",-43.32858,172.61114,"Rangiora",1362,"Rangiora",100088,"Canterbury",1010,7.2,15,0
"4912","20181220:0000",-43.32858,172.61114,"Rangiora",1362,"Rangiora",100088,"Canterbury",1010,10.8,11.6,0.2
"4913","20181221:0000",-43.32858,172.61114,"Rangiora",1362,"Rangiora",100088,"Canterbury",1010,9,12.35,7.2
"4914","20181222:0000",-43.32858,172.61114,"Rangiora",1362,"Rangiora",100088,"Canterbury",1010,2.2,13.6,7.9
"4915","20181223:0000",-43.32858,172.61114,"Rangiora",1362,"Rangiora",100088,"Canterbury",1010,12.2,13.7,6.2
"4916","20181224:0000",-43.32858,172.61114,"Rangiora",1362,"Rangiora",100088,"Canterbury",1010,13,12.2,14.6
"4917","20181225:0000",-43.32858,172.61114,"Rangiora",1362,"Rangiora",100088,"Canterbury",1010,11.5,17.2,2.8
"4918","20181226:0000",-43.32858,172.61114,"Rangiora",1362,"Rangiora",100088,"Canterbury",1010,16.6,16,1.8
"4919","20181227:0000",-43.32858,172.61114,"Rangiora",1362,"Rangiora",100088,"Canterbury",1010,5,14.4,9
"4920","20181228:0000",-43.32858,172.61114,"Rangiora",1362,"Rangiora",100088,"Canterbury",1010,7.2,14.75,11.8
"4921","20181229:0000",-43.32858,172.61114,"Rangiora",1362,"Rangiora",100088,"Canterbury",1010,2.9,19.8,10.6
"4922","20181230:0000",-43.32858,172.61114,"Rangiora",1362,"Rangiora",100088,"Canterbury",1010,3.2,18.85,0
"4923","20181231:0000",-43.32858,172.61114,"Rangiora",1362,"Rangiora",100088,"Canterbury",1010,9.7,17.5,7.5
"4924","20190101:0000",-43.32858,172.61114,"Rangiora",1362,"Rangiora",100088,"Canterbury",1010,2.9,19.15,4.8
"4925","20190102:0000",-43.32858,172.61114,"Rangiora",1362,"Rangiora",100088,"Canterbury",1010,2.9,22.15,12.8
"4926","20190103:0000",-43.32858,172.61114,"Rangiora",1362,"Rangiora",100088,"Canterbury",1010,2.2,21.2,8.5
"4927","20190104:0000",-43.32858,172.61114,"Rangiora",1362,"Rangiora",100088,"Canterbury",1010,2.9,17.9,12
"4928","20190105:0000",-43.32858,172.61114,"Rangiora",1362,"Rangiora",100088,"Canterbury",1010,10.8,19.85,12.9
"4929","20190106:0000",-43.32858,172.61114,"Rangiora",1362,"Rangiora",100088,"Canterbury",1010,7.9,21.4,7.3
"4930","20190107:0000",-43.32858,172.61114,"Rangiora",1362,"Rangiora",100088,"Canterbury",1010,7.2,16.7,10.7
"4931","20190108:0000",-43.32858,172.61114,"Rangiora",1362,"Rangiora",100088,"Canterbury",1010,10.8,17.45,6.5
"4932","20190109:0000",-43.32858,172.61114,"Rangiora",1362,"Rangiora",100088,"Canterbury",1010,14.4,21.1,11.4
"4933","20190110:0000",-43.32858,172.61114,"Rangiora",1362,"Rangiora",100088,"Canterbury",1010,2.2,24.05,11.7
"4934","20190111:0000",-43.32858,172.61114,"Rangiora",1362,"Rangiora",100088,"Canterbury",1010,15.1,17.6,2.9
"4935","20190112:0000",-43.32858,172.61114,"Rangiora",1362,"Rangiora",100088,"Canterbury",1010,4.7,14.55,2.6
"4936","20190113:0000",-43.32858,172.61114,"Rangiora",1362,"Rangiora",100088,"Canterbury",1010,1.8,17.8,7
"4937","20190114:0000",-43.32858,172.61114,"Rangiora",1362,"Rangiora",100088,"Canterbury",1010,20.9,13.65,2.7
"4938","20190115:0000",-43.32858,172.61114,"Rangiora",1362,"Rangiora",100088,"Canterbury",1010,12.2,15.2,4.7
"4939","20190116:0000",-43.32858,172.61114,"Rangiora",1362,"Rangiora",100088,"Canterbury",1010,5.4,13.4,13.7
"4940","20190117:0000",-43.32858,172.61114,"Rangiora",1362,"Rangiora",100088,"Canterbury",1010,4,15.85,10.2
"4941","20190118:0000",-43.32858,172.61114,"Rangiora",1362,"Rangiora",100088,"Canterbury",1010,15.5,18.1,1.8
"4942","20190119:0000",-43.32858,172.61114,"Rangiora",1362,"Rangiora",100088,"Canterbury",1010,8.3,22.95,6.7
"4943","20190120:0000",-43.32858,172.61114,"Rangiora",1362,"Rangiora",100088,"Canterbury",1010,7.2,18.95,14.3
"4944","20190121:0000",-43.32858,172.61114,"Rangiora",1362,"Rangiora",100088,"Canterbury",1010,8.6,18.45,10.2
"4945","20190122:0000",-43.32858,172.61114,"Rangiora",1362,"Rangiora",100088,"Canterbury",1010,4,20,12.1
"4946","20190123:0000",-43.32858,172.61114,"Rangiora",1362,"Rangiora",100088,"Canterbury",1010,16.2,22.05,9.9
"4947","20190124:0000",-43.32858,172.61114,"Rangiora",1362,"Rangiora",100088,"Canterbury",1010,3.6,13.2,13.3
"4948","20190125:0000",-43.32858,172.61114,"Rangiora",1362,"Rangiora",100088,"Canterbury",1010,2.5,13.65,8.3
"4949","20190126:0000",-43.32858,172.61114,"Rangiora",1362,"Rangiora",100088,"Canterbury",1010,3.6,20.3,4.4
"4950","20190127:0000",-43.32858,172.61114,"Rangiora",1362,"Rangiora",100088,"Canterbury",1010,4,22.6,13.4
"4951","20190128:0000",-43.32858,172.61114,"Rangiora",1362,"Rangiora",100088,"Canterbury",1010,11.9,21.35,9.7
"4952","20190129:0000",-43.32858,172.61114,"Rangiora",1362,"Rangiora",100088,"Canterbury",1010,6.8,17.2,3.7
"4953","20190130:0000",-43.32858,172.61114,"Rangiora",1362,"Rangiora",100088,"Canterbury",1010,1.1,22.7,10.8
"4954","20190131:0000",-43.32858,172.61114,"Rangiora",1362,"Rangiora",100088,"Canterbury",1010,5,19.35,8.9
"4955","20190201:0000",-43.32858,172.61114,"Rangiora",1362,"Rangiora",100088,"Canterbury",1010,13,21.5,1.1
"4956","20190202:0000",-43.32858,172.61114,"Rangiora",1362,"Rangiora",100088,"Canterbury",1010,2.5,13,13.5
"4957","20190203:0000",-43.32858,172.61114,"Rangiora",1362,"Rangiora",100088,"Canterbury",1010,3.6,15,13.3
"4958","20190204:0000",-43.32858,172.61114,"Rangiora",1362,"Rangiora",100088,"Canterbury",1010,2.2,19.9,12
"4959","20190205:0000",-43.32858,172.61114,"Rangiora",1362,"Rangiora",100088,"Canterbury",1010,2.9,19.55,10
"4960","20190206:0000",-43.32858,172.61114,"Rangiora",1362,"Rangiora",100088,"Canterbury",1010,14.4,14.2,1.2
"4961","20190207:0000",-43.32858,172.61114,"Rangiora",1362,"Rangiora",100088,"Canterbury",1010,3.2,12.6,7.1
"4962","20190208:0000",-43.32858,172.61114,"Rangiora",1362,"Rangiora",100088,"Canterbury",1010,4.3,13.9,13.4
"4963","20190209:0000",-43.32858,172.61114,"Rangiora",1362,"Rangiora",100088,"Canterbury",1010,1.4,18.85,13.3
"4964","20190210:0000",-43.32858,172.61114,"Rangiora",1362,"Rangiora",100088,"Canterbury",1010,1.1,17.7,13.4
"4965","20190211:0000",-43.32858,172.61114,"Rangiora",1362,"Rangiora",100088,"Canterbury",1010,4,18.1,10.9
"4966","20190212:0000",-43.32858,172.61114,"Rangiora",1362,"Rangiora",100088,"Canterbury",1010,2.9,20.3,12
"4967","20190213:0000",-43.32858,172.61114,"Rangiora",1362,"Rangiora",100088,"Canterbury",1010,7.9,19.05,8.1
"4968","20190214:0000",-43.32858,172.61114,"Rangiora",1362,"Rangiora",100088,"Canterbury",1010,4,23,8.2
"4969","20190215:0000",-43.32858,172.61114,"Rangiora",1362,"Rangiora",100088,"Canterbury",1010,5,17.7,11.5
"4970","20190216:0000",-43.32858,172.61114,"Rangiora",1362,"Rangiora",100088,"Canterbury",1010,15.5,13.6,1.3
"4971","20190217:0000",-43.32858,172.61114,"Rangiora",1362,"Rangiora",100088,"Canterbury",1010,5,13.85,12.1
"4972","20190218:0000",-43.32858,172.61114,"Rangiora",1362,"Rangiora",100088,"Canterbury",1010,2.2,17,12.9
"4973","20190219:0000",-43.32858,172.61114,"Rangiora",1362,"Rangiora",100088,"Canterbury",1010,2.2,18.85,8.1
"4974","20190220:0000",-43.32858,172.61114,"Rangiora",1362,"Rangiora",100088,"Canterbury",1010,8.3,22.25,9.3
"4975","20190221:0000",-43.32858,172.61114,"Rangiora",1362,"Rangiora",100088,"Canterbury",1010,6.1,22.4,11.1
"4976","20190222:0000",-43.32858,172.61114,"Rangiora",1362,"Rangiora",100088,"Canterbury",1010,14,23.1,10.4
"4977","20190223:0000",-43.32858,172.61114,"Rangiora",1362,"Rangiora",100088,"Canterbury",1010,5,13.6,7.1
"4978","20190224:0000",-43.32858,172.61114,"Rangiora",1362,"Rangiora",100088,"Canterbury",1010,12.2,13.35,3.5
"4979","20190225:0000",-43.32858,172.61114,"Rangiora",1362,"Rangiora",100088,"Canterbury",1010,16.2,12.95,5.5
"4980","20190226:0000",-43.32858,172.61114,"Rangiora",1362,"Rangiora",100088,"Canterbury",1010,3.6,13.1,12.1
"4981","20190227:0000",-43.32858,172.61114,"Rangiora",1362,"Rangiora",100088,"Canterbury",1010,12.6,17.5,4.6
"4982","20190228:0000",-43.32858,172.61114,"Rangiora",1362,"Rangiora",100088,"Canterbury",1010,10.1,11.4,8.3
"4983","20190301:0000",-43.32858,172.61114,"Rangiora",1362,"Rangiora",100088,"Canterbury",1010,2.5,11.35,12.5
"4984","20190302:0000",-43.32858,172.61114,"Rangiora",1362,"Rangiora",100088,"Canterbury",1010,2.2,15.05,12.2
"4985","20190303:0000",-43.32858,172.61114,"Rangiora",1362,"Rangiora",100088,"Canterbury",1010,5.4,15,11.8
"4986","20190304:0000",-43.32858,172.61114,"Rangiora",1362,"Rangiora",100088,"Canterbury",1010,3.2,14.1,11.7
"4987","20190305:0000",-43.32858,172.61114,"Rangiora",1362,"Rangiora",100088,"Canterbury",1010,1.4,17.15,11.5
"4988","20190306:0000",-43.32858,172.61114,"Rangiora",1362,"Rangiora",100088,"Canterbury",1010,3.6,17.7,9
"4989","20190307:0000",-43.32858,172.61114,"Rangiora",1362,"Rangiora",100088,"Canterbury",1010,3.6,18.85,8.2
"4990","20190308:0000",-43.32858,172.61114,"Rangiora",1362,"Rangiora",100088,"Canterbury",1010,17.3,12.3,0
"4991","20190309:0000",-43.32858,172.61114,"Rangiora",1362,"Rangiora",100088,"Canterbury",1010,3.6,13.3,1
"4992","20190310:0000",-43.32858,172.61114,"Rangiora",1362,"Rangiora",100088,"Canterbury",1010,8.3,13.45,0
"4993","20190311:0000",-43.32858,172.61114,"Rangiora",1362,"Rangiora",100088,"Canterbury",1010,5.8,15.65,3.1
"4994","20190312:0000",-43.32858,172.61114,"Rangiora",1362,"Rangiora",100088,"Canterbury",1010,4.7,22.15,9.8
"4995","20190313:0000",-43.32858,172.61114,"Rangiora",1362,"Rangiora",100088,"Canterbury",1010,2.2,19.55,7
"4996","20190314:0000",-43.32858,172.61114,"Rangiora",1362,"Rangiora",100088,"Canterbury",1010,2.9,15.15,0
"4997","20190315:0000",-43.32858,172.61114,"Rangiora",1362,"Rangiora",100088,"Canterbury",1010,1.8,15.75,0.6
"4998","20190316:0000",-43.32858,172.61114,"Rangiora",1362,"Rangiora",100088,"Canterbury",1010,2.2,16.75,3.6
"4999","20190317:0000",-43.32858,172.61114,"Rangiora",1362,"Rangiora",100088,"Canterbury",1010,1.1,13.95,0.2
"5000","20190318:0000",-43.32858,172.61114,"Rangiora",1362,"Rangiora",100088,"Canterbury",1010,2.9,15.3,0
"5001","20190319:0000",-43.32858,172.61114,"Rangiora",1362,"Rangiora",100088,"Canterbury",1010,1.8,17.4,3.8
"5002","20190320:0000",-43.32858,172.61114,"Rangiora",1362,"Rangiora",100088,"Canterbury",1010,0.4,16.75,5.6
"5003","20190321:0000",-43.32858,172.61114,"Rangiora",1362,"Rangiora",100088,"Canterbury",1010,4,14.5,8.7
"5004","20190322:0000",-43.32858,172.61114,"Rangiora",1362,"Rangiora",100088,"Canterbury",1010,7.2,15.25,8.1
"5005","20190323:0000",-43.32858,172.61114,"Rangiora",1362,"Rangiora",100088,"Canterbury",1010,2.5,16.5,2.7
"5006","20190324:0000",-43.32858,172.61114,"Rangiora",1362,"Rangiora",100088,"Canterbury",1010,2.2,17.25,5.7
"5007","20190325:0000",-43.32858,172.61114,"Rangiora",1362,"Rangiora",100088,"Canterbury",1010,1.8,18.45,4.3
"5008","20190326:0000",-43.32858,172.61114,"Rangiora",1362,"Rangiora",100088,"Canterbury",1010,25.2,18.75,0
"5009","20190327:0000",-43.32858,172.61114,"Rangiora",1362,"Rangiora",100088,"Canterbury",1010,3.6,21.3,2.9
"5010","20190328:0000",-43.32858,172.61114,"Rangiora",1362,"Rangiora",100088,"Canterbury",1010,6.1,14.3,2.7
"5011","20190329:0000",-43.32858,172.61114,"Rangiora",1362,"Rangiora",100088,"Canterbury",1010,6.1,11.85,9
"5012","20190330:0000",-43.32858,172.61114,"Rangiora",1362,"Rangiora",100088,"Canterbury",1010,1.4,13.2,7.4
"5013","20190331:0000",-43.32858,172.61114,"Rangiora",1362,"Rangiora",100088,"Canterbury",1010,5.8,14.7,9.1
"5014","20190401:0000",-43.32858,172.61114,"Rangiora",1362,"Rangiora",100088,"Canterbury",1010,20.2,18.6,9.1
"5015","20190402:0000",-43.32858,172.61114,"Rangiora",1362,"Rangiora",100088,"Canterbury",1010,4,10.5,3
"5016","20190403:0000",-43.32858,172.61114,"Rangiora",1362,"Rangiora",100088,"Canterbury",1010,1.8,12.15,6.8
"5017","20190404:0000",-43.32858,172.61114,"Rangiora",1362,"Rangiora",100088,"Canterbury",1010,3.2,10.25,8.9
"5018","20190405:0000",-43.32858,172.61114,"Rangiora",1362,"Rangiora",100088,"Canterbury",1010,21.2,6.9,0.5
"5019","20190406:0000",-43.32858,172.61114,"Rangiora",1362,"Rangiora",100088,"Canterbury",1010,8.3,8.4,2.5
"5020","20190407:0000",-43.32858,172.61114,"Rangiora",1362,"Rangiora",100088,"Canterbury",1010,12.6,8.95,0
"5021","20190408:0000",-43.32858,172.61114,"Rangiora",1362,"Rangiora",100088,"Canterbury",1010,1.8,11.55,8.4
"5022","20190409:0000",-43.32858,172.61114,"Rangiora",1362,"Rangiora",100088,"Canterbury",1010,1.8,10.5,8.7
"5023","20190410:0000",-43.32858,172.61114,"Rangiora",1362,"Rangiora",100088,"Canterbury",1010,13,16.1,6.1
"5024","20190411:0000",-43.32858,172.61114,"Rangiora",1362,"Rangiora",100088,"Canterbury",1010,14.8,12.3,0
"5025","20190412:0000",-43.32858,172.61114,"Rangiora",1362,"Rangiora",100088,"Canterbury",1010,14.4,10.55,2.8
"5026","20190413:0000",-43.32858,172.61114,"Rangiora",1362,"Rangiora",100088,"Canterbury",1010,2.2,11.6,7.5
"5027","20190414:0000",-43.32858,172.61114,"Rangiora",1362,"Rangiora",100088,"Canterbury",1010,3.2,9.9,3.3
"5028","20190415:0000",-43.32858,172.61114,"Rangiora",1362,"Rangiora",100088,"Canterbury",1010,6.5,11.75,4.4
"5029","20190416:0000",-43.32858,172.61114,"Rangiora",1362,"Rangiora",100088,"Canterbury",1010,11.9,10.75,3.1
"5030","20190417:0000",-43.32858,172.61114,"Rangiora",1362,"Rangiora",100088,"Canterbury",1010,3.6,8.8,8.6
"5031","20190418:0000",-43.32858,172.61114,"Rangiora",1362,"Rangiora",100088,"Canterbury",1010,0.7,8.45,4.9
"5032","20190419:0000",-43.32858,172.61114,"Rangiora",1362,"Rangiora",100088,"Canterbury",1010,3.6,11.05,2.5
"5033","20190420:0000",-43.32858,172.61114,"Rangiora",1362,"Rangiora",100088,"Canterbury",1010,2.5,10.9,1.1
"5034","20190421:0000",-43.32858,172.61114,"Rangiora",1362,"Rangiora",100088,"Canterbury",1010,10.4,10.25,0
"5035","20190422:0000",-43.32858,172.61114,"Rangiora",1362,"Rangiora",100088,"Canterbury",1010,13.7,12.45,0.5
"5036","20190423:0000",-43.32858,172.61114,"Rangiora",1362,"Rangiora",100088,"Canterbury",1010,7.6,13,7.6
"5037","20190424:0000",-43.32858,172.61114,"Rangiora",1362,"Rangiora",100088,"Canterbury",1010,3.2,11.25,1.1
"5038","20190425:0000",-43.32858,172.61114,"Rangiora",1362,"Rangiora",100088,"Canterbury",1010,2.9,13,8.4
"5039","20190426:0000",-43.32858,172.61114,"Rangiora",1362,"Rangiora",100088,"Canterbury",1010,5.8,13.05,7.6
"5040","20190427:0000",-43.32858,172.61114,"Rangiora",1362,"Rangiora",100088,"Canterbury",1010,28.1,16.25,5.3
"5041","20190428:0000",-43.32858,172.61114,"Rangiora",1362,"Rangiora",100088,"Canterbury",1010,10.1,11.1,5.2
"5042","20190429:0000",-43.32858,172.61114,"Rangiora",1362,"Rangiora",100088,"Canterbury",1010,5.4,10.75,0.9
"5043","20190430:0000",-43.32858,172.61114,"Rangiora",1362,"Rangiora",100088,"Canterbury",1010,5.4,8.7,8.5
"5044","20190501:0000",-43.32858,172.61114,"Rangiora",1362,"Rangiora",100088,"Canterbury",1010,1.1,8.9,8.6
"5045","20190502:0000",-43.32858,172.61114,"Rangiora",1362,"Rangiora",100088,"Canterbury",1010,4,11.15,5.8
"5046","20190503:0000",-43.32858,172.61114,"Rangiora",1362,"Rangiora",100088,"Canterbury",1010,1.8,12.05,8.4
"5047","20190504:0000",-43.32858,172.61114,"Rangiora",1362,"Rangiora",100088,"Canterbury",1010,4,10.3,7.5
"5048","20190505:0000",-43.32858,172.61114,"Rangiora",1362,"Rangiora",100088,"Canterbury",1010,3.6,11.25,3.8
"5049","20190506:0000",-43.32858,172.61114,"Rangiora",1362,"Rangiora",100088,"Canterbury",1010,2.5,11.4,2.8
"5050","20190507:0000",-43.32858,172.61114,"Rangiora",1362,"Rangiora",100088,"Canterbury",1010,4.7,12.6,0.4
"5051","20190508:0000",-43.32858,172.61114,"Rangiora",1362,"Rangiora",100088,"Canterbury",1010,2.9,11.55,1.1
"5052","20190509:0000",-43.32858,172.61114,"Rangiora",1362,"Rangiora",100088,"Canterbury",1010,2.9,13.35,3.2
"5053","20190510:0000",-43.32858,172.61114,"Rangiora",1362,"Rangiora",100088,"Canterbury",1010,2.9,14.85,8.9
"5054","20190511:0000",-43.32858,172.61114,"Rangiora",1362,"Rangiora",100088,"Canterbury",1010,2.2,11.4,0
"5055","20190512:0000",-43.32858,172.61114,"Rangiora",1362,"Rangiora",100088,"Canterbury",1010,6.8,14.15,1
"5056","20190513:0000",-43.32858,172.61114,"Rangiora",1362,"Rangiora",100088,"Canterbury",1010,7.2,11.1,8.6
"5057","20190514:0000",-43.32858,172.61114,"Rangiora",1362,"Rangiora",100088,"Canterbury",1010,3.2,8.15,3.7
"5058","20190515:0000",-43.32858,172.61114,"Rangiora",1362,"Rangiora",100088,"Canterbury",1010,3.2,10.6,5.7
"5059","20190516:0000",-43.32858,172.61114,"Rangiora",1362,"Rangiora",100088,"Canterbury",1010,3.2,10.75,3.8
"5060","20190517:0000",-43.32858,172.61114,"Rangiora",1362,"Rangiora",100088,"Canterbury",1010,4.7,6.4,8.9
"5061","20190518:0000",-43.32858,172.61114,"Rangiora",1362,"Rangiora",100088,"Canterbury",1010,1.8,7.55,3.1
"5062","20190519:0000",-43.32858,172.61114,"Rangiora",1362,"Rangiora",100088,"Canterbury",1010,6.5,6.5,2.5
"5063","20190520:0000",-43.32858,172.61114,"Rangiora",1362,"Rangiora",100088,"Canterbury",1010,3.2,7.3,9
"5064","20190521:0000",-43.32858,172.61114,"Rangiora",1362,"Rangiora",100088,"Canterbury",1010,2.5,6.9,8.8
"5065","20190522:0000",-43.32858,172.61114,"Rangiora",1362,"Rangiora",100088,"Canterbury",1010,3.2,7.9,2.9
"5066","20190523:0000",-43.32858,172.61114,"Rangiora",1362,"Rangiora",100088,"Canterbury",1010,2.2,9.05,7.9
"5067","20190524:0000",-43.32858,172.61114,"Rangiora",1362,"Rangiora",100088,"Canterbury",1010,2.5,7.2,8.3
"5068","20190525:0000",-43.32858,172.61114,"Rangiora",1362,"Rangiora",100088,"Canterbury",1010,1.8,4.85,3.3
"5069","20190526:0000",-43.32858,172.61114,"Rangiora",1362,"Rangiora",100088,"Canterbury",1010,2.2,11.05,8.2
"5070","20190527:0000",-43.32858,172.61114,"Rangiora",1362,"Rangiora",100088,"Canterbury",1010,7.2,9.9,0.8
"5071","20190528:0000",-43.32858,172.61114,"Rangiora",1362,"Rangiora",100088,"Canterbury",1010,12.2,13.9,0.2
"5072","20190529:0000",-43.32858,172.61114,"Rangiora",1362,"Rangiora",100088,"Canterbury",1010,4,13.1,7.8
"5073","20190530:0000",-43.32858,172.61114,"Rangiora",1362,"Rangiora",100088,"Canterbury",1010,19.8,13.65,3.4
"5074","20190531:0000",-43.32858,172.61114,"Rangiora",1362,"Rangiora",100088,"Canterbury",1010,4,10.1,5.7
"5075","20190601:0000",-43.32858,172.61114,"Rangiora",1362,"Rangiora",100088,"Canterbury",1010,31.7,5.1,0
"5076","20190602:0000",-43.32858,172.61114,"Rangiora",1362,"Rangiora",100088,"Canterbury",1010,24.8,6.15,2.1
"5077","20190603:0000",-43.32858,172.61114,"Rangiora",1362,"Rangiora",100088,"Canterbury",1010,3.2,4.95,8.3
"5078","20190604:0000",-43.32858,172.61114,"Rangiora",1362,"Rangiora",100088,"Canterbury",1010,6.5,3.65,0.2
"5079","20190605:0000",-43.32858,172.61114,"Rangiora",1362,"Rangiora",100088,"Canterbury",1010,5,3.2,2.4
"5080","20190606:0000",-43.32858,172.61114,"Rangiora",1362,"Rangiora",100088,"Canterbury",1010,2.5,5.25,4.6
"5081","20190607:0000",-43.32858,172.61114,"Rangiora",1362,"Rangiora",100088,"Canterbury",1010,21.2,5.5,5.4
"5082","20190608:0000",-43.32858,172.61114,"Rangiora",1362,"Rangiora",100088,"Canterbury",1010,14,7.8,2.8
"5083","20190609:0000",-43.32858,172.61114,"Rangiora",1362,"Rangiora",100088,"Canterbury",1010,4,5.9,6.1
"5084","20190610:0000",-43.32858,172.61114,"Rangiora",1362,"Rangiora",100088,"Canterbury",1010,2.9,7.9,5.4
"5085","20190611:0000",-43.32858,172.61114,"Rangiora",1362,"Rangiora",100088,"Canterbury",1010,4.3,8,0.4
"5086","20190612:0000",-43.32858,172.61114,"Rangiora",1362,"Rangiora",100088,"Canterbury",1010,2.5,8.25,0.1
"5087","20190613:0000",-43.32858,172.61114,"Rangiora",1362,"Rangiora",100088,"Canterbury",1010,4,10.75,2.7
"5088","20190614:0000",-43.32858,172.61114,"Rangiora",1362,"Rangiora",100088,"Canterbury",1010,7.2,11.05,6
"5089","20190615:0000",-43.32858,172.61114,"Rangiora",1362,"Rangiora",100088,"Canterbury",1010,15.1,10.2,0
"5090","20190616:0000",-43.32858,172.61114,"Rangiora",1362,"Rangiora",100088,"Canterbury",1010,3.2,5,3.3
"5091","20190617:0000",-43.32858,172.61114,"Rangiora",1362,"Rangiora",100088,"Canterbury",1010,4.3,4.4,3.3
"5092","20190618:0000",-43.32858,172.61114,"Rangiora",1362,"Rangiora",100088,"Canterbury",1010,7.2,6.45,5.9
"5093","20190619:0000",-43.32858,172.61114,"Rangiora",1362,"Rangiora",100088,"Canterbury",1010,2.2,3.95,8
"5094","20190620:0000",-43.32858,172.61114,"Rangiora",1362,"Rangiora",100088,"Canterbury",1010,4,2.95,4
"5095","20190621:0000",-43.32858,172.61114,"Rangiora",1362,"Rangiora",100088,"Canterbury",1010,4,9.05,8
"5096","20190622:0000",-43.32858,172.61114,"Rangiora",1362,"Rangiora",100088,"Canterbury",1010,3.2,6.6,6.9
"5097","20190623:0000",-43.32858,172.61114,"Rangiora",1362,"Rangiora",100088,"Canterbury",1010,2.2,5,0.8
"5098","20190624:0000",-43.32858,172.61114,"Rangiora",1362,"Rangiora",100088,"Canterbury",1010,5.8,6.65,7.2
"5099","20190625:0000",-43.32858,172.61114,"Rangiora",1362,"Rangiora",100088,"Canterbury",1010,3.2,5.65,8
"5100","20190626:0000",-43.32858,172.61114,"Rangiora",1362,"Rangiora",100088,"Canterbury",1010,2.2,5.6,6
"5101","20190627:0000",-43.32858,172.61114,"Rangiora",1362,"Rangiora",100088,"Canterbury",1010,1.4,5.25,8
"5102","20190628:0000",-43.32858,172.61114,"Rangiora",1362,"Rangiora",100088,"Canterbury",1010,2.5,4.5,7.9
"5103","20190629:0000",-43.32858,172.61114,"Rangiora",1362,"Rangiora",100088,"Canterbury",1010,3.2,4.1,7.7
"5104","20190630:0000",-43.32858,172.61114,"Rangiora",1362,"Rangiora",100088,"Canterbury",1010,1.4,4.7,6.8
"5105","20190701:0000",-43.32858,172.61114,"Rangiora",1362,"Rangiora",100088,"Canterbury",1010,2.9,2.55,0.3
"5106","20190702:0000",-43.32858,172.61114,"Rangiora",1362,"Rangiora",100088,"Canterbury",1010,1.8,8.25,2.5
"5107","20190703:0000",-43.32858,172.61114,"Rangiora",1362,"Rangiora",100088,"Canterbury",1010,16.9,10.45,4.7
"5108","20190704:0000",-43.32858,172.61114,"Rangiora",1362,"Rangiora",100088,"Canterbury",1010,11.9,7.65,3.8
"5109","20190705:0000",-43.32858,172.61114,"Rangiora",1362,"Rangiora",100088,"Canterbury",1010,16.9,6.9,0.6
"5110","20190706:0000",-43.32858,172.61114,"Rangiora",1362,"Rangiora",100088,"Canterbury",1010,14,8.55,1.5
"5111","20190707:0000",-43.32858,172.61114,"Rangiora",1362,"Rangiora",100088,"Canterbury",1010,1.8,4.85,7.6
"5112","20190708:0000",-43.32858,172.61114,"Rangiora",1362,"Rangiora",100088,"Canterbury",1010,2.5,4.1,3.6
"5113","20190709:0000",-43.32858,172.61114,"Rangiora",1362,"Rangiora",100088,"Canterbury",1010,2.9,7.15,7.8
"5114","20190710:0000",-43.32858,172.61114,"Rangiora",1362,"Rangiora",100088,"Canterbury",1010,2.9,7.45,3.2
"5115","20190711:0000",-43.32858,172.61114,"Rangiora",1362,"Rangiora",100088,"Canterbury",1010,3.6,7.8,6
"5116","20190712:0000",-43.32858,172.61114,"Rangiora",1362,"Rangiora",100088,"Canterbury",1010,2.5,5.25,1.1
"5117","20190713:0000",-43.32858,172.61114,"Rangiora",1362,"Rangiora",100088,"Canterbury",1010,1.8,8.75,6.6
"5118","20190714:0000",-43.32858,172.61114,"Rangiora",1362,"Rangiora",100088,"Canterbury",1010,10.1,7.75,1.2
"5119","20190715:0000",-43.32858,172.61114,"Rangiora",1362,"Rangiora",100088,"Canterbury",1010,2.5,7.35,5.7
"5120","20190716:0000",-43.32858,172.61114,"Rangiora",1362,"Rangiora",100088,"Canterbury",1010,4.7,7.7,3.3
"5121","20190717:0000",-43.32858,172.61114,"Rangiora",1362,"Rangiora",100088,"Canterbury",1010,9.4,6.35,2.2
"5122","20190718:0000",-43.32858,172.61114,"Rangiora",1362,"Rangiora",100088,"Canterbury",1010,1.8,6,7.3
"5123","20190719:0000",-43.32858,172.61114,"Rangiora",1362,"Rangiora",100088,"Canterbury",1010,2.2,4.1,0
"5124","20190720:0000",-43.32858,172.61114,"Rangiora",1362,"Rangiora",100088,"Canterbury",1010,20.2,8.3,0
"5125","20190721:0000",-43.32858,172.61114,"Rangiora",1362,"Rangiora",100088,"Canterbury",1010,23.4,9.6,0.1
"5126","20190722:0000",-43.32858,172.61114,"Rangiora",1362,"Rangiora",100088,"Canterbury",1010,3.6,8,1.8
"5127","20190723:0000",-43.32858,172.61114,"Rangiora",1362,"Rangiora",100088,"Canterbury",1010,3.6,8,0.2
"5128","20190724:0000",-43.32858,172.61114,"Rangiora",1362,"Rangiora",100088,"Canterbury",1010,3.6,10.1,2.5
"5129","20190725:0000",-43.32858,172.61114,"Rangiora",1362,"Rangiora",100088,"Canterbury",1010,4,6.45,7.8
"5130","20190726:0000",-43.32858,172.61114,"Rangiora",1362,"Rangiora",100088,"Canterbury",1010,2.5,5.15,6.3
"5131","20190727:0000",-43.32858,172.61114,"Rangiora",1362,"Rangiora",100088,"Canterbury",1010,3.2,7.5,8.1
"5132","20190728:0000",-43.32858,172.61114,"Rangiora",1362,"Rangiora",100088,"Canterbury",1010,2.2,6.8,2.4
"5133","20190729:0000",-43.32858,172.61114,"Rangiora",1362,"Rangiora",100088,"Canterbury",1010,1.8,9.3,8.1
"5134","20190730:0000",-43.32858,172.61114,"Rangiora",1362,"Rangiora",100088,"Canterbury",1010,13.3,10.55,4.4
"5135","20190731:0000",-43.32858,172.61114,"Rangiora",1362,"Rangiora",100088,"Canterbury",1010,28.4,6.7,1.9
"5136","20190801:0000",-43.32858,172.61114,"Rangiora",1362,"Rangiora",100088,"Canterbury",1010,25.9,7.2,4.6
"5137","20190802:0000",-43.32858,172.61114,"Rangiora",1362,"Rangiora",100088,"Canterbury",1010,4,5.4,3.7
"5138","20190803:0000",-43.32858,172.61114,"Rangiora",1362,"Rangiora",100088,"Canterbury",1010,3.2,7.35,8.7
"5139","20190804:0000",-43.32858,172.61114,"Rangiora",1362,"Rangiora",100088,"Canterbury",1010,2.9,4.95,4
"5140","20190805:0000",-43.32858,172.61114,"Rangiora",1362,"Rangiora",100088,"Canterbury",1010,3.6,5.05,7.7
"5141","20190806:0000",-43.32858,172.61114,"Rangiora",1362,"Rangiora",100088,"Canterbury",1010,3.2,5.45,8.9
"5142","20190807:0000",-43.32858,172.61114,"Rangiora",1362,"Rangiora",100088,"Canterbury",1010,3.2,6.6,8.4
"5143","20190808:0000",-43.32858,172.61114,"Rangiora",1362,"Rangiora",100088,"Canterbury",1010,1.4,6.85,8.5
"5144","20190809:0000",-43.32858,172.61114,"Rangiora",1362,"Rangiora",100088,"Canterbury",1010,2.2,7.7,6.8
"5145","20190810:0000",-43.32858,172.61114,"Rangiora",1362,"Rangiora",100088,"Canterbury",1010,18,6.55,0
"5146","20190811:0000",-43.32858,172.61114,"Rangiora",1362,"Rangiora",100088,"Canterbury",1010,6.5,6.3,1.7
"5147","20190812:0000",-43.32858,172.61114,"Rangiora",1362,"Rangiora",100088,"Canterbury",1010,2.5,6.65,8.2
"5148","20190813:0000",-43.32858,172.61114,"Rangiora",1362,"Rangiora",100088,"Canterbury",1010,4.7,6.85,8.7
"5149","20190814:0000",-43.32858,172.61114,"Rangiora",1362,"Rangiora",100088,"Canterbury",1010,4.7,6.15,3.3
"5150","20190815:0000",-43.32858,172.61114,"Rangiora",1362,"Rangiora",100088,"Canterbury",1010,0.7,4.75,8.6
"5151","20190816:0000",-43.32858,172.61114,"Rangiora",1362,"Rangiora",100088,"Canterbury",1010,3.6,7.05,1
"5152","20190817:0000",-43.32858,172.61114,"Rangiora",1362,"Rangiora",100088,"Canterbury",1010,6.8,4.7,0.5
"5153","20190818:0000",-43.32858,172.61114,"Rangiora",1362,"Rangiora",100088,"Canterbury",1010,5.8,5.9,5.2
"5154","20190819:0000",-43.32858,172.61114,"Rangiora",1362,"Rangiora",100088,"Canterbury",1010,3.6,5,8.9
"5155","20190820:0000",-43.32858,172.61114,"Rangiora",1362,"Rangiora",100088,"Canterbury",1010,12.2,5.85,0.5
"5156","20190821:0000",-43.32858,172.61114,"Rangiora",1362,"Rangiora",100088,"Canterbury",1010,5.4,10.5,7.8
"5157","20190822:0000",-43.32858,172.61114,"Rangiora",1362,"Rangiora",100088,"Canterbury",1010,4.3,10.15,5.3
"5158","20190823:0000",-43.32858,172.61114,"Rangiora",1362,"Rangiora",100088,"Canterbury",1010,2.2,8.4,4.8
"5159","20190824:0000",-43.32858,172.61114,"Rangiora",1362,"Rangiora",100088,"Canterbury",1010,3.6,8.8,9.1
"5160","20190825:0000",-43.32858,172.61114,"Rangiora",1362,"Rangiora",100088,"Canterbury",1010,2.2,8.1,5.5
"5161","20190826:0000",-43.32858,172.61114,"Rangiora",1362,"Rangiora",100088,"Canterbury",1010,5,9.15,2.1
"5162","20190827:0000",-43.32858,172.61114,"Rangiora",1362,"Rangiora",100088,"Canterbury",1010,6.5,7.6,8.8
"5163","20190828:0000",-43.32858,172.61114,"Rangiora",1362,"Rangiora",100088,"Canterbury",1010,2.5,8.2,9.1
"5164","20190829:0000",-43.32858,172.61114,"Rangiora",1362,"Rangiora",100088,"Canterbury",1010,2.2,8.9,5.1
"5165","20190830:0000",-43.32858,172.61114,"Rangiora",1362,"Rangiora",100088,"Canterbury",1010,2.9,8.6,9.4
"5166","20190831:0000",-43.32858,172.61114,"Rangiora",1362,"Rangiora",100088,"Canterbury",1010,1.1,9.05,7.8
"5167","20190901:0000",-43.32858,172.61114,"Rangiora",1362,"Rangiora",100088,"Canterbury",1010,2.9,10.6,9.5
"5168","20190902:0000",-43.32858,172.61114,"Rangiora",1362,"Rangiora",100088,"Canterbury",1010,2.2,8.15,9.5
"5169","20190903:0000",-43.32858,172.61114,"Rangiora",1362,"Rangiora",100088,"Canterbury",1010,5,8.95,8.5
"5170","20190904:0000",-43.32858,172.61114,"Rangiora",1362,"Rangiora",100088,"Canterbury",1010,13,7.95,0
"5171","20190905:0000",-43.32858,172.61114,"Rangiora",1362,"Rangiora",100088,"Canterbury",1010,17.3,9.7,0
"5172","20190906:0000",-43.32858,172.61114,"Rangiora",1362,"Rangiora",100088,"Canterbury",1010,20.2,8,0
"5173","20190907:0000",-43.32858,172.61114,"Rangiora",1362,"Rangiora",100088,"Canterbury",1010,13.7,8.05,8.6
"5174","20190908:0000",-43.32858,172.61114,"Rangiora",1362,"Rangiora",100088,"Canterbury",1010,5,2.25,0
"5175","20190909:0000",-43.32858,172.61114,"Rangiora",1362,"Rangiora",100088,"Canterbury",1010,6.1,5.95,5.2
"5176","20190910:0000",-43.32858,172.61114,"Rangiora",1362,"Rangiora",100088,"Canterbury",1010,6.1,4.95,9.2
"5177","20190911:0000",-43.32858,172.61114,"Rangiora",1362,"Rangiora",100088,"Canterbury",1010,7.9,7.05,7.8
"5178","20190912:0000",-43.32858,172.61114,"Rangiora",1362,"Rangiora",100088,"Canterbury",1010,4,9.2,8.3
"5179","20190913:0000",-43.32858,172.61114,"Rangiora",1362,"Rangiora",100088,"Canterbury",1010,23.4,11.35,2.7
"5180","20190914:0000",-43.32858,172.61114,"Rangiora",1362,"Rangiora",100088,"Canterbury",1010,2.5,7.75,0
"5181","20190915:0000",-43.32858,172.61114,"Rangiora",1362,"Rangiora",100088,"Canterbury",1010,19.8,10.45,7.7
"5182","20190916:0000",-43.32858,172.61114,"Rangiora",1362,"Rangiora",100088,"Canterbury",1010,4.7,11.1,6.8
"5183","20190917:0000",-43.32858,172.61114,"Rangiora",1362,"Rangiora",100088,"Canterbury",1010,16.6,13.95,8.1
"5184","20190918:0000",-43.32858,172.61114,"Rangiora",1362,"Rangiora",100088,"Canterbury",1010,4,6.75,10.1
"5185","20190919:0000",-43.32858,172.61114,"Rangiora",1362,"Rangiora",100088,"Canterbury",1010,1.8,7.15,10
"5186","20190920:0000",-43.32858,172.61114,"Rangiora",1362,"Rangiora",100088,"Canterbury",1010,8.3,9.25,4.2
"5187","20190921:0000",-43.32858,172.61114,"Rangiora",1362,"Rangiora",100088,"Canterbury",1010,1.8,7.6,9.8
"5188","20190922:0000",-43.32858,172.61114,"Rangiora",1362,"Rangiora",100088,"Canterbury",1010,5.4,10,2.7
"5189","20190923:0000",-43.32858,172.61114,"Rangiora",1362,"Rangiora",100088,"Canterbury",1010,16.6,11.25,3
"5190","20190924:0000",-43.32858,172.61114,"Rangiora",1362,"Rangiora",100088,"Canterbury",1010,5,11.05,7.3
"5191","20190925:0000",-43.32858,172.61114,"Rangiora",1362,"Rangiora",100088,"Canterbury",1010,4,7.5,5.9
"5192","20190926:0000",-43.32858,172.61114,"Rangiora",1362,"Rangiora",100088,"Canterbury",1010,7.6,8.85,9.5
"5193","20190927:0000",-43.32858,172.61114,"Rangiora",1362,"Rangiora",100088,"Canterbury",1010,2.2,9.35,8
"5194","20190928:0000",-43.32858,172.61114,"Rangiora",1362,"Rangiora",100088,"Canterbury",1010,2.2,10.65,3.1
"5195","20190929:0000",-43.32858,172.61114,"Rangiora",1362,"Rangiora",100088,"Canterbury",1010,15.1,15.65,10.1
"5196","20190930:0000",-43.32858,172.61114,"Rangiora",1362,"Rangiora",100088,"Canterbury",1010,9.7,15.35,1.4
"5197","20191001:0000",-43.32858,172.61114,"Rangiora",1362,"Rangiora",100088,"Canterbury",1010,10.4,7.3,4.5
"5198","20191002:0000",-43.32858,172.61114,"Rangiora",1362,"Rangiora",100088,"Canterbury",1010,2.2,5.35,4.2
"5199","20191003:0000",-43.32858,172.61114,"Rangiora",1362,"Rangiora",100088,"Canterbury",1010,3.6,7.8,7.4
"5200","20191004:0000",-43.32858,172.61114,"Rangiora",1362,"Rangiora",100088,"Canterbury",1010,1.1,6.9,10.7
"5201","20191005:0000",-43.32858,172.61114,"Rangiora",1362,"Rangiora",100088,"Canterbury",1010,25.2,6.5,0.1
"5202","20191006:0000",-43.32858,172.61114,"Rangiora",1362,"Rangiora",100088,"Canterbury",1010,1.8,6.55,11.5
"5203","20191007:0000",-43.32858,172.61114,"Rangiora",1362,"Rangiora",100088,"Canterbury",1010,5.4,9.45,11.7
"5204","20191008:0000",-43.32858,172.61114,"Rangiora",1362,"Rangiora",100088,"Canterbury",1010,3.2,13.9,5.3
"5205","20191009:0000",-43.32858,172.61114,"Rangiora",1362,"Rangiora",100088,"Canterbury",1010,6.5,15.75,3.1
"5206","20191010:0000",-43.32858,172.61114,"Rangiora",1362,"Rangiora",100088,"Canterbury",1010,12.2,16.8,1.1
"5207","20191011:0000",-43.32858,172.61114,"Rangiora",1362,"Rangiora",100088,"Canterbury",1010,4.3,12.35,0.8
"5208","20191012:0000",-43.32858,172.61114,"Rangiora",1362,"Rangiora",100088,"Canterbury",1010,14.8,10.8,5.2
"5209","20191013:0000",-43.32858,172.61114,"Rangiora",1362,"Rangiora",100088,"Canterbury",1010,6.1,9.9,6.6
"5210","20180101:0000",-43.3423,172.56574,"Fernside",379,"Rangiora",100088,"Canterbury",1010,7.9,16.4,NA
"5211","20180102:0000",-43.3423,172.56574,"Fernside",379,"Rangiora",100088,"Canterbury",1010,4.3,18.65,NA
"5212","20180103:0000",-43.3423,172.56574,"Fernside",379,"Rangiora",100088,"Canterbury",1010,2.2,18.8,NA
"5213","20180104:0000",-43.3423,172.56574,"Fernside",379,"Rangiora",100088,"Canterbury",1010,4.7,19.95,NA
"5214","20180105:0000",-43.3423,172.56574,"Fernside",379,"Rangiora",100088,"Canterbury",1010,16.6,16.2,NA
"5215","20180106:0000",-43.3423,172.56574,"Fernside",379,"Rangiora",100088,"Canterbury",1010,24.5,15,NA
"5216","20180107:0000",-43.3423,172.56574,"Fernside",379,"Rangiora",100088,"Canterbury",1010,9,14.55,NA
"5217","20180108:0000",-43.3423,172.56574,"Fernside",379,"Rangiora",100088,"Canterbury",1010,15.5,15.65,NA
"5218","20180109:0000",-43.3423,172.56574,"Fernside",379,"Rangiora",100088,"Canterbury",1010,4.3,19.8,NA
"5219","20180110:0000",-43.3423,172.56574,"Fernside",379,"Rangiora",100088,"Canterbury",1010,11.5,15.2,NA
"5220","20180111:0000",-43.3423,172.56574,"Fernside",379,"Rangiora",100088,"Canterbury",1010,3.6,12.8,NA
"5221","20180112:0000",-43.3423,172.56574,"Fernside",379,"Rangiora",100088,"Canterbury",1010,9.4,13.15,NA
"5222","20180113:0000",-43.3423,172.56574,"Fernside",379,"Rangiora",100088,"Canterbury",1010,18.4,16.4,NA
"5223","20180114:0000",-43.3423,172.56574,"Fernside",379,"Rangiora",100088,"Canterbury",1010,4,20.15,NA
"5224","20180115:0000",-43.3423,172.56574,"Fernside",379,"Rangiora",100088,"Canterbury",1010,5.8,19.7,NA
"5225","20180116:0000",-43.3423,172.56574,"Fernside",379,"Rangiora",100088,"Canterbury",1010,6.1,20.65,NA
"5226","20180117:0000",-43.3423,172.56574,"Fernside",379,"Rangiora",100088,"Canterbury",1010,7.2,20.45,NA
"5227","20180118:0000",-43.3423,172.56574,"Fernside",379,"Rangiora",100088,"Canterbury",1010,5.8,23.05,NA
"5228","20180119:0000",-43.3423,172.56574,"Fernside",379,"Rangiora",100088,"Canterbury",1010,2.9,19.3,NA
"5229","20180120:0000",-43.3423,172.56574,"Fernside",379,"Rangiora",100088,"Canterbury",1010,4,23.45,NA
"5230","20180121:0000",-43.3423,172.56574,"Fernside",379,"Rangiora",100088,"Canterbury",1010,4.3,19.15,NA
"5231","20180122:0000",-43.3423,172.56574,"Fernside",379,"Rangiora",100088,"Canterbury",1010,3.2,21.5,NA
"5232","20180123:0000",-43.3423,172.56574,"Fernside",379,"Rangiora",100088,"Canterbury",1010,5.8,20.2,NA
"5233","20180124:0000",-43.3423,172.56574,"Fernside",379,"Rangiora",100088,"Canterbury",1010,3.6,22.7,NA
"5234","20180125:0000",-43.3423,172.56574,"Fernside",379,"Rangiora",100088,"Canterbury",1010,5.4,21.3,NA
"5235","20180126:0000",-43.3423,172.56574,"Fernside",379,"Rangiora",100088,"Canterbury",1010,6.1,18.3,NA
"5236","20180127:0000",-43.3423,172.56574,"Fernside",379,"Rangiora",100088,"Canterbury",1010,8.6,18.25,NA
"5237","20180128:0000",-43.3423,172.56574,"Fernside",379,"Rangiora",100088,"Canterbury",1010,4.7,21.45,NA
"5238","20180129:0000",-43.3423,172.56574,"Fernside",379,"Rangiora",100088,"Canterbury",1010,10.1,19.55,NA
"5239","20180130:0000",-43.3423,172.56574,"Fernside",379,"Rangiora",100088,"Canterbury",1010,3.6,21.4,NA
"5240","20180131:0000",-43.3423,172.56574,"Fernside",379,"Rangiora",100088,"Canterbury",1010,3.6,21.9,NA
"5241","20180201:0000",-43.3423,172.56574,"Fernside",379,"Rangiora",100088,"Canterbury",1010,12.2,25.35,NA
"5242","20180202:0000",-43.3423,172.56574,"Fernside",379,"Rangiora",100088,"Canterbury",1010,22.3,12.75,NA
"5243","20180203:0000",-43.3423,172.56574,"Fernside",379,"Rangiora",100088,"Canterbury",1010,8.6,13,NA
"5244","20180204:0000",-43.3423,172.56574,"Fernside",379,"Rangiora",100088,"Canterbury",1010,12.6,15.45,NA
"5245","20180205:0000",-43.3423,172.56574,"Fernside",379,"Rangiora",100088,"Canterbury",1010,4.7,18.85,NA
"5246","20180206:0000",-43.3423,172.56574,"Fernside",379,"Rangiora",100088,"Canterbury",1010,8.6,13.1,NA
"5247","20180207:0000",-43.3423,172.56574,"Fernside",379,"Rangiora",100088,"Canterbury",1010,4,13.4,NA
"5248","20180208:0000",-43.3423,172.56574,"Fernside",379,"Rangiora",100088,"Canterbury",1010,2.9,12.85,NA
"5249","20180209:0000",-43.3423,172.56574,"Fernside",379,"Rangiora",100088,"Canterbury",1010,2.5,14.1,NA
"5250","20180210:0000",-43.3423,172.56574,"Fernside",379,"Rangiora",100088,"Canterbury",1010,6.1,17.7,NA
"5251","20180211:0000",-43.3423,172.56574,"Fernside",379,"Rangiora",100088,"Canterbury",1010,9,18.25,NA
"5252","20180212:0000",-43.3423,172.56574,"Fernside",379,"Rangiora",100088,"Canterbury",1010,3.2,21,NA
"5253","20180213:0000",-43.3423,172.56574,"Fernside",379,"Rangiora",100088,"Canterbury",1010,4.3,19.55,NA
"5254","20180214:0000",-43.3423,172.56574,"Fernside",379,"Rangiora",100088,"Canterbury",1010,13,18.05,NA
"5255","20180215:0000",-43.3423,172.56574,"Fernside",379,"Rangiora",100088,"Canterbury",1010,10.8,19.9,NA
"5256","20180216:0000",-43.3423,172.56574,"Fernside",379,"Rangiora",100088,"Canterbury",1010,2.9,20.7,NA
"5257","20180217:0000",-43.3423,172.56574,"Fernside",379,"Rangiora",100088,"Canterbury",1010,5.8,21.25,NA
"5258","20180218:0000",-43.3423,172.56574,"Fernside",379,"Rangiora",100088,"Canterbury",1010,4.7,20.15,NA
"5259","20180219:0000",-43.3423,172.56574,"Fernside",379,"Rangiora",100088,"Canterbury",1010,11.5,21.4,NA
"5260","20180220:0000",-43.3423,172.56574,"Fernside",379,"Rangiora",100088,"Canterbury",1010,14.8,12.45,NA
"5261","20180221:0000",-43.3423,172.56574,"Fernside",379,"Rangiora",100088,"Canterbury",1010,15.1,12.2,NA
"5262","20180222:0000",-43.3423,172.56574,"Fernside",379,"Rangiora",100088,"Canterbury",1010,14.4,13.6,NA
"5263","20180223:0000",-43.3423,172.56574,"Fernside",379,"Rangiora",100088,"Canterbury",1010,5.8,12.6,NA
"5264","20180224:0000",-43.3423,172.56574,"Fernside",379,"Rangiora",100088,"Canterbury",1010,4.7,13.9,NA
"5265","20180225:0000",-43.3423,172.56574,"Fernside",379,"Rangiora",100088,"Canterbury",1010,4.3,18.5,NA
"5266","20180226:0000",-43.3423,172.56574,"Fernside",379,"Rangiora",100088,"Canterbury",1010,6.1,13.75,NA
"5267","20180227:0000",-43.3423,172.56574,"Fernside",379,"Rangiora",100088,"Canterbury",1010,3.6,13.55,NA
"5268","20180228:0000",-43.3423,172.56574,"Fernside",379,"Rangiora",100088,"Canterbury",1010,9.7,15.4,NA
"5269","20180301:0000",-43.3423,172.56574,"Fernside",379,"Rangiora",100088,"Canterbury",1010,2.2,18.7,NA
"5270","20180302:0000",-43.3423,172.56574,"Fernside",379,"Rangiora",100088,"Canterbury",1010,1.8,19.1,NA
"5271","20180303:0000",-43.3423,172.56574,"Fernside",379,"Rangiora",100088,"Canterbury",1010,2.9,18.9,NA
"5272","20180304:0000",-43.3423,172.56574,"Fernside",379,"Rangiora",100088,"Canterbury",1010,3.2,21.05,NA
"5273","20180305:0000",-43.3423,172.56574,"Fernside",379,"Rangiora",100088,"Canterbury",1010,11.5,18.6,NA
"5274","20180306:0000",-43.3423,172.56574,"Fernside",379,"Rangiora",100088,"Canterbury",1010,7.2,17.1,NA
"5275","20180307:0000",-43.3423,172.56574,"Fernside",379,"Rangiora",100088,"Canterbury",1010,6.5,13.7,NA
"5276","20180308:0000",-43.3423,172.56574,"Fernside",379,"Rangiora",100088,"Canterbury",1010,4,12.55,NA
"5277","20180309:0000",-43.3423,172.56574,"Fernside",379,"Rangiora",100088,"Canterbury",1010,5.8,12.15,NA
"5278","20180310:0000",-43.3423,172.56574,"Fernside",379,"Rangiora",100088,"Canterbury",1010,5.8,11.55,NA
"5279","20180311:0000",-43.3423,172.56574,"Fernside",379,"Rangiora",100088,"Canterbury",1010,5.4,12,NA
"5280","20180312:0000",-43.3423,172.56574,"Fernside",379,"Rangiora",100088,"Canterbury",1010,7.2,15.25,NA
"5281","20180313:0000",-43.3423,172.56574,"Fernside",379,"Rangiora",100088,"Canterbury",1010,6.8,15.4,NA
"5282","20180314:0000",-43.3423,172.56574,"Fernside",379,"Rangiora",100088,"Canterbury",1010,2.2,12.8,NA
"5283","20180315:0000",-43.3423,172.56574,"Fernside",379,"Rangiora",100088,"Canterbury",1010,2.2,15.35,NA
"5284","20180316:0000",-43.3423,172.56574,"Fernside",379,"Rangiora",100088,"Canterbury",1010,4.7,17.6,NA
"5285","20180317:0000",-43.3423,172.56574,"Fernside",379,"Rangiora",100088,"Canterbury",1010,2.5,12.2,NA
"5286","20180318:0000",-43.3423,172.56574,"Fernside",379,"Rangiora",100088,"Canterbury",1010,8.6,13.2,NA
"5287","20180319:0000",-43.3423,172.56574,"Fernside",379,"Rangiora",100088,"Canterbury",1010,2.2,17.3,NA
"5288","20180320:0000",-43.3423,172.56574,"Fernside",379,"Rangiora",100088,"Canterbury",1010,4,15.65,NA
"5289","20180321:0000",-43.3423,172.56574,"Fernside",379,"Rangiora",100088,"Canterbury",1010,4.7,17.05,NA
"5290","20180322:0000",-43.3423,172.56574,"Fernside",379,"Rangiora",100088,"Canterbury",1010,16.6,10.4,NA
"5291","20180323:0000",-43.3423,172.56574,"Fernside",379,"Rangiora",100088,"Canterbury",1010,2.9,9.95,NA
"5292","20180324:0000",-43.3423,172.56574,"Fernside",379,"Rangiora",100088,"Canterbury",1010,2.5,12.75,NA
"5293","20180325:0000",-43.3423,172.56574,"Fernside",379,"Rangiora",100088,"Canterbury",1010,2.9,15.35,NA
"5294","20180326:0000",-43.3423,172.56574,"Fernside",379,"Rangiora",100088,"Canterbury",1010,3.2,17.15,NA
"5295","20180327:0000",-43.3423,172.56574,"Fernside",379,"Rangiora",100088,"Canterbury",1010,4.3,16.5,NA
"5296","20180328:0000",-43.3423,172.56574,"Fernside",379,"Rangiora",100088,"Canterbury",1010,4.3,15.05,NA
"5297","20180329:0000",-43.3423,172.56574,"Fernside",379,"Rangiora",100088,"Canterbury",1010,5,15.1,NA
"5298","20180330:0000",-43.3423,172.56574,"Fernside",379,"Rangiora",100088,"Canterbury",1010,2.2,12.05,NA
"5299","20180331:0000",-43.3423,172.56574,"Fernside",379,"Rangiora",100088,"Canterbury",1010,14.4,16.35,NA
"5300","20180401:0000",-43.3423,172.56574,"Fernside",379,"Rangiora",100088,"Canterbury",1010,2.5,9.95,NA
"5301","20180402:0000",-43.3423,172.56574,"Fernside",379,"Rangiora",100088,"Canterbury",1010,5.8,13.45,NA
"5302","20180403:0000",-43.3423,172.56574,"Fernside",379,"Rangiora",100088,"Canterbury",1010,11.5,18.9,NA
"5303","20180404:0000",-43.3423,172.56574,"Fernside",379,"Rangiora",100088,"Canterbury",1010,3.2,15.25,NA
"5304","20180405:0000",-43.3423,172.56574,"Fernside",379,"Rangiora",100088,"Canterbury",1010,12.6,13.5,NA
"5305","20180406:0000",-43.3423,172.56574,"Fernside",379,"Rangiora",100088,"Canterbury",1010,2.9,14.45,NA
"5306","20180407:0000",-43.3423,172.56574,"Fernside",379,"Rangiora",100088,"Canterbury",1010,16.9,11.3,NA
"5307","20180408:0000",-43.3423,172.56574,"Fernside",379,"Rangiora",100088,"Canterbury",1010,5.8,13.3,NA
"5308","20180409:0000",-43.3423,172.56574,"Fernside",379,"Rangiora",100088,"Canterbury",1010,7.6,8.8,NA
"5309","20180410:0000",-43.3423,172.56574,"Fernside",379,"Rangiora",100088,"Canterbury",1010,12.6,5.5,NA
"5310","20180411:0000",-43.3423,172.56574,"Fernside",379,"Rangiora",100088,"Canterbury",1010,21.6,6.65,NA
"5311","20180412:0000",-43.3423,172.56574,"Fernside",379,"Rangiora",100088,"Canterbury",1010,10.8,6.9,NA
"5312","20180413:0000",-43.3423,172.56574,"Fernside",379,"Rangiora",100088,"Canterbury",1010,13,9.05,NA
"5313","20180414:0000",-43.3423,172.56574,"Fernside",379,"Rangiora",100088,"Canterbury",1010,3.2,7.95,NA
"5314","20180415:0000",-43.3423,172.56574,"Fernside",379,"Rangiora",100088,"Canterbury",1010,11.5,10.3,NA
"5315","20180416:0000",-43.3423,172.56574,"Fernside",379,"Rangiora",100088,"Canterbury",1010,4.3,14.95,NA
"5316","20180417:0000",-43.3423,172.56574,"Fernside",379,"Rangiora",100088,"Canterbury",1010,6.1,15.5,NA
"5317","20180418:0000",-43.3423,172.56574,"Fernside",379,"Rangiora",100088,"Canterbury",1010,7.6,8.95,NA
"5318","20180419:0000",-43.3423,172.56574,"Fernside",379,"Rangiora",100088,"Canterbury",1010,2.5,11.15,NA
"5319","20180420:0000",-43.3423,172.56574,"Fernside",379,"Rangiora",100088,"Canterbury",1010,4,14.1,NA
"5320","20180421:0000",-43.3423,172.56574,"Fernside",379,"Rangiora",100088,"Canterbury",1010,13,13.25,NA
"5321","20180422:0000",-43.3423,172.56574,"Fernside",379,"Rangiora",100088,"Canterbury",1010,5.8,9.4,NA
"5322","20180423:0000",-43.3423,172.56574,"Fernside",379,"Rangiora",100088,"Canterbury",1010,4.3,6.85,NA
"5323","20180424:0000",-43.3423,172.56574,"Fernside",379,"Rangiora",100088,"Canterbury",1010,3.2,10.6,NA
"5324","20180425:0000",-43.3423,172.56574,"Fernside",379,"Rangiora",100088,"Canterbury",1010,4.7,8.8,NA
"5325","20180426:0000",-43.3423,172.56574,"Fernside",379,"Rangiora",100088,"Canterbury",1010,3.2,11.5,NA
"5326","20180427:0000",-43.3423,172.56574,"Fernside",379,"Rangiora",100088,"Canterbury",1010,2.9,10.8,NA
"5327","20180428:0000",-43.3423,172.56574,"Fernside",379,"Rangiora",100088,"Canterbury",1010,7.6,9.25,NA
"5328","20180429:0000",-43.3423,172.56574,"Fernside",379,"Rangiora",100088,"Canterbury",1010,14.4,11,NA
"5329","20180430:0000",-43.3423,172.56574,"Fernside",379,"Rangiora",100088,"Canterbury",1010,6.8,8.4,NA
"5330","20180501:0000",-43.3423,172.56574,"Fernside",379,"Rangiora",100088,"Canterbury",1010,5,10.85,NA
"5331","20180502:0000",-43.3423,172.56574,"Fernside",379,"Rangiora",100088,"Canterbury",1010,2.9,11.2,NA
"5332","20180503:0000",-43.3423,172.56574,"Fernside",379,"Rangiora",100088,"Canterbury",1010,3.6,7.8,NA
"5333","20180504:0000",-43.3423,172.56574,"Fernside",379,"Rangiora",100088,"Canterbury",1010,2.5,8.2,NA
"5334","20180505:0000",-43.3423,172.56574,"Fernside",379,"Rangiora",100088,"Canterbury",1010,10.1,10.3,NA
"5335","20180506:0000",-43.3423,172.56574,"Fernside",379,"Rangiora",100088,"Canterbury",1010,2.9,12.3,NA
"5336","20180507:0000",-43.3423,172.56574,"Fernside",379,"Rangiora",100088,"Canterbury",1010,6.5,10.65,NA
"5337","20180508:0000",-43.3423,172.56574,"Fernside",379,"Rangiora",100088,"Canterbury",1010,5,13.25,NA
"5338","20180509:0000",-43.3423,172.56574,"Fernside",379,"Rangiora",100088,"Canterbury",1010,2.2,12.4,NA
"5339","20180510:0000",-43.3423,172.56574,"Fernside",379,"Rangiora",100088,"Canterbury",1010,3.6,11.7,NA
"5340","20180511:0000",-43.3423,172.56574,"Fernside",379,"Rangiora",100088,"Canterbury",1010,2.9,11.7,NA
"5341","20180512:0000",-43.3423,172.56574,"Fernside",379,"Rangiora",100088,"Canterbury",1010,10.1,10.55,NA
"5342","20180513:0000",-43.3423,172.56574,"Fernside",379,"Rangiora",100088,"Canterbury",1010,1.1,8.45,NA
"5343","20180514:0000",-43.3423,172.56574,"Fernside",379,"Rangiora",100088,"Canterbury",1010,3.2,9.6,NA
"5344","20180515:0000",-43.3423,172.56574,"Fernside",379,"Rangiora",100088,"Canterbury",1010,4.3,10.55,NA
"5345","20180516:0000",-43.3423,172.56574,"Fernside",379,"Rangiora",100088,"Canterbury",1010,2.9,9.75,NA
"5346","20180517:0000",-43.3423,172.56574,"Fernside",379,"Rangiora",100088,"Canterbury",1010,5.8,9.45,NA
"5347","20180518:0000",-43.3423,172.56574,"Fernside",379,"Rangiora",100088,"Canterbury",1010,5,10.8,NA
"5348","20180519:0000",-43.3423,172.56574,"Fernside",379,"Rangiora",100088,"Canterbury",1010,6.5,10.95,NA
"5349","20180520:0000",-43.3423,172.56574,"Fernside",379,"Rangiora",100088,"Canterbury",1010,6.1,9.65,NA
"5350","20180521:0000",-43.3423,172.56574,"Fernside",379,"Rangiora",100088,"Canterbury",1010,10.1,9.45,NA
"5351","20180522:0000",-43.3423,172.56574,"Fernside",379,"Rangiora",100088,"Canterbury",1010,12.6,7.8,NA
"5352","20180523:0000",-43.3423,172.56574,"Fernside",379,"Rangiora",100088,"Canterbury",1010,5,7.6,NA
"5353","20180524:0000",-43.3423,172.56574,"Fernside",379,"Rangiora",100088,"Canterbury",1010,5.4,6.95,NA
"5354","20180525:0000",-43.3423,172.56574,"Fernside",379,"Rangiora",100088,"Canterbury",1010,7.6,4.25,NA
"5355","20180526:0000",-43.3423,172.56574,"Fernside",379,"Rangiora",100088,"Canterbury",1010,4.7,6.4,NA
"5356","20180527:0000",-43.3423,172.56574,"Fernside",379,"Rangiora",100088,"Canterbury",1010,5.8,6.05,NA
"5357","20180528:0000",-43.3423,172.56574,"Fernside",379,"Rangiora",100088,"Canterbury",1010,19.4,4.95,NA
"5358","20180529:0000",-43.3423,172.56574,"Fernside",379,"Rangiora",100088,"Canterbury",1010,8.3,6,NA
"5359","20180530:0000",-43.3423,172.56574,"Fernside",379,"Rangiora",100088,"Canterbury",1010,5.8,5.8,NA
"5360","20180531:0000",-43.3423,172.56574,"Fernside",379,"Rangiora",100088,"Canterbury",1010,3.2,5.85,NA
"5361","20180601:0000",-43.3423,172.56574,"Fernside",379,"Rangiora",100088,"Canterbury",1010,3.6,6.55,NA
"5362","20180602:0000",-43.3423,172.56574,"Fernside",379,"Rangiora",100088,"Canterbury",1010,4.7,7.45,NA
"5363","20180603:0000",-43.3423,172.56574,"Fernside",379,"Rangiora",100088,"Canterbury",1010,4.7,8,NA
"5364","20180604:0000",-43.3423,172.56574,"Fernside",379,"Rangiora",100088,"Canterbury",1010,10.4,8,NA
"5365","20180605:0000",-43.3423,172.56574,"Fernside",379,"Rangiora",100088,"Canterbury",1010,9.7,9.65,NA
"5366","20180606:0000",-43.3423,172.56574,"Fernside",379,"Rangiora",100088,"Canterbury",1010,17.3,5.8,NA
"5367","20180607:0000",-43.3423,172.56574,"Fernside",379,"Rangiora",100088,"Canterbury",1010,16.2,8.25,NA
"5368","20180608:0000",-43.3423,172.56574,"Fernside",379,"Rangiora",100088,"Canterbury",1010,4,9.65,NA
"5369","20180609:0000",-43.3423,172.56574,"Fernside",379,"Rangiora",100088,"Canterbury",1010,2.9,7.85,NA
"5370","20180610:0000",-43.3423,172.56574,"Fernside",379,"Rangiora",100088,"Canterbury",1010,4.3,8.15,NA
"5371","20180611:0000",-43.3423,172.56574,"Fernside",379,"Rangiora",100088,"Canterbury",1010,2.2,8.3,NA
"5372","20180612:0000",-43.3423,172.56574,"Fernside",379,"Rangiora",100088,"Canterbury",1010,4.7,7.15,NA
"5373","20180613:0000",-43.3423,172.56574,"Fernside",379,"Rangiora",100088,"Canterbury",1010,14.8,8.1,NA
"5374","20180614:0000",-43.3423,172.56574,"Fernside",379,"Rangiora",100088,"Canterbury",1010,7.6,9.55,NA
"5375","20180615:0000",-43.3423,172.56574,"Fernside",379,"Rangiora",100088,"Canterbury",1010,2.9,8.05,NA
"5376","20180616:0000",-43.3423,172.56574,"Fernside",379,"Rangiora",100088,"Canterbury",1010,3.6,7.7,NA
"5377","20180617:0000",-43.3423,172.56574,"Fernside",379,"Rangiora",100088,"Canterbury",1010,4.3,6.55,NA
"5378","20180618:0000",-43.3423,172.56574,"Fernside",379,"Rangiora",100088,"Canterbury",1010,5.8,6.5,NA
"5379","20180619:0000",-43.3423,172.56574,"Fernside",379,"Rangiora",100088,"Canterbury",1010,9,7.65,NA
"5380","20180620:0000",-43.3423,172.56574,"Fernside",379,"Rangiora",100088,"Canterbury",1010,4.3,8.35,NA
"5381","20180621:0000",-43.3423,172.56574,"Fernside",379,"Rangiora",100088,"Canterbury",1010,2.5,7.2,NA
"5382","20180622:0000",-43.3423,172.56574,"Fernside",379,"Rangiora",100088,"Canterbury",1010,1.8,2.55,NA
"5383","20180623:0000",-43.3423,172.56574,"Fernside",379,"Rangiora",100088,"Canterbury",1010,3.6,2.45,NA
"5384","20180624:0000",-43.3423,172.56574,"Fernside",379,"Rangiora",100088,"Canterbury",1010,6.8,6.95,NA
"5385","20180625:0000",-43.3423,172.56574,"Fernside",379,"Rangiora",100088,"Canterbury",1010,3.2,6.75,NA
"5386","20180626:0000",-43.3423,172.56574,"Fernside",379,"Rangiora",100088,"Canterbury",1010,5.4,4.2,NA
"5387","20180627:0000",-43.3423,172.56574,"Fernside",379,"Rangiora",100088,"Canterbury",1010,5,7.35,NA
"5388","20180628:0000",-43.3423,172.56574,"Fernside",379,"Rangiora",100088,"Canterbury",1010,3.6,7.9,NA
"5389","20180629:0000",-43.3423,172.56574,"Fernside",379,"Rangiora",100088,"Canterbury",1010,5.8,6.1,NA
"5390","20180630:0000",-43.3423,172.56574,"Fernside",379,"Rangiora",100088,"Canterbury",1010,4.3,4.3,NA
"5391","20180701:0000",-43.3423,172.56574,"Fernside",379,"Rangiora",100088,"Canterbury",1010,2.9,8.15,NA
"5392","20180702:0000",-43.3423,172.56574,"Fernside",379,"Rangiora",100088,"Canterbury",1010,10.1,5.95,NA
"5393","20180703:0000",-43.3423,172.56574,"Fernside",379,"Rangiora",100088,"Canterbury",1010,4.7,6.25,NA
"5394","20180704:0000",-43.3423,172.56574,"Fernside",379,"Rangiora",100088,"Canterbury",1010,6.1,4.4,NA
"5395","20180705:0000",-43.3423,172.56574,"Fernside",379,"Rangiora",100088,"Canterbury",1010,1.1,4.35,NA
"5396","20180706:0000",-43.3423,172.56574,"Fernside",379,"Rangiora",100088,"Canterbury",1010,2.9,7.1,NA
"5397","20180707:0000",-43.3423,172.56574,"Fernside",379,"Rangiora",100088,"Canterbury",1010,6.5,11.2,NA
"5398","20180708:0000",-43.3423,172.56574,"Fernside",379,"Rangiora",100088,"Canterbury",1010,15.1,7.5,NA
"5399","20180709:0000",-43.3423,172.56574,"Fernside",379,"Rangiora",100088,"Canterbury",1010,7.2,9.15,NA
"5400","20180710:0000",-43.3423,172.56574,"Fernside",379,"Rangiora",100088,"Canterbury",1010,7.9,8.2,NA
"5401","20180711:0000",-43.3423,172.56574,"Fernside",379,"Rangiora",100088,"Canterbury",1010,2.2,5.25,NA
"5402","20180712:0000",-43.3423,172.56574,"Fernside",379,"Rangiora",100088,"Canterbury",1010,3.6,5.1,NA
"5403","20180713:0000",-43.3423,172.56574,"Fernside",379,"Rangiora",100088,"Canterbury",1010,3.6,3.55,NA
"5404","20180714:0000",-43.3423,172.56574,"Fernside",379,"Rangiora",100088,"Canterbury",1010,4.3,4.85,NA
"5405","20180715:0000",-43.3423,172.56574,"Fernside",379,"Rangiora",100088,"Canterbury",1010,2.9,4.9,NA
"5406","20180716:0000",-43.3423,172.56574,"Fernside",379,"Rangiora",100088,"Canterbury",1010,2.2,8.65,NA
"5407","20180717:0000",-43.3423,172.56574,"Fernside",379,"Rangiora",100088,"Canterbury",1010,2.2,10.45,NA
"5408","20180718:0000",-43.3423,172.56574,"Fernside",379,"Rangiora",100088,"Canterbury",1010,4.3,6.85,NA
"5409","20180719:0000",-43.3423,172.56574,"Fernside",379,"Rangiora",100088,"Canterbury",1010,4.3,4.5,NA
"5410","20180720:0000",-43.3423,172.56574,"Fernside",379,"Rangiora",100088,"Canterbury",1010,2.9,3.9,NA
"5411","20180721:0000",-43.3423,172.56574,"Fernside",379,"Rangiora",100088,"Canterbury",1010,5,8.05,NA
"5412","20180722:0000",-43.3423,172.56574,"Fernside",379,"Rangiora",100088,"Canterbury",1010,6.8,11.6,NA
"5413","20180723:0000",-43.3423,172.56574,"Fernside",379,"Rangiora",100088,"Canterbury",1010,13,6.8,NA
"5414","20180724:0000",-43.3423,172.56574,"Fernside",379,"Rangiora",100088,"Canterbury",1010,9.7,6.4,NA
"5415","20180725:0000",-43.3423,172.56574,"Fernside",379,"Rangiora",100088,"Canterbury",1010,1.8,4.1,NA
"5416","20180726:0000",-43.3423,172.56574,"Fernside",379,"Rangiora",100088,"Canterbury",1010,5.8,5.2,NA
"5417","20180727:0000",-43.3423,172.56574,"Fernside",379,"Rangiora",100088,"Canterbury",1010,5,6.8,NA
"5418","20180728:0000",-43.3423,172.56574,"Fernside",379,"Rangiora",100088,"Canterbury",1010,2.5,7.75,NA
"5419","20180729:0000",-43.3423,172.56574,"Fernside",379,"Rangiora",100088,"Canterbury",1010,3.6,8.35,NA
"5420","20180730:0000",-43.3423,172.56574,"Fernside",379,"Rangiora",100088,"Canterbury",1010,4,5.9,NA
"5421","20180731:0000",-43.3423,172.56574,"Fernside",379,"Rangiora",100088,"Canterbury",1010,12.2,10.15,NA
"5422","20180801:0000",-43.3423,172.56574,"Fernside",379,"Rangiora",100088,"Canterbury",1010,5.8,7.7,NA
"5423","20180802:0000",-43.3423,172.56574,"Fernside",379,"Rangiora",100088,"Canterbury",1010,2.9,6.3,NA
"5424","20180803:0000",-43.3423,172.56574,"Fernside",379,"Rangiora",100088,"Canterbury",1010,4.7,6.1,NA
"5425","20180804:0000",-43.3423,172.56574,"Fernside",379,"Rangiora",100088,"Canterbury",1010,8.3,7.2,NA
"5426","20180805:0000",-43.3423,172.56574,"Fernside",379,"Rangiora",100088,"Canterbury",1010,3.2,5,NA
"5427","20180806:0000",-43.3423,172.56574,"Fernside",379,"Rangiora",100088,"Canterbury",1010,8.3,5.2,NA
"5428","20180807:0000",-43.3423,172.56574,"Fernside",379,"Rangiora",100088,"Canterbury",1010,4,9.9,NA
"5429","20180808:0000",-43.3423,172.56574,"Fernside",379,"Rangiora",100088,"Canterbury",1010,6.8,9.2,NA
"5430","20180809:0000",-43.3423,172.56574,"Fernside",379,"Rangiora",100088,"Canterbury",1010,4,9,NA
"5431","20180810:0000",-43.3423,172.56574,"Fernside",379,"Rangiora",100088,"Canterbury",1010,10.8,7.8,NA
"5432","20180811:0000",-43.3423,172.56574,"Fernside",379,"Rangiora",100088,"Canterbury",1010,1.8,4.65,NA
"5433","20180812:0000",-43.3423,172.56574,"Fernside",379,"Rangiora",100088,"Canterbury",1010,6.5,5.8,NA
"5434","20180813:0000",-43.3423,172.56574,"Fernside",379,"Rangiora",100088,"Canterbury",1010,5,7.65,NA
"5435","20180814:0000",-43.3423,172.56574,"Fernside",379,"Rangiora",100088,"Canterbury",1010,5.8,6.25,NA
"5436","20180815:0000",-43.3423,172.56574,"Fernside",379,"Rangiora",100088,"Canterbury",1010,4,10.2,NA
"5437","20180816:0000",-43.3423,172.56574,"Fernside",379,"Rangiora",100088,"Canterbury",1010,6.5,9.1,NA
"5438","20180817:0000",-43.3423,172.56574,"Fernside",379,"Rangiora",100088,"Canterbury",1010,4.3,7.5,NA
"5439","20180818:0000",-43.3423,172.56574,"Fernside",379,"Rangiora",100088,"Canterbury",1010,8.3,7.85,NA
"5440","20180819:0000",-43.3423,172.56574,"Fernside",379,"Rangiora",100088,"Canterbury",1010,4.3,3.3,NA
"5441","20180820:0000",-43.3423,172.56574,"Fernside",379,"Rangiora",100088,"Canterbury",1010,12.2,6.25,NA
"5442","20180821:0000",-43.3423,172.56574,"Fernside",379,"Rangiora",100088,"Canterbury",1010,5.4,7.45,NA
"5443","20180822:0000",-43.3423,172.56574,"Fernside",379,"Rangiora",100088,"Canterbury",1010,3.2,7.25,NA
"5444","20180823:0000",-43.3423,172.56574,"Fernside",379,"Rangiora",100088,"Canterbury",1010,10.8,5.8,NA
"5445","20180824:0000",-43.3423,172.56574,"Fernside",379,"Rangiora",100088,"Canterbury",1010,14.4,8.95,NA
"5446","20180825:0000",-43.3423,172.56574,"Fernside",379,"Rangiora",100088,"Canterbury",1010,12.2,5.8,NA
"5447","20180826:0000",-43.3423,172.56574,"Fernside",379,"Rangiora",100088,"Canterbury",1010,2.9,6.4,NA
"5448","20180827:0000",-43.3423,172.56574,"Fernside",379,"Rangiora",100088,"Canterbury",1010,4.7,8.75,NA
"5449","20180828:0000",-43.3423,172.56574,"Fernside",379,"Rangiora",100088,"Canterbury",1010,9.4,7.3,NA
"5450","20180829:0000",-43.3423,172.56574,"Fernside",379,"Rangiora",100088,"Canterbury",1010,5.4,9.7,NA
"5451","20180830:0000",-43.3423,172.56574,"Fernside",379,"Rangiora",100088,"Canterbury",1010,3.2,9.1,NA
"5452","20180831:0000",-43.3423,172.56574,"Fernside",379,"Rangiora",100088,"Canterbury",1010,17.3,6.85,NA
"5453","20180901:0000",-43.3423,172.56574,"Fernside",379,"Rangiora",100088,"Canterbury",1010,8.6,9.75,NA
"5454","20180902:0000",-43.3423,172.56574,"Fernside",379,"Rangiora",100088,"Canterbury",1010,4.7,7.55,NA
"5455","20180903:0000",-43.3423,172.56574,"Fernside",379,"Rangiora",100088,"Canterbury",1010,18.7,7.05,NA
"5456","20180904:0000",-43.3423,172.56574,"Fernside",379,"Rangiora",100088,"Canterbury",1010,10.4,8.3,NA
"5457","20180905:0000",-43.3423,172.56574,"Fernside",379,"Rangiora",100088,"Canterbury",1010,3.2,7.25,NA
"5458","20180906:0000",-43.3423,172.56574,"Fernside",379,"Rangiora",100088,"Canterbury",1010,5,5.5,NA
"5459","20180907:0000",-43.3423,172.56574,"Fernside",379,"Rangiora",100088,"Canterbury",1010,1.4,4.15,NA
"5460","20180908:0000",-43.3423,172.56574,"Fernside",379,"Rangiora",100088,"Canterbury",1010,1.4,3.35,NA
"5461","20180909:0000",-43.3423,172.56574,"Fernside",379,"Rangiora",100088,"Canterbury",1010,5,6.45,NA
"5462","20180910:0000",-43.3423,172.56574,"Fernside",379,"Rangiora",100088,"Canterbury",1010,6.1,5.2,NA
"5463","20180911:0000",-43.3423,172.56574,"Fernside",379,"Rangiora",100088,"Canterbury",1010,4.7,10,NA
"5464","20180912:0000",-43.3423,172.56574,"Fernside",379,"Rangiora",100088,"Canterbury",1010,4.3,7.55,NA
"5465","20180913:0000",-43.3423,172.56574,"Fernside",379,"Rangiora",100088,"Canterbury",1010,3.6,10.9,NA
"5466","20180914:0000",-43.3423,172.56574,"Fernside",379,"Rangiora",100088,"Canterbury",1010,3.6,14.1,NA
"5467","20180915:0000",-43.3423,172.56574,"Fernside",379,"Rangiora",100088,"Canterbury",1010,4,11.25,NA
"5468","20180916:0000",-43.3423,172.56574,"Fernside",379,"Rangiora",100088,"Canterbury",1010,2.5,11.65,NA
"5469","20180917:0000",-43.3423,172.56574,"Fernside",379,"Rangiora",100088,"Canterbury",1010,11.5,11.6,NA
"5470","20180918:0000",-43.3423,172.56574,"Fernside",379,"Rangiora",100088,"Canterbury",1010,9,8.85,NA
"5471","20180919:0000",-43.3423,172.56574,"Fernside",379,"Rangiora",100088,"Canterbury",1010,5,7.6,NA
"5472","20180920:0000",-43.3423,172.56574,"Fernside",379,"Rangiora",100088,"Canterbury",1010,2.5,9.5,NA
"5473","20180921:0000",-43.3423,172.56574,"Fernside",379,"Rangiora",100088,"Canterbury",1010,10.1,9.1,NA
"5474","20180922:0000",-43.3423,172.56574,"Fernside",379,"Rangiora",100088,"Canterbury",1010,5.4,7.65,NA
"5475","20180923:0000",-43.3423,172.56574,"Fernside",379,"Rangiora",100088,"Canterbury",1010,1.4,6.75,NA
"5476","20180924:0000",-43.3423,172.56574,"Fernside",379,"Rangiora",100088,"Canterbury",1010,6.1,9.95,NA
"5477","20180925:0000",-43.3423,172.56574,"Fernside",379,"Rangiora",100088,"Canterbury",1010,17.3,8.85,NA
"5478","20180926:0000",-43.3423,172.56574,"Fernside",379,"Rangiora",100088,"Canterbury",1010,6.8,6.05,NA
"5479","20180927:0000",-43.3423,172.56574,"Fernside",379,"Rangiora",100088,"Canterbury",1010,6.5,10.1,NA
"5480","20180928:0000",-43.3423,172.56574,"Fernside",379,"Rangiora",100088,"Canterbury",1010,4.7,7.1,NA
"5481","20180929:0000",-43.3423,172.56574,"Fernside",379,"Rangiora",100088,"Canterbury",1010,2.9,9.5,NA
"5482","20180930:0000",-43.3423,172.56574,"Fernside",379,"Rangiora",100088,"Canterbury",1010,5.4,12.1,NA
"5483","20181001:0000",-43.3423,172.56574,"Fernside",379,"Rangiora",100088,"Canterbury",1010,10.1,11.45,NA
"5484","20181002:0000",-43.3423,172.56574,"Fernside",379,"Rangiora",100088,"Canterbury",1010,5.4,8,NA
"5485","20181003:0000",-43.3423,172.56574,"Fernside",379,"Rangiora",100088,"Canterbury",1010,7.2,9.55,NA
"5486","20181004:0000",-43.3423,172.56574,"Fernside",379,"Rangiora",100088,"Canterbury",1010,3.6,10.3,NA
"5487","20181005:0000",-43.3423,172.56574,"Fernside",379,"Rangiora",100088,"Canterbury",1010,9,9.05,NA
"5488","20181006:0000",-43.3423,172.56574,"Fernside",379,"Rangiora",100088,"Canterbury",1010,6.5,8.35,NA
"5489","20181007:0000",-43.3423,172.56574,"Fernside",379,"Rangiora",100088,"Canterbury",1010,9.7,10.25,NA
"5490","20181008:0000",-43.3423,172.56574,"Fernside",379,"Rangiora",100088,"Canterbury",1010,5.4,10.05,NA
"5491","20181009:0000",-43.3423,172.56574,"Fernside",379,"Rangiora",100088,"Canterbury",1010,2.5,8.4,NA
"5492","20181010:0000",-43.3423,172.56574,"Fernside",379,"Rangiora",100088,"Canterbury",1010,2.9,10.15,NA
"5493","20181011:0000",-43.3423,172.56574,"Fernside",379,"Rangiora",100088,"Canterbury",1010,1.8,9.05,NA
"5494","20181012:0000",-43.3423,172.56574,"Fernside",379,"Rangiora",100088,"Canterbury",1010,12.2,7,NA
"5495","20181013:0000",-43.3423,172.56574,"Fernside",379,"Rangiora",100088,"Canterbury",1010,11.2,7.7,NA
"5496","20181014:0000",-43.3423,172.56574,"Fernside",379,"Rangiora",100088,"Canterbury",1010,10.1,8.9,NA
"5497","20181015:0000",-43.3423,172.56574,"Fernside",379,"Rangiora",100088,"Canterbury",1010,5.4,6.85,NA
"5498","20181016:0000",-43.3423,172.56574,"Fernside",379,"Rangiora",100088,"Canterbury",1010,1.8,7.75,NA
"5499","20181017:0000",-43.3423,172.56574,"Fernside",379,"Rangiora",100088,"Canterbury",1010,4,13.75,NA
"5500","20181018:0000",-43.3423,172.56574,"Fernside",379,"Rangiora",100088,"Canterbury",1010,9.7,13.1,NA
"5501","20181019:0000",-43.3423,172.56574,"Fernside",379,"Rangiora",100088,"Canterbury",1010,4,12.35,NA
"5502","20181020:0000",-43.3423,172.56574,"Fernside",379,"Rangiora",100088,"Canterbury",1010,2.5,13.35,NA
"5503","20181021:0000",-43.3423,172.56574,"Fernside",379,"Rangiora",100088,"Canterbury",1010,5.8,14.7,NA
"5504","20181022:0000",-43.3423,172.56574,"Fernside",379,"Rangiora",100088,"Canterbury",1010,3.2,12.25,NA
"5505","20181023:0000",-43.3423,172.56574,"Fernside",379,"Rangiora",100088,"Canterbury",1010,2.9,15.15,NA
"5506","20181024:0000",-43.3423,172.56574,"Fernside",379,"Rangiora",100088,"Canterbury",1010,5.8,14.5,NA
"5507","20181025:0000",-43.3423,172.56574,"Fernside",379,"Rangiora",100088,"Canterbury",1010,11.5,12.8,NA
"5508","20181026:0000",-43.3423,172.56574,"Fernside",379,"Rangiora",100088,"Canterbury",1010,6.5,9.85,NA
"5509","20181027:0000",-43.3423,172.56574,"Fernside",379,"Rangiora",100088,"Canterbury",1010,4.3,10.15,NA
"5510","20181028:0000",-43.3423,172.56574,"Fernside",379,"Rangiora",100088,"Canterbury",1010,9.4,10.3,NA
"5511","20181029:0000",-43.3423,172.56574,"Fernside",379,"Rangiora",100088,"Canterbury",1010,7.9,11.65,NA
"5512","20181030:0000",-43.3423,172.56574,"Fernside",379,"Rangiora",100088,"Canterbury",1010,10.1,10.35,NA
"5513","20181031:0000",-43.3423,172.56574,"Fernside",379,"Rangiora",100088,"Canterbury",1010,3.6,8.9,NA
"5514","20181101:0000",-43.3423,172.56574,"Fernside",379,"Rangiora",100088,"Canterbury",1010,10.8,10.95,NA
"5515","20181102:0000",-43.3423,172.56574,"Fernside",379,"Rangiora",100088,"Canterbury",1010,3.6,9.45,NA
"5516","20181103:0000",-43.3423,172.56574,"Fernside",379,"Rangiora",100088,"Canterbury",1010,7.2,18.8,NA
"5517","20181104:0000",-43.3423,172.56574,"Fernside",379,"Rangiora",100088,"Canterbury",1010,6.5,13.3,NA
"5518","20181105:0000",-43.3423,172.56574,"Fernside",379,"Rangiora",100088,"Canterbury",1010,2.5,12.4,NA
"5519","20181106:0000",-43.3423,172.56574,"Fernside",379,"Rangiora",100088,"Canterbury",1010,2.9,12.05,NA
"5520","20181107:0000",-43.3423,172.56574,"Fernside",379,"Rangiora",100088,"Canterbury",1010,2.2,14.8,NA
"5521","20181108:0000",-43.3423,172.56574,"Fernside",379,"Rangiora",100088,"Canterbury",1010,18,20.1,NA
"5522","20181109:0000",-43.3423,172.56574,"Fernside",379,"Rangiora",100088,"Canterbury",1010,6.5,9.35,NA
"5523","20181110:0000",-43.3423,172.56574,"Fernside",379,"Rangiora",100088,"Canterbury",1010,2.5,8.15,NA
"5524","20181111:0000",-43.3423,172.56574,"Fernside",379,"Rangiora",100088,"Canterbury",1010,2.9,10.7,NA
"5525","20181112:0000",-43.3423,172.56574,"Fernside",379,"Rangiora",100088,"Canterbury",1010,4.3,13.05,NA
"5526","20181113:0000",-43.3423,172.56574,"Fernside",379,"Rangiora",100088,"Canterbury",1010,8.3,13.3,NA
"5527","20181114:0000",-43.3423,172.56574,"Fernside",379,"Rangiora",100088,"Canterbury",1010,10.8,12.5,NA
"5528","20181115:0000",-43.3423,172.56574,"Fernside",379,"Rangiora",100088,"Canterbury",1010,9.4,15.15,NA
"5529","20181116:0000",-43.3423,172.56574,"Fernside",379,"Rangiora",100088,"Canterbury",1010,2.5,14.8,NA
"5530","20181117:0000",-43.3423,172.56574,"Fernside",379,"Rangiora",100088,"Canterbury",1010,9,14.1,NA
"5531","20181118:0000",-43.3423,172.56574,"Fernside",379,"Rangiora",100088,"Canterbury",1010,3.6,15.75,NA
"5532","20181119:0000",-43.3423,172.56574,"Fernside",379,"Rangiora",100088,"Canterbury",1010,4.3,7.85,NA
"5533","20181120:0000",-43.3423,172.56574,"Fernside",379,"Rangiora",100088,"Canterbury",1010,7.2,7.9,NA
"5534","20181121:0000",-43.3423,172.56574,"Fernside",379,"Rangiora",100088,"Canterbury",1010,11.2,9.65,NA
"5535","20181122:0000",-43.3423,172.56574,"Fernside",379,"Rangiora",100088,"Canterbury",1010,4,10.6,NA
"5536","20181123:0000",-43.3423,172.56574,"Fernside",379,"Rangiora",100088,"Canterbury",1010,2.9,11.15,NA
"5537","20181124:0000",-43.3423,172.56574,"Fernside",379,"Rangiora",100088,"Canterbury",1010,3.6,14.45,NA
"5538","20181125:0000",-43.3423,172.56574,"Fernside",379,"Rangiora",100088,"Canterbury",1010,13,15.15,NA
"5539","20181126:0000",-43.3423,172.56574,"Fernside",379,"Rangiora",100088,"Canterbury",1010,8.6,13.1,NA
"5540","20181127:0000",-43.3423,172.56574,"Fernside",379,"Rangiora",100088,"Canterbury",1010,3.2,13.05,NA
"5541","20181128:0000",-43.3423,172.56574,"Fernside",379,"Rangiora",100088,"Canterbury",1010,10.8,13.15,NA
"5542","20181129:0000",-43.3423,172.56574,"Fernside",379,"Rangiora",100088,"Canterbury",1010,10.8,13.3,NA
"5543","20181130:0000",-43.3423,172.56574,"Fernside",379,"Rangiora",100088,"Canterbury",1010,8.3,13.4,NA
"5544","20181201:0000",-43.3423,172.56574,"Fernside",379,"Rangiora",100088,"Canterbury",1010,7.9,16.3,NA
"5545","20181202:0000",-43.3423,172.56574,"Fernside",379,"Rangiora",100088,"Canterbury",1010,4,15.95,NA
"5546","20181203:0000",-43.3423,172.56574,"Fernside",379,"Rangiora",100088,"Canterbury",1010,7.6,16.7,NA
"5547","20181204:0000",-43.3423,172.56574,"Fernside",379,"Rangiora",100088,"Canterbury",1010,7.2,19.4,NA
"5548","20181205:0000",-43.3423,172.56574,"Fernside",379,"Rangiora",100088,"Canterbury",1010,6.8,15.45,NA
"5549","20181206:0000",-43.3423,172.56574,"Fernside",379,"Rangiora",100088,"Canterbury",1010,7.6,12.65,NA
"5550","20181207:0000",-43.3423,172.56574,"Fernside",379,"Rangiora",100088,"Canterbury",1010,4.3,12.05,NA
"5551","20181208:0000",-43.3423,172.56574,"Fernside",379,"Rangiora",100088,"Canterbury",1010,3.2,14.95,NA
"5552","20181209:0000",-43.3423,172.56574,"Fernside",379,"Rangiora",100088,"Canterbury",1010,3.6,17.55,NA
"5553","20181210:0000",-43.3423,172.56574,"Fernside",379,"Rangiora",100088,"Canterbury",1010,12.6,14.75,NA
"5554","20181211:0000",-43.3423,172.56574,"Fernside",379,"Rangiora",100088,"Canterbury",1010,6.8,12.65,NA
"5555","20181212:0000",-43.3423,172.56574,"Fernside",379,"Rangiora",100088,"Canterbury",1010,5.8,14,NA
"5556","20181213:0000",-43.3423,172.56574,"Fernside",379,"Rangiora",100088,"Canterbury",1010,7.2,15.65,NA
"5557","20181214:0000",-43.3423,172.56574,"Fernside",379,"Rangiora",100088,"Canterbury",1010,10.1,16.7,NA
"5558","20181215:0000",-43.3423,172.56574,"Fernside",379,"Rangiora",100088,"Canterbury",1010,3.6,17.6,NA
"5559","20181216:0000",-43.3423,172.56574,"Fernside",379,"Rangiora",100088,"Canterbury",1010,6.5,16.7,NA
"5560","20181217:0000",-43.3423,172.56574,"Fernside",379,"Rangiora",100088,"Canterbury",1010,4,16.75,NA
"5561","20181218:0000",-43.3423,172.56574,"Fernside",379,"Rangiora",100088,"Canterbury",1010,7.9,19.15,NA
"5562","20181219:0000",-43.3423,172.56574,"Fernside",379,"Rangiora",100088,"Canterbury",1010,8.3,14.7,NA
"5563","20181220:0000",-43.3423,172.56574,"Fernside",379,"Rangiora",100088,"Canterbury",1010,7.9,11.7,NA
"5564","20181221:0000",-43.3423,172.56574,"Fernside",379,"Rangiora",100088,"Canterbury",1010,9.7,12.45,NA
"5565","20181222:0000",-43.3423,172.56574,"Fernside",379,"Rangiora",100088,"Canterbury",1010,3.6,13.3,NA
"5566","20181223:0000",-43.3423,172.56574,"Fernside",379,"Rangiora",100088,"Canterbury",1010,8.3,13.15,NA
"5567","20181224:0000",-43.3423,172.56574,"Fernside",379,"Rangiora",100088,"Canterbury",1010,13,12.9,NA
"5568","20181225:0000",-43.3423,172.56574,"Fernside",379,"Rangiora",100088,"Canterbury",1010,11.2,16.55,NA
"5569","20181226:0000",-43.3423,172.56574,"Fernside",379,"Rangiora",100088,"Canterbury",1010,10.8,15.75,NA
"5570","20181227:0000",-43.3423,172.56574,"Fernside",379,"Rangiora",100088,"Canterbury",1010,4.3,14.05,NA
"5571","20181228:0000",-43.3423,172.56574,"Fernside",379,"Rangiora",100088,"Canterbury",1010,9,15.2,NA
"5572","20181229:0000",-43.3423,172.56574,"Fernside",379,"Rangiora",100088,"Canterbury",1010,3.6,19.45,NA
"5573","20181230:0000",-43.3423,172.56574,"Fernside",379,"Rangiora",100088,"Canterbury",1010,2.9,19.15,NA
"5574","20181231:0000",-43.3423,172.56574,"Fernside",379,"Rangiora",100088,"Canterbury",1010,9.4,17.35,NA
"5575","20190101:0000",-43.3423,172.56574,"Fernside",379,"Rangiora",100088,"Canterbury",1010,2.9,19.2,NA
"5576","20190102:0000",-43.3423,172.56574,"Fernside",379,"Rangiora",100088,"Canterbury",1010,2.9,21.35,NA
"5577","20190103:0000",-43.3423,172.56574,"Fernside",379,"Rangiora",100088,"Canterbury",1010,2.5,20.45,NA
"5578","20190104:0000",-43.3423,172.56574,"Fernside",379,"Rangiora",100088,"Canterbury",1010,3.6,17.75,NA
"5579","20190105:0000",-43.3423,172.56574,"Fernside",379,"Rangiora",100088,"Canterbury",1010,12.2,20.65,NA
"5580","20190106:0000",-43.3423,172.56574,"Fernside",379,"Rangiora",100088,"Canterbury",1010,12.2,20.95,NA
"5581","20190107:0000",-43.3423,172.56574,"Fernside",379,"Rangiora",100088,"Canterbury",1010,8.6,16.75,NA
"5582","20190108:0000",-43.3423,172.56574,"Fernside",379,"Rangiora",100088,"Canterbury",1010,10.8,16.9,NA
"5583","20190109:0000",-43.3423,172.56574,"Fernside",379,"Rangiora",100088,"Canterbury",1010,15.5,21.3,NA
"5584","20190110:0000",-43.3423,172.56574,"Fernside",379,"Rangiora",100088,"Canterbury",1010,3.6,23.35,NA
"5585","20190111:0000",-43.3423,172.56574,"Fernside",379,"Rangiora",100088,"Canterbury",1010,10.4,16.35,NA
"5586","20190112:0000",-43.3423,172.56574,"Fernside",379,"Rangiora",100088,"Canterbury",1010,6.8,14.8,NA
"5587","20190113:0000",-43.3423,172.56574,"Fernside",379,"Rangiora",100088,"Canterbury",1010,2.2,17.4,NA
"5588","20190114:0000",-43.3423,172.56574,"Fernside",379,"Rangiora",100088,"Canterbury",1010,13.7,13.6,NA
"5589","20190115:0000",-43.3423,172.56574,"Fernside",379,"Rangiora",100088,"Canterbury",1010,9.4,14.95,NA
"5590","20190116:0000",-43.3423,172.56574,"Fernside",379,"Rangiora",100088,"Canterbury",1010,4,13.3,NA
"5591","20190117:0000",-43.3423,172.56574,"Fernside",379,"Rangiora",100088,"Canterbury",1010,3.2,14.95,NA
"5592","20190118:0000",-43.3423,172.56574,"Fernside",379,"Rangiora",100088,"Canterbury",1010,11.2,18,NA
"5593","20190119:0000",-43.3423,172.56574,"Fernside",379,"Rangiora",100088,"Canterbury",1010,9.7,23,NA
"5594","20190120:0000",-43.3423,172.56574,"Fernside",379,"Rangiora",100088,"Canterbury",1010,3.2,17.7,NA
"5595","20190121:0000",-43.3423,172.56574,"Fernside",379,"Rangiora",100088,"Canterbury",1010,6.5,20.05,NA
"5596","20190122:0000",-43.3423,172.56574,"Fernside",379,"Rangiora",100088,"Canterbury",1010,3.6,19.15,NA
"5597","20190123:0000",-43.3423,172.56574,"Fernside",379,"Rangiora",100088,"Canterbury",1010,13,21.6,NA
"5598","20190124:0000",-43.3423,172.56574,"Fernside",379,"Rangiora",100088,"Canterbury",1010,3.6,12.4,NA
"5599","20190125:0000",-43.3423,172.56574,"Fernside",379,"Rangiora",100088,"Canterbury",1010,2.9,13.15,NA
"5600","20190126:0000",-43.3423,172.56574,"Fernside",379,"Rangiora",100088,"Canterbury",1010,4.7,20.8,NA
"5601","20190127:0000",-43.3423,172.56574,"Fernside",379,"Rangiora",100088,"Canterbury",1010,3.6,22.8,NA
"5602","20190128:0000",-43.3423,172.56574,"Fernside",379,"Rangiora",100088,"Canterbury",1010,18,21.3,NA
"5603","20190129:0000",-43.3423,172.56574,"Fernside",379,"Rangiora",100088,"Canterbury",1010,11.9,17.2,NA
"5604","20190130:0000",-43.3423,172.56574,"Fernside",379,"Rangiora",100088,"Canterbury",1010,2.2,23.1,NA
"5605","20190131:0000",-43.3423,172.56574,"Fernside",379,"Rangiora",100088,"Canterbury",1010,6.8,20.45,NA
"5606","20190201:0000",-43.3423,172.56574,"Fernside",379,"Rangiora",100088,"Canterbury",1010,10.8,21,NA
"5607","20190202:0000",-43.3423,172.56574,"Fernside",379,"Rangiora",100088,"Canterbury",1010,3.6,12.65,NA
"5608","20190203:0000",-43.3423,172.56574,"Fernside",379,"Rangiora",100088,"Canterbury",1010,2.9,14.75,NA
"5609","20190204:0000",-43.3423,172.56574,"Fernside",379,"Rangiora",100088,"Canterbury",1010,2.5,19.7,NA
"5610","20190205:0000",-43.3423,172.56574,"Fernside",379,"Rangiora",100088,"Canterbury",1010,3.2,18.9,NA
"5611","20190206:0000",-43.3423,172.56574,"Fernside",379,"Rangiora",100088,"Canterbury",1010,11.2,13.9,NA
"5612","20190207:0000",-43.3423,172.56574,"Fernside",379,"Rangiora",100088,"Canterbury",1010,1.8,12.2,NA
"5613","20190208:0000",-43.3423,172.56574,"Fernside",379,"Rangiora",100088,"Canterbury",1010,3.6,14.15,NA
"5614","20190209:0000",-43.3423,172.56574,"Fernside",379,"Rangiora",100088,"Canterbury",1010,2.2,18.65,NA
"5615","20190210:0000",-43.3423,172.56574,"Fernside",379,"Rangiora",100088,"Canterbury",1010,2.9,18.05,NA
"5616","20190211:0000",-43.3423,172.56574,"Fernside",379,"Rangiora",100088,"Canterbury",1010,4.3,17.45,NA
"5617","20190212:0000",-43.3423,172.56574,"Fernside",379,"Rangiora",100088,"Canterbury",1010,3.2,20.15,NA
"5618","20190213:0000",-43.3423,172.56574,"Fernside",379,"Rangiora",100088,"Canterbury",1010,7.2,19.15,NA
"5619","20190214:0000",-43.3423,172.56574,"Fernside",379,"Rangiora",100088,"Canterbury",1010,7.2,23.7,NA
"5620","20190215:0000",-43.3423,172.56574,"Fernside",379,"Rangiora",100088,"Canterbury",1010,6.1,17.65,NA
"5621","20190216:0000",-43.3423,172.56574,"Fernside",379,"Rangiora",100088,"Canterbury",1010,13,13.4,NA
"5622","20190217:0000",-43.3423,172.56574,"Fernside",379,"Rangiora",100088,"Canterbury",1010,5,13.5,NA
"5623","20190218:0000",-43.3423,172.56574,"Fernside",379,"Rangiora",100088,"Canterbury",1010,3.6,16.6,NA
"5624","20190219:0000",-43.3423,172.56574,"Fernside",379,"Rangiora",100088,"Canterbury",1010,2.9,18.5,NA
"5625","20190220:0000",-43.3423,172.56574,"Fernside",379,"Rangiora",100088,"Canterbury",1010,5,21.55,NA
"5626","20190221:0000",-43.3423,172.56574,"Fernside",379,"Rangiora",100088,"Canterbury",1010,7.9,22.45,NA
"5627","20190222:0000",-43.3423,172.56574,"Fernside",379,"Rangiora",100088,"Canterbury",1010,8.6,22.5,NA
"5628","20190223:0000",-43.3423,172.56574,"Fernside",379,"Rangiora",100088,"Canterbury",1010,5,13.05,NA
"5629","20190224:0000",-43.3423,172.56574,"Fernside",379,"Rangiora",100088,"Canterbury",1010,15.5,13.25,NA
"5630","20190225:0000",-43.3423,172.56574,"Fernside",379,"Rangiora",100088,"Canterbury",1010,12.6,12.4,NA
"5631","20190226:0000",-43.3423,172.56574,"Fernside",379,"Rangiora",100088,"Canterbury",1010,3.6,12.4,NA
"5632","20190227:0000",-43.3423,172.56574,"Fernside",379,"Rangiora",100088,"Canterbury",1010,10.1,16.6,NA
"5633","20190228:0000",-43.3423,172.56574,"Fernside",379,"Rangiora",100088,"Canterbury",1010,10.1,11.35,NA
"5634","20190301:0000",-43.3423,172.56574,"Fernside",379,"Rangiora",100088,"Canterbury",1010,4,12.1,NA
"5635","20190302:0000",-43.3423,172.56574,"Fernside",379,"Rangiora",100088,"Canterbury",1010,5,14.45,NA
"5636","20190303:0000",-43.3423,172.56574,"Fernside",379,"Rangiora",100088,"Canterbury",1010,5,15.35,NA
"5637","20190304:0000",-43.3423,172.56574,"Fernside",379,"Rangiora",100088,"Canterbury",1010,3.2,13.6,NA
"5638","20190305:0000",-43.3423,172.56574,"Fernside",379,"Rangiora",100088,"Canterbury",1010,1.8,16.9,NA
"5639","20190306:0000",-43.3423,172.56574,"Fernside",379,"Rangiora",100088,"Canterbury",1010,4.7,17.15,NA
"5640","20190307:0000",-43.3423,172.56574,"Fernside",379,"Rangiora",100088,"Canterbury",1010,3.6,17.95,NA
"5641","20190308:0000",-43.3423,172.56574,"Fernside",379,"Rangiora",100088,"Canterbury",1010,13.3,12.35,NA
"5642","20190309:0000",-43.3423,172.56574,"Fernside",379,"Rangiora",100088,"Canterbury",1010,2.9,13.55,NA
"5643","20190310:0000",-43.3423,172.56574,"Fernside",379,"Rangiora",100088,"Canterbury",1010,7.2,13.85,NA
"5644","20190311:0000",-43.3423,172.56574,"Fernside",379,"Rangiora",100088,"Canterbury",1010,9.4,15.3,NA
"5645","20190312:0000",-43.3423,172.56574,"Fernside",379,"Rangiora",100088,"Canterbury",1010,4.3,21.75,NA
"5646","20190313:0000",-43.3423,172.56574,"Fernside",379,"Rangiora",100088,"Canterbury",1010,3.2,19.35,NA
"5647","20190314:0000",-43.3423,172.56574,"Fernside",379,"Rangiora",100088,"Canterbury",1010,3.6,15.05,NA
"5648","20190315:0000",-43.3423,172.56574,"Fernside",379,"Rangiora",100088,"Canterbury",1010,2.2,16.15,NA
"5649","20190316:0000",-43.3423,172.56574,"Fernside",379,"Rangiora",100088,"Canterbury",1010,3.6,16.85,NA
"5650","20190317:0000",-43.3423,172.56574,"Fernside",379,"Rangiora",100088,"Canterbury",1010,1.4,13.7,NA
"5651","20190318:0000",-43.3423,172.56574,"Fernside",379,"Rangiora",100088,"Canterbury",1010,2.9,15.35,NA
"5652","20190319:0000",-43.3423,172.56574,"Fernside",379,"Rangiora",100088,"Canterbury",1010,1.1,17.2,NA
"5653","20190320:0000",-43.3423,172.56574,"Fernside",379,"Rangiora",100088,"Canterbury",1010,1.4,16.9,NA
"5654","20190321:0000",-43.3423,172.56574,"Fernside",379,"Rangiora",100088,"Canterbury",1010,7.2,15.2,NA
"5655","20190322:0000",-43.3423,172.56574,"Fernside",379,"Rangiora",100088,"Canterbury",1010,9,15.95,NA
"5656","20190323:0000",-43.3423,172.56574,"Fernside",379,"Rangiora",100088,"Canterbury",1010,3.2,16.4,NA
"5657","20190324:0000",-43.3423,172.56574,"Fernside",379,"Rangiora",100088,"Canterbury",1010,2.9,17.35,NA
"5658","20190325:0000",-43.3423,172.56574,"Fernside",379,"Rangiora",100088,"Canterbury",1010,2.9,17.95,NA
"5659","20190326:0000",-43.3423,172.56574,"Fernside",379,"Rangiora",100088,"Canterbury",1010,19.4,19.25,NA
"5660","20190327:0000",-43.3423,172.56574,"Fernside",379,"Rangiora",100088,"Canterbury",1010,3.6,21.25,NA
"5661","20190328:0000",-43.3423,172.56574,"Fernside",379,"Rangiora",100088,"Canterbury",1010,5,14.4,NA
"5662","20190329:0000",-43.3423,172.56574,"Fernside",379,"Rangiora",100088,"Canterbury",1010,3.2,11.5,NA
"5663","20190330:0000",-43.3423,172.56574,"Fernside",379,"Rangiora",100088,"Canterbury",1010,1.4,12.85,NA
"5664","20190331:0000",-43.3423,172.56574,"Fernside",379,"Rangiora",100088,"Canterbury",1010,8.6,15,NA
"5665","20190401:0000",-43.3423,172.56574,"Fernside",379,"Rangiora",100088,"Canterbury",1010,21.2,19.25,NA
"5666","20190402:0000",-43.3423,172.56574,"Fernside",379,"Rangiora",100088,"Canterbury",1010,4,10.2,NA
"5667","20190403:0000",-43.3423,172.56574,"Fernside",379,"Rangiora",100088,"Canterbury",1010,2.5,11.45,NA
"5668","20190404:0000",-43.3423,172.56574,"Fernside",379,"Rangiora",100088,"Canterbury",1010,3.2,9.2,NA
"5669","20190405:0000",-43.3423,172.56574,"Fernside",379,"Rangiora",100088,"Canterbury",1010,14.8,6.55,NA
"5670","20190406:0000",-43.3423,172.56574,"Fernside",379,"Rangiora",100088,"Canterbury",1010,9.4,8.5,NA
"5671","20190407:0000",-43.3423,172.56574,"Fernside",379,"Rangiora",100088,"Canterbury",1010,11.2,8.7,NA
"5672","20190408:0000",-43.3423,172.56574,"Fernside",379,"Rangiora",100088,"Canterbury",1010,2.9,11.05,NA
"5673","20190409:0000",-43.3423,172.56574,"Fernside",379,"Rangiora",100088,"Canterbury",1010,2.5,9.6,NA
"5674","20190410:0000",-43.3423,172.56574,"Fernside",379,"Rangiora",100088,"Canterbury",1010,4.7,16.05,NA
"5675","20190411:0000",-43.3423,172.56574,"Fernside",379,"Rangiora",100088,"Canterbury",1010,10.8,12.45,NA
"5676","20190412:0000",-43.3423,172.56574,"Fernside",379,"Rangiora",100088,"Canterbury",1010,11.2,10.35,NA
"5677","20190413:0000",-43.3423,172.56574,"Fernside",379,"Rangiora",100088,"Canterbury",1010,5.8,11.25,NA
"5678","20190414:0000",-43.3423,172.56574,"Fernside",379,"Rangiora",100088,"Canterbury",1010,3.6,8.95,NA
"5679","20190415:0000",-43.3423,172.56574,"Fernside",379,"Rangiora",100088,"Canterbury",1010,9,11.15,NA
"5680","20190416:0000",-43.3423,172.56574,"Fernside",379,"Rangiora",100088,"Canterbury",1010,9,10.05,NA
"5681","20190417:0000",-43.3423,172.56574,"Fernside",379,"Rangiora",100088,"Canterbury",1010,3.6,8.3,NA
"5682","20190418:0000",-43.3423,172.56574,"Fernside",379,"Rangiora",100088,"Canterbury",1010,2.2,8.2,NA
"5683","20190419:0000",-43.3423,172.56574,"Fernside",379,"Rangiora",100088,"Canterbury",1010,4,11.5,NA
"5684","20190420:0000",-43.3423,172.56574,"Fernside",379,"Rangiora",100088,"Canterbury",1010,2.5,11.1,NA
"5685","20190421:0000",-43.3423,172.56574,"Fernside",379,"Rangiora",100088,"Canterbury",1010,9.4,10.25,NA
"5686","20190422:0000",-43.3423,172.56574,"Fernside",379,"Rangiora",100088,"Canterbury",1010,10.8,12.6,NA
"5687","20190423:0000",-43.3423,172.56574,"Fernside",379,"Rangiora",100088,"Canterbury",1010,9.7,11.65,NA
"5688","20190424:0000",-43.3423,172.56574,"Fernside",379,"Rangiora",100088,"Canterbury",1010,3.2,10.7,NA
"5689","20190425:0000",-43.3423,172.56574,"Fernside",379,"Rangiora",100088,"Canterbury",1010,4,12.95,NA
"5690","20190426:0000",-43.3423,172.56574,"Fernside",379,"Rangiora",100088,"Canterbury",1010,6.8,13.2,NA
"5691","20190427:0000",-43.3423,172.56574,"Fernside",379,"Rangiora",100088,"Canterbury",1010,19.4,16.05,NA
"5692","20190428:0000",-43.3423,172.56574,"Fernside",379,"Rangiora",100088,"Canterbury",1010,8.3,11.15,NA
"5693","20190429:0000",-43.3423,172.56574,"Fernside",379,"Rangiora",100088,"Canterbury",1010,5.8,10.7,NA
"5694","20190430:0000",-43.3423,172.56574,"Fernside",379,"Rangiora",100088,"Canterbury",1010,5.8,7.7,NA
"5695","20190501:0000",-43.3423,172.56574,"Fernside",379,"Rangiora",100088,"Canterbury",1010,2.2,8.45,NA
"5696","20190502:0000",-43.3423,172.56574,"Fernside",379,"Rangiora",100088,"Canterbury",1010,4.3,9.75,NA
"5697","20190503:0000",-43.3423,172.56574,"Fernside",379,"Rangiora",100088,"Canterbury",1010,1.8,11.35,NA
"5698","20190504:0000",-43.3423,172.56574,"Fernside",379,"Rangiora",100088,"Canterbury",1010,2.9,9.45,NA
"5699","20190505:0000",-43.3423,172.56574,"Fernside",379,"Rangiora",100088,"Canterbury",1010,3.6,11.5,NA
"5700","20190506:0000",-43.3423,172.56574,"Fernside",379,"Rangiora",100088,"Canterbury",1010,4.3,11.55,NA
"5701","20190507:0000",-43.3423,172.56574,"Fernside",379,"Rangiora",100088,"Canterbury",1010,6.8,12.6,NA
"5702","20190508:0000",-43.3423,172.56574,"Fernside",379,"Rangiora",100088,"Canterbury",1010,4.3,10.95,NA
"5703","20190509:0000",-43.3423,172.56574,"Fernside",379,"Rangiora",100088,"Canterbury",1010,2.2,13.25,NA
"5704","20190510:0000",-43.3423,172.56574,"Fernside",379,"Rangiora",100088,"Canterbury",1010,2.9,15.15,NA
"5705","20190511:0000",-43.3423,172.56574,"Fernside",379,"Rangiora",100088,"Canterbury",1010,2.9,11.25,NA
"5706","20190512:0000",-43.3423,172.56574,"Fernside",379,"Rangiora",100088,"Canterbury",1010,4.3,13.65,NA
"5707","20190513:0000",-43.3423,172.56574,"Fernside",379,"Rangiora",100088,"Canterbury",1010,7.9,10.85,NA
"5708","20190514:0000",-43.3423,172.56574,"Fernside",379,"Rangiora",100088,"Canterbury",1010,3.2,7.1,NA
"5709","20190515:0000",-43.3423,172.56574,"Fernside",379,"Rangiora",100088,"Canterbury",1010,4.7,10.2,NA
"5710","20190516:0000",-43.3423,172.56574,"Fernside",379,"Rangiora",100088,"Canterbury",1010,2.9,9.6,NA
"5711","20190517:0000",-43.3423,172.56574,"Fernside",379,"Rangiora",100088,"Canterbury",1010,4.3,5.8,NA
"5712","20190518:0000",-43.3423,172.56574,"Fernside",379,"Rangiora",100088,"Canterbury",1010,2.5,7.2,NA
"5713","20190519:0000",-43.3423,172.56574,"Fernside",379,"Rangiora",100088,"Canterbury",1010,11.2,6.25,NA
"5714","20190520:0000",-43.3423,172.56574,"Fernside",379,"Rangiora",100088,"Canterbury",1010,2.9,6.4,NA
"5715","20190521:0000",-43.3423,172.56574,"Fernside",379,"Rangiora",100088,"Canterbury",1010,2.9,6.1,NA
"5716","20190522:0000",-43.3423,172.56574,"Fernside",379,"Rangiora",100088,"Canterbury",1010,5.8,6.7,NA
"5717","20190523:0000",-43.3423,172.56574,"Fernside",379,"Rangiora",100088,"Canterbury",1010,2.9,8.1,NA
"5718","20190524:0000",-43.3423,172.56574,"Fernside",379,"Rangiora",100088,"Canterbury",1010,2.5,6.75,NA
"5719","20190525:0000",-43.3423,172.56574,"Fernside",379,"Rangiora",100088,"Canterbury",1010,2.5,4.45,NA
"5720","20190526:0000",-43.3423,172.56574,"Fernside",379,"Rangiora",100088,"Canterbury",1010,3.2,10.9,NA
"5721","20190527:0000",-43.3423,172.56574,"Fernside",379,"Rangiora",100088,"Canterbury",1010,2.2,10.1,NA
"5722","20190528:0000",-43.3423,172.56574,"Fernside",379,"Rangiora",100088,"Canterbury",1010,10.8,14.15,NA
"5723","20190529:0000",-43.3423,172.56574,"Fernside",379,"Rangiora",100088,"Canterbury",1010,3.6,12.6,NA
"5724","20190530:0000",-43.3423,172.56574,"Fernside",379,"Rangiora",100088,"Canterbury",1010,6.5,13.6,NA
"5725","20190531:0000",-43.3423,172.56574,"Fernside",379,"Rangiora",100088,"Canterbury",1010,4.7,9.8,NA
"5726","20190601:0000",-43.3423,172.56574,"Fernside",379,"Rangiora",100088,"Canterbury",1010,19.4,5.2,NA
"5727","20190602:0000",-43.3423,172.56574,"Fernside",379,"Rangiora",100088,"Canterbury",1010,13.7,6.25,NA
"5728","20190603:0000",-43.3423,172.56574,"Fernside",379,"Rangiora",100088,"Canterbury",1010,2.2,5.05,NA
"5729","20190604:0000",-43.3423,172.56574,"Fernside",379,"Rangiora",100088,"Canterbury",1010,6.1,4.05,NA
"5730","20190605:0000",-43.3423,172.56574,"Fernside",379,"Rangiora",100088,"Canterbury",1010,4.7,3,NA
"5731","20190606:0000",-43.3423,172.56574,"Fernside",379,"Rangiora",100088,"Canterbury",1010,3.2,5.35,NA
"5732","20190607:0000",-43.3423,172.56574,"Fernside",379,"Rangiora",100088,"Canterbury",1010,9.4,5.3,NA
"5733","20190608:0000",-43.3423,172.56574,"Fernside",379,"Rangiora",100088,"Canterbury",1010,13.3,7.55,NA
"5734","20190609:0000",-43.3423,172.56574,"Fernside",379,"Rangiora",100088,"Canterbury",1010,2.2,5.4,NA
"5735","20190610:0000",-43.3423,172.56574,"Fernside",379,"Rangiora",100088,"Canterbury",1010,3.6,7.25,NA
"5736","20190611:0000",-43.3423,172.56574,"Fernside",379,"Rangiora",100088,"Canterbury",1010,4.7,8.15,NA
"5737","20190612:0000",-43.3423,172.56574,"Fernside",379,"Rangiora",100088,"Canterbury",1010,4.3,8.45,NA
"5738","20190613:0000",-43.3423,172.56574,"Fernside",379,"Rangiora",100088,"Canterbury",1010,2.2,10.75,NA
"5739","20190614:0000",-43.3423,172.56574,"Fernside",379,"Rangiora",100088,"Canterbury",1010,9.4,11.5,NA
"5740","20190615:0000",-43.3423,172.56574,"Fernside",379,"Rangiora",100088,"Canterbury",1010,10.8,10.7,NA
"5741","20190616:0000",-43.3423,172.56574,"Fernside",379,"Rangiora",100088,"Canterbury",1010,2.9,4.75,NA
"5742","20190617:0000",-43.3423,172.56574,"Fernside",379,"Rangiora",100088,"Canterbury",1010,5.8,4.05,NA
"5743","20190618:0000",-43.3423,172.56574,"Fernside",379,"Rangiora",100088,"Canterbury",1010,11.9,6.05,NA
"5744","20190619:0000",-43.3423,172.56574,"Fernside",379,"Rangiora",100088,"Canterbury",1010,1.8,3.1,NA
"5745","20190620:0000",-43.3423,172.56574,"Fernside",379,"Rangiora",100088,"Canterbury",1010,5.8,2.7,NA
"5746","20190621:0000",-43.3423,172.56574,"Fernside",379,"Rangiora",100088,"Canterbury",1010,4,8.65,NA
"5747","20190622:0000",-43.3423,172.56574,"Fernside",379,"Rangiora",100088,"Canterbury",1010,4.3,6.65,NA
"5748","20190623:0000",-43.3423,172.56574,"Fernside",379,"Rangiora",100088,"Canterbury",1010,2.5,4.3,NA
"5749","20190624:0000",-43.3423,172.56574,"Fernside",379,"Rangiora",100088,"Canterbury",1010,6.1,6.4,NA
"5750","20190625:0000",-43.3423,172.56574,"Fernside",379,"Rangiora",100088,"Canterbury",1010,3.6,5.65,NA
"5751","20190626:0000",-43.3423,172.56574,"Fernside",379,"Rangiora",100088,"Canterbury",1010,2.5,5.5,NA
"5752","20190627:0000",-43.3423,172.56574,"Fernside",379,"Rangiora",100088,"Canterbury",1010,2.9,5.1,NA
"5753","20190628:0000",-43.3423,172.56574,"Fernside",379,"Rangiora",100088,"Canterbury",1010,3.6,5.15,NA
"5754","20190629:0000",-43.3423,172.56574,"Fernside",379,"Rangiora",100088,"Canterbury",1010,5.4,3.9,NA
"5755","20190630:0000",-43.3423,172.56574,"Fernside",379,"Rangiora",100088,"Canterbury",1010,4.7,4,NA
"5756","20190701:0000",-43.3423,172.56574,"Fernside",379,"Rangiora",100088,"Canterbury",1010,3.6,3.2,NA
"5757","20190702:0000",-43.3423,172.56574,"Fernside",379,"Rangiora",100088,"Canterbury",1010,2.5,8.45,NA
"5758","20190703:0000",-43.3423,172.56574,"Fernside",379,"Rangiora",100088,"Canterbury",1010,16.6,10.85,NA
"5759","20190704:0000",-43.3423,172.56574,"Fernside",379,"Rangiora",100088,"Canterbury",1010,7.9,7.3,NA
"5760","20190705:0000",-43.3423,172.56574,"Fernside",379,"Rangiora",100088,"Canterbury",1010,13.3,7.15,NA
"5761","20190706:0000",-43.3423,172.56574,"Fernside",379,"Rangiora",100088,"Canterbury",1010,9,8.4,NA
"5762","20190707:0000",-43.3423,172.56574,"Fernside",379,"Rangiora",100088,"Canterbury",1010,2.2,4.75,NA
"5763","20190708:0000",-43.3423,172.56574,"Fernside",379,"Rangiora",100088,"Canterbury",1010,6.5,4.2,NA
"5764","20190709:0000",-43.3423,172.56574,"Fernside",379,"Rangiora",100088,"Canterbury",1010,2.9,6.45,NA
"5765","20190710:0000",-43.3423,172.56574,"Fernside",379,"Rangiora",100088,"Canterbury",1010,4,7.25,NA
"5766","20190711:0000",-43.3423,172.56574,"Fernside",379,"Rangiora",100088,"Canterbury",1010,2.2,7.85,NA
"5767","20190712:0000",-43.3423,172.56574,"Fernside",379,"Rangiora",100088,"Canterbury",1010,1.8,5.35,NA
"5768","20190713:0000",-43.3423,172.56574,"Fernside",379,"Rangiora",100088,"Canterbury",1010,4,8.6,NA
"5769","20190714:0000",-43.3423,172.56574,"Fernside",379,"Rangiora",100088,"Canterbury",1010,9.7,7.7,NA
"5770","20190715:0000",-43.3423,172.56574,"Fernside",379,"Rangiora",100088,"Canterbury",1010,2.5,5.85,NA
"5771","20190716:0000",-43.3423,172.56574,"Fernside",379,"Rangiora",100088,"Canterbury",1010,4.7,7.05,NA
"5772","20190717:0000",-43.3423,172.56574,"Fernside",379,"Rangiora",100088,"Canterbury",1010,7.2,5.95,NA
"5773","20190718:0000",-43.3423,172.56574,"Fernside",379,"Rangiora",100088,"Canterbury",1010,2.9,5.55,NA
"5774","20190719:0000",-43.3423,172.56574,"Fernside",379,"Rangiora",100088,"Canterbury",1010,2.5,4.25,NA
"5775","20190720:0000",-43.3423,172.56574,"Fernside",379,"Rangiora",100088,"Canterbury",1010,16.6,8.3,NA
"5776","20190721:0000",-43.3423,172.56574,"Fernside",379,"Rangiora",100088,"Canterbury",1010,23.8,10.05,NA
"5777","20190722:0000",-43.3423,172.56574,"Fernside",379,"Rangiora",100088,"Canterbury",1010,2.9,8.2,NA
"5778","20190723:0000",-43.3423,172.56574,"Fernside",379,"Rangiora",100088,"Canterbury",1010,6.5,8.4,NA
"5779","20190724:0000",-43.3423,172.56574,"Fernside",379,"Rangiora",100088,"Canterbury",1010,2.2,10.1,NA
"5780","20190725:0000",-43.3423,172.56574,"Fernside",379,"Rangiora",100088,"Canterbury",1010,4,6.9,NA
"5781","20190726:0000",-43.3423,172.56574,"Fernside",379,"Rangiora",100088,"Canterbury",1010,3.2,5.4,NA
"5782","20190727:0000",-43.3423,172.56574,"Fernside",379,"Rangiora",100088,"Canterbury",1010,2.2,7.6,NA
"5783","20190728:0000",-43.3423,172.56574,"Fernside",379,"Rangiora",100088,"Canterbury",1010,3.2,6.65,NA
"5784","20190729:0000",-43.3423,172.56574,"Fernside",379,"Rangiora",100088,"Canterbury",1010,3.2,8.35,NA
"5785","20190730:0000",-43.3423,172.56574,"Fernside",379,"Rangiora",100088,"Canterbury",1010,2.9,10.2,NA
"5786","20190731:0000",-43.3423,172.56574,"Fernside",379,"Rangiora",100088,"Canterbury",1010,20.9,6.95,NA
"5787","20190801:0000",-43.3423,172.56574,"Fernside",379,"Rangiora",100088,"Canterbury",1010,17.3,7.35,NA
"5788","20190802:0000",-43.3423,172.56574,"Fernside",379,"Rangiora",100088,"Canterbury",1010,5,4.95,NA
"5789","20190803:0000",-43.3423,172.56574,"Fernside",379,"Rangiora",100088,"Canterbury",1010,5,8.05,NA
"5790","20190804:0000",-43.3423,172.56574,"Fernside",379,"Rangiora",100088,"Canterbury",1010,4,4.95,NA
"5791","20190805:0000",-43.3423,172.56574,"Fernside",379,"Rangiora",100088,"Canterbury",1010,9.4,4.7,NA
"5792","20190806:0000",-43.3423,172.56574,"Fernside",379,"Rangiora",100088,"Canterbury",1010,4.3,4.9,NA
"5793","20190807:0000",-43.3423,172.56574,"Fernside",379,"Rangiora",100088,"Canterbury",1010,2.9,6.15,NA
"5794","20190808:0000",-43.3423,172.56574,"Fernside",379,"Rangiora",100088,"Canterbury",1010,3.2,6.85,NA
"5795","20190809:0000",-43.3423,172.56574,"Fernside",379,"Rangiora",100088,"Canterbury",1010,3.6,7.35,NA
"5796","20190810:0000",-43.3423,172.56574,"Fernside",379,"Rangiora",100088,"Canterbury",1010,15.1,6.55,NA
"5797","20190811:0000",-43.3423,172.56574,"Fernside",379,"Rangiora",100088,"Canterbury",1010,6.5,5.9,NA
"5798","20190812:0000",-43.3423,172.56574,"Fernside",379,"Rangiora",100088,"Canterbury",1010,3.6,6.25,NA
"5799","20190813:0000",-43.3423,172.56574,"Fernside",379,"Rangiora",100088,"Canterbury",1010,6.1,6.8,NA
"5800","20190814:0000",-43.3423,172.56574,"Fernside",379,"Rangiora",100088,"Canterbury",1010,5.8,5.7,NA
"5801","20190815:0000",-43.3423,172.56574,"Fernside",379,"Rangiora",100088,"Canterbury",1010,2.2,4.65,NA
"5802","20190816:0000",-43.3423,172.56574,"Fernside",379,"Rangiora",100088,"Canterbury",1010,4.3,7.15,NA
"5803","20190817:0000",-43.3423,172.56574,"Fernside",379,"Rangiora",100088,"Canterbury",1010,9.7,4.25,NA
"5804","20190818:0000",-43.3423,172.56574,"Fernside",379,"Rangiora",100088,"Canterbury",1010,6.5,5.7,NA
"5805","20190819:0000",-43.3423,172.56574,"Fernside",379,"Rangiora",100088,"Canterbury",1010,4,5,NA
"5806","20190820:0000",-43.3423,172.56574,"Fernside",379,"Rangiora",100088,"Canterbury",1010,10.4,6.2,NA
"5807","20190821:0000",-43.3423,172.56574,"Fernside",379,"Rangiora",100088,"Canterbury",1010,8.3,10.05,NA
"5808","20190822:0000",-43.3423,172.56574,"Fernside",379,"Rangiora",100088,"Canterbury",1010,3.6,9.45,NA
"5809","20190823:0000",-43.3423,172.56574,"Fernside",379,"Rangiora",100088,"Canterbury",1010,2.2,8.2,NA
"5810","20190824:0000",-43.3423,172.56574,"Fernside",379,"Rangiora",100088,"Canterbury",1010,2.2,8.1,NA
"5811","20190825:0000",-43.3423,172.56574,"Fernside",379,"Rangiora",100088,"Canterbury",1010,2.9,7.9,NA
"5812","20190826:0000",-43.3423,172.56574,"Fernside",379,"Rangiora",100088,"Canterbury",1010,5.4,9.5,NA
"5813","20190827:0000",-43.3423,172.56574,"Fernside",379,"Rangiora",100088,"Canterbury",1010,6.5,6.7,NA
"5814","20190828:0000",-43.3423,172.56574,"Fernside",379,"Rangiora",100088,"Canterbury",1010,2.9,7.7,NA
"5815","20190829:0000",-43.3423,172.56574,"Fernside",379,"Rangiora",100088,"Canterbury",1010,2.9,8.8,NA
"5816","20190830:0000",-43.3423,172.56574,"Fernside",379,"Rangiora",100088,"Canterbury",1010,4.7,7.65,NA
"5817","20190831:0000",-43.3423,172.56574,"Fernside",379,"Rangiora",100088,"Canterbury",1010,2.2,9.2,NA
"5818","20190901:0000",-43.3423,172.56574,"Fernside",379,"Rangiora",100088,"Canterbury",1010,3.2,10.15,NA
"5819","20190902:0000",-43.3423,172.56574,"Fernside",379,"Rangiora",100088,"Canterbury",1010,3.6,8.25,NA
"5820","20190903:0000",-43.3423,172.56574,"Fernside",379,"Rangiora",100088,"Canterbury",1010,8.3,8.25,NA
"5821","20190904:0000",-43.3423,172.56574,"Fernside",379,"Rangiora",100088,"Canterbury",1010,15.1,8.2,NA
"5822","20190905:0000",-43.3423,172.56574,"Fernside",379,"Rangiora",100088,"Canterbury",1010,11.2,9.9,NA
"5823","20190906:0000",-43.3423,172.56574,"Fernside",379,"Rangiora",100088,"Canterbury",1010,13.7,8.2,NA
"5824","20190907:0000",-43.3423,172.56574,"Fernside",379,"Rangiora",100088,"Canterbury",1010,11.2,7.85,NA
"5825","20190908:0000",-43.3423,172.56574,"Fernside",379,"Rangiora",100088,"Canterbury",1010,5.4,2.8,NA
"5826","20190909:0000",-43.3423,172.56574,"Fernside",379,"Rangiora",100088,"Canterbury",1010,9.4,5.5,NA
"5827","20190910:0000",-43.3423,172.56574,"Fernside",379,"Rangiora",100088,"Canterbury",1010,7.2,5.4,NA
"5828","20190911:0000",-43.3423,172.56574,"Fernside",379,"Rangiora",100088,"Canterbury",1010,13.3,6.75,NA
"5829","20190912:0000",-43.3423,172.56574,"Fernside",379,"Rangiora",100088,"Canterbury",1010,3.6,8.95,NA
"5830","20190913:0000",-43.3423,172.56574,"Fernside",379,"Rangiora",100088,"Canterbury",1010,15.8,11.75,NA
"5831","20190914:0000",-43.3423,172.56574,"Fernside",379,"Rangiora",100088,"Canterbury",1010,3.6,7.75,NA
"5832","20190915:0000",-43.3423,172.56574,"Fernside",379,"Rangiora",100088,"Canterbury",1010,14.4,11.45,NA
"5833","20190916:0000",-43.3423,172.56574,"Fernside",379,"Rangiora",100088,"Canterbury",1010,5.8,11.65,NA
"5834","20190917:0000",-43.3423,172.56574,"Fernside",379,"Rangiora",100088,"Canterbury",1010,19.1,14,NA
"5835","20190918:0000",-43.3423,172.56574,"Fernside",379,"Rangiora",100088,"Canterbury",1010,4.3,5.7,NA
"5836","20190919:0000",-43.3423,172.56574,"Fernside",379,"Rangiora",100088,"Canterbury",1010,3.2,6.4,NA
"5837","20190920:0000",-43.3423,172.56574,"Fernside",379,"Rangiora",100088,"Canterbury",1010,7.9,8.2,NA
"5838","20190921:0000",-43.3423,172.56574,"Fernside",379,"Rangiora",100088,"Canterbury",1010,4,7.3,NA
"5839","20190922:0000",-43.3423,172.56574,"Fernside",379,"Rangiora",100088,"Canterbury",1010,5,10.7,NA
"5840","20190923:0000",-43.3423,172.56574,"Fernside",379,"Rangiora",100088,"Canterbury",1010,10.4,11.3,NA
"5841","20190924:0000",-43.3423,172.56574,"Fernside",379,"Rangiora",100088,"Canterbury",1010,5.8,10.5,NA
"5842","20190925:0000",-43.3423,172.56574,"Fernside",379,"Rangiora",100088,"Canterbury",1010,4.3,7.35,NA
"5843","20190926:0000",-43.3423,172.56574,"Fernside",379,"Rangiora",100088,"Canterbury",1010,7.6,8.4,NA
"5844","20190927:0000",-43.3423,172.56574,"Fernside",379,"Rangiora",100088,"Canterbury",1010,4,8.85,NA
"5845","20190928:0000",-43.3423,172.56574,"Fernside",379,"Rangiora",100088,"Canterbury",1010,2.5,10.4,NA
"5846","20190929:0000",-43.3423,172.56574,"Fernside",379,"Rangiora",100088,"Canterbury",1010,13,15.9,NA
"5847","20190930:0000",-43.3423,172.56574,"Fernside",379,"Rangiora",100088,"Canterbury",1010,5.8,14.75,NA
"5848","20191001:0000",-43.3423,172.56574,"Fernside",379,"Rangiora",100088,"Canterbury",1010,11.5,7.1,NA
"5849","20191002:0000",-43.3423,172.56574,"Fernside",379,"Rangiora",100088,"Canterbury",1010,2.5,4.85,NA
"5850","20191003:0000",-43.3423,172.56574,"Fernside",379,"Rangiora",100088,"Canterbury",1010,5.4,7.05,NA
"5851","20191004:0000",-43.3423,172.56574,"Fernside",379,"Rangiora",100088,"Canterbury",1010,2.2,6.6,NA
"5852","20191005:0000",-43.3423,172.56574,"Fernside",379,"Rangiora",100088,"Canterbury",1010,27,6.7,NA
"5853","20191006:0000",-43.3423,172.56574,"Fernside",379,"Rangiora",100088,"Canterbury",1010,2.5,6.35,NA
"5854","20191007:0000",-43.3423,172.56574,"Fernside",379,"Rangiora",100088,"Canterbury",1010,4.7,8.95,NA
"5855","20191008:0000",-43.3423,172.56574,"Fernside",379,"Rangiora",100088,"Canterbury",1010,3.2,13.7,NA
"5856","20191009:0000",-43.3423,172.56574,"Fernside",379,"Rangiora",100088,"Canterbury",1010,6.8,15.75,NA
"5857","20191010:0000",-43.3423,172.56574,"Fernside",379,"Rangiora",100088,"Canterbury",1010,9.7,16.3,NA
"5858","20191011:0000",-43.3423,172.56574,"Fernside",379,"Rangiora",100088,"Canterbury",1010,6.1,12.45,NA
"5859","20191012:0000",-43.3423,172.56574,"Fernside",379,"Rangiora",100088,"Canterbury",1010,10.1,11,NA
"5860","20191013:0000",-43.3423,172.56574,"Fernside",379,"Rangiora",100088,"Canterbury",1010,8.6,9.95,NA
"5861",NA,-43.3573,172.43224,"Swannanoa",1551,NA,0,"Canterbury",1010,NA,NA,NA
"5862",NA,-43.03447,171.75999,"Arthur's Pass",2064,NA,0,"Canterbury",1010,NA,NA,NA
"5863","20180101:0000",-42.94152,171.56285,"Arthur's Pass National Park",2133,NA,0,"Canterbury",1010,NA,14.6,NA
"5864","20180102:0000",-42.94152,171.56285,"Arthur's Pass National Park",2133,NA,0,"Canterbury",1010,NA,17.25,NA
"5865","20180103:0000",-42.94152,171.56285,"Arthur's Pass National Park",2133,NA,0,"Canterbury",1010,NA,18.65,NA
"5866","20180104:0000",-42.94152,171.56285,"Arthur's Pass National Park",2133,NA,0,"Canterbury",1010,NA,17.8,NA
"5867","20180105:0000",-42.94152,171.56285,"Arthur's Pass National Park",2133,NA,0,"Canterbury",1010,NA,10.05,NA
"5868","20180106:0000",-42.94152,171.56285,"Arthur's Pass National Park",2133,NA,0,"Canterbury",1010,NA,8.05,NA
"5869","20180107:0000",-42.94152,171.56285,"Arthur's Pass National Park",2133,NA,0,"Canterbury",1010,NA,11.9,NA
"5870","20180108:0000",-42.94152,171.56285,"Arthur's Pass National Park",2133,NA,0,"Canterbury",1010,NA,15.4,NA
"5871","20180109:0000",-42.94152,171.56285,"Arthur's Pass National Park",2133,NA,0,"Canterbury",1010,NA,15.35,NA
"5872","20180110:0000",-42.94152,171.56285,"Arthur's Pass National Park",2133,NA,0,"Canterbury",1010,NA,15.2,NA
"5873","20180111:0000",-42.94152,171.56285,"Arthur's Pass National Park",2133,NA,0,"Canterbury",1010,NA,11,NA
"5874","20180112:0000",-42.94152,171.56285,"Arthur's Pass National Park",2133,NA,0,"Canterbury",1010,NA,11.75,NA
"5875","20180113:0000",-42.94152,171.56285,"Arthur's Pass National Park",2133,NA,0,"Canterbury",1010,NA,14.8,NA
"5876","20180114:0000",-42.94152,171.56285,"Arthur's Pass National Park",2133,NA,0,"Canterbury",1010,NA,17.05,NA
"5877","20180115:0000",-42.94152,171.56285,"Arthur's Pass National Park",2133,NA,0,"Canterbury",1010,NA,18.75,NA
"5878","20180116:0000",-42.94152,171.56285,"Arthur's Pass National Park",2133,NA,0,"Canterbury",1010,NA,19.45,NA
"5879","20180117:0000",-42.94152,171.56285,"Arthur's Pass National Park",2133,NA,0,"Canterbury",1010,NA,16.6,NA
"5880","20180118:0000",-42.94152,171.56285,"Arthur's Pass National Park",2133,NA,0,"Canterbury",1010,NA,18.2,NA
"5881","20180119:0000",-42.94152,171.56285,"Arthur's Pass National Park",2133,NA,0,"Canterbury",1010,NA,12.15,NA
"5882","20180120:0000",-42.94152,171.56285,"Arthur's Pass National Park",2133,NA,0,"Canterbury",1010,NA,17.9,NA
"5883","20180121:0000",-42.94152,171.56285,"Arthur's Pass National Park",2133,NA,0,"Canterbury",1010,NA,19.9,NA
"5884","20180122:0000",-42.94152,171.56285,"Arthur's Pass National Park",2133,NA,0,"Canterbury",1010,NA,17,NA
"5885","20180123:0000",-42.94152,171.56285,"Arthur's Pass National Park",2133,NA,0,"Canterbury",1010,NA,18.7,NA
"5886","20180124:0000",-42.94152,171.56285,"Arthur's Pass National Park",2133,NA,0,"Canterbury",1010,NA,17.95,NA
"5887","20180125:0000",-42.94152,171.56285,"Arthur's Pass National Park",2133,NA,0,"Canterbury",1010,NA,20.6,NA
"5888","20180126:0000",-42.94152,171.56285,"Arthur's Pass National Park",2133,NA,0,"Canterbury",1010,NA,19.4,NA
"5889","20180127:0000",-42.94152,171.56285,"Arthur's Pass National Park",2133,NA,0,"Canterbury",1010,NA,21.35,NA
"5890","20180128:0000",-42.94152,171.56285,"Arthur's Pass National Park",2133,NA,0,"Canterbury",1010,NA,20.85,NA
"5891","20180129:0000",-42.94152,171.56285,"Arthur's Pass National Park",2133,NA,0,"Canterbury",1010,NA,19.75,NA
"5892","20180130:0000",-42.94152,171.56285,"Arthur's Pass National Park",2133,NA,0,"Canterbury",1010,NA,19.85,NA
"5893","20180131:0000",-42.94152,171.56285,"Arthur's Pass National Park",2133,NA,0,"Canterbury",1010,NA,17.95,NA
"5894","20180201:0000",-42.94152,171.56285,"Arthur's Pass National Park",2133,NA,0,"Canterbury",1010,NA,16.8,NA
"5895","20180202:0000",-42.94152,171.56285,"Arthur's Pass National Park",2133,NA,0,"Canterbury",1010,NA,9.25,NA
"5896","20180203:0000",-42.94152,171.56285,"Arthur's Pass National Park",2133,NA,0,"Canterbury",1010,NA,11,NA
"5897","20180204:0000",-42.94152,171.56285,"Arthur's Pass National Park",2133,NA,0,"Canterbury",1010,NA,10.4,NA
"5898","20180205:0000",-42.94152,171.56285,"Arthur's Pass National Park",2133,NA,0,"Canterbury",1010,NA,11.55,NA
"5899","20180206:0000",-42.94152,171.56285,"Arthur's Pass National Park",2133,NA,0,"Canterbury",1010,NA,11.8,NA
"5900","20180207:0000",-42.94152,171.56285,"Arthur's Pass National Park",2133,NA,0,"Canterbury",1010,NA,14.25,NA
"5901","20180208:0000",-42.94152,171.56285,"Arthur's Pass National Park",2133,NA,0,"Canterbury",1010,NA,14.15,NA
"5902","20180209:0000",-42.94152,171.56285,"Arthur's Pass National Park",2133,NA,0,"Canterbury",1010,NA,14.25,NA
"5903","20180210:0000",-42.94152,171.56285,"Arthur's Pass National Park",2133,NA,0,"Canterbury",1010,NA,16.35,NA
"5904","20180211:0000",-42.94152,171.56285,"Arthur's Pass National Park",2133,NA,0,"Canterbury",1010,NA,12.7,NA
"5905","20180212:0000",-42.94152,171.56285,"Arthur's Pass National Park",2133,NA,0,"Canterbury",1010,NA,17.2,NA
"5906","20180213:0000",-42.94152,171.56285,"Arthur's Pass National Park",2133,NA,0,"Canterbury",1010,NA,14.9,NA
"5907","20180214:0000",-42.94152,171.56285,"Arthur's Pass National Park",2133,NA,0,"Canterbury",1010,NA,15.6,NA
"5908","20180215:0000",-42.94152,171.56285,"Arthur's Pass National Park",2133,NA,0,"Canterbury",1010,NA,14.2,NA
"5909","20180216:0000",-42.94152,171.56285,"Arthur's Pass National Park",2133,NA,0,"Canterbury",1010,NA,15.2,NA
"5910","20180217:0000",-42.94152,171.56285,"Arthur's Pass National Park",2133,NA,0,"Canterbury",1010,NA,16.3,NA
"5911","20180218:0000",-42.94152,171.56285,"Arthur's Pass National Park",2133,NA,0,"Canterbury",1010,NA,13.9,NA
"5912","20180219:0000",-42.94152,171.56285,"Arthur's Pass National Park",2133,NA,0,"Canterbury",1010,NA,13.15,NA
"5913","20180220:0000",-42.94152,171.56285,"Arthur's Pass National Park",2133,NA,0,"Canterbury",1010,NA,10.55,NA
"5914","20180221:0000",-42.94152,171.56285,"Arthur's Pass National Park",2133,NA,0,"Canterbury",1010,NA,8.25,NA
"5915","20180222:0000",-42.94152,171.56285,"Arthur's Pass National Park",2133,NA,0,"Canterbury",1010,NA,11.15,NA
"5916","20180223:0000",-42.94152,171.56285,"Arthur's Pass National Park",2133,NA,0,"Canterbury",1010,NA,10.55,NA
"5917","20180224:0000",-42.94152,171.56285,"Arthur's Pass National Park",2133,NA,0,"Canterbury",1010,NA,13.8,NA
"5918","20180225:0000",-42.94152,171.56285,"Arthur's Pass National Park",2133,NA,0,"Canterbury",1010,NA,15.15,NA
"5919","20180226:0000",-42.94152,171.56285,"Arthur's Pass National Park",2133,NA,0,"Canterbury",1010,NA,12,NA
"5920","20180227:0000",-42.94152,171.56285,"Arthur's Pass National Park",2133,NA,0,"Canterbury",1010,NA,11.3,NA
"5921","20180228:0000",-42.94152,171.56285,"Arthur's Pass National Park",2133,NA,0,"Canterbury",1010,NA,NA,NA
"5922","20180301:0000",-42.94152,171.56285,"Arthur's Pass National Park",2133,NA,0,"Canterbury",1010,NA,15.8,NA
"5923","20180302:0000",-42.94152,171.56285,"Arthur's Pass National Park",2133,NA,0,"Canterbury",1010,NA,15.45,NA
"5924","20180303:0000",-42.94152,171.56285,"Arthur's Pass National Park",2133,NA,0,"Canterbury",1010,NA,16.7,NA
"5925","20180304:0000",-42.94152,171.56285,"Arthur's Pass National Park",2133,NA,0,"Canterbury",1010,NA,14.75,NA
"5926","20180305:0000",-42.94152,171.56285,"Arthur's Pass National Park",2133,NA,0,"Canterbury",1010,NA,17.1,NA
"5927","20180306:0000",-42.94152,171.56285,"Arthur's Pass National Park",2133,NA,0,"Canterbury",1010,NA,14.9,NA
"5928","20180307:0000",-42.94152,171.56285,"Arthur's Pass National Park",2133,NA,0,"Canterbury",1010,NA,10.9,NA
"5929","20180308:0000",-42.94152,171.56285,"Arthur's Pass National Park",2133,NA,0,"Canterbury",1010,NA,12.65,NA
"5930","20180309:0000",-42.94152,171.56285,"Arthur's Pass National Park",2133,NA,0,"Canterbury",1010,NA,9.05,NA
"5931","20180310:0000",-42.94152,171.56285,"Arthur's Pass National Park",2133,NA,0,"Canterbury",1010,NA,12.3,NA
"5932","20180311:0000",-42.94152,171.56285,"Arthur's Pass National Park",2133,NA,0,"Canterbury",1010,NA,12.45,NA
"5933","20180312:0000",-42.94152,171.56285,"Arthur's Pass National Park",2133,NA,0,"Canterbury",1010,NA,12.3,NA
"5934","20180313:0000",-42.94152,171.56285,"Arthur's Pass National Park",2133,NA,0,"Canterbury",1010,NA,12.5,NA
"5935","20180314:0000",-42.94152,171.56285,"Arthur's Pass National Park",2133,NA,0,"Canterbury",1010,NA,11.25,NA
"5936","20180315:0000",-42.94152,171.56285,"Arthur's Pass National Park",2133,NA,0,"Canterbury",1010,NA,10.6,NA
"5937","20180316:0000",-42.94152,171.56285,"Arthur's Pass National Park",2133,NA,0,"Canterbury",1010,NA,13.15,NA
"5938","20180317:0000",-42.94152,171.56285,"Arthur's Pass National Park",2133,NA,0,"Canterbury",1010,NA,10.85,NA
"5939","20180318:0000",-42.94152,171.56285,"Arthur's Pass National Park",2133,NA,0,"Canterbury",1010,NA,11.75,NA
"5940","20180319:0000",-42.94152,171.56285,"Arthur's Pass National Park",2133,NA,0,"Canterbury",1010,NA,11.85,NA
"5941","20180320:0000",-42.94152,171.56285,"Arthur's Pass National Park",2133,NA,0,"Canterbury",1010,NA,13.35,NA
"5942","20180321:0000",-42.94152,171.56285,"Arthur's Pass National Park",2133,NA,0,"Canterbury",1010,NA,13.1,NA
"5943","20180322:0000",-42.94152,171.56285,"Arthur's Pass National Park",2133,NA,0,"Canterbury",1010,NA,8.1,NA
"5944","20180323:0000",-42.94152,171.56285,"Arthur's Pass National Park",2133,NA,0,"Canterbury",1010,NA,5,NA
"5945","20180324:0000",-42.94152,171.56285,"Arthur's Pass National Park",2133,NA,0,"Canterbury",1010,NA,7.4,NA
"5946","20180325:0000",-42.94152,171.56285,"Arthur's Pass National Park",2133,NA,0,"Canterbury",1010,NA,9.7,NA
"5947","20180326:0000",-42.94152,171.56285,"Arthur's Pass National Park",2133,NA,0,"Canterbury",1010,NA,11.55,NA
"5948","20180327:0000",-42.94152,171.56285,"Arthur's Pass National Park",2133,NA,0,"Canterbury",1010,NA,13.9,NA
"5949","20180328:0000",-42.94152,171.56285,"Arthur's Pass National Park",2133,NA,0,"Canterbury",1010,NA,13.6,NA
"5950","20180329:0000",-42.94152,171.56285,"Arthur's Pass National Park",2133,NA,0,"Canterbury",1010,NA,13,NA
"5951","20180330:0000",-42.94152,171.56285,"Arthur's Pass National Park",2133,NA,0,"Canterbury",1010,NA,10.9,NA
"5952","20180331:0000",-42.94152,171.56285,"Arthur's Pass National Park",2133,NA,0,"Canterbury",1010,NA,10.65,NA
"5953","20180401:0000",-42.94152,171.56285,"Arthur's Pass National Park",2133,NA,0,"Canterbury",1010,NA,8.5,NA
"5954","20180402:0000",-42.94152,171.56285,"Arthur's Pass National Park",2133,NA,0,"Canterbury",1010,NA,9.7,NA
"5955","20180403:0000",-42.94152,171.56285,"Arthur's Pass National Park",2133,NA,0,"Canterbury",1010,NA,12.1,NA
"5956","20180404:0000",-42.94152,171.56285,"Arthur's Pass National Park",2133,NA,0,"Canterbury",1010,NA,9.65,NA
"5957","20180405:0000",-42.94152,171.56285,"Arthur's Pass National Park",2133,NA,0,"Canterbury",1010,NA,12.1,NA
"5958","20180406:0000",-42.94152,171.56285,"Arthur's Pass National Park",2133,NA,0,"Canterbury",1010,NA,10.7,NA
"5959","20180407:0000",-42.94152,171.56285,"Arthur's Pass National Park",2133,NA,0,"Canterbury",1010,NA,10.95,NA
"5960","20180408:0000",-42.94152,171.56285,"Arthur's Pass National Park",2133,NA,0,"Canterbury",1010,NA,8.2,NA
"5961","20180409:0000",-42.94152,171.56285,"Arthur's Pass National Park",2133,NA,0,"Canterbury",1010,NA,8.8,NA
"5962","20180410:0000",-42.94152,171.56285,"Arthur's Pass National Park",2133,NA,0,"Canterbury",1010,NA,1,NA
"5963","20180411:0000",-42.94152,171.56285,"Arthur's Pass National Park",2133,NA,0,"Canterbury",1010,NA,2.25,NA
"5964","20180412:0000",-42.94152,171.56285,"Arthur's Pass National Park",2133,NA,0,"Canterbury",1010,NA,1.6,NA
"5965","20180413:0000",-42.94152,171.56285,"Arthur's Pass National Park",2133,NA,0,"Canterbury",1010,NA,3.4,NA
"5966","20180414:0000",-42.94152,171.56285,"Arthur's Pass National Park",2133,NA,0,"Canterbury",1010,NA,4.2,NA
"5967","20180415:0000",-42.94152,171.56285,"Arthur's Pass National Park",2133,NA,0,"Canterbury",1010,NA,5.9,NA
"5968","20180416:0000",-42.94152,171.56285,"Arthur's Pass National Park",2133,NA,0,"Canterbury",1010,NA,9.6,NA
"5969","20180417:0000",-42.94152,171.56285,"Arthur's Pass National Park",2133,NA,0,"Canterbury",1010,NA,8.5,NA
"5970","20180418:0000",-42.94152,171.56285,"Arthur's Pass National Park",2133,NA,0,"Canterbury",1010,NA,6.4,NA
"5971","20180419:0000",-42.94152,171.56285,"Arthur's Pass National Park",2133,NA,0,"Canterbury",1010,NA,7.55,NA
"5972","20180420:0000",-42.94152,171.56285,"Arthur's Pass National Park",2133,NA,0,"Canterbury",1010,NA,9.1,NA
"5973","20180421:0000",-42.94152,171.56285,"Arthur's Pass National Park",2133,NA,0,"Canterbury",1010,NA,8.8,NA
"5974","20180422:0000",-42.94152,171.56285,"Arthur's Pass National Park",2133,NA,0,"Canterbury",1010,NA,5,NA
"5975","20180423:0000",-42.94152,171.56285,"Arthur's Pass National Park",2133,NA,0,"Canterbury",1010,NA,NA,NA
"5976","20180424:0000",-42.94152,171.56285,"Arthur's Pass National Park",2133,NA,0,"Canterbury",1010,NA,6.05,NA
"5977","20180425:0000",-42.94152,171.56285,"Arthur's Pass National Park",2133,NA,0,"Canterbury",1010,NA,7.05,NA
"5978","20180426:0000",-42.94152,171.56285,"Arthur's Pass National Park",2133,NA,0,"Canterbury",1010,NA,9.4,NA
"5979","20180427:0000",-42.94152,171.56285,"Arthur's Pass National Park",2133,NA,0,"Canterbury",1010,NA,6.75,NA
"5980","20180428:0000",-42.94152,171.56285,"Arthur's Pass National Park",2133,NA,0,"Canterbury",1010,NA,7.85,NA
"5981","20180429:0000",-42.94152,171.56285,"Arthur's Pass National Park",2133,NA,0,"Canterbury",1010,NA,6.45,NA
"5982","20180430:0000",-42.94152,171.56285,"Arthur's Pass National Park",2133,NA,0,"Canterbury",1010,NA,6.75,NA
"5983","20180501:0000",-42.94152,171.56285,"Arthur's Pass National Park",2133,NA,0,"Canterbury",1010,NA,8.05,NA
"5984","20180502:0000",-42.94152,171.56285,"Arthur's Pass National Park",2133,NA,0,"Canterbury",1010,NA,8.65,NA
"5985","20180503:0000",-42.94152,171.56285,"Arthur's Pass National Park",2133,NA,0,"Canterbury",1010,NA,7.6,NA
"5986","20180504:0000",-42.94152,171.56285,"Arthur's Pass National Park",2133,NA,0,"Canterbury",1010,NA,8.25,NA
"5987","20180505:0000",-42.94152,171.56285,"Arthur's Pass National Park",2133,NA,0,"Canterbury",1010,NA,8.35,NA
"5988","20180506:0000",-42.94152,171.56285,"Arthur's Pass National Park",2133,NA,0,"Canterbury",1010,NA,8.7,NA
"5989","20180507:0000",-42.94152,171.56285,"Arthur's Pass National Park",2133,NA,0,"Canterbury",1010,NA,7.15,NA
"5990","20180508:0000",-42.94152,171.56285,"Arthur's Pass National Park",2133,NA,0,"Canterbury",1010,NA,9.2,NA
"5991","20180509:0000",-42.94152,171.56285,"Arthur's Pass National Park",2133,NA,0,"Canterbury",1010,NA,9.1,NA
"5992","20180510:0000",-42.94152,171.56285,"Arthur's Pass National Park",2133,NA,0,"Canterbury",1010,NA,7.8,NA
"5993","20180511:0000",-42.94152,171.56285,"Arthur's Pass National Park",2133,NA,0,"Canterbury",1010,NA,9.9,NA
"5994","20180512:0000",-42.94152,171.56285,"Arthur's Pass National Park",2133,NA,0,"Canterbury",1010,NA,8.75,NA
"5995","20180513:0000",-42.94152,171.56285,"Arthur's Pass National Park",2133,NA,0,"Canterbury",1010,NA,4.45,NA
"5996","20180514:0000",-42.94152,171.56285,"Arthur's Pass National Park",2133,NA,0,"Canterbury",1010,NA,7,NA
"5997","20180515:0000",-42.94152,171.56285,"Arthur's Pass National Park",2133,NA,0,"Canterbury",1010,NA,7.85,NA
"5998","20180516:0000",-42.94152,171.56285,"Arthur's Pass National Park",2133,NA,0,"Canterbury",1010,NA,6.2,NA
"5999","20180517:0000",-42.94152,171.56285,"Arthur's Pass National Park",2133,NA,0,"Canterbury",1010,NA,4.4,NA
"6000","20180518:0000",-42.94152,171.56285,"Arthur's Pass National Park",2133,NA,0,"Canterbury",1010,NA,5.7,NA
"6001","20180519:0000",-42.94152,171.56285,"Arthur's Pass National Park",2133,NA,0,"Canterbury",1010,NA,7.4,NA
"6002","20180520:0000",-42.94152,171.56285,"Arthur's Pass National Park",2133,NA,0,"Canterbury",1010,NA,6.6,NA
"6003","20180521:0000",-42.94152,171.56285,"Arthur's Pass National Park",2133,NA,0,"Canterbury",1010,NA,4.3,NA
"6004","20180522:0000",-42.94152,171.56285,"Arthur's Pass National Park",2133,NA,0,"Canterbury",1010,NA,4.55,NA
"6005","20180523:0000",-42.94152,171.56285,"Arthur's Pass National Park",2133,NA,0,"Canterbury",1010,NA,2.8,NA
"6006","20180524:0000",-42.94152,171.56285,"Arthur's Pass National Park",2133,NA,0,"Canterbury",1010,NA,1.7,NA
"6007","20180525:0000",-42.94152,171.56285,"Arthur's Pass National Park",2133,NA,0,"Canterbury",1010,NA,1.35,NA
"6008","20180526:0000",-42.94152,171.56285,"Arthur's Pass National Park",2133,NA,0,"Canterbury",1010,NA,1.3,NA
"6009","20180527:0000",-42.94152,171.56285,"Arthur's Pass National Park",2133,NA,0,"Canterbury",1010,NA,0.15,NA
"6010","20180528:0000",-42.94152,171.56285,"Arthur's Pass National Park",2133,NA,0,"Canterbury",1010,NA,3.05,NA
"6011","20180529:0000",-42.94152,171.56285,"Arthur's Pass National Park",2133,NA,0,"Canterbury",1010,NA,1.1,NA
"6012","20180530:0000",-42.94152,171.56285,"Arthur's Pass National Park",2133,NA,0,"Canterbury",1010,NA,1.4,NA
"6013","20180531:0000",-42.94152,171.56285,"Arthur's Pass National Park",2133,NA,0,"Canterbury",1010,NA,0.25,NA
"6014","20180601:0000",-42.94152,171.56285,"Arthur's Pass National Park",2133,NA,0,"Canterbury",1010,NA,-0.85,NA
"6015","20180602:0000",-42.94152,171.56285,"Arthur's Pass National Park",2133,NA,0,"Canterbury",1010,NA,0.9,NA
"6016","20180603:0000",-42.94152,171.56285,"Arthur's Pass National Park",2133,NA,0,"Canterbury",1010,NA,0.45,NA
"6017","20180604:0000",-42.94152,171.56285,"Arthur's Pass National Park",2133,NA,0,"Canterbury",1010,NA,2.15,NA
"6018","20180605:0000",-42.94152,171.56285,"Arthur's Pass National Park",2133,NA,0,"Canterbury",1010,NA,6.1,NA
"6019","20180606:0000",-42.94152,171.56285,"Arthur's Pass National Park",2133,NA,0,"Canterbury",1010,NA,0.3,NA
"6020","20180607:0000",-42.94152,171.56285,"Arthur's Pass National Park",2133,NA,0,"Canterbury",1010,NA,0.55,NA
"6021","20180608:0000",-42.94152,171.56285,"Arthur's Pass National Park",2133,NA,0,"Canterbury",1010,NA,4.05,NA
"6022","20180609:0000",-42.94152,171.56285,"Arthur's Pass National Park",2133,NA,0,"Canterbury",1010,NA,4.35,NA
"6023","20180610:0000",-42.94152,171.56285,"Arthur's Pass National Park",2133,NA,0,"Canterbury",1010,NA,7.25,NA
"6024","20180611:0000",-42.94152,171.56285,"Arthur's Pass National Park",2133,NA,0,"Canterbury",1010,NA,6.4,NA
"6025","20180612:0000",-42.94152,171.56285,"Arthur's Pass National Park",2133,NA,0,"Canterbury",1010,NA,4.5,NA
"6026","20180613:0000",-42.94152,171.56285,"Arthur's Pass National Park",2133,NA,0,"Canterbury",1010,NA,6.25,NA
"6027","20180614:0000",-42.94152,171.56285,"Arthur's Pass National Park",2133,NA,0,"Canterbury",1010,NA,5.8,NA
"6028","20180615:0000",-42.94152,171.56285,"Arthur's Pass National Park",2133,NA,0,"Canterbury",1010,NA,5.2,NA
"6029","20180616:0000",-42.94152,171.56285,"Arthur's Pass National Park",2133,NA,0,"Canterbury",1010,NA,7.6,NA
"6030","20180617:0000",-42.94152,171.56285,"Arthur's Pass National Park",2133,NA,0,"Canterbury",1010,NA,4.75,NA
"6031","20180618:0000",-42.94152,171.56285,"Arthur's Pass National Park",2133,NA,0,"Canterbury",1010,NA,2.75,NA
"6032","20180619:0000",-42.94152,171.56285,"Arthur's Pass National Park",2133,NA,0,"Canterbury",1010,NA,3.8,NA
"6033","20180620:0000",-42.94152,171.56285,"Arthur's Pass National Park",2133,NA,0,"Canterbury",1010,NA,5.25,NA
"6034","20180621:0000",-42.94152,171.56285,"Arthur's Pass National Park",2133,NA,0,"Canterbury",1010,NA,2.9,NA
"6035","20180622:0000",-42.94152,171.56285,"Arthur's Pass National Park",2133,NA,0,"Canterbury",1010,NA,1.65,NA
"6036","20180623:0000",-42.94152,171.56285,"Arthur's Pass National Park",2133,NA,0,"Canterbury",1010,NA,1.3,NA
"6037","20180624:0000",-42.94152,171.56285,"Arthur's Pass National Park",2133,NA,0,"Canterbury",1010,NA,3.85,NA
"6038","20180625:0000",-42.94152,171.56285,"Arthur's Pass National Park",2133,NA,0,"Canterbury",1010,NA,0.9,NA
"6039","20180626:0000",-42.94152,171.56285,"Arthur's Pass National Park",2133,NA,0,"Canterbury",1010,NA,0.55,NA
"6040","20180627:0000",-42.94152,171.56285,"Arthur's Pass National Park",2133,NA,0,"Canterbury",1010,NA,-0.15,NA
"6041","20180628:0000",-42.94152,171.56285,"Arthur's Pass National Park",2133,NA,0,"Canterbury",1010,NA,1.25,NA
"6042","20180629:0000",-42.94152,171.56285,"Arthur's Pass National Park",2133,NA,0,"Canterbury",1010,NA,-0.1,NA
"6043","20180630:0000",-42.94152,171.56285,"Arthur's Pass National Park",2133,NA,0,"Canterbury",1010,NA,0.85,NA
"6044","20180701:0000",-42.94152,171.56285,"Arthur's Pass National Park",2133,NA,0,"Canterbury",1010,NA,2.7,NA
"6045","20180702:0000",-42.94152,171.56285,"Arthur's Pass National Park",2133,NA,0,"Canterbury",1010,NA,4.65,NA
"6046","20180703:0000",-42.94152,171.56285,"Arthur's Pass National Park",2133,NA,0,"Canterbury",1010,NA,3.1,NA
"6047","20180704:0000",-42.94152,171.56285,"Arthur's Pass National Park",2133,NA,0,"Canterbury",1010,NA,1.75,NA
"6048","20180705:0000",-42.94152,171.56285,"Arthur's Pass National Park",2133,NA,0,"Canterbury",1010,NA,3.7,NA
"6049","20180706:0000",-42.94152,171.56285,"Arthur's Pass National Park",2133,NA,0,"Canterbury",1010,NA,4.15,NA
"6050","20180707:0000",-42.94152,171.56285,"Arthur's Pass National Park",2133,NA,0,"Canterbury",1010,NA,6.45,NA
"6051","20180708:0000",-42.94152,171.56285,"Arthur's Pass National Park",2133,NA,0,"Canterbury",1010,NA,6.35,NA
"6052","20180709:0000",-42.94152,171.56285,"Arthur's Pass National Park",2133,NA,0,"Canterbury",1010,NA,2.3,NA
"6053","20180710:0000",-42.94152,171.56285,"Arthur's Pass National Park",2133,NA,0,"Canterbury",1010,NA,2.6,NA
"6054","20180711:0000",-42.94152,171.56285,"Arthur's Pass National Park",2133,NA,0,"Canterbury",1010,NA,2.2,NA
"6055","20180712:0000",-42.94152,171.56285,"Arthur's Pass National Park",2133,NA,0,"Canterbury",1010,NA,3.85,NA
"6056","20180713:0000",-42.94152,171.56285,"Arthur's Pass National Park",2133,NA,0,"Canterbury",1010,NA,1.7,NA
"6057","20180714:0000",-42.94152,171.56285,"Arthur's Pass National Park",2133,NA,0,"Canterbury",1010,NA,4.4,NA
"6058","20180715:0000",-42.94152,171.56285,"Arthur's Pass National Park",2133,NA,0,"Canterbury",1010,NA,1.25,NA
"6059","20180716:0000",-42.94152,171.56285,"Arthur's Pass National Park",2133,NA,0,"Canterbury",1010,NA,2.4,NA
"6060","20180717:0000",-42.94152,171.56285,"Arthur's Pass National Park",2133,NA,0,"Canterbury",1010,NA,5.5,NA
"6061","20180718:0000",-42.94152,171.56285,"Arthur's Pass National Park",2133,NA,0,"Canterbury",1010,NA,2.6,NA
"6062","20180719:0000",-42.94152,171.56285,"Arthur's Pass National Park",2133,NA,0,"Canterbury",1010,NA,1.15,NA
"6063","20180720:0000",-42.94152,171.56285,"Arthur's Pass National Park",2133,NA,0,"Canterbury",1010,NA,3.95,NA
"6064","20180721:0000",-42.94152,171.56285,"Arthur's Pass National Park",2133,NA,0,"Canterbury",1010,NA,5.85,NA
"6065","20180722:0000",-42.94152,171.56285,"Arthur's Pass National Park",2133,NA,0,"Canterbury",1010,NA,3.25,NA
"6066","20180723:0000",-42.94152,171.56285,"Arthur's Pass National Park",2133,NA,0,"Canterbury",1010,NA,2.55,NA
"6067","20180724:0000",-42.94152,171.56285,"Arthur's Pass National Park",2133,NA,0,"Canterbury",1010,NA,2.1,NA
"6068","20180725:0000",-42.94152,171.56285,"Arthur's Pass National Park",2133,NA,0,"Canterbury",1010,NA,2.6,NA
"6069","20180726:0000",-42.94152,171.56285,"Arthur's Pass National Park",2133,NA,0,"Canterbury",1010,NA,NA,NA
"6070","20180727:0000",-42.94152,171.56285,"Arthur's Pass National Park",2133,NA,0,"Canterbury",1010,NA,3.25,NA
"6071","20180728:0000",-42.94152,171.56285,"Arthur's Pass National Park",2133,NA,0,"Canterbury",1010,NA,3.8,NA
"6072","20180729:0000",-42.94152,171.56285,"Arthur's Pass National Park",2133,NA,0,"Canterbury",1010,NA,5.5,NA
"6073","20180730:0000",-42.94152,171.56285,"Arthur's Pass National Park",2133,NA,0,"Canterbury",1010,NA,2.05,NA
"6074","20180731:0000",-42.94152,171.56285,"Arthur's Pass National Park",2133,NA,0,"Canterbury",1010,NA,5.9,NA
"6075","20180801:0000",-42.94152,171.56285,"Arthur's Pass National Park",2133,NA,0,"Canterbury",1010,NA,6.5,NA
"6076","20180802:0000",-42.94152,171.56285,"Arthur's Pass National Park",2133,NA,0,"Canterbury",1010,NA,5.2,NA
"6077","20180803:0000",-42.94152,171.56285,"Arthur's Pass National Park",2133,NA,0,"Canterbury",1010,NA,4.35,NA
"6078","20180804:0000",-42.94152,171.56285,"Arthur's Pass National Park",2133,NA,0,"Canterbury",1010,NA,5.4,NA
"6079","20180805:0000",-42.94152,171.56285,"Arthur's Pass National Park",2133,NA,0,"Canterbury",1010,NA,3.75,NA
"6080","20180806:0000",-42.94152,171.56285,"Arthur's Pass National Park",2133,NA,0,"Canterbury",1010,NA,2.9,NA
"6081","20180807:0000",-42.94152,171.56285,"Arthur's Pass National Park",2133,NA,0,"Canterbury",1010,NA,4,NA
"6082","20180808:0000",-42.94152,171.56285,"Arthur's Pass National Park",2133,NA,0,"Canterbury",1010,NA,4.35,NA
"6083","20180809:0000",-42.94152,171.56285,"Arthur's Pass National Park",2133,NA,0,"Canterbury",1010,NA,5.95,NA
"6084","20180810:0000",-42.94152,171.56285,"Arthur's Pass National Park",2133,NA,0,"Canterbury",1010,NA,6.05,NA
"6085","20180811:0000",-42.94152,171.56285,"Arthur's Pass National Park",2133,NA,0,"Canterbury",1010,NA,4.65,NA
"6086","20180812:0000",-42.94152,171.56285,"Arthur's Pass National Park",2133,NA,0,"Canterbury",1010,NA,4.35,NA
"6087","20180813:0000",-42.94152,171.56285,"Arthur's Pass National Park",2133,NA,0,"Canterbury",1010,NA,5.3,NA
"6088","20180814:0000",-42.94152,171.56285,"Arthur's Pass National Park",2133,NA,0,"Canterbury",1010,NA,5.8,NA
"6089","20180815:0000",-42.94152,171.56285,"Arthur's Pass National Park",2133,NA,0,"Canterbury",1010,NA,6.15,NA
"6090","20180816:0000",-42.94152,171.56285,"Arthur's Pass National Park",2133,NA,0,"Canterbury",1010,NA,4.35,NA
"6091","20180817:0000",-42.94152,171.56285,"Arthur's Pass National Park",2133,NA,0,"Canterbury",1010,NA,4.35,NA
"6092","20180818:0000",-42.94152,171.56285,"Arthur's Pass National Park",2133,NA,0,"Canterbury",1010,NA,4.05,NA
"6093","20180819:0000",-42.94152,171.56285,"Arthur's Pass National Park",2133,NA,0,"Canterbury",1010,NA,2.8,NA
"6094","20180820:0000",-42.94152,171.56285,"Arthur's Pass National Park",2133,NA,0,"Canterbury",1010,NA,1.95,NA
"6095","20180821:0000",-42.94152,171.56285,"Arthur's Pass National Park",2133,NA,0,"Canterbury",1010,NA,4.8,NA
"6096","20180822:0000",-42.94152,171.56285,"Arthur's Pass National Park",2133,NA,0,"Canterbury",1010,NA,3.55,NA
"6097","20180823:0000",-42.94152,171.56285,"Arthur's Pass National Park",2133,NA,0,"Canterbury",1010,NA,2.45,NA
"6098","20180824:0000",-42.94152,171.56285,"Arthur's Pass National Park",2133,NA,0,"Canterbury",1010,NA,NA,NA
"6099","20180825:0000",-42.94152,171.56285,"Arthur's Pass National Park",2133,NA,0,"Canterbury",1010,NA,3.9,NA
"6100","20180826:0000",-42.94152,171.56285,"Arthur's Pass National Park",2133,NA,0,"Canterbury",1010,NA,5.9,NA
"6101","20180827:0000",-42.94152,171.56285,"Arthur's Pass National Park",2133,NA,0,"Canterbury",1010,NA,7.65,NA
"6102","20180828:0000",-42.94152,171.56285,"Arthur's Pass National Park",2133,NA,0,"Canterbury",1010,NA,6.6,NA
"6103","20180829:0000",-42.94152,171.56285,"Arthur's Pass National Park",2133,NA,0,"Canterbury",1010,NA,4.3,NA
"6104","20180830:0000",-42.94152,171.56285,"Arthur's Pass National Park",2133,NA,0,"Canterbury",1010,NA,6.05,NA
"6105","20180831:0000",-42.94152,171.56285,"Arthur's Pass National Park",2133,NA,0,"Canterbury",1010,NA,6,NA
"6106","20180901:0000",-42.94152,171.56285,"Arthur's Pass National Park",2133,NA,0,"Canterbury",1010,NA,4.35,NA
"6107","20180902:0000",-42.94152,171.56285,"Arthur's Pass National Park",2133,NA,0,"Canterbury",1010,NA,6.5,NA
"6108","20180903:0000",-42.94152,171.56285,"Arthur's Pass National Park",2133,NA,0,"Canterbury",1010,NA,3.25,NA
"6109","20180904:0000",-42.94152,171.56285,"Arthur's Pass National Park",2133,NA,0,"Canterbury",1010,NA,4.8,NA
"6110","20180905:0000",-42.94152,171.56285,"Arthur's Pass National Park",2133,NA,0,"Canterbury",1010,NA,5.1,NA
"6111","20180906:0000",-42.94152,171.56285,"Arthur's Pass National Park",2133,NA,0,"Canterbury",1010,NA,5.05,NA
"6112","20180907:0000",-42.94152,171.56285,"Arthur's Pass National Park",2133,NA,0,"Canterbury",1010,NA,5.3,NA
"6113","20180908:0000",-42.94152,171.56285,"Arthur's Pass National Park",2133,NA,0,"Canterbury",1010,NA,4.8,NA
"6114","20180909:0000",-42.94152,171.56285,"Arthur's Pass National Park",2133,NA,0,"Canterbury",1010,NA,5.15,NA
"6115","20180910:0000",-42.94152,171.56285,"Arthur's Pass National Park",2133,NA,0,"Canterbury",1010,NA,6.45,NA
"6116","20180911:0000",-42.94152,171.56285,"Arthur's Pass National Park",2133,NA,0,"Canterbury",1010,NA,7.5,NA
"6117","20180912:0000",-42.94152,171.56285,"Arthur's Pass National Park",2133,NA,0,"Canterbury",1010,NA,7.25,NA
"6118","20180913:0000",-42.94152,171.56285,"Arthur's Pass National Park",2133,NA,0,"Canterbury",1010,NA,7.75,NA
"6119","20180914:0000",-42.94152,171.56285,"Arthur's Pass National Park",2133,NA,0,"Canterbury",1010,NA,10.35,NA
"6120","20180915:0000",-42.94152,171.56285,"Arthur's Pass National Park",2133,NA,0,"Canterbury",1010,NA,9.05,NA
"6121","20180916:0000",-42.94152,171.56285,"Arthur's Pass National Park",2133,NA,0,"Canterbury",1010,NA,6.55,NA
"6122","20180917:0000",-42.94152,171.56285,"Arthur's Pass National Park",2133,NA,0,"Canterbury",1010,NA,7.5,NA
"6123","20180918:0000",-42.94152,171.56285,"Arthur's Pass National Park",2133,NA,0,"Canterbury",1010,NA,NA,NA
"6124","20180919:0000",-42.94152,171.56285,"Arthur's Pass National Park",2133,NA,0,"Canterbury",1010,NA,7.05,NA
"6125","20180920:0000",-42.94152,171.56285,"Arthur's Pass National Park",2133,NA,0,"Canterbury",1010,NA,7.75,NA
"6126","20180921:0000",-42.94152,171.56285,"Arthur's Pass National Park",2133,NA,0,"Canterbury",1010,NA,8.95,NA
"6127","20180922:0000",-42.94152,171.56285,"Arthur's Pass National Park",2133,NA,0,"Canterbury",1010,NA,8.8,NA
"6128","20180923:0000",-42.94152,171.56285,"Arthur's Pass National Park",2133,NA,0,"Canterbury",1010,NA,7.25,NA
"6129","20180924:0000",-42.94152,171.56285,"Arthur's Pass National Park",2133,NA,0,"Canterbury",1010,NA,6.45,NA
"6130","20180925:0000",-42.94152,171.56285,"Arthur's Pass National Park",2133,NA,0,"Canterbury",1010,NA,4.95,NA
"6131","20180926:0000",-42.94152,171.56285,"Arthur's Pass National Park",2133,NA,0,"Canterbury",1010,NA,5.25,NA
"6132","20180927:0000",-42.94152,171.56285,"Arthur's Pass National Park",2133,NA,0,"Canterbury",1010,NA,7.45,NA
"6133","20180928:0000",-42.94152,171.56285,"Arthur's Pass National Park",2133,NA,0,"Canterbury",1010,NA,5.7,NA
"6134","20180929:0000",-42.94152,171.56285,"Arthur's Pass National Park",2133,NA,0,"Canterbury",1010,NA,6.35,NA
"6135","20180930:0000",-42.94152,171.56285,"Arthur's Pass National Park",2133,NA,0,"Canterbury",1010,NA,7,NA
"6136","20181001:0000",-42.94152,171.56285,"Arthur's Pass National Park",2133,NA,0,"Canterbury",1010,NA,8.6,NA
"6137","20181002:0000",-42.94152,171.56285,"Arthur's Pass National Park",2133,NA,0,"Canterbury",1010,NA,7.7,NA
"6138","20181003:0000",-42.94152,171.56285,"Arthur's Pass National Park",2133,NA,0,"Canterbury",1010,NA,7.5,NA
"6139","20181004:0000",-42.94152,171.56285,"Arthur's Pass National Park",2133,NA,0,"Canterbury",1010,NA,5.85,NA
"6140","20181005:0000",-42.94152,171.56285,"Arthur's Pass National Park",2133,NA,0,"Canterbury",1010,NA,8,NA
"6141","20181006:0000",-42.94152,171.56285,"Arthur's Pass National Park",2133,NA,0,"Canterbury",1010,NA,8.25,NA
"6142","20181007:0000",-42.94152,171.56285,"Arthur's Pass National Park",2133,NA,0,"Canterbury",1010,NA,9.35,NA
"6143","20181008:0000",-42.94152,171.56285,"Arthur's Pass National Park",2133,NA,0,"Canterbury",1010,NA,7.85,NA
"6144","20181009:0000",-42.94152,171.56285,"Arthur's Pass National Park",2133,NA,0,"Canterbury",1010,NA,6,NA
"6145","20181010:0000",-42.94152,171.56285,"Arthur's Pass National Park",2133,NA,0,"Canterbury",1010,NA,5.6,NA
"6146","20181011:0000",-42.94152,171.56285,"Arthur's Pass National Park",2133,NA,0,"Canterbury",1010,NA,6.45,NA
"6147","20181012:0000",-42.94152,171.56285,"Arthur's Pass National Park",2133,NA,0,"Canterbury",1010,NA,2.9,NA
"6148","20181013:0000",-42.94152,171.56285,"Arthur's Pass National Park",2133,NA,0,"Canterbury",1010,NA,3.95,NA
"6149","20181014:0000",-42.94152,171.56285,"Arthur's Pass National Park",2133,NA,0,"Canterbury",1010,NA,4.8,NA
"6150","20181015:0000",-42.94152,171.56285,"Arthur's Pass National Park",2133,NA,0,"Canterbury",1010,NA,7.95,NA
"6151","20181016:0000",-42.94152,171.56285,"Arthur's Pass National Park",2133,NA,0,"Canterbury",1010,NA,5.05,NA
"6152","20181017:0000",-42.94152,171.56285,"Arthur's Pass National Park",2133,NA,0,"Canterbury",1010,NA,8.35,NA
"6153","20181018:0000",-42.94152,171.56285,"Arthur's Pass National Park",2133,NA,0,"Canterbury",1010,NA,10.9,NA
"6154","20181019:0000",-42.94152,171.56285,"Arthur's Pass National Park",2133,NA,0,"Canterbury",1010,NA,10.4,NA
"6155","20181020:0000",-42.94152,171.56285,"Arthur's Pass National Park",2133,NA,0,"Canterbury",1010,NA,11.9,NA
"6156","20181021:0000",-42.94152,171.56285,"Arthur's Pass National Park",2133,NA,0,"Canterbury",1010,NA,14.3,NA
"6157","20181022:0000",-42.94152,171.56285,"Arthur's Pass National Park",2133,NA,0,"Canterbury",1010,NA,14.05,NA
"6158","20181023:0000",-42.94152,171.56285,"Arthur's Pass National Park",2133,NA,0,"Canterbury",1010,NA,12.9,NA
"6159","20181024:0000",-42.94152,171.56285,"Arthur's Pass National Park",2133,NA,0,"Canterbury",1010,NA,13,NA
"6160","20181025:0000",-42.94152,171.56285,"Arthur's Pass National Park",2133,NA,0,"Canterbury",1010,NA,9.4,NA
"6161","20181026:0000",-42.94152,171.56285,"Arthur's Pass National Park",2133,NA,0,"Canterbury",1010,NA,7.3,NA
"6162","20181027:0000",-42.94152,171.56285,"Arthur's Pass National Park",2133,NA,0,"Canterbury",1010,NA,7.05,NA
"6163","20181028:0000",-42.94152,171.56285,"Arthur's Pass National Park",2133,NA,0,"Canterbury",1010,NA,8.1,NA
"6164","20181029:0000",-42.94152,171.56285,"Arthur's Pass National Park",2133,NA,0,"Canterbury",1010,NA,7.7,NA
"6165","20181030:0000",-42.94152,171.56285,"Arthur's Pass National Park",2133,NA,0,"Canterbury",1010,NA,6.45,NA
"6166","20181031:0000",-42.94152,171.56285,"Arthur's Pass National Park",2133,NA,0,"Canterbury",1010,NA,6.25,NA
"6167","20181101:0000",-42.94152,171.56285,"Arthur's Pass National Park",2133,NA,0,"Canterbury",1010,NA,7.85,NA
"6168","20181102:0000",-42.94152,171.56285,"Arthur's Pass National Park",2133,NA,0,"Canterbury",1010,NA,6.3,NA
"6169","20181103:0000",-42.94152,171.56285,"Arthur's Pass National Park",2133,NA,0,"Canterbury",1010,NA,9.7,NA
"6170","20181104:0000",-42.94152,171.56285,"Arthur's Pass National Park",2133,NA,0,"Canterbury",1010,NA,6.2,NA
"6171","20181105:0000",-42.94152,171.56285,"Arthur's Pass National Park",2133,NA,0,"Canterbury",1010,NA,8.15,NA
"6172","20181106:0000",-42.94152,171.56285,"Arthur's Pass National Park",2133,NA,0,"Canterbury",1010,NA,11.05,NA
"6173","20181107:0000",-42.94152,171.56285,"Arthur's Pass National Park",2133,NA,0,"Canterbury",1010,NA,11.4,NA
"6174","20181108:0000",-42.94152,171.56285,"Arthur's Pass National Park",2133,NA,0,"Canterbury",1010,NA,11.65,NA
"6175","20181109:0000",-42.94152,171.56285,"Arthur's Pass National Park",2133,NA,0,"Canterbury",1010,NA,5.6,NA
"6176","20181110:0000",-42.94152,171.56285,"Arthur's Pass National Park",2133,NA,0,"Canterbury",1010,NA,6.3,NA
"6177","20181111:0000",-42.94152,171.56285,"Arthur's Pass National Park",2133,NA,0,"Canterbury",1010,NA,8.7,NA
"6178","20181112:0000",-42.94152,171.56285,"Arthur's Pass National Park",2133,NA,0,"Canterbury",1010,NA,10.2,NA
"6179","20181113:0000",-42.94152,171.56285,"Arthur's Pass National Park",2133,NA,0,"Canterbury",1010,NA,12.65,NA
"6180","20181114:0000",-42.94152,171.56285,"Arthur's Pass National Park",2133,NA,0,"Canterbury",1010,NA,NA,NA
"6181","20181115:0000",-42.94152,171.56285,"Arthur's Pass National Park",2133,NA,0,"Canterbury",1010,NA,14.9,NA
"6182","20181116:0000",-42.94152,171.56285,"Arthur's Pass National Park",2133,NA,0,"Canterbury",1010,NA,11.6,NA
"6183","20181117:0000",-42.94152,171.56285,"Arthur's Pass National Park",2133,NA,0,"Canterbury",1010,NA,11.75,NA
"6184","20181118:0000",-42.94152,171.56285,"Arthur's Pass National Park",2133,NA,0,"Canterbury",1010,NA,9.5,NA
"6185","20181119:0000",-42.94152,171.56285,"Arthur's Pass National Park",2133,NA,0,"Canterbury",1010,NA,4,NA
"6186","20181120:0000",-42.94152,171.56285,"Arthur's Pass National Park",2133,NA,0,"Canterbury",1010,NA,3.55,NA
"6187","20181121:0000",-42.94152,171.56285,"Arthur's Pass National Park",2133,NA,0,"Canterbury",1010,NA,6.35,NA
"6188","20181122:0000",-42.94152,171.56285,"Arthur's Pass National Park",2133,NA,0,"Canterbury",1010,NA,9.25,NA
"6189","20181123:0000",-42.94152,171.56285,"Arthur's Pass National Park",2133,NA,0,"Canterbury",1010,NA,10.85,NA
"6190","20181124:0000",-42.94152,171.56285,"Arthur's Pass National Park",2133,NA,0,"Canterbury",1010,NA,11.6,NA
"6191","20181125:0000",-42.94152,171.56285,"Arthur's Pass National Park",2133,NA,0,"Canterbury",1010,NA,12.7,NA
"6192","20181126:0000",-42.94152,171.56285,"Arthur's Pass National Park",2133,NA,0,"Canterbury",1010,NA,10.3,NA
"6193","20181127:0000",-42.94152,171.56285,"Arthur's Pass National Park",2133,NA,0,"Canterbury",1010,NA,10.05,NA
"6194","20181128:0000",-42.94152,171.56285,"Arthur's Pass National Park",2133,NA,0,"Canterbury",1010,NA,12.35,NA
"6195","20181129:0000",-42.94152,171.56285,"Arthur's Pass National Park",2133,NA,0,"Canterbury",1010,NA,14.2,NA
"6196","20181130:0000",-42.94152,171.56285,"Arthur's Pass National Park",2133,NA,0,"Canterbury",1010,NA,14.65,NA
"6197","20181201:0000",-42.94152,171.56285,"Arthur's Pass National Park",2133,NA,0,"Canterbury",1010,NA,12.9,NA
"6198","20181202:0000",-42.94152,171.56285,"Arthur's Pass National Park",2133,NA,0,"Canterbury",1010,NA,14.3,NA
"6199","20181203:0000",-42.94152,171.56285,"Arthur's Pass National Park",2133,NA,0,"Canterbury",1010,NA,15.95,NA
"6200","20181204:0000",-42.94152,171.56285,"Arthur's Pass National Park",2133,NA,0,"Canterbury",1010,NA,13.5,NA
"6201","20181205:0000",-42.94152,171.56285,"Arthur's Pass National Park",2133,NA,0,"Canterbury",1010,NA,9.65,NA
"6202","20181206:0000",-42.94152,171.56285,"Arthur's Pass National Park",2133,NA,0,"Canterbury",1010,NA,10.5,NA
"6203","20181207:0000",-42.94152,171.56285,"Arthur's Pass National Park",2133,NA,0,"Canterbury",1010,NA,12.05,NA
"6204","20181208:0000",-42.94152,171.56285,"Arthur's Pass National Park",2133,NA,0,"Canterbury",1010,NA,12.7,NA
"6205","20181209:0000",-42.94152,171.56285,"Arthur's Pass National Park",2133,NA,0,"Canterbury",1010,NA,13.7,NA
"6206","20181210:0000",-42.94152,171.56285,"Arthur's Pass National Park",2133,NA,0,"Canterbury",1010,NA,16.75,NA
"6207","20181211:0000",-42.94152,171.56285,"Arthur's Pass National Park",2133,NA,0,"Canterbury",1010,NA,12.35,NA
"6208","20181212:0000",-42.94152,171.56285,"Arthur's Pass National Park",2133,NA,0,"Canterbury",1010,NA,14.55,NA
"6209","20181213:0000",-42.94152,171.56285,"Arthur's Pass National Park",2133,NA,0,"Canterbury",1010,NA,14.55,NA
"6210","20181214:0000",-42.94152,171.56285,"Arthur's Pass National Park",2133,NA,0,"Canterbury",1010,NA,15.25,NA
"6211","20181215:0000",-42.94152,171.56285,"Arthur's Pass National Park",2133,NA,0,"Canterbury",1010,NA,14.95,NA
"6212","20181216:0000",-42.94152,171.56285,"Arthur's Pass National Park",2133,NA,0,"Canterbury",1010,NA,17.3,NA
"6213","20181217:0000",-42.94152,171.56285,"Arthur's Pass National Park",2133,NA,0,"Canterbury",1010,NA,16.9,NA
"6214","20181218:0000",-42.94152,171.56285,"Arthur's Pass National Park",2133,NA,0,"Canterbury",1010,NA,13.35,NA
"6215","20181219:0000",-42.94152,171.56285,"Arthur's Pass National Park",2133,NA,0,"Canterbury",1010,NA,12.65,NA
"6216","20181220:0000",-42.94152,171.56285,"Arthur's Pass National Park",2133,NA,0,"Canterbury",1010,NA,9.2,NA
"6217","20181221:0000",-42.94152,171.56285,"Arthur's Pass National Park",2133,NA,0,"Canterbury",1010,NA,11.95,NA
"6218","20181222:0000",-42.94152,171.56285,"Arthur's Pass National Park",2133,NA,0,"Canterbury",1010,NA,10.9,NA
"6219","20181223:0000",-42.94152,171.56285,"Arthur's Pass National Park",2133,NA,0,"Canterbury",1010,NA,12.5,NA
"6220","20181224:0000",-42.94152,171.56285,"Arthur's Pass National Park",2133,NA,0,"Canterbury",1010,NA,14.95,NA
"6221","20181225:0000",-42.94152,171.56285,"Arthur's Pass National Park",2133,NA,0,"Canterbury",1010,NA,17.2,NA
"6222","20181226:0000",-42.94152,171.56285,"Arthur's Pass National Park",2133,NA,0,"Canterbury",1010,NA,15.85,NA
"6223","20181227:0000",-42.94152,171.56285,"Arthur's Pass National Park",2133,NA,0,"Canterbury",1010,NA,12.7,NA
"6224","20181228:0000",-42.94152,171.56285,"Arthur's Pass National Park",2133,NA,0,"Canterbury",1010,NA,13.55,NA
"6225","20181229:0000",-42.94152,171.56285,"Arthur's Pass National Park",2133,NA,0,"Canterbury",1010,NA,11.2,NA
"6226","20181230:0000",-42.94152,171.56285,"Arthur's Pass National Park",2133,NA,0,"Canterbury",1010,NA,12.85,NA
"6227","20181231:0000",-42.94152,171.56285,"Arthur's Pass National Park",2133,NA,0,"Canterbury",1010,NA,16.15,NA
"6228","20190101:0000",-42.94152,171.56285,"Arthur's Pass National Park",2133,NA,0,"Canterbury",1010,NA,17.25,NA
"6229","20190102:0000",-42.94152,171.56285,"Arthur's Pass National Park",2133,NA,0,"Canterbury",1010,NA,15.75,NA
"6230","20190103:0000",-42.94152,171.56285,"Arthur's Pass National Park",2133,NA,0,"Canterbury",1010,NA,16.75,NA
"6231","20190104:0000",-42.94152,171.56285,"Arthur's Pass National Park",2133,NA,0,"Canterbury",1010,NA,12.75,NA
"6232","20190105:0000",-42.94152,171.56285,"Arthur's Pass National Park",2133,NA,0,"Canterbury",1010,NA,15.05,NA
"6233","20190106:0000",-42.94152,171.56285,"Arthur's Pass National Park",2133,NA,0,"Canterbury",1010,NA,14.65,NA
"6234","20190107:0000",-42.94152,171.56285,"Arthur's Pass National Park",2133,NA,0,"Canterbury",1010,NA,13.9,NA
"6235","20190108:0000",-42.94152,171.56285,"Arthur's Pass National Park",2133,NA,0,"Canterbury",1010,NA,14.25,NA
"6236","20190109:0000",-42.94152,171.56285,"Arthur's Pass National Park",2133,NA,0,"Canterbury",1010,NA,14.7,NA
"6237","20190110:0000",-42.94152,171.56285,"Arthur's Pass National Park",2133,NA,0,"Canterbury",1010,NA,16.15,NA
"6238","20190111:0000",-42.94152,171.56285,"Arthur's Pass National Park",2133,NA,0,"Canterbury",1010,NA,14.25,NA
"6239","20190112:0000",-42.94152,171.56285,"Arthur's Pass National Park",2133,NA,0,"Canterbury",1010,NA,14.75,NA
"6240","20190113:0000",-42.94152,171.56285,"Arthur's Pass National Park",2133,NA,0,"Canterbury",1010,NA,14.1,NA
"6241","20190114:0000",-42.94152,171.56285,"Arthur's Pass National Park",2133,NA,0,"Canterbury",1010,NA,9.85,NA
"6242","20190115:0000",-42.94152,171.56285,"Arthur's Pass National Park",2133,NA,0,"Canterbury",1010,NA,14.8,NA
"6243","20190116:0000",-42.94152,171.56285,"Arthur's Pass National Park",2133,NA,0,"Canterbury",1010,NA,15.4,NA
"6244","20190117:0000",-42.94152,171.56285,"Arthur's Pass National Park",2133,NA,0,"Canterbury",1010,NA,14.45,NA
"6245","20190118:0000",-42.94152,171.56285,"Arthur's Pass National Park",2133,NA,0,"Canterbury",1010,NA,18.75,NA
"6246","20190119:0000",-42.94152,171.56285,"Arthur's Pass National Park",2133,NA,0,"Canterbury",1010,NA,14.55,NA
"6247","20190120:0000",-42.94152,171.56285,"Arthur's Pass National Park",2133,NA,0,"Canterbury",1010,NA,11.9,NA
"6248","20190121:0000",-42.94152,171.56285,"Arthur's Pass National Park",2133,NA,0,"Canterbury",1010,NA,11.55,NA
"6249","20190122:0000",-42.94152,171.56285,"Arthur's Pass National Park",2133,NA,0,"Canterbury",1010,NA,12.5,NA
"6250","20190123:0000",-42.94152,171.56285,"Arthur's Pass National Park",2133,NA,0,"Canterbury",1010,NA,13.65,NA
"6251","20190124:0000",-42.94152,171.56285,"Arthur's Pass National Park",2133,NA,0,"Canterbury",1010,NA,11.6,NA
"6252","20190125:0000",-42.94152,171.56285,"Arthur's Pass National Park",2133,NA,0,"Canterbury",1010,NA,11.35,NA
"6253","20190126:0000",-42.94152,171.56285,"Arthur's Pass National Park",2133,NA,0,"Canterbury",1010,NA,12.8,NA
"6254","20190127:0000",-42.94152,171.56285,"Arthur's Pass National Park",2133,NA,0,"Canterbury",1010,NA,14.05,NA
"6255","20190128:0000",-42.94152,171.56285,"Arthur's Pass National Park",2133,NA,0,"Canterbury",1010,NA,18.6,NA
"6256","20190129:0000",-42.94152,171.56285,"Arthur's Pass National Park",2133,NA,0,"Canterbury",1010,NA,18.95,NA
"6257","20190130:0000",-42.94152,171.56285,"Arthur's Pass National Park",2133,NA,0,"Canterbury",1010,NA,20.4,NA
"6258","20190131:0000",-42.94152,171.56285,"Arthur's Pass National Park",2133,NA,0,"Canterbury",1010,NA,20.35,NA
"6259","20190201:0000",-42.94152,171.56285,"Arthur's Pass National Park",2133,NA,0,"Canterbury",1010,NA,15.65,NA
"6260","20190202:0000",-42.94152,171.56285,"Arthur's Pass National Park",2133,NA,0,"Canterbury",1010,NA,13.25,NA
"6261","20190203:0000",-42.94152,171.56285,"Arthur's Pass National Park",2133,NA,0,"Canterbury",1010,NA,13.5,NA
"6262","20190204:0000",-42.94152,171.56285,"Arthur's Pass National Park",2133,NA,0,"Canterbury",1010,NA,15.2,NA
"6263","20190205:0000",-42.94152,171.56285,"Arthur's Pass National Park",2133,NA,0,"Canterbury",1010,NA,12.75,NA
"6264","20190206:0000",-42.94152,171.56285,"Arthur's Pass National Park",2133,NA,0,"Canterbury",1010,NA,11.8,NA
"6265","20190207:0000",-42.94152,171.56285,"Arthur's Pass National Park",2133,NA,0,"Canterbury",1010,NA,13.05,NA
"6266","20190208:0000",-42.94152,171.56285,"Arthur's Pass National Park",2133,NA,0,"Canterbury",1010,NA,14.1,NA
"6267","20190209:0000",-42.94152,171.56285,"Arthur's Pass National Park",2133,NA,0,"Canterbury",1010,NA,15.9,NA
"6268","20190210:0000",-42.94152,171.56285,"Arthur's Pass National Park",2133,NA,0,"Canterbury",1010,NA,16.9,NA
"6269","20190211:0000",-42.94152,171.56285,"Arthur's Pass National Park",2133,NA,0,"Canterbury",1010,NA,15.7,NA
"6270","20190212:0000",-42.94152,171.56285,"Arthur's Pass National Park",2133,NA,0,"Canterbury",1010,NA,15.1,NA
"6271","20190213:0000",-42.94152,171.56285,"Arthur's Pass National Park",2133,NA,0,"Canterbury",1010,NA,17.75,NA
"6272","20190214:0000",-42.94152,171.56285,"Arthur's Pass National Park",2133,NA,0,"Canterbury",1010,NA,15.85,NA
"6273","20190215:0000",-42.94152,171.56285,"Arthur's Pass National Park",2133,NA,0,"Canterbury",1010,NA,14.05,NA
"6274","20190216:0000",-42.94152,171.56285,"Arthur's Pass National Park",2133,NA,0,"Canterbury",1010,NA,13.3,NA
"6275","20190217:0000",-42.94152,171.56285,"Arthur's Pass National Park",2133,NA,0,"Canterbury",1010,NA,12.6,NA
"6276","20190218:0000",-42.94152,171.56285,"Arthur's Pass National Park",2133,NA,0,"Canterbury",1010,NA,13.8,NA
"6277","20190219:0000",-42.94152,171.56285,"Arthur's Pass National Park",2133,NA,0,"Canterbury",1010,NA,15.6,NA
"6278","20190220:0000",-42.94152,171.56285,"Arthur's Pass National Park",2133,NA,0,"Canterbury",1010,NA,14.55,NA
"6279","20190221:0000",-42.94152,171.56285,"Arthur's Pass National Park",2133,NA,0,"Canterbury",1010,NA,14.35,NA
"6280","20190222:0000",-42.94152,171.56285,"Arthur's Pass National Park",2133,NA,0,"Canterbury",1010,NA,15.2,NA
"6281","20190223:0000",-42.94152,171.56285,"Arthur's Pass National Park",2133,NA,0,"Canterbury",1010,NA,10.25,NA
"6282","20190224:0000",-42.94152,171.56285,"Arthur's Pass National Park",2133,NA,0,"Canterbury",1010,NA,7.75,NA
"6283","20190225:0000",-42.94152,171.56285,"Arthur's Pass National Park",2133,NA,0,"Canterbury",1010,NA,10.15,NA
"6284","20190226:0000",-42.94152,171.56285,"Arthur's Pass National Park",2133,NA,0,"Canterbury",1010,NA,10.75,NA
"6285","20190227:0000",-42.94152,171.56285,"Arthur's Pass National Park",2133,NA,0,"Canterbury",1010,NA,10.7,NA
"6286","20190228:0000",-42.94152,171.56285,"Arthur's Pass National Park",2133,NA,0,"Canterbury",1010,NA,8.05,NA
"6287","20190301:0000",-42.94152,171.56285,"Arthur's Pass National Park",2133,NA,0,"Canterbury",1010,NA,9.15,NA
"6288","20190302:0000",-42.94152,171.56285,"Arthur's Pass National Park",2133,NA,0,"Canterbury",1010,NA,11.8,NA
"6289","20190303:0000",-42.94152,171.56285,"Arthur's Pass National Park",2133,NA,0,"Canterbury",1010,NA,12.95,NA
"6290","20190304:0000",-42.94152,171.56285,"Arthur's Pass National Park",2133,NA,0,"Canterbury",1010,NA,12.6,NA
"6291","20190305:0000",-42.94152,171.56285,"Arthur's Pass National Park",2133,NA,0,"Canterbury",1010,NA,13.45,NA
"6292","20190306:0000",-42.94152,171.56285,"Arthur's Pass National Park",2133,NA,0,"Canterbury",1010,NA,15,NA
"6293","20190307:0000",-42.94152,171.56285,"Arthur's Pass National Park",2133,NA,0,"Canterbury",1010,NA,14.55,NA
"6294","20190308:0000",-42.94152,171.56285,"Arthur's Pass National Park",2133,NA,0,"Canterbury",1010,NA,9.45,NA
"6295","20190309:0000",-42.94152,171.56285,"Arthur's Pass National Park",2133,NA,0,"Canterbury",1010,NA,12.25,NA
"6296","20190310:0000",-42.94152,171.56285,"Arthur's Pass National Park",2133,NA,0,"Canterbury",1010,NA,10.1,NA
"6297","20190311:0000",-42.94152,171.56285,"Arthur's Pass National Park",2133,NA,0,"Canterbury",1010,NA,12.7,NA
"6298","20190312:0000",-42.94152,171.56285,"Arthur's Pass National Park",2133,NA,0,"Canterbury",1010,NA,15.55,NA
"6299","20190313:0000",-42.94152,171.56285,"Arthur's Pass National Park",2133,NA,0,"Canterbury",1010,NA,13.35,NA
"6300","20190314:0000",-42.94152,171.56285,"Arthur's Pass National Park",2133,NA,0,"Canterbury",1010,NA,13.65,NA
"6301","20190315:0000",-42.94152,171.56285,"Arthur's Pass National Park",2133,NA,0,"Canterbury",1010,NA,12.65,NA
"6302","20190316:0000",-42.94152,171.56285,"Arthur's Pass National Park",2133,NA,0,"Canterbury",1010,NA,14.2,NA
"6303","20190317:0000",-42.94152,171.56285,"Arthur's Pass National Park",2133,NA,0,"Canterbury",1010,NA,16.55,NA
"6304","20190318:0000",-42.94152,171.56285,"Arthur's Pass National Park",2133,NA,0,"Canterbury",1010,NA,16.3,NA
"6305","20190319:0000",-42.94152,171.56285,"Arthur's Pass National Park",2133,NA,0,"Canterbury",1010,NA,16.5,NA
"6306","20190320:0000",-42.94152,171.56285,"Arthur's Pass National Park",2133,NA,0,"Canterbury",1010,NA,17.35,NA
"6307","20190321:0000",-42.94152,171.56285,"Arthur's Pass National Park",2133,NA,0,"Canterbury",1010,NA,15.75,NA
"6308","20190322:0000",-42.94152,171.56285,"Arthur's Pass National Park",2133,NA,0,"Canterbury",1010,NA,15.05,NA
"6309","20190323:0000",-42.94152,171.56285,"Arthur's Pass National Park",2133,NA,0,"Canterbury",1010,NA,14.25,NA
"6310","20190324:0000",-42.94152,171.56285,"Arthur's Pass National Park",2133,NA,0,"Canterbury",1010,NA,14.55,NA
"6311","20190325:0000",-42.94152,171.56285,"Arthur's Pass National Park",2133,NA,0,"Canterbury",1010,NA,13.4,NA
"6312","20190326:0000",-42.94152,171.56285,"Arthur's Pass National Park",2133,NA,0,"Canterbury",1010,NA,15.35,NA
"6313","20190327:0000",-42.94152,171.56285,"Arthur's Pass National Park",2133,NA,0,"Canterbury",1010,NA,12.45,NA
"6314","20190328:0000",-42.94152,171.56285,"Arthur's Pass National Park",2133,NA,0,"Canterbury",1010,NA,11.25,NA
"6315","20190329:0000",-42.94152,171.56285,"Arthur's Pass National Park",2133,NA,0,"Canterbury",1010,NA,11.85,NA
"6316","20190330:0000",-42.94152,171.56285,"Arthur's Pass National Park",2133,NA,0,"Canterbury",1010,NA,12.7,NA
"6317","20190331:0000",-42.94152,171.56285,"Arthur's Pass National Park",2133,NA,0,"Canterbury",1010,NA,13.7,NA
"6318","20190401:0000",-42.94152,171.56285,"Arthur's Pass National Park",2133,NA,0,"Canterbury",1010,NA,12.5,NA
"6319","20190402:0000",-42.94152,171.56285,"Arthur's Pass National Park",2133,NA,0,"Canterbury",1010,NA,7.4,NA
"6320","20190403:0000",-42.94152,171.56285,"Arthur's Pass National Park",2133,NA,0,"Canterbury",1010,NA,7.8,NA
"6321","20190404:0000",-42.94152,171.56285,"Arthur's Pass National Park",2133,NA,0,"Canterbury",1010,NA,7,NA
"6322","20190405:0000",-42.94152,171.56285,"Arthur's Pass National Park",2133,NA,0,"Canterbury",1010,NA,5.3,NA
"6323","20190406:0000",-42.94152,171.56285,"Arthur's Pass National Park",2133,NA,0,"Canterbury",1010,NA,5.25,NA
"6324","20190407:0000",-42.94152,171.56285,"Arthur's Pass National Park",2133,NA,0,"Canterbury",1010,NA,4.3,NA
"6325","20190408:0000",-42.94152,171.56285,"Arthur's Pass National Park",2133,NA,0,"Canterbury",1010,NA,11.15,NA
"6326","20190409:0000",-42.94152,171.56285,"Arthur's Pass National Park",2133,NA,0,"Canterbury",1010,NA,10.25,NA
"6327","20190410:0000",-42.94152,171.56285,"Arthur's Pass National Park",2133,NA,0,"Canterbury",1010,NA,11.3,NA
"6328","20190411:0000",-42.94152,171.56285,"Arthur's Pass National Park",2133,NA,0,"Canterbury",1010,NA,9.8,NA
"6329","20190412:0000",-42.94152,171.56285,"Arthur's Pass National Park",2133,NA,0,"Canterbury",1010,NA,7.65,NA
"6330","20190413:0000",-42.94152,171.56285,"Arthur's Pass National Park",2133,NA,0,"Canterbury",1010,NA,7.35,NA
"6331","20190414:0000",-42.94152,171.56285,"Arthur's Pass National Park",2133,NA,0,"Canterbury",1010,NA,8.1,NA
"6332","20190415:0000",-42.94152,171.56285,"Arthur's Pass National Park",2133,NA,0,"Canterbury",1010,NA,8.1,NA
"6333","20190416:0000",-42.94152,171.56285,"Arthur's Pass National Park",2133,NA,0,"Canterbury",1010,NA,7.8,NA
"6334","20190417:0000",-42.94152,171.56285,"Arthur's Pass National Park",2133,NA,0,"Canterbury",1010,NA,7.4,NA
"6335","20190418:0000",-42.94152,171.56285,"Arthur's Pass National Park",2133,NA,0,"Canterbury",1010,NA,8.2,NA
"6336","20190419:0000",-42.94152,171.56285,"Arthur's Pass National Park",2133,NA,0,"Canterbury",1010,NA,8.05,NA
"6337","20190420:0000",-42.94152,171.56285,"Arthur's Pass National Park",2133,NA,0,"Canterbury",1010,NA,NA,NA
"6338","20190421:0000",-42.94152,171.56285,"Arthur's Pass National Park",2133,NA,0,"Canterbury",1010,NA,7.5,NA
"6339","20190422:0000",-42.94152,171.56285,"Arthur's Pass National Park",2133,NA,0,"Canterbury",1010,NA,9.15,NA
"6340","20190423:0000",-42.94152,171.56285,"Arthur's Pass National Park",2133,NA,0,"Canterbury",1010,NA,10.6,NA
"6341","20190424:0000",-42.94152,171.56285,"Arthur's Pass National Park",2133,NA,0,"Canterbury",1010,NA,9.35,NA
"6342","20190425:0000",-42.94152,171.56285,"Arthur's Pass National Park",2133,NA,0,"Canterbury",1010,NA,8.8,NA
"6343","20190426:0000",-42.94152,171.56285,"Arthur's Pass National Park",2133,NA,0,"Canterbury",1010,NA,11.35,NA
"6344","20190427:0000",-42.94152,171.56285,"Arthur's Pass National Park",2133,NA,0,"Canterbury",1010,NA,10.9,NA
"6345","20190428:0000",-42.94152,171.56285,"Arthur's Pass National Park",2133,NA,0,"Canterbury",1010,NA,6.65,NA
"6346","20190429:0000",-42.94152,171.56285,"Arthur's Pass National Park",2133,NA,0,"Canterbury",1010,NA,6.75,NA
"6347","20190430:0000",-42.94152,171.56285,"Arthur's Pass National Park",2133,NA,0,"Canterbury",1010,NA,4.6,NA
"6348","20190501:0000",-42.94152,171.56285,"Arthur's Pass National Park",2133,NA,0,"Canterbury",1010,NA,5.75,NA
"6349","20190502:0000",-42.94152,171.56285,"Arthur's Pass National Park",2133,NA,0,"Canterbury",1010,NA,5.85,NA
"6350","20190503:0000",-42.94152,171.56285,"Arthur's Pass National Park",2133,NA,0,"Canterbury",1010,NA,9.85,NA
"6351","20190504:0000",-42.94152,171.56285,"Arthur's Pass National Park",2133,NA,0,"Canterbury",1010,NA,8.95,NA
"6352","20190505:0000",-42.94152,171.56285,"Arthur's Pass National Park",2133,NA,0,"Canterbury",1010,NA,11.4,NA
"6353","20190506:0000",-42.94152,171.56285,"Arthur's Pass National Park",2133,NA,0,"Canterbury",1010,NA,10.7,NA
"6354","20190507:0000",-42.94152,171.56285,"Arthur's Pass National Park",2133,NA,0,"Canterbury",1010,NA,9.45,NA
"6355","20190508:0000",-42.94152,171.56285,"Arthur's Pass National Park",2133,NA,0,"Canterbury",1010,NA,8.55,NA
"6356","20190509:0000",-42.94152,171.56285,"Arthur's Pass National Park",2133,NA,0,"Canterbury",1010,NA,11,NA
"6357","20190510:0000",-42.94152,171.56285,"Arthur's Pass National Park",2133,NA,0,"Canterbury",1010,NA,11.05,NA
"6358","20190511:0000",-42.94152,171.56285,"Arthur's Pass National Park",2133,NA,0,"Canterbury",1010,NA,10.75,NA
"6359","20190512:0000",-42.94152,171.56285,"Arthur's Pass National Park",2133,NA,0,"Canterbury",1010,NA,10,NA
"6360","20190513:0000",-42.94152,171.56285,"Arthur's Pass National Park",2133,NA,0,"Canterbury",1010,NA,6.7,NA
"6361","20190514:0000",-42.94152,171.56285,"Arthur's Pass National Park",2133,NA,0,"Canterbury",1010,NA,5.75,NA
"6362","20190515:0000",-42.94152,171.56285,"Arthur's Pass National Park",2133,NA,0,"Canterbury",1010,NA,7.35,NA
"6363","20190516:0000",-42.94152,171.56285,"Arthur's Pass National Park",2133,NA,0,"Canterbury",1010,NA,7.65,NA
"6364","20190517:0000",-42.94152,171.56285,"Arthur's Pass National Park",2133,NA,0,"Canterbury",1010,NA,3.7,NA
"6365","20190518:0000",-42.94152,171.56285,"Arthur's Pass National Park",2133,NA,0,"Canterbury",1010,NA,4.35,NA
"6366","20190519:0000",-42.94152,171.56285,"Arthur's Pass National Park",2133,NA,0,"Canterbury",1010,NA,7.25,NA
"6367","20190520:0000",-42.94152,171.56285,"Arthur's Pass National Park",2133,NA,0,"Canterbury",1010,NA,6.45,NA
"6368","20190521:0000",-42.94152,171.56285,"Arthur's Pass National Park",2133,NA,0,"Canterbury",1010,NA,6.35,NA
"6369","20190522:0000",-42.94152,171.56285,"Arthur's Pass National Park",2133,NA,0,"Canterbury",1010,NA,6.65,NA
"6370","20190523:0000",-42.94152,171.56285,"Arthur's Pass National Park",2133,NA,0,"Canterbury",1010,NA,7.1,NA
"6371","20190524:0000",-42.94152,171.56285,"Arthur's Pass National Park",2133,NA,0,"Canterbury",1010,NA,5.8,NA
"6372","20190525:0000",-42.94152,171.56285,"Arthur's Pass National Park",2133,NA,0,"Canterbury",1010,NA,7.55,NA
"6373","20190526:0000",-42.94152,171.56285,"Arthur's Pass National Park",2133,NA,0,"Canterbury",1010,NA,8.2,NA
"6374","20190527:0000",-42.94152,171.56285,"Arthur's Pass National Park",2133,NA,0,"Canterbury",1010,NA,8.65,NA
"6375","20190528:0000",-42.94152,171.56285,"Arthur's Pass National Park",2133,NA,0,"Canterbury",1010,NA,8.85,NA
"6376","20190529:0000",-42.94152,171.56285,"Arthur's Pass National Park",2133,NA,0,"Canterbury",1010,NA,8.05,NA
"6377","20190530:0000",-42.94152,171.56285,"Arthur's Pass National Park",2133,NA,0,"Canterbury",1010,NA,8.05,NA
"6378","20190531:0000",-42.94152,171.56285,"Arthur's Pass National Park",2133,NA,0,"Canterbury",1010,NA,4.05,NA
"6379","20190601:0000",-42.94152,171.56285,"Arthur's Pass National Park",2133,NA,0,"Canterbury",1010,NA,1.1,NA
"6380","20190602:0000",-42.94152,171.56285,"Arthur's Pass National Park",2133,NA,0,"Canterbury",1010,NA,1.1,NA
"6381","20190603:0000",-42.94152,171.56285,"Arthur's Pass National Park",2133,NA,0,"Canterbury",1010,NA,0.65,NA
"6382","20190604:0000",-42.94152,171.56285,"Arthur's Pass National Park",2133,NA,0,"Canterbury",1010,NA,0.75,NA
"6383","20190605:0000",-42.94152,171.56285,"Arthur's Pass National Park",2133,NA,0,"Canterbury",1010,NA,1.75,NA
"6384","20190606:0000",-42.94152,171.56285,"Arthur's Pass National Park",2133,NA,0,"Canterbury",1010,NA,0.5,NA
"6385","20190607:0000",-42.94152,171.56285,"Arthur's Pass National Park",2133,NA,0,"Canterbury",1010,NA,4.45,NA
"6386","20190608:0000",-42.94152,171.56285,"Arthur's Pass National Park",2133,NA,0,"Canterbury",1010,NA,4.35,NA
"6387","20190609:0000",-42.94152,171.56285,"Arthur's Pass National Park",2133,NA,0,"Canterbury",1010,NA,3,NA
"6388","20190610:0000",-42.94152,171.56285,"Arthur's Pass National Park",2133,NA,0,"Canterbury",1010,NA,6.2,NA
"6389","20190611:0000",-42.94152,171.56285,"Arthur's Pass National Park",2133,NA,0,"Canterbury",1010,NA,5.65,NA
"6390","20190612:0000",-42.94152,171.56285,"Arthur's Pass National Park",2133,NA,0,"Canterbury",1010,NA,8,NA
"6391","20190613:0000",-42.94152,171.56285,"Arthur's Pass National Park",2133,NA,0,"Canterbury",1010,NA,6.45,NA
"6392","20190614:0000",-42.94152,171.56285,"Arthur's Pass National Park",2133,NA,0,"Canterbury",1010,NA,6.5,NA
"6393","20190615:0000",-42.94152,171.56285,"Arthur's Pass National Park",2133,NA,0,"Canterbury",1010,NA,6.45,NA
"6394","20190616:0000",-42.94152,171.56285,"Arthur's Pass National Park",2133,NA,0,"Canterbury",1010,NA,5.2,NA
"6395","20190617:0000",-42.94152,171.56285,"Arthur's Pass National Park",2133,NA,0,"Canterbury",1010,NA,3.7,NA
"6396","20190618:0000",-42.94152,171.56285,"Arthur's Pass National Park",2133,NA,0,"Canterbury",1010,NA,0.65,NA
"6397","20190619:0000",-42.94152,171.56285,"Arthur's Pass National Park",2133,NA,0,"Canterbury",1010,NA,1.55,NA
"6398","20190620:0000",-42.94152,171.56285,"Arthur's Pass National Park",2133,NA,0,"Canterbury",1010,NA,2,NA
"6399","20190621:0000",-42.94152,171.56285,"Arthur's Pass National Park",2133,NA,0,"Canterbury",1010,NA,3.55,NA
"6400","20190622:0000",-42.94152,171.56285,"Arthur's Pass National Park",2133,NA,0,"Canterbury",1010,NA,6.85,NA
"6401","20190623:0000",-42.94152,171.56285,"Arthur's Pass National Park",2133,NA,0,"Canterbury",1010,NA,2.4,NA
"6402","20190624:0000",-42.94152,171.56285,"Arthur's Pass National Park",2133,NA,0,"Canterbury",1010,NA,1.1,NA
"6403","20190625:0000",-42.94152,171.56285,"Arthur's Pass National Park",2133,NA,0,"Canterbury",1010,NA,0.4,NA
"6404","20190626:0000",-42.94152,171.56285,"Arthur's Pass National Park",2133,NA,0,"Canterbury",1010,NA,0.4,NA
"6405","20190627:0000",-42.94152,171.56285,"Arthur's Pass National Park",2133,NA,0,"Canterbury",1010,NA,1.5,NA
"6406","20190628:0000",-42.94152,171.56285,"Arthur's Pass National Park",2133,NA,0,"Canterbury",1010,NA,2,NA
"6407","20190629:0000",-42.94152,171.56285,"Arthur's Pass National Park",2133,NA,0,"Canterbury",1010,NA,2.9,NA
"6408","20190630:0000",-42.94152,171.56285,"Arthur's Pass National Park",2133,NA,0,"Canterbury",1010,NA,2.2,NA
"6409","20190701:0000",-42.94152,171.56285,"Arthur's Pass National Park",2133,NA,0,"Canterbury",1010,NA,2.45,NA
"6410","20190702:0000",-42.94152,171.56285,"Arthur's Pass National Park",2133,NA,0,"Canterbury",1010,NA,4.85,NA
"6411","20190703:0000",-42.94152,171.56285,"Arthur's Pass National Park",2133,NA,0,"Canterbury",1010,NA,9.05,NA
"6412","20190704:0000",-42.94152,171.56285,"Arthur's Pass National Park",2133,NA,0,"Canterbury",1010,NA,3.7,NA
"6413","20190705:0000",-42.94152,171.56285,"Arthur's Pass National Park",2133,NA,0,"Canterbury",1010,NA,2.45,NA
"6414","20190706:0000",-42.94152,171.56285,"Arthur's Pass National Park",2133,NA,0,"Canterbury",1010,NA,2.2,NA
"6415","20190707:0000",-42.94152,171.56285,"Arthur's Pass National Park",2133,NA,0,"Canterbury",1010,NA,2.5,NA
"6416","20190708:0000",-42.94152,171.56285,"Arthur's Pass National Park",2133,NA,0,"Canterbury",1010,NA,2.55,NA
"6417","20190709:0000",-42.94152,171.56285,"Arthur's Pass National Park",2133,NA,0,"Canterbury",1010,NA,5.3,NA
"6418","20190710:0000",-42.94152,171.56285,"Arthur's Pass National Park",2133,NA,0,"Canterbury",1010,NA,4.55,NA
"6419","20190711:0000",-42.94152,171.56285,"Arthur's Pass National Park",2133,NA,0,"Canterbury",1010,NA,5.35,NA
"6420","20190712:0000",-42.94152,171.56285,"Arthur's Pass National Park",2133,NA,0,"Canterbury",1010,NA,5.75,NA
"6421","20190713:0000",-42.94152,171.56285,"Arthur's Pass National Park",2133,NA,0,"Canterbury",1010,NA,7.05,NA
"6422","20190714:0000",-42.94152,171.56285,"Arthur's Pass National Park",2133,NA,0,"Canterbury",1010,NA,6.05,NA
"6423","20190715:0000",-42.94152,171.56285,"Arthur's Pass National Park",2133,NA,0,"Canterbury",1010,NA,2.55,NA
"6424","20190716:0000",-42.94152,171.56285,"Arthur's Pass National Park",2133,NA,0,"Canterbury",1010,NA,2.75,NA
"6425","20190717:0000",-42.94152,171.56285,"Arthur's Pass National Park",2133,NA,0,"Canterbury",1010,NA,2.45,NA
"6426","20190718:0000",-42.94152,171.56285,"Arthur's Pass National Park",2133,NA,0,"Canterbury",1010,NA,4.2,NA
"6427","20190719:0000",-42.94152,171.56285,"Arthur's Pass National Park",2133,NA,0,"Canterbury",1010,NA,4.35,NA
"6428","20190720:0000",-42.94152,171.56285,"Arthur's Pass National Park",2133,NA,0,"Canterbury",1010,NA,3.85,NA
"6429","20190721:0000",-42.94152,171.56285,"Arthur's Pass National Park",2133,NA,0,"Canterbury",1010,NA,5.45,NA
"6430","20190722:0000",-42.94152,171.56285,"Arthur's Pass National Park",2133,NA,0,"Canterbury",1010,NA,4.9,NA
"6431","20190723:0000",-42.94152,171.56285,"Arthur's Pass National Park",2133,NA,0,"Canterbury",1010,NA,4.25,NA
"6432","20190724:0000",-42.94152,171.56285,"Arthur's Pass National Park",2133,NA,0,"Canterbury",1010,NA,5.7,NA
"6433","20190725:0000",-42.94152,171.56285,"Arthur's Pass National Park",2133,NA,0,"Canterbury",1010,NA,5.4,NA
"6434","20190726:0000",-42.94152,171.56285,"Arthur's Pass National Park",2133,NA,0,"Canterbury",1010,NA,4.35,NA
"6435","20190727:0000",-42.94152,171.56285,"Arthur's Pass National Park",2133,NA,0,"Canterbury",1010,NA,4.35,NA
"6436","20190728:0000",-42.94152,171.56285,"Arthur's Pass National Park",2133,NA,0,"Canterbury",1010,NA,4.2,NA
"6437","20190729:0000",-42.94152,171.56285,"Arthur's Pass National Park",2133,NA,0,"Canterbury",1010,NA,6.6,NA
"6438","20190730:0000",-42.94152,171.56285,"Arthur's Pass National Park",2133,NA,0,"Canterbury",1010,NA,6.05,NA
"6439","20190731:0000",-42.94152,171.56285,"Arthur's Pass National Park",2133,NA,0,"Canterbury",1010,NA,2.15,NA
"6440","20190801:0000",-42.94152,171.56285,"Arthur's Pass National Park",2133,NA,0,"Canterbury",1010,NA,0.95,NA
"6441","20190802:0000",-42.94152,171.56285,"Arthur's Pass National Park",2133,NA,0,"Canterbury",1010,NA,NA,NA
"6442","20190803:0000",-42.94152,171.56285,"Arthur's Pass National Park",2133,NA,0,"Canterbury",1010,NA,2.75,NA
"6443","20190804:0000",-42.94152,171.56285,"Arthur's Pass National Park",2133,NA,0,"Canterbury",1010,NA,-0.05,NA
"6444","20190805:0000",-42.94152,171.56285,"Arthur's Pass National Park",2133,NA,0,"Canterbury",1010,NA,-1.15,NA
"6445","20190806:0000",-42.94152,171.56285,"Arthur's Pass National Park",2133,NA,0,"Canterbury",1010,NA,0.65,NA
"6446","20190807:0000",-42.94152,171.56285,"Arthur's Pass National Park",2133,NA,0,"Canterbury",1010,NA,4.65,NA
"6447","20190808:0000",-42.94152,171.56285,"Arthur's Pass National Park",2133,NA,0,"Canterbury",1010,NA,4.7,NA
"6448","20190809:0000",-42.94152,171.56285,"Arthur's Pass National Park",2133,NA,0,"Canterbury",1010,NA,6.6,NA
"6449","20190810:0000",-42.94152,171.56285,"Arthur's Pass National Park",2133,NA,0,"Canterbury",1010,NA,1,NA
"6450","20190811:0000",-42.94152,171.56285,"Arthur's Pass National Park",2133,NA,0,"Canterbury",1010,NA,1.6,NA
"6451","20190812:0000",-42.94152,171.56285,"Arthur's Pass National Park",2133,NA,0,"Canterbury",1010,NA,3.1,NA
"6452","20190813:0000",-42.94152,171.56285,"Arthur's Pass National Park",2133,NA,0,"Canterbury",1010,NA,1.8,NA
"6453","20190814:0000",-42.94152,171.56285,"Arthur's Pass National Park",2133,NA,0,"Canterbury",1010,NA,2.65,NA
"6454","20190815:0000",-42.94152,171.56285,"Arthur's Pass National Park",2133,NA,0,"Canterbury",1010,NA,1.6,NA
"6455","20190816:0000",-42.94152,171.56285,"Arthur's Pass National Park",2133,NA,0,"Canterbury",1010,NA,2.45,NA
"6456","20190817:0000",-42.94152,171.56285,"Arthur's Pass National Park",2133,NA,0,"Canterbury",1010,NA,2.5,NA
"6457","20190818:0000",-42.94152,171.56285,"Arthur's Pass National Park",2133,NA,0,"Canterbury",1010,NA,NA,NA
"6458","20190819:0000",-42.94152,171.56285,"Arthur's Pass National Park",2133,NA,0,"Canterbury",1010,NA,NA,NA
"6459","20190820:0000",-42.94152,171.56285,"Arthur's Pass National Park",2133,NA,0,"Canterbury",1010,NA,-0.65,NA
"6460","20190821:0000",-42.94152,171.56285,"Arthur's Pass National Park",2133,NA,0,"Canterbury",1010,NA,3.45,NA
"6461","20190822:0000",-42.94152,171.56285,"Arthur's Pass National Park",2133,NA,0,"Canterbury",1010,NA,3.3,NA
"6462","20190823:0000",-42.94152,171.56285,"Arthur's Pass National Park",2133,NA,0,"Canterbury",1010,NA,4.4,NA
"6463","20190824:0000",-42.94152,171.56285,"Arthur's Pass National Park",2133,NA,0,"Canterbury",1010,NA,4.2,NA
"6464","20190825:0000",-42.94152,171.56285,"Arthur's Pass National Park",2133,NA,0,"Canterbury",1010,NA,3.9,NA
"6465","20190826:0000",-42.94152,171.56285,"Arthur's Pass National Park",2133,NA,0,"Canterbury",1010,NA,6,NA
"6466","20190827:0000",-42.94152,171.56285,"Arthur's Pass National Park",2133,NA,0,"Canterbury",1010,NA,3.25,NA
"6467","20190828:0000",-42.94152,171.56285,"Arthur's Pass National Park",2133,NA,0,"Canterbury",1010,NA,3.65,NA
"6468","20190829:0000",-42.94152,171.56285,"Arthur's Pass National Park",2133,NA,0,"Canterbury",1010,NA,6.5,NA
"6469","20190830:0000",-42.94152,171.56285,"Arthur's Pass National Park",2133,NA,0,"Canterbury",1010,NA,3.35,NA
"6470","20190831:0000",-42.94152,171.56285,"Arthur's Pass National Park",2133,NA,0,"Canterbury",1010,NA,4.55,NA
"6471","20190901:0000",-42.94152,171.56285,"Arthur's Pass National Park",2133,NA,0,"Canterbury",1010,NA,6.5,NA
"6472","20190902:0000",-42.94152,171.56285,"Arthur's Pass National Park",2133,NA,0,"Canterbury",1010,NA,7.55,NA
"6473","20190903:0000",-42.94152,171.56285,"Arthur's Pass National Park",2133,NA,0,"Canterbury",1010,NA,5.75,NA
"6474","20190904:0000",-42.94152,171.56285,"Arthur's Pass National Park",2133,NA,0,"Canterbury",1010,NA,2.4,NA
"6475","20190905:0000",-42.94152,171.56285,"Arthur's Pass National Park",2133,NA,0,"Canterbury",1010,NA,6.2,NA
"6476","20190906:0000",-42.94152,171.56285,"Arthur's Pass National Park",2133,NA,0,"Canterbury",1010,NA,5.05,NA
"6477","20190907:0000",-42.94152,171.56285,"Arthur's Pass National Park",2133,NA,0,"Canterbury",1010,NA,4.55,NA
"6478","20190908:0000",-42.94152,171.56285,"Arthur's Pass National Park",2133,NA,0,"Canterbury",1010,NA,1.05,NA
"6479","20190909:0000",-42.94152,171.56285,"Arthur's Pass National Park",2133,NA,0,"Canterbury",1010,NA,2.65,NA
"6480","20190910:0000",-42.94152,171.56285,"Arthur's Pass National Park",2133,NA,0,"Canterbury",1010,NA,3.45,NA
"6481","20190911:0000",-42.94152,171.56285,"Arthur's Pass National Park",2133,NA,0,"Canterbury",1010,NA,2.45,NA
"6482","20190912:0000",-42.94152,171.56285,"Arthur's Pass National Park",2133,NA,0,"Canterbury",1010,NA,5.3,NA
"6483","20190913:0000",-42.94152,171.56285,"Arthur's Pass National Park",2133,NA,0,"Canterbury",1010,NA,6.6,NA
"6484","20190914:0000",-42.94152,171.56285,"Arthur's Pass National Park",2133,NA,0,"Canterbury",1010,NA,3.5,NA
"6485","20190915:0000",-42.94152,171.56285,"Arthur's Pass National Park",2133,NA,0,"Canterbury",1010,NA,4.4,NA
"6486","20190916:0000",-42.94152,171.56285,"Arthur's Pass National Park",2133,NA,0,"Canterbury",1010,NA,5.15,NA
"6487","20190917:0000",-42.94152,171.56285,"Arthur's Pass National Park",2133,NA,0,"Canterbury",1010,NA,5.1,NA
"6488","20190918:0000",-42.94152,171.56285,"Arthur's Pass National Park",2133,NA,0,"Canterbury",1010,NA,3.35,NA
"6489","20190919:0000",-42.94152,171.56285,"Arthur's Pass National Park",2133,NA,0,"Canterbury",1010,NA,5.9,NA
"6490","20190920:0000",-42.94152,171.56285,"Arthur's Pass National Park",2133,NA,0,"Canterbury",1010,NA,6.6,NA
"6491","20190921:0000",-42.94152,171.56285,"Arthur's Pass National Park",2133,NA,0,"Canterbury",1010,NA,7.25,NA
"6492","20190922:0000",-42.94152,171.56285,"Arthur's Pass National Park",2133,NA,0,"Canterbury",1010,NA,8.75,NA
"6493","20190923:0000",-42.94152,171.56285,"Arthur's Pass National Park",2133,NA,0,"Canterbury",1010,NA,6.75,NA
"6494","20190924:0000",-42.94152,171.56285,"Arthur's Pass National Park",2133,NA,0,"Canterbury",1010,NA,6.1,NA
"6495","20190925:0000",-42.94152,171.56285,"Arthur's Pass National Park",2133,NA,0,"Canterbury",1010,NA,3.2,NA
"6496","20190926:0000",-42.94152,171.56285,"Arthur's Pass National Park",2133,NA,0,"Canterbury",1010,NA,2.75,NA
"6497","20190927:0000",-42.94152,171.56285,"Arthur's Pass National Park",2133,NA,0,"Canterbury",1010,NA,6.2,NA
"6498","20190928:0000",-42.94152,171.56285,"Arthur's Pass National Park",2133,NA,0,"Canterbury",1010,NA,3.55,NA
"6499","20190929:0000",-42.94152,171.56285,"Arthur's Pass National Park",2133,NA,0,"Canterbury",1010,NA,8.25,NA
"6500","20190930:0000",-42.94152,171.56285,"Arthur's Pass National Park",2133,NA,0,"Canterbury",1010,NA,6.05,NA
"6501","20191001:0000",-42.94152,171.56285,"Arthur's Pass National Park",2133,NA,0,"Canterbury",1010,NA,4.35,NA
"6502","20191002:0000",-42.94152,171.56285,"Arthur's Pass National Park",2133,NA,0,"Canterbury",1010,NA,4.05,NA
"6503","20191003:0000",-42.94152,171.56285,"Arthur's Pass National Park",2133,NA,0,"Canterbury",1010,NA,4.7,NA
"6504","20191004:0000",-42.94152,171.56285,"Arthur's Pass National Park",2133,NA,0,"Canterbury",1010,NA,5.5,NA
"6505","20191005:0000",-42.94152,171.56285,"Arthur's Pass National Park",2133,NA,0,"Canterbury",1010,NA,5.7,NA
"6506","20191006:0000",-42.94152,171.56285,"Arthur's Pass National Park",2133,NA,0,"Canterbury",1010,NA,5.05,NA
"6507","20191007:0000",-42.94152,171.56285,"Arthur's Pass National Park",2133,NA,0,"Canterbury",1010,NA,4.4,NA
"6508","20191008:0000",-42.94152,171.56285,"Arthur's Pass National Park",2133,NA,0,"Canterbury",1010,NA,8.6,NA
"6509","20191009:0000",-42.94152,171.56285,"Arthur's Pass National Park",2133,NA,0,"Canterbury",1010,NA,8.7,NA
"6510","20191010:0000",-42.94152,171.56285,"Arthur's Pass National Park",2133,NA,0,"Canterbury",1010,NA,9.3,NA
"6511","20191011:0000",-42.94152,171.56285,"Arthur's Pass National Park",2133,NA,0,"Canterbury",1010,NA,8,NA
"6512","20191012:0000",-42.94152,171.56285,"Arthur's Pass National Park",2133,NA,0,"Canterbury",1010,NA,8.35,NA
"6513","20191013:0000",-42.94152,171.56285,"Arthur's Pass National Park",2133,NA,0,"Canterbury",1010,NA,8.5,NA
"6514","20191014:0000",-42.94152,171.56285,"Arthur's Pass National Park",2133,NA,0,"Canterbury",1010,NA,9.2,NA
"6515","20191015:0000",-42.94152,171.56285,"Arthur's Pass National Park",2133,NA,0,"Canterbury",1010,NA,8.9,NA
"6516","20191016:0000",-42.94152,171.56285,"Arthur's Pass National Park",2133,NA,0,"Canterbury",1010,NA,9.95,NA
"6517","20191017:0000",-42.94152,171.56285,"Arthur's Pass National Park",2133,NA,0,"Canterbury",1010,NA,9.65,NA
"6518","20191018:0000",-42.94152,171.56285,"Arthur's Pass National Park",2133,NA,0,"Canterbury",1010,NA,5.95,NA
"6519","20191019:0000",-42.94152,171.56285,"Arthur's Pass National Park",2133,NA,0,"Canterbury",1010,NA,9.4,NA
"6520","20191020:0000",-42.94152,171.56285,"Arthur's Pass National Park",2133,NA,0,"Canterbury",1010,NA,7.3,NA
"6521","20191021:0000",-42.94152,171.56285,"Arthur's Pass National Park",2133,NA,0,"Canterbury",1010,NA,7.1,NA
"6522","20191022:0000",-42.94152,171.56285,"Arthur's Pass National Park",2133,NA,0,"Canterbury",1010,NA,4.15,NA
"6523","20191023:0000",-42.94152,171.56285,"Arthur's Pass National Park",2133,NA,0,"Canterbury",1010,NA,4.45,NA
"6524","20191024:0000",-42.94152,171.56285,"Arthur's Pass National Park",2133,NA,0,"Canterbury",1010,NA,5.35,NA
"6525","20191025:0000",-42.94152,171.56285,"Arthur's Pass National Park",2133,NA,0,"Canterbury",1010,NA,5.65,NA
"6526","20191026:0000",-42.94152,171.56285,"Arthur's Pass National Park",2133,NA,0,"Canterbury",1010,NA,11,NA
"6527","20191027:0000",-42.94152,171.56285,"Arthur's Pass National Park",2133,NA,0,"Canterbury",1010,NA,9.25,NA
"6528","20191028:0000",-42.94152,171.56285,"Arthur's Pass National Park",2133,NA,0,"Canterbury",1010,NA,8.45,NA
"6529","20191029:0000",-42.94152,171.56285,"Arthur's Pass National Park",2133,NA,0,"Canterbury",1010,NA,6.2,NA
"6530","20191030:0000",-42.94152,171.56285,"Arthur's Pass National Park",2133,NA,0,"Canterbury",1010,NA,7.7,NA
"6531","20191031:0000",-42.94152,171.56285,"Arthur's Pass National Park",2133,NA,0,"Canterbury",1010,NA,5.95,NA
"6532","20191101:0000",-42.94152,171.56285,"Arthur's Pass National Park",2133,NA,0,"Canterbury",1010,NA,NA,NA
"6533","20191102:0000",-42.94152,171.56285,"Arthur's Pass National Park",2133,NA,0,"Canterbury",1010,NA,NA,NA
"6534","20191103:0000",-42.94152,171.56285,"Arthur's Pass National Park",2133,NA,0,"Canterbury",1010,NA,17.35,NA
"6535","20191104:0000",-42.94152,171.56285,"Arthur's Pass National Park",2133,NA,0,"Canterbury",1010,NA,NA,NA
"6536","20191105:0000",-42.94152,171.56285,"Arthur's Pass National Park",2133,NA,0,"Canterbury",1010,NA,12,NA
"6537","20191106:0000",-42.94152,171.56285,"Arthur's Pass National Park",2133,NA,0,"Canterbury",1010,NA,10.9,NA
"6538","20191107:0000",-42.94152,171.56285,"Arthur's Pass National Park",2133,NA,0,"Canterbury",1010,NA,11.85,NA
"6539","20191108:0000",-42.94152,171.56285,"Arthur's Pass National Park",2133,NA,0,"Canterbury",1010,NA,12.3,NA
"6540","20191109:0000",-42.94152,171.56285,"Arthur's Pass National Park",2133,NA,0,"Canterbury",1010,NA,12.9,NA
"6541","20191110:0000",-42.94152,171.56285,"Arthur's Pass National Park",2133,NA,0,"Canterbury",1010,NA,11.7,NA
"6542","20191111:0000",-42.94152,171.56285,"Arthur's Pass National Park",2133,NA,0,"Canterbury",1010,NA,6.55,NA
"6543","20191112:0000",-42.94152,171.56285,"Arthur's Pass National Park",2133,NA,0,"Canterbury",1010,NA,9,NA
"6544","20191113:0000",-42.94152,171.56285,"Arthur's Pass National Park",2133,NA,0,"Canterbury",1010,NA,7.6,NA
"6545","20191114:0000",-42.94152,171.56285,"Arthur's Pass National Park",2133,NA,0,"Canterbury",1010,NA,7.45,NA
"6546","20191115:0000",-42.94152,171.56285,"Arthur's Pass National Park",2133,NA,0,"Canterbury",1010,NA,6.65,NA
"6547","20191116:0000",-42.94152,171.56285,"Arthur's Pass National Park",2133,NA,0,"Canterbury",1010,NA,8.5,NA
"6548","20191117:0000",-42.94152,171.56285,"Arthur's Pass National Park",2133,NA,0,"Canterbury",1010,NA,9.3,NA
"6549","20191118:0000",-42.94152,171.56285,"Arthur's Pass National Park",2133,NA,0,"Canterbury",1010,NA,5.95,NA
"6550","20191119:0000",-42.94152,171.56285,"Arthur's Pass National Park",2133,NA,0,"Canterbury",1010,NA,5.8,NA
"6551","20191120:0000",-42.94152,171.56285,"Arthur's Pass National Park",2133,NA,0,"Canterbury",1010,NA,6.95,NA
"6552","20191121:0000",-42.94152,171.56285,"Arthur's Pass National Park",2133,NA,0,"Canterbury",1010,NA,6.85,NA
"6553","20191122:0000",-42.94152,171.56285,"Arthur's Pass National Park",2133,NA,0,"Canterbury",1010,NA,10.85,NA
"6554","20191123:0000",-42.94152,171.56285,"Arthur's Pass National Park",2133,NA,0,"Canterbury",1010,NA,14.3,NA
"6555","20191124:0000",-42.94152,171.56285,"Arthur's Pass National Park",2133,NA,0,"Canterbury",1010,NA,14.15,NA
"6556","20191125:0000",-42.94152,171.56285,"Arthur's Pass National Park",2133,NA,0,"Canterbury",1010,NA,14.2,NA
"6557","20191126:0000",-42.94152,171.56285,"Arthur's Pass National Park",2133,NA,0,"Canterbury",1010,NA,13.8,NA
"6558","20191127:0000",-42.94152,171.56285,"Arthur's Pass National Park",2133,NA,0,"Canterbury",1010,NA,10.15,NA
"6559","20191128:0000",-42.94152,171.56285,"Arthur's Pass National Park",2133,NA,0,"Canterbury",1010,NA,14.5,NA
"6560","20191129:0000",-42.94152,171.56285,"Arthur's Pass National Park",2133,NA,0,"Canterbury",1010,NA,13.5,NA
"6561","20191130:0000",-42.94152,171.56285,"Arthur's Pass National Park",2133,NA,0,"Canterbury",1010,NA,15.85,NA
"6562","20191201:0000",-42.94152,171.56285,"Arthur's Pass National Park",2133,NA,0,"Canterbury",1010,NA,12.95,NA
"6563","20191202:0000",-42.94152,171.56285,"Arthur's Pass National Park",2133,NA,0,"Canterbury",1010,NA,12.25,NA
"6564","20191203:0000",-42.94152,171.56285,"Arthur's Pass National Park",2133,NA,0,"Canterbury",1010,NA,12.75,NA
"6565","20191204:0000",-42.94152,171.56285,"Arthur's Pass National Park",2133,NA,0,"Canterbury",1010,NA,8.65,NA
"6566","20191205:0000",-42.94152,171.56285,"Arthur's Pass National Park",2133,NA,0,"Canterbury",1010,NA,8.7,NA
"6567","20191206:0000",-42.94152,171.56285,"Arthur's Pass National Park",2133,NA,0,"Canterbury",1010,NA,10.8,NA
"6568","20191207:0000",-42.94152,171.56285,"Arthur's Pass National Park",2133,NA,0,"Canterbury",1010,NA,NA,NA
"6569","20191208:0000",-42.94152,171.56285,"Arthur's Pass National Park",2133,NA,0,"Canterbury",1010,NA,NA,NA
"6570","20191209:0000",-42.94152,171.56285,"Arthur's Pass National Park",2133,NA,0,"Canterbury",1010,NA,NA,NA
"6571","20191210:0000",-42.94152,171.56285,"Arthur's Pass National Park",2133,NA,0,"Canterbury",1010,NA,NA,NA
"6572","20191211:0000",-42.94152,171.56285,"Arthur's Pass National Park",2133,NA,0,"Canterbury",1010,NA,14.7,NA
"6573","20191212:0000",-42.94152,171.56285,"Arthur's Pass National Park",2133,NA,0,"Canterbury",1010,NA,12.5,NA
"6574","20191213:0000",-42.94152,171.56285,"Arthur's Pass National Park",2133,NA,0,"Canterbury",1010,NA,13.5,NA
"6575","20191214:0000",-42.94152,171.56285,"Arthur's Pass National Park",2133,NA,0,"Canterbury",1010,NA,8.5,NA
"6576","20191215:0000",-42.94152,171.56285,"Arthur's Pass National Park",2133,NA,0,"Canterbury",1010,NA,8.8,NA
"6577","20191216:0000",-42.94152,171.56285,"Arthur's Pass National Park",2133,NA,0,"Canterbury",1010,NA,10.2,NA
"6578","20191217:0000",-42.94152,171.56285,"Arthur's Pass National Park",2133,NA,0,"Canterbury",1010,NA,10.75,NA
"6579","20191218:0000",-42.94152,171.56285,"Arthur's Pass National Park",2133,NA,0,"Canterbury",1010,NA,8.95,NA
"6580","20191219:0000",-42.94152,171.56285,"Arthur's Pass National Park",2133,NA,0,"Canterbury",1010,NA,9.2,NA
"6581","20191220:0000",-42.94152,171.56285,"Arthur's Pass National Park",2133,NA,0,"Canterbury",1010,NA,8.05,NA
"6582","20191221:0000",-42.94152,171.56285,"Arthur's Pass National Park",2133,NA,0,"Canterbury",1010,NA,10.55,NA
"6583","20191222:0000",-42.94152,171.56285,"Arthur's Pass National Park",2133,NA,0,"Canterbury",1010,NA,12.8,NA
"6584","20191223:0000",-42.94152,171.56285,"Arthur's Pass National Park",2133,NA,0,"Canterbury",1010,NA,12.7,NA
"6585","20191224:0000",-42.94152,171.56285,"Arthur's Pass National Park",2133,NA,0,"Canterbury",1010,NA,12.65,NA
"6586","20191225:0000",-42.94152,171.56285,"Arthur's Pass National Park",2133,NA,0,"Canterbury",1010,NA,12.15,NA
"6587","20191226:0000",-42.94152,171.56285,"Arthur's Pass National Park",2133,NA,0,"Canterbury",1010,NA,11.6,NA
"6588","20191227:0000",-42.94152,171.56285,"Arthur's Pass National Park",2133,NA,0,"Canterbury",1010,NA,10.4,NA
"6589","20191228:0000",-42.94152,171.56285,"Arthur's Pass National Park",2133,NA,0,"Canterbury",1010,NA,8.75,NA
"6590","20191229:0000",-42.94152,171.56285,"Arthur's Pass National Park",2133,NA,0,"Canterbury",1010,NA,9.95,NA
"6591","20191230:0000",-42.94152,171.56285,"Arthur's Pass National Park",2133,NA,0,"Canterbury",1010,NA,12.75,NA
"6592","20191231:0000",-42.94152,171.56285,"Arthur's Pass National Park",2133,NA,0,"Canterbury",1010,NA,13.25,NA
"6593","20200101:0000",-42.94152,171.56285,"Arthur's Pass National Park",2133,NA,0,"Canterbury",1010,NA,13.65,NA
"6594","20200102:0000",-42.94152,171.56285,"Arthur's Pass National Park",2133,NA,0,"Canterbury",1010,NA,13.55,NA
"6595","20200103:0000",-42.94152,171.56285,"Arthur's Pass National Park",2133,NA,0,"Canterbury",1010,NA,13,NA
"6596","20200104:0000",-42.94152,171.56285,"Arthur's Pass National Park",2133,NA,0,"Canterbury",1010,NA,9.25,NA
"6597","20200105:0000",-42.94152,171.56285,"Arthur's Pass National Park",2133,NA,0,"Canterbury",1010,NA,9.95,NA
"6598","20200106:0000",-42.94152,171.56285,"Arthur's Pass National Park",2133,NA,0,"Canterbury",1010,NA,9.1,NA
"6599","20200107:0000",-42.94152,171.56285,"Arthur's Pass National Park",2133,NA,0,"Canterbury",1010,NA,10.1,NA
"6600","20200108:0000",-42.94152,171.56285,"Arthur's Pass National Park",2133,NA,0,"Canterbury",1010,NA,9.6,NA
"6601","20200109:0000",-42.94152,171.56285,"Arthur's Pass National Park",2133,NA,0,"Canterbury",1010,NA,11.6,NA
"6602","20200110:0000",-42.94152,171.56285,"Arthur's Pass National Park",2133,NA,0,"Canterbury",1010,NA,11.3,NA
"6603","20200111:0000",-42.94152,171.56285,"Arthur's Pass National Park",2133,NA,0,"Canterbury",1010,NA,12.2,NA
"6604","20200112:0000",-42.94152,171.56285,"Arthur's Pass National Park",2133,NA,0,"Canterbury",1010,NA,10.75,NA
"6605","20200113:0000",-42.94152,171.56285,"Arthur's Pass National Park",2133,NA,0,"Canterbury",1010,NA,11.8,NA
"6606","20200114:0000",-42.94152,171.56285,"Arthur's Pass National Park",2133,NA,0,"Canterbury",1010,NA,12.55,NA
"6607","20200115:0000",-42.94152,171.56285,"Arthur's Pass National Park",2133,NA,0,"Canterbury",1010,NA,13.55,NA
"6608","20200116:0000",-42.94152,171.56285,"Arthur's Pass National Park",2133,NA,0,"Canterbury",1010,NA,14.65,NA
"6609","20200117:0000",-42.94152,171.56285,"Arthur's Pass National Park",2133,NA,0,"Canterbury",1010,NA,15,NA
"6610","20200118:0000",-42.94152,171.56285,"Arthur's Pass National Park",2133,NA,0,"Canterbury",1010,NA,16.1,NA
"6611","20200119:0000",-42.94152,171.56285,"Arthur's Pass National Park",2133,NA,0,"Canterbury",1010,NA,16.95,NA
"6612","20200120:0000",-42.94152,171.56285,"Arthur's Pass National Park",2133,NA,0,"Canterbury",1010,NA,16.85,NA
"6613","20200121:0000",-42.94152,171.56285,"Arthur's Pass National Park",2133,NA,0,"Canterbury",1010,NA,17.25,NA
"6614","20200122:0000",-42.94152,171.56285,"Arthur's Pass National Park",2133,NA,0,"Canterbury",1010,NA,15.3,NA
"6615","20200123:0000",-42.94152,171.56285,"Arthur's Pass National Park",2133,NA,0,"Canterbury",1010,NA,17.8,NA
"6616","20200124:0000",-42.94152,171.56285,"Arthur's Pass National Park",2133,NA,0,"Canterbury",1010,NA,16.55,NA
"6617","20200125:0000",-42.94152,171.56285,"Arthur's Pass National Park",2133,NA,0,"Canterbury",1010,NA,18.05,NA
"6618","20200126:0000",-42.94152,171.56285,"Arthur's Pass National Park",2133,NA,0,"Canterbury",1010,NA,18.85,NA
"6619","20200127:0000",-42.94152,171.56285,"Arthur's Pass National Park",2133,NA,0,"Canterbury",1010,NA,17,NA
"6620","20200128:0000",-42.94152,171.56285,"Arthur's Pass National Park",2133,NA,0,"Canterbury",1010,NA,16.95,NA
"6621","20200129:0000",-42.94152,171.56285,"Arthur's Pass National Park",2133,NA,0,"Canterbury",1010,NA,14.45,NA
"6622","20200130:0000",-42.94152,171.56285,"Arthur's Pass National Park",2133,NA,0,"Canterbury",1010,NA,13.65,NA
"6623","20200131:0000",-42.94152,171.56285,"Arthur's Pass National Park",2133,NA,0,"Canterbury",1010,NA,14.9,NA
"6624","20200201:0000",-42.94152,171.56285,"Arthur's Pass National Park",2133,NA,0,"Canterbury",1010,NA,12,NA
"6625","20200202:0000",-42.94152,171.56285,"Arthur's Pass National Park",2133,NA,0,"Canterbury",1010,NA,14.9,NA
"6626","20200203:0000",-42.94152,171.56285,"Arthur's Pass National Park",2133,NA,0,"Canterbury",1010,NA,17,NA
"6627","20200204:0000",-42.94152,171.56285,"Arthur's Pass National Park",2133,NA,0,"Canterbury",1010,NA,16.6,NA
"6628","20200205:0000",-42.94152,171.56285,"Arthur's Pass National Park",2133,NA,0,"Canterbury",1010,NA,8.85,NA
"6629","20200206:0000",-42.94152,171.56285,"Arthur's Pass National Park",2133,NA,0,"Canterbury",1010,NA,10.7,NA
"6630","20200207:0000",-42.94152,171.56285,"Arthur's Pass National Park",2133,NA,0,"Canterbury",1010,NA,10.9,NA
"6631","20200208:0000",-42.94152,171.56285,"Arthur's Pass National Park",2133,NA,0,"Canterbury",1010,NA,11.85,NA
"6632","20200209:0000",-42.94152,171.56285,"Arthur's Pass National Park",2133,NA,0,"Canterbury",1010,NA,11.4,NA
"6633","20200210:0000",-42.94152,171.56285,"Arthur's Pass National Park",2133,NA,0,"Canterbury",1010,NA,14.3,NA
"6634","20200211:0000",-42.94152,171.56285,"Arthur's Pass National Park",2133,NA,0,"Canterbury",1010,NA,15.95,NA
"6635","20200212:0000",-42.94152,171.56285,"Arthur's Pass National Park",2133,NA,0,"Canterbury",1010,NA,15.4,NA
"6636","20200213:0000",-42.94152,171.56285,"Arthur's Pass National Park",2133,NA,0,"Canterbury",1010,NA,15.25,NA
"6637","20200214:0000",-42.94152,171.56285,"Arthur's Pass National Park",2133,NA,0,"Canterbury",1010,NA,17,NA
"6638","20200215:0000",-42.94152,171.56285,"Arthur's Pass National Park",2133,NA,0,"Canterbury",1010,NA,16.1,NA
"6639","20200216:0000",-42.94152,171.56285,"Arthur's Pass National Park",2133,NA,0,"Canterbury",1010,NA,14.6,NA
"6640","20200217:0000",-42.94152,171.56285,"Arthur's Pass National Park",2133,NA,0,"Canterbury",1010,NA,16.95,NA
"6641","20200218:0000",-42.94152,171.56285,"Arthur's Pass National Park",2133,NA,0,"Canterbury",1010,NA,18.6,NA
"6642","20200219:0000",-42.94152,171.56285,"Arthur's Pass National Park",2133,NA,0,"Canterbury",1010,NA,15.7,NA
"6643","20200220:0000",-42.94152,171.56285,"Arthur's Pass National Park",2133,NA,0,"Canterbury",1010,NA,14.15,NA
"6644","20200221:0000",-42.94152,171.56285,"Arthur's Pass National Park",2133,NA,0,"Canterbury",1010,NA,13.45,NA
"6645","20200222:0000",-42.94152,171.56285,"Arthur's Pass National Park",2133,NA,0,"Canterbury",1010,NA,12.8,NA
"6646","20200223:0000",-42.94152,171.56285,"Arthur's Pass National Park",2133,NA,0,"Canterbury",1010,NA,11.05,NA
"6647","20200224:0000",-42.94152,171.56285,"Arthur's Pass National Park",2133,NA,0,"Canterbury",1010,NA,12,NA
"6648","20200225:0000",-42.94152,171.56285,"Arthur's Pass National Park",2133,NA,0,"Canterbury",1010,NA,14.65,NA
"6649","20200226:0000",-42.94152,171.56285,"Arthur's Pass National Park",2133,NA,0,"Canterbury",1010,NA,14.75,NA
"6650","20200227:0000",-42.94152,171.56285,"Arthur's Pass National Park",2133,NA,0,"Canterbury",1010,NA,12.5,NA
"6651","20200228:0000",-42.94152,171.56285,"Arthur's Pass National Park",2133,NA,0,"Canterbury",1010,NA,14.15,NA
"6652","20200229:0000",-42.94152,171.56285,"Arthur's Pass National Park",2133,NA,0,"Canterbury",1010,NA,12.55,NA
"6653","20200301:0000",-42.94152,171.56285,"Arthur's Pass National Park",2133,NA,0,"Canterbury",1010,NA,13.4,NA
"6654","20200302:0000",-42.94152,171.56285,"Arthur's Pass National Park",2133,NA,0,"Canterbury",1010,NA,13.15,NA
"6655","20200303:0000",-42.94152,171.56285,"Arthur's Pass National Park",2133,NA,0,"Canterbury",1010,NA,14.35,NA
"6656","20200304:0000",-42.94152,171.56285,"Arthur's Pass National Park",2133,NA,0,"Canterbury",1010,NA,10.45,NA
"6657","20200305:0000",-42.94152,171.56285,"Arthur's Pass National Park",2133,NA,0,"Canterbury",1010,NA,11.15,NA
"6658","20200306:0000",-42.94152,171.56285,"Arthur's Pass National Park",2133,NA,0,"Canterbury",1010,NA,11.75,NA
"6659","20200307:0000",-42.94152,171.56285,"Arthur's Pass National Park",2133,NA,0,"Canterbury",1010,NA,9.8,NA
"6660","20200308:0000",-42.94152,171.56285,"Arthur's Pass National Park",2133,NA,0,"Canterbury",1010,NA,13,NA
"6661","20200309:0000",-42.94152,171.56285,"Arthur's Pass National Park",2133,NA,0,"Canterbury",1010,NA,11.6,NA
"6662","20200310:0000",-42.94152,171.56285,"Arthur's Pass National Park",2133,NA,0,"Canterbury",1010,NA,13.7,NA
"6663","20200311:0000",-42.94152,171.56285,"Arthur's Pass National Park",2133,NA,0,"Canterbury",1010,NA,11.85,NA
"6664","20200312:0000",-42.94152,171.56285,"Arthur's Pass National Park",2133,NA,0,"Canterbury",1010,NA,13.15,NA
"6665","20200313:0000",-42.94152,171.56285,"Arthur's Pass National Park",2133,NA,0,"Canterbury",1010,NA,10.65,NA
"6666","20200314:0000",-42.94152,171.56285,"Arthur's Pass National Park",2133,NA,0,"Canterbury",1010,NA,13.85,NA
"6667","20200315:0000",-42.94152,171.56285,"Arthur's Pass National Park",2133,NA,0,"Canterbury",1010,NA,12.8,NA
"6668","20200316:0000",-42.94152,171.56285,"Arthur's Pass National Park",2133,NA,0,"Canterbury",1010,NA,11.6,NA
"6669","20200317:0000",-42.94152,171.56285,"Arthur's Pass National Park",2133,NA,0,"Canterbury",1010,NA,8.35,NA
"6670","20200318:0000",-42.94152,171.56285,"Arthur's Pass National Park",2133,NA,0,"Canterbury",1010,NA,6.95,NA
"6671","20200319:0000",-42.94152,171.56285,"Arthur's Pass National Park",2133,NA,0,"Canterbury",1010,NA,7.75,NA
"6672","20200320:0000",-42.94152,171.56285,"Arthur's Pass National Park",2133,NA,0,"Canterbury",1010,NA,12.25,NA
"6673","20200321:0000",-42.94152,171.56285,"Arthur's Pass National Park",2133,NA,0,"Canterbury",1010,NA,9.85,NA
"6674","20200322:0000",-42.94152,171.56285,"Arthur's Pass National Park",2133,NA,0,"Canterbury",1010,NA,11,NA
"6675","20200323:0000",-42.94152,171.56285,"Arthur's Pass National Park",2133,NA,0,"Canterbury",1010,NA,NA,NA
"6676","20200324:0000",-42.94152,171.56285,"Arthur's Pass National Park",2133,NA,0,"Canterbury",1010,NA,NA,NA
"6677","20200325:0000",-42.94152,171.56285,"Arthur's Pass National Park",2133,NA,0,"Canterbury",1010,NA,NA,NA
"6678","20200326:0000",-42.94152,171.56285,"Arthur's Pass National Park",2133,NA,0,"Canterbury",1010,NA,NA,NA
"6679","20200327:0000",-42.94152,171.56285,"Arthur's Pass National Park",2133,NA,0,"Canterbury",1010,NA,NA,NA
"6680","20200328:0000",-42.94152,171.56285,"Arthur's Pass National Park",2133,NA,0,"Canterbury",1010,NA,NA,NA
"6681","20200329:0000",-42.94152,171.56285,"Arthur's Pass National Park",2133,NA,0,"Canterbury",1010,NA,NA,NA
"6682","20200330:0000",-42.94152,171.56285,"Arthur's Pass National Park",2133,NA,0,"Canterbury",1010,NA,NA,NA
"6683","20200331:0000",-42.94152,171.56285,"Arthur's Pass National Park",2133,NA,0,"Canterbury",1010,NA,NA,NA
"6684","20200401:0000",-42.94152,171.56285,"Arthur's Pass National Park",2133,NA,0,"Canterbury",1010,NA,9.5,NA
"6685","20200402:0000",-42.94152,171.56285,"Arthur's Pass National Park",2133,NA,0,"Canterbury",1010,NA,10.7,NA
"6686","20200403:0000",-42.94152,171.56285,"Arthur's Pass National Park",2133,NA,0,"Canterbury",1010,NA,10.9,NA
"6687","20200404:0000",-42.94152,171.56285,"Arthur's Pass National Park",2133,NA,0,"Canterbury",1010,NA,10.55,NA
"6688","20200405:0000",-42.94152,171.56285,"Arthur's Pass National Park",2133,NA,0,"Canterbury",1010,NA,10.5,NA
"6689","20200406:0000",-42.94152,171.56285,"Arthur's Pass National Park",2133,NA,0,"Canterbury",1010,NA,11.6,NA
"6690","20200407:0000",-42.94152,171.56285,"Arthur's Pass National Park",2133,NA,0,"Canterbury",1010,NA,11.4,NA
"6691","20200408:0000",-42.94152,171.56285,"Arthur's Pass National Park",2133,NA,0,"Canterbury",1010,NA,7.85,NA
"6692","20200409:0000",-42.94152,171.56285,"Arthur's Pass National Park",2133,NA,0,"Canterbury",1010,NA,7.4,NA
"6693","20200410:0000",-42.94152,171.56285,"Arthur's Pass National Park",2133,NA,0,"Canterbury",1010,NA,9.15,NA
"6694","20200411:0000",-42.94152,171.56285,"Arthur's Pass National Park",2133,NA,0,"Canterbury",1010,NA,7.7,NA
"6695","20200412:0000",-42.94152,171.56285,"Arthur's Pass National Park",2133,NA,0,"Canterbury",1010,NA,9.8,NA
"6696","20200413:0000",-42.94152,171.56285,"Arthur's Pass National Park",2133,NA,0,"Canterbury",1010,NA,4.3,NA
"6697","20200414:0000",-42.94152,171.56285,"Arthur's Pass National Park",2133,NA,0,"Canterbury",1010,NA,3.75,NA
"6698","20200415:0000",-42.94152,171.56285,"Arthur's Pass National Park",2133,NA,0,"Canterbury",1010,NA,3.35,NA
"6699","20200416:0000",-42.94152,171.56285,"Arthur's Pass National Park",2133,NA,0,"Canterbury",1010,NA,5.1,NA
"6700","20200417:0000",-42.94152,171.56285,"Arthur's Pass National Park",2133,NA,0,"Canterbury",1010,NA,7.95,NA
"6701","20200418:0000",-42.94152,171.56285,"Arthur's Pass National Park",2133,NA,0,"Canterbury",1010,NA,8.05,NA
"6702","20200419:0000",-42.94152,171.56285,"Arthur's Pass National Park",2133,NA,0,"Canterbury",1010,NA,6.35,NA
"6703","20200420:0000",-42.94152,171.56285,"Arthur's Pass National Park",2133,NA,0,"Canterbury",1010,NA,NA,NA
"6704","20200421:0000",-42.94152,171.56285,"Arthur's Pass National Park",2133,NA,0,"Canterbury",1010,NA,NA,NA
"6705","20200422:0000",-42.94152,171.56285,"Arthur's Pass National Park",2133,NA,0,"Canterbury",1010,NA,6,NA
"6706","20200423:0000",-42.94152,171.56285,"Arthur's Pass National Park",2133,NA,0,"Canterbury",1010,NA,9.95,NA
"6707","20200424:0000",-42.94152,171.56285,"Arthur's Pass National Park",2133,NA,0,"Canterbury",1010,NA,9.1,NA
"6708","20200425:0000",-42.94152,171.56285,"Arthur's Pass National Park",2133,NA,0,"Canterbury",1010,NA,9.05,NA
"6709","20200426:0000",-42.94152,171.56285,"Arthur's Pass National Park",2133,NA,0,"Canterbury",1010,NA,8.35,NA
"6710","20200427:0000",-42.94152,171.56285,"Arthur's Pass National Park",2133,NA,0,"Canterbury",1010,NA,9,NA
"6711","20200428:0000",-42.94152,171.56285,"Arthur's Pass National Park",2133,NA,0,"Canterbury",1010,NA,7.4,NA
"6712","20200429:0000",-42.94152,171.56285,"Arthur's Pass National Park",2133,NA,0,"Canterbury",1010,NA,8.75,NA
"6713","20200430:0000",-42.94152,171.56285,"Arthur's Pass National Park",2133,NA,0,"Canterbury",1010,NA,9,NA
"6714","20200501:0000",-42.94152,171.56285,"Arthur's Pass National Park",2133,NA,0,"Canterbury",1010,NA,NA,NA
"6715","20200502:0000",-42.94152,171.56285,"Arthur's Pass National Park",2133,NA,0,"Canterbury",1010,NA,NA,NA
"6716","20200503:0000",-42.94152,171.56285,"Arthur's Pass National Park",2133,NA,0,"Canterbury",1010,NA,NA,NA
"6717","20200504:0000",-42.94152,171.56285,"Arthur's Pass National Park",2133,NA,0,"Canterbury",1010,NA,NA,NA
"6718","20200505:0000",-42.94152,171.56285,"Arthur's Pass National Park",2133,NA,0,"Canterbury",1010,NA,NA,NA
"6719","20200506:0000",-42.94152,171.56285,"Arthur's Pass National Park",2133,NA,0,"Canterbury",1010,NA,NA,NA
"6720","20200507:0000",-42.94152,171.56285,"Arthur's Pass National Park",2133,NA,0,"Canterbury",1010,NA,NA,NA
"6721","20200508:0000",-42.94152,171.56285,"Arthur's Pass National Park",2133,NA,0,"Canterbury",1010,NA,NA,NA
"6722","20200509:0000",-42.94152,171.56285,"Arthur's Pass National Park",2133,NA,0,"Canterbury",1010,NA,NA,NA
"6723","20200510:0000",-42.94152,171.56285,"Arthur's Pass National Park",2133,NA,0,"Canterbury",1010,NA,NA,NA
"6724","20200511:0000",-42.94152,171.56285,"Arthur's Pass National Park",2133,NA,0,"Canterbury",1010,NA,NA,NA
"6725","20200512:0000",-42.94152,171.56285,"Arthur's Pass National Park",2133,NA,0,"Canterbury",1010,NA,NA,NA
"6726","20200513:0000",-42.94152,171.56285,"Arthur's Pass National Park",2133,NA,0,"Canterbury",1010,NA,NA,NA
"6727","20200514:0000",-42.94152,171.56285,"Arthur's Pass National Park",2133,NA,0,"Canterbury",1010,NA,NA,NA
"6728","20200515:0000",-42.94152,171.56285,"Arthur's Pass National Park",2133,NA,0,"Canterbury",1010,NA,5.9,NA
"6729","20200516:0000",-42.94152,171.56285,"Arthur's Pass National Park",2133,NA,0,"Canterbury",1010,NA,8.2,NA
"6730","20200517:0000",-42.94152,171.56285,"Arthur's Pass National Park",2133,NA,0,"Canterbury",1010,NA,4.45,NA
"6731","20200518:0000",-42.94152,171.56285,"Arthur's Pass National Park",2133,NA,0,"Canterbury",1010,NA,4.3,NA
"6732","20200519:0000",-42.94152,171.56285,"Arthur's Pass National Park",2133,NA,0,"Canterbury",1010,NA,5.1,NA
"6733","20200520:0000",-42.94152,171.56285,"Arthur's Pass National Park",2133,NA,0,"Canterbury",1010,NA,4.7,NA
"6734","20200521:0000",-42.94152,171.56285,"Arthur's Pass National Park",2133,NA,0,"Canterbury",1010,NA,5.45,NA
"6735","20200522:0000",-42.94152,171.56285,"Arthur's Pass National Park",2133,NA,0,"Canterbury",1010,NA,7.35,NA
"6736","20200523:0000",-42.94152,171.56285,"Arthur's Pass National Park",2133,NA,0,"Canterbury",1010,NA,4.65,NA
"6737","20200524:0000",-42.94152,171.56285,"Arthur's Pass National Park",2133,NA,0,"Canterbury",1010,NA,5.75,NA
"6738","20200525:0000",-42.94152,171.56285,"Arthur's Pass National Park",2133,NA,0,"Canterbury",1010,NA,4.55,NA
"6739","20200526:0000",-42.94152,171.56285,"Arthur's Pass National Park",2133,NA,0,"Canterbury",1010,NA,6.45,NA
"6740","20200527:0000",-42.94152,171.56285,"Arthur's Pass National Park",2133,NA,0,"Canterbury",1010,NA,4.5,NA
"6741","20200528:0000",-42.94152,171.56285,"Arthur's Pass National Park",2133,NA,0,"Canterbury",1010,NA,4.55,NA
"6742","20200529:0000",-42.94152,171.56285,"Arthur's Pass National Park",2133,NA,0,"Canterbury",1010,NA,2.85,NA
"6743","20200530:0000",-42.94152,171.56285,"Arthur's Pass National Park",2133,NA,0,"Canterbury",1010,NA,3.9,NA
"6744","20200531:0000",-42.94152,171.56285,"Arthur's Pass National Park",2133,NA,0,"Canterbury",1010,NA,3.25,NA
"6745","20200601:0000",-42.94152,171.56285,"Arthur's Pass National Park",2133,NA,0,"Canterbury",1010,NA,2.45,NA
"6746","20200602:0000",-42.94152,171.56285,"Arthur's Pass National Park",2133,NA,0,"Canterbury",1010,NA,4.95,NA
"6747","20200603:0000",-42.94152,171.56285,"Arthur's Pass National Park",2133,NA,0,"Canterbury",1010,NA,4.4,NA
"6748","20200604:0000",-42.94152,171.56285,"Arthur's Pass National Park",2133,NA,0,"Canterbury",1010,NA,6.05,NA
"6749","20200605:0000",-42.94152,171.56285,"Arthur's Pass National Park",2133,NA,0,"Canterbury",1010,NA,3.6,NA
"6750","20200606:0000",-42.94152,171.56285,"Arthur's Pass National Park",2133,NA,0,"Canterbury",1010,NA,3,NA
"6751","20200607:0000",-42.94152,171.56285,"Arthur's Pass National Park",2133,NA,0,"Canterbury",1010,NA,0.8,NA
"6752","20200608:0000",-42.94152,171.56285,"Arthur's Pass National Park",2133,NA,0,"Canterbury",1010,NA,0.45,NA
"6753","20200609:0000",-42.94152,171.56285,"Arthur's Pass National Park",2133,NA,0,"Canterbury",1010,NA,5.7,NA
"6754","20200610:0000",-42.94152,171.56285,"Arthur's Pass National Park",2133,NA,0,"Canterbury",1010,NA,3.95,NA
"6755","20200611:0000",-42.94152,171.56285,"Arthur's Pass National Park",2133,NA,0,"Canterbury",1010,NA,5.05,NA
"6756","20200612:0000",-42.94152,171.56285,"Arthur's Pass National Park",2133,NA,0,"Canterbury",1010,NA,6.95,NA
"6757","20200613:0000",-42.94152,171.56285,"Arthur's Pass National Park",2133,NA,0,"Canterbury",1010,NA,2.45,NA
"6758","20200614:0000",-42.94152,171.56285,"Arthur's Pass National Park",2133,NA,0,"Canterbury",1010,NA,2.6,NA
"6759","20200615:0000",-42.94152,171.56285,"Arthur's Pass National Park",2133,NA,0,"Canterbury",1010,NA,4.15,NA
"6760","20200616:0000",-42.94152,171.56285,"Arthur's Pass National Park",2133,NA,0,"Canterbury",1010,NA,9.1,NA
"6761","20200617:0000",-42.94152,171.56285,"Arthur's Pass National Park",2133,NA,0,"Canterbury",1010,NA,10.2,NA
"6762","20200618:0000",-42.94152,171.56285,"Arthur's Pass National Park",2133,NA,0,"Canterbury",1010,NA,2,NA
"6763","20200619:0000",-42.94152,171.56285,"Arthur's Pass National Park",2133,NA,0,"Canterbury",1010,NA,2.7,NA
"6764","20200620:0000",-42.94152,171.56285,"Arthur's Pass National Park",2133,NA,0,"Canterbury",1010,NA,3.3,NA
"6765","20200621:0000",-42.94152,171.56285,"Arthur's Pass National Park",2133,NA,0,"Canterbury",1010,NA,2.6,NA
"6766","20200622:0000",-42.94152,171.56285,"Arthur's Pass National Park",2133,NA,0,"Canterbury",1010,NA,3.4,NA
"6767","20200623:0000",-42.94152,171.56285,"Arthur's Pass National Park",2133,NA,0,"Canterbury",1010,NA,4.95,NA
"6768","20200624:0000",-42.94152,171.56285,"Arthur's Pass National Park",2133,NA,0,"Canterbury",1010,NA,3.45,NA
"6769","20200625:0000",-42.94152,171.56285,"Arthur's Pass National Park",2133,NA,0,"Canterbury",1010,NA,3.4,NA
"6770","20200626:0000",-42.94152,171.56285,"Arthur's Pass National Park",2133,NA,0,"Canterbury",1010,NA,5.5,NA
"6771","20200627:0000",-42.94152,171.56285,"Arthur's Pass National Park",2133,NA,0,"Canterbury",1010,NA,4.85,NA
"6772","20200628:0000",-42.94152,171.56285,"Arthur's Pass National Park",2133,NA,0,"Canterbury",1010,NA,4.65,NA
"6773","20200629:0000",-42.94152,171.56285,"Arthur's Pass National Park",2133,NA,0,"Canterbury",1010,NA,3.5,NA
"6774","20200630:0000",-42.94152,171.56285,"Arthur's Pass National Park",2133,NA,0,"Canterbury",1010,NA,3.65,NA
"6775","20200701:0000",-42.94152,171.56285,"Arthur's Pass National Park",2133,NA,0,"Canterbury",1010,NA,1.65,NA
"6776","20200702:0000",-42.94152,171.56285,"Arthur's Pass National Park",2133,NA,0,"Canterbury",1010,NA,1.9,NA
"6777","20200703:0000",-42.94152,171.56285,"Arthur's Pass National Park",2133,NA,0,"Canterbury",1010,NA,1.4,NA
"6778","20200704:0000",-42.94152,171.56285,"Arthur's Pass National Park",2133,NA,0,"Canterbury",1010,NA,1.9,NA
"6779","20200705:0000",-42.94152,171.56285,"Arthur's Pass National Park",2133,NA,0,"Canterbury",1010,NA,5.65,NA
"6780","20200706:0000",-42.94152,171.56285,"Arthur's Pass National Park",2133,NA,0,"Canterbury",1010,NA,5.8,NA
"6781","20200707:0000",-42.94152,171.56285,"Arthur's Pass National Park",2133,NA,0,"Canterbury",1010,NA,3.35,NA
"6782","20200708:0000",-42.94152,171.56285,"Arthur's Pass National Park",2133,NA,0,"Canterbury",1010,NA,2.2,NA
"6783","20200709:0000",-42.94152,171.56285,"Arthur's Pass National Park",2133,NA,0,"Canterbury",1010,NA,2.95,NA
"6784","20200710:0000",-42.94152,171.56285,"Arthur's Pass National Park",2133,NA,0,"Canterbury",1010,NA,2.65,NA
"6785","20200711:0000",-42.94152,171.56285,"Arthur's Pass National Park",2133,NA,0,"Canterbury",1010,NA,2.25,NA
"6786","20200712:0000",-42.94152,171.56285,"Arthur's Pass National Park",2133,NA,0,"Canterbury",1010,NA,4.15,NA
"6787","20200713:0000",-42.94152,171.56285,"Arthur's Pass National Park",2133,NA,0,"Canterbury",1010,NA,4.75,NA
"6788","20200714:0000",-42.94152,171.56285,"Arthur's Pass National Park",2133,NA,0,"Canterbury",1010,NA,1.1,NA
"6789","20200715:0000",-42.94152,171.56285,"Arthur's Pass National Park",2133,NA,0,"Canterbury",1010,NA,0.9,NA
"6790","20200716:0000",-42.94152,171.56285,"Arthur's Pass National Park",2133,NA,0,"Canterbury",1010,NA,0.9,NA
"6791","20200717:0000",-42.94152,171.56285,"Arthur's Pass National Park",2133,NA,0,"Canterbury",1010,NA,1.5,NA
"6792","20200718:0000",-42.94152,171.56285,"Arthur's Pass National Park",2133,NA,0,"Canterbury",1010,NA,1.25,NA
"6793","20200719:0000",-42.94152,171.56285,"Arthur's Pass National Park",2133,NA,0,"Canterbury",1010,NA,3.6,NA
"6794","20200720:0000",-42.94152,171.56285,"Arthur's Pass National Park",2133,NA,0,"Canterbury",1010,NA,5.5,NA
"6795","20200721:0000",-42.94152,171.56285,"Arthur's Pass National Park",2133,NA,0,"Canterbury",1010,NA,5.7,NA
"6796","20200722:0000",-42.94152,171.56285,"Arthur's Pass National Park",2133,NA,0,"Canterbury",1010,NA,3.65,NA
"6797","20200723:0000",-42.94152,171.56285,"Arthur's Pass National Park",2133,NA,0,"Canterbury",1010,NA,2.4,NA
"6798","20200724:0000",-42.94152,171.56285,"Arthur's Pass National Park",2133,NA,0,"Canterbury",1010,NA,1.7,NA
"6799","20200725:0000",-42.94152,171.56285,"Arthur's Pass National Park",2133,NA,0,"Canterbury",1010,NA,1.9,NA
"6800","20200726:0000",-42.94152,171.56285,"Arthur's Pass National Park",2133,NA,0,"Canterbury",1010,NA,3.55,NA
"6801","20200727:0000",-42.94152,171.56285,"Arthur's Pass National Park",2133,NA,0,"Canterbury",1010,NA,3.1,NA
"6802","20200728:0000",-42.94152,171.56285,"Arthur's Pass National Park",2133,NA,0,"Canterbury",1010,NA,2.75,NA
"6803","20200729:0000",-42.94152,171.56285,"Arthur's Pass National Park",2133,NA,0,"Canterbury",1010,NA,6,NA
"6804","20200730:0000",-42.94152,171.56285,"Arthur's Pass National Park",2133,NA,0,"Canterbury",1010,NA,6.85,NA
"6805","20200731:0000",-42.94152,171.56285,"Arthur's Pass National Park",2133,NA,0,"Canterbury",1010,NA,8.55,NA
"6806","20200801:0000",-42.94152,171.56285,"Arthur's Pass National Park",2133,NA,0,"Canterbury",1010,NA,NA,NA
"6807","20200802:0000",-42.94152,171.56285,"Arthur's Pass National Park",2133,NA,0,"Canterbury",1010,NA,NA,NA
"6808","20200803:0000",-42.94152,171.56285,"Arthur's Pass National Park",2133,NA,0,"Canterbury",1010,NA,7.95,NA
"6809","20200804:0000",-42.94152,171.56285,"Arthur's Pass National Park",2133,NA,0,"Canterbury",1010,NA,4.4,NA
"6810","20200805:0000",-42.94152,171.56285,"Arthur's Pass National Park",2133,NA,0,"Canterbury",1010,NA,6.7,NA
"6811","20200806:0000",-42.94152,171.56285,"Arthur's Pass National Park",2133,NA,0,"Canterbury",1010,NA,5.1,NA
"6812","20200807:0000",-42.94152,171.56285,"Arthur's Pass National Park",2133,NA,0,"Canterbury",1010,NA,7.25,NA
"6813","20200808:0000",-42.94152,171.56285,"Arthur's Pass National Park",2133,NA,0,"Canterbury",1010,NA,4.45,NA
"6814","20200809:0000",-42.94152,171.56285,"Arthur's Pass National Park",2133,NA,0,"Canterbury",1010,NA,3.95,NA
"6815","20200810:0000",-42.94152,171.56285,"Arthur's Pass National Park",2133,NA,0,"Canterbury",1010,NA,6.5,NA
"6816","20200811:0000",-42.94152,171.56285,"Arthur's Pass National Park",2133,NA,0,"Canterbury",1010,NA,6,NA
"6817","20200812:0000",-42.94152,171.56285,"Arthur's Pass National Park",2133,NA,0,"Canterbury",1010,NA,3.75,NA
"6818","20200813:0000",-42.94152,171.56285,"Arthur's Pass National Park",2133,NA,0,"Canterbury",1010,NA,4.15,NA
"6819","20200814:0000",-42.94152,171.56285,"Arthur's Pass National Park",2133,NA,0,"Canterbury",1010,NA,4.7,NA
"6820","20200815:0000",-42.94152,171.56285,"Arthur's Pass National Park",2133,NA,0,"Canterbury",1010,NA,3.95,NA
"6821","20200816:0000",-42.94152,171.56285,"Arthur's Pass National Park",2133,NA,0,"Canterbury",1010,NA,4.3,NA
"6822","20200817:0000",-42.94152,171.56285,"Arthur's Pass National Park",2133,NA,0,"Canterbury",1010,NA,3.65,NA
"6823","20200818:0000",-42.94152,171.56285,"Arthur's Pass National Park",2133,NA,0,"Canterbury",1010,NA,3.25,NA
"6824","20200819:0000",-42.94152,171.56285,"Arthur's Pass National Park",2133,NA,0,"Canterbury",1010,NA,3.3,NA
"6825","20200820:0000",-42.94152,171.56285,"Arthur's Pass National Park",2133,NA,0,"Canterbury",1010,NA,7.55,NA
"6826","20200821:0000",-42.94152,171.56285,"Arthur's Pass National Park",2133,NA,0,"Canterbury",1010,NA,4.7,NA
"6827","20200822:0000",-42.94152,171.56285,"Arthur's Pass National Park",2133,NA,0,"Canterbury",1010,NA,6.3,NA
"6828","20200823:0000",-42.94152,171.56285,"Arthur's Pass National Park",2133,NA,0,"Canterbury",1010,NA,4.65,NA
"6829","20200824:0000",-42.94152,171.56285,"Arthur's Pass National Park",2133,NA,0,"Canterbury",1010,NA,3.95,NA
"6830","20200825:0000",-42.94152,171.56285,"Arthur's Pass National Park",2133,NA,0,"Canterbury",1010,NA,5.7,NA
"6831","20200826:0000",-42.94152,171.56285,"Arthur's Pass National Park",2133,NA,0,"Canterbury",1010,NA,1.75,NA
"6832","20200827:0000",-42.94152,171.56285,"Arthur's Pass National Park",2133,NA,0,"Canterbury",1010,NA,3.65,NA
"6833","20200828:0000",-42.94152,171.56285,"Arthur's Pass National Park",2133,NA,0,"Canterbury",1010,NA,3.65,NA
"6834","20200829:0000",-42.94152,171.56285,"Arthur's Pass National Park",2133,NA,0,"Canterbury",1010,NA,6.5,NA
"6835","20200830:0000",-42.94152,171.56285,"Arthur's Pass National Park",2133,NA,0,"Canterbury",1010,NA,NA,NA
"6836","20200831:0000",-42.94152,171.56285,"Arthur's Pass National Park",2133,NA,0,"Canterbury",1010,NA,8.1,NA
"6837","20200901:0000",-42.94152,171.56285,"Arthur's Pass National Park",2133,NA,0,"Canterbury",1010,NA,2,NA
"6838","20200902:0000",-42.94152,171.56285,"Arthur's Pass National Park",2133,NA,0,"Canterbury",1010,NA,2.8,NA
"6839","20200903:0000",-42.94152,171.56285,"Arthur's Pass National Park",2133,NA,0,"Canterbury",1010,NA,3,NA
"6840","20200904:0000",-42.94152,171.56285,"Arthur's Pass National Park",2133,NA,0,"Canterbury",1010,NA,NA,NA
"6841","20200905:0000",-42.94152,171.56285,"Arthur's Pass National Park",2133,NA,0,"Canterbury",1010,NA,10.7,NA
"6842","20200906:0000",-42.94152,171.56285,"Arthur's Pass National Park",2133,NA,0,"Canterbury",1010,NA,9.95,NA
"6843","20200907:0000",-42.94152,171.56285,"Arthur's Pass National Park",2133,NA,0,"Canterbury",1010,NA,7.45,NA
"6844","20200908:0000",-42.94152,171.56285,"Arthur's Pass National Park",2133,NA,0,"Canterbury",1010,NA,6.55,NA
"6845","20200909:0000",-42.94152,171.56285,"Arthur's Pass National Park",2133,NA,0,"Canterbury",1010,NA,7,NA
"6846","20200910:0000",-42.94152,171.56285,"Arthur's Pass National Park",2133,NA,0,"Canterbury",1010,NA,5.15,NA
"6847","20200911:0000",-42.94152,171.56285,"Arthur's Pass National Park",2133,NA,0,"Canterbury",1010,NA,4.05,NA
"6848","20200912:0000",-42.94152,171.56285,"Arthur's Pass National Park",2133,NA,0,"Canterbury",1010,NA,3.55,NA
"6849","20200913:0000",-42.94152,171.56285,"Arthur's Pass National Park",2133,NA,0,"Canterbury",1010,NA,5.55,NA
"6850","20200914:0000",-42.94152,171.56285,"Arthur's Pass National Park",2133,NA,0,"Canterbury",1010,NA,6.95,NA
"6851","20200915:0000",-42.94152,171.56285,"Arthur's Pass National Park",2133,NA,0,"Canterbury",1010,NA,3.5,NA
"6852","20200916:0000",-42.94152,171.56285,"Arthur's Pass National Park",2133,NA,0,"Canterbury",1010,NA,4.9,NA
"6853","20200917:0000",-42.94152,171.56285,"Arthur's Pass National Park",2133,NA,0,"Canterbury",1010,NA,6.25,NA
"6854","20200918:0000",-42.94152,171.56285,"Arthur's Pass National Park",2133,NA,0,"Canterbury",1010,NA,4.1,NA
"6855","20200919:0000",-42.94152,171.56285,"Arthur's Pass National Park",2133,NA,0,"Canterbury",1010,NA,5.55,NA
"6856","20200920:0000",-42.94152,171.56285,"Arthur's Pass National Park",2133,NA,0,"Canterbury",1010,NA,5.4,NA
"6857","20200921:0000",-42.94152,171.56285,"Arthur's Pass National Park",2133,NA,0,"Canterbury",1010,NA,7.5,NA
"6858","20200922:0000",-42.94152,171.56285,"Arthur's Pass National Park",2133,NA,0,"Canterbury",1010,NA,7.95,NA
"6859","20200923:0000",-42.94152,171.56285,"Arthur's Pass National Park",2133,NA,0,"Canterbury",1010,NA,9,NA
"6860","20200924:0000",-42.94152,171.56285,"Arthur's Pass National Park",2133,NA,0,"Canterbury",1010,NA,8.7,NA
"6861","20200925:0000",-42.94152,171.56285,"Arthur's Pass National Park",2133,NA,0,"Canterbury",1010,NA,6.45,NA
"6862","20200926:0000",-42.94152,171.56285,"Arthur's Pass National Park",2133,NA,0,"Canterbury",1010,NA,7.7,NA
"6863","20200927:0000",-42.94152,171.56285,"Arthur's Pass National Park",2133,NA,0,"Canterbury",1010,NA,6.45,NA
"6864","20200928:0000",-42.94152,171.56285,"Arthur's Pass National Park",2133,NA,0,"Canterbury",1010,NA,1.4,NA
"6865","20200929:0000",-42.94152,171.56285,"Arthur's Pass National Park",2133,NA,0,"Canterbury",1010,NA,0.2,NA
"6866","20200930:0000",-42.94152,171.56285,"Arthur's Pass National Park",2133,NA,0,"Canterbury",1010,NA,3.1,NA
"6867","20201001:0000",-42.94152,171.56285,"Arthur's Pass National Park",2133,NA,0,"Canterbury",1010,NA,3.5,NA
"6868","20201002:0000",-42.94152,171.56285,"Arthur's Pass National Park",2133,NA,0,"Canterbury",1010,NA,2.35,NA
"6869","20201003:0000",-42.94152,171.56285,"Arthur's Pass National Park",2133,NA,0,"Canterbury",1010,NA,9.05,NA
"6870","20201004:0000",-42.94152,171.56285,"Arthur's Pass National Park",2133,NA,0,"Canterbury",1010,NA,9.7,NA
"6871","20201005:0000",-42.94152,171.56285,"Arthur's Pass National Park",2133,NA,0,"Canterbury",1010,NA,11.6,NA
"6872","20201006:0000",-42.94152,171.56285,"Arthur's Pass National Park",2133,NA,0,"Canterbury",1010,NA,8.7,NA
"6873","20201007:0000",-42.94152,171.56285,"Arthur's Pass National Park",2133,NA,0,"Canterbury",1010,NA,6.95,NA
"6874","20201008:0000",-42.94152,171.56285,"Arthur's Pass National Park",2133,NA,0,"Canterbury",1010,NA,5.45,NA
"6875","20201009:0000",-42.94152,171.56285,"Arthur's Pass National Park",2133,NA,0,"Canterbury",1010,NA,6.25,NA
"6876","20201010:0000",-42.94152,171.56285,"Arthur's Pass National Park",2133,NA,0,"Canterbury",1010,NA,4.6,NA
"6877","20201011:0000",-42.94152,171.56285,"Arthur's Pass National Park",2133,NA,0,"Canterbury",1010,NA,7.2,NA
"6878","20201012:0000",-42.94152,171.56285,"Arthur's Pass National Park",2133,NA,0,"Canterbury",1010,NA,11.2,NA
"6879","20201013:0000",-42.94152,171.56285,"Arthur's Pass National Park",2133,NA,0,"Canterbury",1010,NA,9.6,NA
"6880","20201014:0000",-42.94152,171.56285,"Arthur's Pass National Park",2133,NA,0,"Canterbury",1010,NA,7.55,NA
"6881","20201015:0000",-42.94152,171.56285,"Arthur's Pass National Park",2133,NA,0,"Canterbury",1010,NA,3.6,NA
"6882","20201016:0000",-42.94152,171.56285,"Arthur's Pass National Park",2133,NA,0,"Canterbury",1010,NA,2.9,NA
"6883","20201017:0000",-42.94152,171.56285,"Arthur's Pass National Park",2133,NA,0,"Canterbury",1010,NA,6,NA
"6884","20201018:0000",-42.94152,171.56285,"Arthur's Pass National Park",2133,NA,0,"Canterbury",1010,NA,9.05,NA
"6885","20201019:0000",-42.94152,171.56285,"Arthur's Pass National Park",2133,NA,0,"Canterbury",1010,NA,8.35,NA
"6886","20201020:0000",-42.94152,171.56285,"Arthur's Pass National Park",2133,NA,0,"Canterbury",1010,NA,8.05,NA
"6887","20201021:0000",-42.94152,171.56285,"Arthur's Pass National Park",2133,NA,0,"Canterbury",1010,NA,7.2,NA
"6888","20201022:0000",-42.94152,171.56285,"Arthur's Pass National Park",2133,NA,0,"Canterbury",1010,NA,8.4,NA
"6889","20201023:0000",-42.94152,171.56285,"Arthur's Pass National Park",2133,NA,0,"Canterbury",1010,NA,9.15,NA
"6890","20201024:0000",-42.94152,171.56285,"Arthur's Pass National Park",2133,NA,0,"Canterbury",1010,NA,11.4,NA
"6891","20201025:0000",-42.94152,171.56285,"Arthur's Pass National Park",2133,NA,0,"Canterbury",1010,NA,11.35,NA
"6892","20201026:0000",-42.94152,171.56285,"Arthur's Pass National Park",2133,NA,0,"Canterbury",1010,NA,12.15,NA
"6893","20201027:0000",-42.94152,171.56285,"Arthur's Pass National Park",2133,NA,0,"Canterbury",1010,NA,7.6,NA
"6894","20201028:0000",-42.94152,171.56285,"Arthur's Pass National Park",2133,NA,0,"Canterbury",1010,NA,10,NA
"6895","20201029:0000",-42.94152,171.56285,"Arthur's Pass National Park",2133,NA,0,"Canterbury",1010,NA,10.2,NA
"6896","20201030:0000",-42.94152,171.56285,"Arthur's Pass National Park",2133,NA,0,"Canterbury",1010,NA,11.35,NA
"6897","20201031:0000",-42.94152,171.56285,"Arthur's Pass National Park",2133,NA,0,"Canterbury",1010,NA,12.55,NA
"6898","20201101:0000",-42.94152,171.56285,"Arthur's Pass National Park",2133,NA,0,"Canterbury",1010,NA,8.75,NA
"6899","20201102:0000",-42.94152,171.56285,"Arthur's Pass National Park",2133,NA,0,"Canterbury",1010,NA,11.3,NA
"6900","20201103:0000",-42.94152,171.56285,"Arthur's Pass National Park",2133,NA,0,"Canterbury",1010,NA,9.7,NA
"6901","20201104:0000",-42.94152,171.56285,"Arthur's Pass National Park",2133,NA,0,"Canterbury",1010,NA,11.8,NA
"6902","20201105:0000",-42.94152,171.56285,"Arthur's Pass National Park",2133,NA,0,"Canterbury",1010,NA,12.9,NA
"6903","20201106:0000",-42.94152,171.56285,"Arthur's Pass National Park",2133,NA,0,"Canterbury",1010,NA,10.9,NA
"6904","20201107:0000",-42.94152,171.56285,"Arthur's Pass National Park",2133,NA,0,"Canterbury",1010,NA,10.2,NA
"6905","20201108:0000",-42.94152,171.56285,"Arthur's Pass National Park",2133,NA,0,"Canterbury",1010,NA,4,NA
"6906","20201109:0000",-42.94152,171.56285,"Arthur's Pass National Park",2133,NA,0,"Canterbury",1010,NA,5.65,NA
"6907","20201110:0000",-42.94152,171.56285,"Arthur's Pass National Park",2133,NA,0,"Canterbury",1010,NA,9.5,NA
"6908","20201111:0000",-42.94152,171.56285,"Arthur's Pass National Park",2133,NA,0,"Canterbury",1010,NA,12.5,NA
"6909","20201112:0000",-42.94152,171.56285,"Arthur's Pass National Park",2133,NA,0,"Canterbury",1010,NA,11.55,NA
"6910","20201113:0000",-42.94152,171.56285,"Arthur's Pass National Park",2133,NA,0,"Canterbury",1010,NA,13.15,NA
"6911","20201114:0000",-42.94152,171.56285,"Arthur's Pass National Park",2133,NA,0,"Canterbury",1010,NA,11.95,NA
"6912","20201115:0000",-42.94152,171.56285,"Arthur's Pass National Park",2133,NA,0,"Canterbury",1010,NA,13.25,NA
"6913","20201116:0000",-42.94152,171.56285,"Arthur's Pass National Park",2133,NA,0,"Canterbury",1010,NA,12.55,NA
"6914","20201117:0000",-42.94152,171.56285,"Arthur's Pass National Park",2133,NA,0,"Canterbury",1010,NA,11.95,NA
"6915","20201118:0000",-42.94152,171.56285,"Arthur's Pass National Park",2133,NA,0,"Canterbury",1010,NA,10.95,NA
"6916","20201119:0000",-42.94152,171.56285,"Arthur's Pass National Park",2133,NA,0,"Canterbury",1010,NA,11.3,NA
"6917","20201120:0000",-42.94152,171.56285,"Arthur's Pass National Park",2133,NA,0,"Canterbury",1010,NA,11.25,NA
"6918","20201121:0000",-42.94152,171.56285,"Arthur's Pass National Park",2133,NA,0,"Canterbury",1010,NA,11.05,NA
"6919","20201122:0000",-42.94152,171.56285,"Arthur's Pass National Park",2133,NA,0,"Canterbury",1010,NA,8.45,NA
"6920","20201123:0000",-42.94152,171.56285,"Arthur's Pass National Park",2133,NA,0,"Canterbury",1010,NA,9.5,NA
"6921","20201124:0000",-42.94152,171.56285,"Arthur's Pass National Park",2133,NA,0,"Canterbury",1010,NA,10.7,NA
"6922","20201125:0000",-42.94152,171.56285,"Arthur's Pass National Park",2133,NA,0,"Canterbury",1010,NA,10.6,NA
"6923","20201126:0000",-42.94152,171.56285,"Arthur's Pass National Park",2133,NA,0,"Canterbury",1010,NA,13.75,NA
"6924","20201127:0000",-42.94152,171.56285,"Arthur's Pass National Park",2133,NA,0,"Canterbury",1010,NA,10.85,NA
"6925","20201128:0000",-42.94152,171.56285,"Arthur's Pass National Park",2133,NA,0,"Canterbury",1010,NA,8.45,NA
"6926","20201129:0000",-42.94152,171.56285,"Arthur's Pass National Park",2133,NA,0,"Canterbury",1010,NA,11.5,NA
"6927","20201130:0000",-42.94152,171.56285,"Arthur's Pass National Park",2133,NA,0,"Canterbury",1010,NA,8.85,NA
"6928","20201201:0000",-42.94152,171.56285,"Arthur's Pass National Park",2133,NA,0,"Canterbury",1010,NA,11.25,NA
"6929","20201202:0000",-42.94152,171.56285,"Arthur's Pass National Park",2133,NA,0,"Canterbury",1010,NA,10.95,NA
"6930","20201203:0000",-42.94152,171.56285,"Arthur's Pass National Park",2133,NA,0,"Canterbury",1010,NA,9.25,NA
"6931","20201204:0000",-42.94152,171.56285,"Arthur's Pass National Park",2133,NA,0,"Canterbury",1010,NA,7.15,NA
"6932","20201205:0000",-42.94152,171.56285,"Arthur's Pass National Park",2133,NA,0,"Canterbury",1010,NA,8.5,NA
"6933","20201206:0000",-42.94152,171.56285,"Arthur's Pass National Park",2133,NA,0,"Canterbury",1010,NA,8.9,NA
"6934","20201207:0000",-42.94152,171.56285,"Arthur's Pass National Park",2133,NA,0,"Canterbury",1010,NA,11.4,NA
"6935","20201208:0000",-42.94152,171.56285,"Arthur's Pass National Park",2133,NA,0,"Canterbury",1010,NA,13.25,NA
"6936","20201209:0000",-42.94152,171.56285,"Arthur's Pass National Park",2133,NA,0,"Canterbury",1010,NA,14.55,NA
"6937","20201210:0000",-42.94152,171.56285,"Arthur's Pass National Park",2133,NA,0,"Canterbury",1010,NA,13.15,NA
"6938","20201211:0000",-42.94152,171.56285,"Arthur's Pass National Park",2133,NA,0,"Canterbury",1010,NA,8.8,NA
"6939","20201212:0000",-42.94152,171.56285,"Arthur's Pass National Park",2133,NA,0,"Canterbury",1010,NA,7.75,NA
"6940","20201213:0000",-42.94152,171.56285,"Arthur's Pass National Park",2133,NA,0,"Canterbury",1010,NA,12.95,NA
"6941","20201214:0000",-42.94152,171.56285,"Arthur's Pass National Park",2133,NA,0,"Canterbury",1010,NA,13.85,NA
"6942","20201215:0000",-42.94152,171.56285,"Arthur's Pass National Park",2133,NA,0,"Canterbury",1010,NA,14.6,NA
"6943","20201216:0000",-42.94152,171.56285,"Arthur's Pass National Park",2133,NA,0,"Canterbury",1010,NA,14.35,NA
"6944","20201217:0000",-42.94152,171.56285,"Arthur's Pass National Park",2133,NA,0,"Canterbury",1010,NA,16.9,NA
"6945","20201218:0000",-42.94152,171.56285,"Arthur's Pass National Park",2133,NA,0,"Canterbury",1010,NA,15,NA
"6946","20201219:0000",-42.94152,171.56285,"Arthur's Pass National Park",2133,NA,0,"Canterbury",1010,NA,15,NA
"6947","20201220:0000",-42.94152,171.56285,"Arthur's Pass National Park",2133,NA,0,"Canterbury",1010,NA,15.1,NA
"6948","20201221:0000",-42.94152,171.56285,"Arthur's Pass National Park",2133,NA,0,"Canterbury",1010,NA,13.4,NA
"6949","20201222:0000",-42.94152,171.56285,"Arthur's Pass National Park",2133,NA,0,"Canterbury",1010,NA,13.65,NA
"6950","20201223:0000",-42.94152,171.56285,"Arthur's Pass National Park",2133,NA,0,"Canterbury",1010,NA,11.45,NA
"6951","20201224:0000",-42.94152,171.56285,"Arthur's Pass National Park",2133,NA,0,"Canterbury",1010,NA,14.15,NA
"6952","20201225:0000",-42.94152,171.56285,"Arthur's Pass National Park",2133,NA,0,"Canterbury",1010,NA,9.95,NA
"6953","20180101:0000",-42.94152,171.56285,"Arthur's Pass National Park",2133,NA,0,"Canterbury",1010,NA,14.5,NA
"6954","20180102:0000",-42.94152,171.56285,"Arthur's Pass National Park",2133,NA,0,"Canterbury",1010,NA,17.05,NA
"6955","20180103:0000",-42.94152,171.56285,"Arthur's Pass National Park",2133,NA,0,"Canterbury",1010,NA,18.6,NA
"6956","20180104:0000",-42.94152,171.56285,"Arthur's Pass National Park",2133,NA,0,"Canterbury",1010,NA,17.6,NA
"6957","20180105:0000",-42.94152,171.56285,"Arthur's Pass National Park",2133,NA,0,"Canterbury",1010,NA,13.7,NA
"6958","20180106:0000",-42.94152,171.56285,"Arthur's Pass National Park",2133,NA,0,"Canterbury",1010,NA,12,NA
"6959","20180107:0000",-42.94152,171.56285,"Arthur's Pass National Park",2133,NA,0,"Canterbury",1010,NA,11.85,NA
"6960","20180108:0000",-42.94152,171.56285,"Arthur's Pass National Park",2133,NA,0,"Canterbury",1010,NA,15.3,NA
"6961","20180109:0000",-42.94152,171.56285,"Arthur's Pass National Park",2133,NA,0,"Canterbury",1010,NA,15.05,NA
"6962","20180110:0000",-42.94152,171.56285,"Arthur's Pass National Park",2133,NA,0,"Canterbury",1010,NA,14.8,NA
"6963","20180111:0000",-42.94152,171.56285,"Arthur's Pass National Park",2133,NA,0,"Canterbury",1010,NA,11.1,NA
"6964","20180112:0000",-42.94152,171.56285,"Arthur's Pass National Park",2133,NA,0,"Canterbury",1010,NA,11.85,NA
"6965","20180113:0000",-42.94152,171.56285,"Arthur's Pass National Park",2133,NA,0,"Canterbury",1010,NA,14.8,NA
"6966","20180114:0000",-42.94152,171.56285,"Arthur's Pass National Park",2133,NA,0,"Canterbury",1010,NA,17,NA
"6967","20180115:0000",-42.94152,171.56285,"Arthur's Pass National Park",2133,NA,0,"Canterbury",1010,NA,18.45,NA
"6968","20180116:0000",-42.94152,171.56285,"Arthur's Pass National Park",2133,NA,0,"Canterbury",1010,NA,19.25,NA
"6969","20180117:0000",-42.94152,171.56285,"Arthur's Pass National Park",2133,NA,0,"Canterbury",1010,NA,16.5,NA
"6970","20180118:0000",-42.94152,171.56285,"Arthur's Pass National Park",2133,NA,0,"Canterbury",1010,NA,18.1,NA
"6971","20180119:0000",-42.94152,171.56285,"Arthur's Pass National Park",2133,NA,0,"Canterbury",1010,NA,15.95,NA
"6972","20180120:0000",-42.94152,171.56285,"Arthur's Pass National Park",2133,NA,0,"Canterbury",1010,NA,17.75,NA
"6973","20180121:0000",-42.94152,171.56285,"Arthur's Pass National Park",2133,NA,0,"Canterbury",1010,NA,19.85,NA
"6974","20180122:0000",-42.94152,171.56285,"Arthur's Pass National Park",2133,NA,0,"Canterbury",1010,NA,16.9,NA
"6975","20180123:0000",-42.94152,171.56285,"Arthur's Pass National Park",2133,NA,0,"Canterbury",1010,NA,18.5,NA
"6976","20180124:0000",-42.94152,171.56285,"Arthur's Pass National Park",2133,NA,0,"Canterbury",1010,NA,17.85,NA
"6977","20180125:0000",-42.94152,171.56285,"Arthur's Pass National Park",2133,NA,0,"Canterbury",1010,NA,20.7,NA
"6978","20180126:0000",-42.94152,171.56285,"Arthur's Pass National Park",2133,NA,0,"Canterbury",1010,NA,19.45,NA
"6979","20180127:0000",-42.94152,171.56285,"Arthur's Pass National Park",2133,NA,0,"Canterbury",1010,NA,21.3,NA
"6980","20180128:0000",-42.94152,171.56285,"Arthur's Pass National Park",2133,NA,0,"Canterbury",1010,NA,20.75,NA
"6981","20180129:0000",-42.94152,171.56285,"Arthur's Pass National Park",2133,NA,0,"Canterbury",1010,NA,19.55,NA
"6982","20180130:0000",-42.94152,171.56285,"Arthur's Pass National Park",2133,NA,0,"Canterbury",1010,NA,19.8,NA
"6983","20180131:0000",-42.94152,171.56285,"Arthur's Pass National Park",2133,NA,0,"Canterbury",1010,NA,17.8,NA
"6984","20180201:0000",-42.94152,171.56285,"Arthur's Pass National Park",2133,NA,0,"Canterbury",1010,NA,16.9,NA
"6985","20180202:0000",-42.94152,171.56285,"Arthur's Pass National Park",2133,NA,0,"Canterbury",1010,NA,8.9,NA
"6986","20180203:0000",-42.94152,171.56285,"Arthur's Pass National Park",2133,NA,0,"Canterbury",1010,NA,10.85,NA
"6987","20180204:0000",-42.94152,171.56285,"Arthur's Pass National Park",2133,NA,0,"Canterbury",1010,NA,10.55,NA
"6988","20180205:0000",-42.94152,171.56285,"Arthur's Pass National Park",2133,NA,0,"Canterbury",1010,NA,11.7,NA
"6989","20180206:0000",-42.94152,171.56285,"Arthur's Pass National Park",2133,NA,0,"Canterbury",1010,NA,11.75,NA
"6990","20180207:0000",-42.94152,171.56285,"Arthur's Pass National Park",2133,NA,0,"Canterbury",1010,NA,14.15,NA
"6991","20180208:0000",-42.94152,171.56285,"Arthur's Pass National Park",2133,NA,0,"Canterbury",1010,NA,14.1,NA
"6992","20180209:0000",-42.94152,171.56285,"Arthur's Pass National Park",2133,NA,0,"Canterbury",1010,NA,14.3,NA
"6993","20180210:0000",-42.94152,171.56285,"Arthur's Pass National Park",2133,NA,0,"Canterbury",1010,NA,16.35,NA
"6994","20180211:0000",-42.94152,171.56285,"Arthur's Pass National Park",2133,NA,0,"Canterbury",1010,NA,12.75,NA
"6995","20180212:0000",-42.94152,171.56285,"Arthur's Pass National Park",2133,NA,0,"Canterbury",1010,NA,16.85,NA
"6996","20180213:0000",-42.94152,171.56285,"Arthur's Pass National Park",2133,NA,0,"Canterbury",1010,NA,15.8,NA
"6997","20180214:0000",-42.94152,171.56285,"Arthur's Pass National Park",2133,NA,0,"Canterbury",1010,NA,15.5,NA
"6998","20180215:0000",-42.94152,171.56285,"Arthur's Pass National Park",2133,NA,0,"Canterbury",1010,NA,14.2,NA
"6999","20180216:0000",-42.94152,171.56285,"Arthur's Pass National Park",2133,NA,0,"Canterbury",1010,NA,15.45,NA
"7000","20180217:0000",-42.94152,171.56285,"Arthur's Pass National Park",2133,NA,0,"Canterbury",1010,NA,16.25,NA
"7001","20180218:0000",-42.94152,171.56285,"Arthur's Pass National Park",2133,NA,0,"Canterbury",1010,NA,13.8,NA
"7002","20180219:0000",-42.94152,171.56285,"Arthur's Pass National Park",2133,NA,0,"Canterbury",1010,NA,13.1,NA
"7003","20180220:0000",-42.94152,171.56285,"Arthur's Pass National Park",2133,NA,0,"Canterbury",1010,NA,10.7,NA
"7004","20180221:0000",-42.94152,171.56285,"Arthur's Pass National Park",2133,NA,0,"Canterbury",1010,NA,8.25,NA
"7005","20180222:0000",-42.94152,171.56285,"Arthur's Pass National Park",2133,NA,0,"Canterbury",1010,NA,11.1,NA
"7006","20180223:0000",-42.94152,171.56285,"Arthur's Pass National Park",2133,NA,0,"Canterbury",1010,NA,11,NA
"7007","20180224:0000",-42.94152,171.56285,"Arthur's Pass National Park",2133,NA,0,"Canterbury",1010,NA,13.8,NA
"7008","20180225:0000",-42.94152,171.56285,"Arthur's Pass National Park",2133,NA,0,"Canterbury",1010,NA,12.7,NA
"7009","20180226:0000",-42.94152,171.56285,"Arthur's Pass National Park",2133,NA,0,"Canterbury",1010,NA,12.65,NA
"7010","20180227:0000",-42.94152,171.56285,"Arthur's Pass National Park",2133,NA,0,"Canterbury",1010,NA,11.35,NA
"7011","20180228:0000",-42.94152,171.56285,"Arthur's Pass National Park",2133,NA,0,"Canterbury",1010,NA,12.5,NA
"7012","20180301:0000",-42.94152,171.56285,"Arthur's Pass National Park",2133,NA,0,"Canterbury",1010,NA,15.6,NA
"7013","20180302:0000",-42.94152,171.56285,"Arthur's Pass National Park",2133,NA,0,"Canterbury",1010,NA,15.35,NA
"7014","20180303:0000",-42.94152,171.56285,"Arthur's Pass National Park",2133,NA,0,"Canterbury",1010,NA,16.75,NA
"7015","20180304:0000",-42.94152,171.56285,"Arthur's Pass National Park",2133,NA,0,"Canterbury",1010,NA,15.2,NA
"7016","20180305:0000",-42.94152,171.56285,"Arthur's Pass National Park",2133,NA,0,"Canterbury",1010,NA,16.95,NA
"7017","20180306:0000",-42.94152,171.56285,"Arthur's Pass National Park",2133,NA,0,"Canterbury",1010,NA,14.9,NA
"7018","20180307:0000",-42.94152,171.56285,"Arthur's Pass National Park",2133,NA,0,"Canterbury",1010,NA,10.9,NA
"7019","20180308:0000",-42.94152,171.56285,"Arthur's Pass National Park",2133,NA,0,"Canterbury",1010,NA,13.15,NA
"7020","20180309:0000",-42.94152,171.56285,"Arthur's Pass National Park",2133,NA,0,"Canterbury",1010,NA,9.7,NA
"7021","20180310:0000",-42.94152,171.56285,"Arthur's Pass National Park",2133,NA,0,"Canterbury",1010,NA,12.35,NA
"7022","20180311:0000",-42.94152,171.56285,"Arthur's Pass National Park",2133,NA,0,"Canterbury",1010,NA,12.5,NA
"7023","20180312:0000",-42.94152,171.56285,"Arthur's Pass National Park",2133,NA,0,"Canterbury",1010,NA,12.25,NA
"7024","20180313:0000",-42.94152,171.56285,"Arthur's Pass National Park",2133,NA,0,"Canterbury",1010,NA,12.6,NA
"7025","20180314:0000",-42.94152,171.56285,"Arthur's Pass National Park",2133,NA,0,"Canterbury",1010,NA,11.25,NA
"7026","20180315:0000",-42.94152,171.56285,"Arthur's Pass National Park",2133,NA,0,"Canterbury",1010,NA,10.9,NA
"7027","20180316:0000",-42.94152,171.56285,"Arthur's Pass National Park",2133,NA,0,"Canterbury",1010,NA,13.25,NA
"7028","20180317:0000",-42.94152,171.56285,"Arthur's Pass National Park",2133,NA,0,"Canterbury",1010,NA,10.8,NA
"7029","20180318:0000",-42.94152,171.56285,"Arthur's Pass National Park",2133,NA,0,"Canterbury",1010,NA,11.75,NA
"7030","20180319:0000",-42.94152,171.56285,"Arthur's Pass National Park",2133,NA,0,"Canterbury",1010,NA,10.05,NA
"7031","20180320:0000",-42.94152,171.56285,"Arthur's Pass National Park",2133,NA,0,"Canterbury",1010,NA,13.85,NA
"7032","20180321:0000",-42.94152,171.56285,"Arthur's Pass National Park",2133,NA,0,"Canterbury",1010,NA,13.1,NA
"7033","20180322:0000",-42.94152,171.56285,"Arthur's Pass National Park",2133,NA,0,"Canterbury",1010,NA,8.15,NA
"7034","20180323:0000",-42.94152,171.56285,"Arthur's Pass National Park",2133,NA,0,"Canterbury",1010,NA,5.1,NA
"7035","20180324:0000",-42.94152,171.56285,"Arthur's Pass National Park",2133,NA,0,"Canterbury",1010,NA,7.5,NA
"7036","20180325:0000",-42.94152,171.56285,"Arthur's Pass National Park",2133,NA,0,"Canterbury",1010,NA,9.8,NA
"7037","20180326:0000",-42.94152,171.56285,"Arthur's Pass National Park",2133,NA,0,"Canterbury",1010,NA,11.7,NA
"7038","20180327:0000",-42.94152,171.56285,"Arthur's Pass National Park",2133,NA,0,"Canterbury",1010,NA,14,NA
"7039","20180328:0000",-42.94152,171.56285,"Arthur's Pass National Park",2133,NA,0,"Canterbury",1010,NA,13.55,NA
"7040","20180329:0000",-42.94152,171.56285,"Arthur's Pass National Park",2133,NA,0,"Canterbury",1010,NA,13.05,NA
"7041","20180330:0000",-42.94152,171.56285,"Arthur's Pass National Park",2133,NA,0,"Canterbury",1010,NA,10.85,NA
"7042","20180331:0000",-42.94152,171.56285,"Arthur's Pass National Park",2133,NA,0,"Canterbury",1010,NA,10.9,NA
"7043","20180401:0000",-42.94152,171.56285,"Arthur's Pass National Park",2133,NA,0,"Canterbury",1010,NA,8.05,NA
"7044","20180402:0000",-42.94152,171.56285,"Arthur's Pass National Park",2133,NA,0,"Canterbury",1010,NA,9.2,NA
"7045","20180403:0000",-42.94152,171.56285,"Arthur's Pass National Park",2133,NA,0,"Canterbury",1010,NA,12.05,NA
"7046","20180404:0000",-42.94152,171.56285,"Arthur's Pass National Park",2133,NA,0,"Canterbury",1010,NA,9.7,NA
"7047","20180405:0000",-42.94152,171.56285,"Arthur's Pass National Park",2133,NA,0,"Canterbury",1010,NA,12.1,NA
"7048","20180406:0000",-42.94152,171.56285,"Arthur's Pass National Park",2133,NA,0,"Canterbury",1010,NA,10.8,NA
"7049","20180407:0000",-42.94152,171.56285,"Arthur's Pass National Park",2133,NA,0,"Canterbury",1010,NA,11.25,NA
"7050","20180408:0000",-42.94152,171.56285,"Arthur's Pass National Park",2133,NA,0,"Canterbury",1010,NA,8.35,NA
"7051","20180409:0000",-42.94152,171.56285,"Arthur's Pass National Park",2133,NA,0,"Canterbury",1010,NA,9,NA
"7052","20180410:0000",-42.94152,171.56285,"Arthur's Pass National Park",2133,NA,0,"Canterbury",1010,NA,1.05,NA
"7053","20180411:0000",-42.94152,171.56285,"Arthur's Pass National Park",2133,NA,0,"Canterbury",1010,NA,2.35,NA
"7054","20180412:0000",-42.94152,171.56285,"Arthur's Pass National Park",2133,NA,0,"Canterbury",1010,NA,1.85,NA
"7055","20180413:0000",-42.94152,171.56285,"Arthur's Pass National Park",2133,NA,0,"Canterbury",1010,NA,3.6,NA
"7056","20180414:0000",-42.94152,171.56285,"Arthur's Pass National Park",2133,NA,0,"Canterbury",1010,NA,4.15,NA
"7057","20180415:0000",-42.94152,171.56285,"Arthur's Pass National Park",2133,NA,0,"Canterbury",1010,NA,6.3,NA
"7058","20180416:0000",-42.94152,171.56285,"Arthur's Pass National Park",2133,NA,0,"Canterbury",1010,NA,9.85,NA
"7059","20180417:0000",-42.94152,171.56285,"Arthur's Pass National Park",2133,NA,0,"Canterbury",1010,NA,8.55,NA
"7060","20180418:0000",-42.94152,171.56285,"Arthur's Pass National Park",2133,NA,0,"Canterbury",1010,NA,6.6,NA
"7061","20180419:0000",-42.94152,171.56285,"Arthur's Pass National Park",2133,NA,0,"Canterbury",1010,NA,7.3,NA
"7062","20180420:0000",-42.94152,171.56285,"Arthur's Pass National Park",2133,NA,0,"Canterbury",1010,NA,9.45,NA
"7063","20180421:0000",-42.94152,171.56285,"Arthur's Pass National Park",2133,NA,0,"Canterbury",1010,NA,8.95,NA
"7064","20180422:0000",-42.94152,171.56285,"Arthur's Pass National Park",2133,NA,0,"Canterbury",1010,NA,5.2,NA
"7065","20180423:0000",-42.94152,171.56285,"Arthur's Pass National Park",2133,NA,0,"Canterbury",1010,NA,5.75,NA
"7066","20180424:0000",-42.94152,171.56285,"Arthur's Pass National Park",2133,NA,0,"Canterbury",1010,NA,6.2,NA
"7067","20180425:0000",-42.94152,171.56285,"Arthur's Pass National Park",2133,NA,0,"Canterbury",1010,NA,7.15,NA
"7068","20180426:0000",-42.94152,171.56285,"Arthur's Pass National Park",2133,NA,0,"Canterbury",1010,NA,9.4,NA
"7069","20180427:0000",-42.94152,171.56285,"Arthur's Pass National Park",2133,NA,0,"Canterbury",1010,NA,6.85,NA
"7070","20180428:0000",-42.94152,171.56285,"Arthur's Pass National Park",2133,NA,0,"Canterbury",1010,NA,8,NA
"7071","20180429:0000",-42.94152,171.56285,"Arthur's Pass National Park",2133,NA,0,"Canterbury",1010,NA,6.6,NA
"7072","20180430:0000",-42.94152,171.56285,"Arthur's Pass National Park",2133,NA,0,"Canterbury",1010,NA,6.8,NA
"7073","20180501:0000",-42.94152,171.56285,"Arthur's Pass National Park",2133,NA,0,"Canterbury",1010,NA,8.15,NA
"7074","20180502:0000",-42.94152,171.56285,"Arthur's Pass National Park",2133,NA,0,"Canterbury",1010,NA,8.6,NA
"7075","20180503:0000",-42.94152,171.56285,"Arthur's Pass National Park",2133,NA,0,"Canterbury",1010,NA,7.8,NA
"7076","20180504:0000",-42.94152,171.56285,"Arthur's Pass National Park",2133,NA,0,"Canterbury",1010,NA,8.5,NA
"7077","20180505:0000",-42.94152,171.56285,"Arthur's Pass National Park",2133,NA,0,"Canterbury",1010,NA,8.45,NA
"7078","20180506:0000",-42.94152,171.56285,"Arthur's Pass National Park",2133,NA,0,"Canterbury",1010,NA,8.75,NA
"7079","20180507:0000",-42.94152,171.56285,"Arthur's Pass National Park",2133,NA,0,"Canterbury",1010,NA,7.25,NA
"7080","20180508:0000",-42.94152,171.56285,"Arthur's Pass National Park",2133,NA,0,"Canterbury",1010,NA,9.3,NA
"7081","20180509:0000",-42.94152,171.56285,"Arthur's Pass National Park",2133,NA,0,"Canterbury",1010,NA,9.2,NA
"7082","20180510:0000",-42.94152,171.56285,"Arthur's Pass National Park",2133,NA,0,"Canterbury",1010,NA,7.95,NA
"7083","20180511:0000",-42.94152,171.56285,"Arthur's Pass National Park",2133,NA,0,"Canterbury",1010,NA,10.05,NA
"7084","20180512:0000",-42.94152,171.56285,"Arthur's Pass National Park",2133,NA,0,"Canterbury",1010,NA,9.85,NA
"7085","20180513:0000",-42.94152,171.56285,"Arthur's Pass National Park",2133,NA,0,"Canterbury",1010,NA,4.6,NA
"7086","20180514:0000",-42.94152,171.56285,"Arthur's Pass National Park",2133,NA,0,"Canterbury",1010,NA,7.05,NA
"7087","20180515:0000",-42.94152,171.56285,"Arthur's Pass National Park",2133,NA,0,"Canterbury",1010,NA,7.9,NA
"7088","20180516:0000",-42.94152,171.56285,"Arthur's Pass National Park",2133,NA,0,"Canterbury",1010,NA,6.35,NA
"7089","20180517:0000",-42.94152,171.56285,"Arthur's Pass National Park",2133,NA,0,"Canterbury",1010,NA,4.65,NA
"7090","20180518:0000",-42.94152,171.56285,"Arthur's Pass National Park",2133,NA,0,"Canterbury",1010,NA,5.75,NA
"7091","20180519:0000",-42.94152,171.56285,"Arthur's Pass National Park",2133,NA,0,"Canterbury",1010,NA,7.6,NA
"7092","20180520:0000",-42.94152,171.56285,"Arthur's Pass National Park",2133,NA,0,"Canterbury",1010,NA,6.75,NA
"7093","20180521:0000",-42.94152,171.56285,"Arthur's Pass National Park",2133,NA,0,"Canterbury",1010,NA,4.5,NA
"7094","20180522:0000",-42.94152,171.56285,"Arthur's Pass National Park",2133,NA,0,"Canterbury",1010,NA,4.75,NA
"7095","20180523:0000",-42.94152,171.56285,"Arthur's Pass National Park",2133,NA,0,"Canterbury",1010,NA,2.85,NA
"7096","20180524:0000",-42.94152,171.56285,"Arthur's Pass National Park",2133,NA,0,"Canterbury",1010,NA,1.95,NA
"7097","20180525:0000",-42.94152,171.56285,"Arthur's Pass National Park",2133,NA,0,"Canterbury",1010,NA,1.5,NA
"7098","20180526:0000",-42.94152,171.56285,"Arthur's Pass National Park",2133,NA,0,"Canterbury",1010,NA,1.4,NA
"7099","20180527:0000",-42.94152,171.56285,"Arthur's Pass National Park",2133,NA,0,"Canterbury",1010,NA,2.6,NA
"7100","20180528:0000",-42.94152,171.56285,"Arthur's Pass National Park",2133,NA,0,"Canterbury",1010,NA,3.05,NA
"7101","20180529:0000",-42.94152,171.56285,"Arthur's Pass National Park",2133,NA,0,"Canterbury",1010,NA,1.2,NA
"7102","20180530:0000",-42.94152,171.56285,"Arthur's Pass National Park",2133,NA,0,"Canterbury",1010,NA,1.65,NA
"7103","20180531:0000",-42.94152,171.56285,"Arthur's Pass National Park",2133,NA,0,"Canterbury",1010,NA,0.55,NA
"7104","20180601:0000",-42.94152,171.56285,"Arthur's Pass National Park",2133,NA,0,"Canterbury",1010,NA,-0.55,NA
"7105","20180602:0000",-42.94152,171.56285,"Arthur's Pass National Park",2133,NA,0,"Canterbury",1010,NA,1.2,NA
"7106","20180603:0000",-42.94152,171.56285,"Arthur's Pass National Park",2133,NA,0,"Canterbury",1010,NA,0.1,NA
"7107","20180604:0000",-42.94152,171.56285,"Arthur's Pass National Park",2133,NA,0,"Canterbury",1010,NA,2.25,NA
"7108","20180605:0000",-42.94152,171.56285,"Arthur's Pass National Park",2133,NA,0,"Canterbury",1010,NA,6.25,NA
"7109","20180606:0000",-42.94152,171.56285,"Arthur's Pass National Park",2133,NA,0,"Canterbury",1010,NA,0.4,NA
"7110","20180607:0000",-42.94152,171.56285,"Arthur's Pass National Park",2133,NA,0,"Canterbury",1010,NA,0.65,NA
"7111","20180608:0000",-42.94152,171.56285,"Arthur's Pass National Park",2133,NA,0,"Canterbury",1010,NA,4.25,NA
"7112","20180609:0000",-42.94152,171.56285,"Arthur's Pass National Park",2133,NA,0,"Canterbury",1010,NA,4.45,NA
"7113","20180610:0000",-42.94152,171.56285,"Arthur's Pass National Park",2133,NA,0,"Canterbury",1010,NA,7.3,NA
"7114","20180611:0000",-42.94152,171.56285,"Arthur's Pass National Park",2133,NA,0,"Canterbury",1010,NA,6.45,NA
"7115","20180612:0000",-42.94152,171.56285,"Arthur's Pass National Park",2133,NA,0,"Canterbury",1010,NA,4.7,NA
"7116","20180613:0000",-42.94152,171.56285,"Arthur's Pass National Park",2133,NA,0,"Canterbury",1010,NA,6.3,NA
"7117","20180614:0000",-42.94152,171.56285,"Arthur's Pass National Park",2133,NA,0,"Canterbury",1010,NA,6,NA
"7118","20180615:0000",-42.94152,171.56285,"Arthur's Pass National Park",2133,NA,0,"Canterbury",1010,NA,5.25,NA
"7119","20180616:0000",-42.94152,171.56285,"Arthur's Pass National Park",2133,NA,0,"Canterbury",1010,NA,7.75,NA
"7120","20180617:0000",-42.94152,171.56285,"Arthur's Pass National Park",2133,NA,0,"Canterbury",1010,NA,4.95,NA
"7121","20180618:0000",-42.94152,171.56285,"Arthur's Pass National Park",2133,NA,0,"Canterbury",1010,NA,2.9,NA
"7122","20180619:0000",-42.94152,171.56285,"Arthur's Pass National Park",2133,NA,0,"Canterbury",1010,NA,3.8,NA
"7123","20180620:0000",-42.94152,171.56285,"Arthur's Pass National Park",2133,NA,0,"Canterbury",1010,NA,5.3,NA
"7124","20180621:0000",-42.94152,171.56285,"Arthur's Pass National Park",2133,NA,0,"Canterbury",1010,NA,2.95,NA
"7125","20180622:0000",-42.94152,171.56285,"Arthur's Pass National Park",2133,NA,0,"Canterbury",1010,NA,1.9,NA
"7126","20180623:0000",-42.94152,171.56285,"Arthur's Pass National Park",2133,NA,0,"Canterbury",1010,NA,1.55,NA
"7127","20180624:0000",-42.94152,171.56285,"Arthur's Pass National Park",2133,NA,0,"Canterbury",1010,NA,4.15,NA
"7128","20180625:0000",-42.94152,171.56285,"Arthur's Pass National Park",2133,NA,0,"Canterbury",1010,NA,1.3,NA
"7129","20180626:0000",-42.94152,171.56285,"Arthur's Pass National Park",2133,NA,0,"Canterbury",1010,NA,0.75,NA
"7130","20180627:0000",-42.94152,171.56285,"Arthur's Pass National Park",2133,NA,0,"Canterbury",1010,NA,0.6,NA
"7131","20180628:0000",-42.94152,171.56285,"Arthur's Pass National Park",2133,NA,0,"Canterbury",1010,NA,1.55,NA
"7132","20180629:0000",-42.94152,171.56285,"Arthur's Pass National Park",2133,NA,0,"Canterbury",1010,NA,0.25,NA
"7133","20180630:0000",-42.94152,171.56285,"Arthur's Pass National Park",2133,NA,0,"Canterbury",1010,NA,1.2,NA
"7134","20180701:0000",-42.94152,171.56285,"Arthur's Pass National Park",2133,NA,0,"Canterbury",1010,NA,3,NA
"7135","20180702:0000",-42.94152,171.56285,"Arthur's Pass National Park",2133,NA,0,"Canterbury",1010,NA,4.7,NA
"7136","20180703:0000",-42.94152,171.56285,"Arthur's Pass National Park",2133,NA,0,"Canterbury",1010,NA,3.05,NA
"7137","20180704:0000",-42.94152,171.56285,"Arthur's Pass National Park",2133,NA,0,"Canterbury",1010,NA,2.4,NA
"7138","20180705:0000",-42.94152,171.56285,"Arthur's Pass National Park",2133,NA,0,"Canterbury",1010,NA,3.65,NA
"7139","20180706:0000",-42.94152,171.56285,"Arthur's Pass National Park",2133,NA,0,"Canterbury",1010,NA,4.3,NA
"7140","20180707:0000",-42.94152,171.56285,"Arthur's Pass National Park",2133,NA,0,"Canterbury",1010,NA,7.25,NA
"7141","20180708:0000",-42.94152,171.56285,"Arthur's Pass National Park",2133,NA,0,"Canterbury",1010,NA,6.5,NA
"7142","20180709:0000",-42.94152,171.56285,"Arthur's Pass National Park",2133,NA,0,"Canterbury",1010,NA,2.75,NA
"7143","20180710:0000",-42.94152,171.56285,"Arthur's Pass National Park",2133,NA,0,"Canterbury",1010,NA,2.9,NA
"7144","20180711:0000",-42.94152,171.56285,"Arthur's Pass National Park",2133,NA,0,"Canterbury",1010,NA,2.3,NA
"7145","20180712:0000",-42.94152,171.56285,"Arthur's Pass National Park",2133,NA,0,"Canterbury",1010,NA,3.85,NA
"7146","20180713:0000",-42.94152,171.56285,"Arthur's Pass National Park",2133,NA,0,"Canterbury",1010,NA,2.05,NA
"7147","20180714:0000",-42.94152,171.56285,"Arthur's Pass National Park",2133,NA,0,"Canterbury",1010,NA,4.5,NA
"7148","20180715:0000",-42.94152,171.56285,"Arthur's Pass National Park",2133,NA,0,"Canterbury",1010,NA,1.4,NA
"7149","20180716:0000",-42.94152,171.56285,"Arthur's Pass National Park",2133,NA,0,"Canterbury",1010,NA,3,NA
"7150","20180717:0000",-42.94152,171.56285,"Arthur's Pass National Park",2133,NA,0,"Canterbury",1010,NA,5.65,NA
"7151","20180718:0000",-42.94152,171.56285,"Arthur's Pass National Park",2133,NA,0,"Canterbury",1010,NA,2.85,NA
"7152","20180719:0000",-42.94152,171.56285,"Arthur's Pass National Park",2133,NA,0,"Canterbury",1010,NA,3.55,NA
"7153","20180720:0000",-42.94152,171.56285,"Arthur's Pass National Park",2133,NA,0,"Canterbury",1010,NA,3.9,NA
"7154","20180721:0000",-42.94152,171.56285,"Arthur's Pass National Park",2133,NA,0,"Canterbury",1010,NA,6.05,NA
"7155","20180722:0000",-42.94152,171.56285,"Arthur's Pass National Park",2133,NA,0,"Canterbury",1010,NA,3.35,NA
"7156","20180723:0000",-42.94152,171.56285,"Arthur's Pass National Park",2133,NA,0,"Canterbury",1010,NA,2.65,NA
"7157","20180724:0000",-42.94152,171.56285,"Arthur's Pass National Park",2133,NA,0,"Canterbury",1010,NA,2.35,NA
"7158","20180725:0000",-42.94152,171.56285,"Arthur's Pass National Park",2133,NA,0,"Canterbury",1010,NA,2.8,NA
"7159","20180726:0000",-42.94152,171.56285,"Arthur's Pass National Park",2133,NA,0,"Canterbury",1010,NA,3.95,NA
"7160","20180727:0000",-42.94152,171.56285,"Arthur's Pass National Park",2133,NA,0,"Canterbury",1010,NA,3.35,NA
"7161","20180728:0000",-42.94152,171.56285,"Arthur's Pass National Park",2133,NA,0,"Canterbury",1010,NA,4.1,NA
"7162","20180729:0000",-42.94152,171.56285,"Arthur's Pass National Park",2133,NA,0,"Canterbury",1010,NA,5.85,NA
"7163","20180730:0000",-42.94152,171.56285,"Arthur's Pass National Park",2133,NA,0,"Canterbury",1010,NA,2.45,NA
"7164","20180731:0000",-42.94152,171.56285,"Arthur's Pass National Park",2133,NA,0,"Canterbury",1010,NA,2.8,NA
"7165","20180801:0000",-42.94152,171.56285,"Arthur's Pass National Park",2133,NA,0,"Canterbury",1010,NA,6.35,NA
"7166","20180802:0000",-42.94152,171.56285,"Arthur's Pass National Park",2133,NA,0,"Canterbury",1010,NA,5.4,NA
"7167","20180803:0000",-42.94152,171.56285,"Arthur's Pass National Park",2133,NA,0,"Canterbury",1010,NA,4.45,NA
"7168","20180804:0000",-42.94152,171.56285,"Arthur's Pass National Park",2133,NA,0,"Canterbury",1010,NA,5.15,NA
"7169","20180805:0000",-42.94152,171.56285,"Arthur's Pass National Park",2133,NA,0,"Canterbury",1010,NA,4,NA
"7170","20180806:0000",-42.94152,171.56285,"Arthur's Pass National Park",2133,NA,0,"Canterbury",1010,NA,3,NA
"7171","20180807:0000",-42.94152,171.56285,"Arthur's Pass National Park",2133,NA,0,"Canterbury",1010,NA,4.15,NA
"7172","20180808:0000",-42.94152,171.56285,"Arthur's Pass National Park",2133,NA,0,"Canterbury",1010,NA,4.5,NA
"7173","20180809:0000",-42.94152,171.56285,"Arthur's Pass National Park",2133,NA,0,"Canterbury",1010,NA,6.1,NA
"7174","20180810:0000",-42.94152,171.56285,"Arthur's Pass National Park",2133,NA,0,"Canterbury",1010,NA,6.2,NA
"7175","20180811:0000",-42.94152,171.56285,"Arthur's Pass National Park",2133,NA,0,"Canterbury",1010,NA,4.75,NA
"7176","20180812:0000",-42.94152,171.56285,"Arthur's Pass National Park",2133,NA,0,"Canterbury",1010,NA,4.5,NA
"7177","20180813:0000",-42.94152,171.56285,"Arthur's Pass National Park",2133,NA,0,"Canterbury",1010,NA,5.4,NA
"7178","20180814:0000",-42.94152,171.56285,"Arthur's Pass National Park",2133,NA,0,"Canterbury",1010,NA,5.95,NA
"7179","20180815:0000",-42.94152,171.56285,"Arthur's Pass National Park",2133,NA,0,"Canterbury",1010,NA,6.3,NA
"7180","20180816:0000",-42.94152,171.56285,"Arthur's Pass National Park",2133,NA,0,"Canterbury",1010,NA,4.6,NA
"7181","20180817:0000",-42.94152,171.56285,"Arthur's Pass National Park",2133,NA,0,"Canterbury",1010,NA,4.5,NA
"7182","20180818:0000",-42.94152,171.56285,"Arthur's Pass National Park",2133,NA,0,"Canterbury",1010,NA,4.05,NA
"7183","20180819:0000",-42.94152,171.56285,"Arthur's Pass National Park",2133,NA,0,"Canterbury",1010,NA,3.1,NA
"7184","20180820:0000",-42.94152,171.56285,"Arthur's Pass National Park",2133,NA,0,"Canterbury",1010,NA,2.1,NA
"7185","20180821:0000",-42.94152,171.56285,"Arthur's Pass National Park",2133,NA,0,"Canterbury",1010,NA,4.85,NA
"7186","20180822:0000",-42.94152,171.56285,"Arthur's Pass National Park",2133,NA,0,"Canterbury",1010,NA,3.75,NA
"7187","20180823:0000",-42.94152,171.56285,"Arthur's Pass National Park",2133,NA,0,"Canterbury",1010,NA,2.4,NA
"7188","20180824:0000",-42.94152,171.56285,"Arthur's Pass National Park",2133,NA,0,"Canterbury",1010,NA,3.75,NA
"7189","20180825:0000",-42.94152,171.56285,"Arthur's Pass National Park",2133,NA,0,"Canterbury",1010,NA,3.75,NA
"7190","20180826:0000",-42.94152,171.56285,"Arthur's Pass National Park",2133,NA,0,"Canterbury",1010,NA,5.7,NA
"7191","20180827:0000",-42.94152,171.56285,"Arthur's Pass National Park",2133,NA,0,"Canterbury",1010,NA,7.45,NA
"7192","20180828:0000",-42.94152,171.56285,"Arthur's Pass National Park",2133,NA,0,"Canterbury",1010,NA,6.5,NA
"7193","20180829:0000",-42.94152,171.56285,"Arthur's Pass National Park",2133,NA,0,"Canterbury",1010,NA,4.15,NA
"7194","20180830:0000",-42.94152,171.56285,"Arthur's Pass National Park",2133,NA,0,"Canterbury",1010,NA,5.9,NA
"7195","20180831:0000",-42.94152,171.56285,"Arthur's Pass National Park",2133,NA,0,"Canterbury",1010,NA,5.75,NA
"7196","20180901:0000",-42.94152,171.56285,"Arthur's Pass National Park",2133,NA,0,"Canterbury",1010,NA,4.3,NA
"7197","20180902:0000",-42.94152,171.56285,"Arthur's Pass National Park",2133,NA,0,"Canterbury",1010,NA,6.35,NA
"7198","20180903:0000",-42.94152,171.56285,"Arthur's Pass National Park",2133,NA,0,"Canterbury",1010,NA,3.1,NA
"7199","20180904:0000",-42.94152,171.56285,"Arthur's Pass National Park",2133,NA,0,"Canterbury",1010,NA,4.6,NA
"7200","20180905:0000",-42.94152,171.56285,"Arthur's Pass National Park",2133,NA,0,"Canterbury",1010,NA,4.95,NA
"7201","20180906:0000",-42.94152,171.56285,"Arthur's Pass National Park",2133,NA,0,"Canterbury",1010,NA,4.8,NA
"7202","20180907:0000",-42.94152,171.56285,"Arthur's Pass National Park",2133,NA,0,"Canterbury",1010,NA,5.1,NA
"7203","20180908:0000",-42.94152,171.56285,"Arthur's Pass National Park",2133,NA,0,"Canterbury",1010,NA,4.7,NA
"7204","20180909:0000",-42.94152,171.56285,"Arthur's Pass National Park",2133,NA,0,"Canterbury",1010,NA,4.9,NA
"7205","20180910:0000",-42.94152,171.56285,"Arthur's Pass National Park",2133,NA,0,"Canterbury",1010,NA,6.35,NA
"7206","20180911:0000",-42.94152,171.56285,"Arthur's Pass National Park",2133,NA,0,"Canterbury",1010,NA,7.25,NA
"7207","20180912:0000",-42.94152,171.56285,"Arthur's Pass National Park",2133,NA,0,"Canterbury",1010,NA,7.1,NA
"7208","20180913:0000",-42.94152,171.56285,"Arthur's Pass National Park",2133,NA,0,"Canterbury",1010,NA,8.1,NA
"7209","20180914:0000",-42.94152,171.56285,"Arthur's Pass National Park",2133,NA,0,"Canterbury",1010,NA,10.3,NA
"7210","20180915:0000",-42.94152,171.56285,"Arthur's Pass National Park",2133,NA,0,"Canterbury",1010,NA,8.9,NA
"7211","20180916:0000",-42.94152,171.56285,"Arthur's Pass National Park",2133,NA,0,"Canterbury",1010,NA,6.5,NA
"7212","20180917:0000",-42.94152,171.56285,"Arthur's Pass National Park",2133,NA,0,"Canterbury",1010,NA,7.5,NA
"7213","20180918:0000",-42.94152,171.56285,"Arthur's Pass National Park",2133,NA,0,"Canterbury",1010,NA,6.15,NA
"7214","20180919:0000",-42.94152,171.56285,"Arthur's Pass National Park",2133,NA,0,"Canterbury",1010,NA,6.8,NA
"7215","20180920:0000",-42.94152,171.56285,"Arthur's Pass National Park",2133,NA,0,"Canterbury",1010,NA,7.5,NA
"7216","20180921:0000",-42.94152,171.56285,"Arthur's Pass National Park",2133,NA,0,"Canterbury",1010,NA,8.75,NA
"7217","20180922:0000",-42.94152,171.56285,"Arthur's Pass National Park",2133,NA,0,"Canterbury",1010,NA,8.6,NA
"7218","20180923:0000",-42.94152,171.56285,"Arthur's Pass National Park",2133,NA,0,"Canterbury",1010,NA,7.05,NA
"7219","20180924:0000",-42.94152,171.56285,"Arthur's Pass National Park",2133,NA,0,"Canterbury",1010,NA,6.3,NA
"7220","20180925:0000",-42.94152,171.56285,"Arthur's Pass National Park",2133,NA,0,"Canterbury",1010,NA,4.8,NA
"7221","20180926:0000",-42.94152,171.56285,"Arthur's Pass National Park",2133,NA,0,"Canterbury",1010,NA,5.2,NA
"7222","20180927:0000",-42.94152,171.56285,"Arthur's Pass National Park",2133,NA,0,"Canterbury",1010,NA,7.15,NA
"7223","20180928:0000",-42.94152,171.56285,"Arthur's Pass National Park",2133,NA,0,"Canterbury",1010,NA,5.65,NA
"7224","20180929:0000",-42.94152,171.56285,"Arthur's Pass National Park",2133,NA,0,"Canterbury",1010,NA,6.2,NA
"7225","20180930:0000",-42.94152,171.56285,"Arthur's Pass National Park",2133,NA,0,"Canterbury",1010,NA,6.55,NA
"7226","20181001:0000",-42.94152,171.56285,"Arthur's Pass National Park",2133,NA,0,"Canterbury",1010,NA,8.45,NA
"7227","20181002:0000",-42.94152,171.56285,"Arthur's Pass National Park",2133,NA,0,"Canterbury",1010,NA,7.6,NA
"7228","20181003:0000",-42.94152,171.56285,"Arthur's Pass National Park",2133,NA,0,"Canterbury",1010,NA,7.3,NA
"7229","20181004:0000",-42.94152,171.56285,"Arthur's Pass National Park",2133,NA,0,"Canterbury",1010,NA,6.2,NA
"7230","20181005:0000",-42.94152,171.56285,"Arthur's Pass National Park",2133,NA,0,"Canterbury",1010,NA,7.95,NA
"7231","20181006:0000",-42.94152,171.56285,"Arthur's Pass National Park",2133,NA,0,"Canterbury",1010,NA,8.15,NA
"7232","20181007:0000",-42.94152,171.56285,"Arthur's Pass National Park",2133,NA,0,"Canterbury",1010,NA,9.1,NA
"7233","20181008:0000",-42.94152,171.56285,"Arthur's Pass National Park",2133,NA,0,"Canterbury",1010,NA,7.75,NA
"7234","20181009:0000",-42.94152,171.56285,"Arthur's Pass National Park",2133,NA,0,"Canterbury",1010,NA,5.85,NA
"7235","20181010:0000",-42.94152,171.56285,"Arthur's Pass National Park",2133,NA,0,"Canterbury",1010,NA,5.5,NA
"7236","20181011:0000",-42.94152,171.56285,"Arthur's Pass National Park",2133,NA,0,"Canterbury",1010,NA,6.3,NA
"7237","20181012:0000",-42.94152,171.56285,"Arthur's Pass National Park",2133,NA,0,"Canterbury",1010,NA,2.8,NA
"7238","20181013:0000",-42.94152,171.56285,"Arthur's Pass National Park",2133,NA,0,"Canterbury",1010,NA,3.7,NA
"7239","20181014:0000",-42.94152,171.56285,"Arthur's Pass National Park",2133,NA,0,"Canterbury",1010,NA,4.6,NA
"7240","20181015:0000",-42.94152,171.56285,"Arthur's Pass National Park",2133,NA,0,"Canterbury",1010,NA,7.25,NA
"7241","20181016:0000",-42.94152,171.56285,"Arthur's Pass National Park",2133,NA,0,"Canterbury",1010,NA,7.7,NA
"7242","20181017:0000",-42.94152,171.56285,"Arthur's Pass National Park",2133,NA,0,"Canterbury",1010,NA,8.15,NA
"7243","20181018:0000",-42.94152,171.56285,"Arthur's Pass National Park",2133,NA,0,"Canterbury",1010,NA,11.1,NA
"7244","20181019:0000",-42.94152,171.56285,"Arthur's Pass National Park",2133,NA,0,"Canterbury",1010,NA,10.2,NA
"7245","20181020:0000",-42.94152,171.56285,"Arthur's Pass National Park",2133,NA,0,"Canterbury",1010,NA,11.75,NA
"7246","20181021:0000",-42.94152,171.56285,"Arthur's Pass National Park",2133,NA,0,"Canterbury",1010,NA,14.1,NA
"7247","20181022:0000",-42.94152,171.56285,"Arthur's Pass National Park",2133,NA,0,"Canterbury",1010,NA,13.9,NA
"7248","20181023:0000",-42.94152,171.56285,"Arthur's Pass National Park",2133,NA,0,"Canterbury",1010,NA,12.9,NA
"7249","20181024:0000",-42.94152,171.56285,"Arthur's Pass National Park",2133,NA,0,"Canterbury",1010,NA,12.7,NA
"7250","20181025:0000",-42.94152,171.56285,"Arthur's Pass National Park",2133,NA,0,"Canterbury",1010,NA,9.2,NA
"7251","20181026:0000",-42.94152,171.56285,"Arthur's Pass National Park",2133,NA,0,"Canterbury",1010,NA,7.25,NA
"7252","20181027:0000",-42.94152,171.56285,"Arthur's Pass National Park",2133,NA,0,"Canterbury",1010,NA,6.9,NA
"7253","20181028:0000",-42.94152,171.56285,"Arthur's Pass National Park",2133,NA,0,"Canterbury",1010,NA,8.1,NA
"7254","20181029:0000",-42.94152,171.56285,"Arthur's Pass National Park",2133,NA,0,"Canterbury",1010,NA,7.5,NA
"7255","20181030:0000",-42.94152,171.56285,"Arthur's Pass National Park",2133,NA,0,"Canterbury",1010,NA,6.25,NA
"7256","20181031:0000",-42.94152,171.56285,"Arthur's Pass National Park",2133,NA,0,"Canterbury",1010,NA,6.15,NA
"7257","20181101:0000",-42.94152,171.56285,"Arthur's Pass National Park",2133,NA,0,"Canterbury",1010,NA,7.65,NA
"7258","20181102:0000",-42.94152,171.56285,"Arthur's Pass National Park",2133,NA,0,"Canterbury",1010,NA,6.1,NA
"7259","20181103:0000",-42.94152,171.56285,"Arthur's Pass National Park",2133,NA,0,"Canterbury",1010,NA,9.85,NA
"7260","20181104:0000",-42.94152,171.56285,"Arthur's Pass National Park",2133,NA,0,"Canterbury",1010,NA,6.15,NA
"7261","20181105:0000",-42.94152,171.56285,"Arthur's Pass National Park",2133,NA,0,"Canterbury",1010,NA,8.3,NA
"7262","20181106:0000",-42.94152,171.56285,"Arthur's Pass National Park",2133,NA,0,"Canterbury",1010,NA,10.85,NA
"7263","20181107:0000",-42.94152,171.56285,"Arthur's Pass National Park",2133,NA,0,"Canterbury",1010,NA,11.25,NA
"7264","20181108:0000",-42.94152,171.56285,"Arthur's Pass National Park",2133,NA,0,"Canterbury",1010,NA,11.9,NA
"7265","20181109:0000",-42.94152,171.56285,"Arthur's Pass National Park",2133,NA,0,"Canterbury",1010,NA,5.45,NA
"7266","20181110:0000",-42.94152,171.56285,"Arthur's Pass National Park",2133,NA,0,"Canterbury",1010,NA,6.2,NA
"7267","20181111:0000",-42.94152,171.56285,"Arthur's Pass National Park",2133,NA,0,"Canterbury",1010,NA,8.6,NA
"7268","20181112:0000",-42.94152,171.56285,"Arthur's Pass National Park",2133,NA,0,"Canterbury",1010,NA,9.45,NA
"7269","20181113:0000",-42.94152,171.56285,"Arthur's Pass National Park",2133,NA,0,"Canterbury",1010,NA,12.5,NA
"7270","20181114:0000",-42.94152,171.56285,"Arthur's Pass National Park",2133,NA,0,"Canterbury",1010,NA,13.3,NA
"7271","20181115:0000",-42.94152,171.56285,"Arthur's Pass National Park",2133,NA,0,"Canterbury",1010,NA,14.25,NA
"7272","20181116:0000",-42.94152,171.56285,"Arthur's Pass National Park",2133,NA,0,"Canterbury",1010,NA,11.5,NA
"7273","20181117:0000",-42.94152,171.56285,"Arthur's Pass National Park",2133,NA,0,"Canterbury",1010,NA,11.6,NA
"7274","20181118:0000",-42.94152,171.56285,"Arthur's Pass National Park",2133,NA,0,"Canterbury",1010,NA,9.4,NA
"7275","20181119:0000",-42.94152,171.56285,"Arthur's Pass National Park",2133,NA,0,"Canterbury",1010,NA,3.8,NA
"7276","20181120:0000",-42.94152,171.56285,"Arthur's Pass National Park",2133,NA,0,"Canterbury",1010,NA,3.35,NA
"7277","20181121:0000",-42.94152,171.56285,"Arthur's Pass National Park",2133,NA,0,"Canterbury",1010,NA,6.2,NA
"7278","20181122:0000",-42.94152,171.56285,"Arthur's Pass National Park",2133,NA,0,"Canterbury",1010,NA,9,NA
"7279","20181123:0000",-42.94152,171.56285,"Arthur's Pass National Park",2133,NA,0,"Canterbury",1010,NA,10.5,NA
"7280","20181124:0000",-42.94152,171.56285,"Arthur's Pass National Park",2133,NA,0,"Canterbury",1010,NA,11.5,NA
"7281","20181125:0000",-42.94152,171.56285,"Arthur's Pass National Park",2133,NA,0,"Canterbury",1010,NA,12.6,NA
"7282","20181126:0000",-42.94152,171.56285,"Arthur's Pass National Park",2133,NA,0,"Canterbury",1010,NA,10.25,NA
"7283","20181127:0000",-42.94152,171.56285,"Arthur's Pass National Park",2133,NA,0,"Canterbury",1010,NA,9.85,NA
"7284","20181128:0000",-42.94152,171.56285,"Arthur's Pass National Park",2133,NA,0,"Canterbury",1010,NA,12.2,NA
"7285","20181129:0000",-42.94152,171.56285,"Arthur's Pass National Park",2133,NA,0,"Canterbury",1010,NA,13.85,NA
"7286","20181130:0000",-42.94152,171.56285,"Arthur's Pass National Park",2133,NA,0,"Canterbury",1010,NA,14.35,NA
"7287","20181201:0000",-42.94152,171.56285,"Arthur's Pass National Park",2133,NA,0,"Canterbury",1010,NA,13.7,NA
"7288","20181202:0000",-42.94152,171.56285,"Arthur's Pass National Park",2133,NA,0,"Canterbury",1010,NA,14.1,NA
"7289","20181203:0000",-42.94152,171.56285,"Arthur's Pass National Park",2133,NA,0,"Canterbury",1010,NA,15.75,NA
"7290","20181204:0000",-42.94152,171.56285,"Arthur's Pass National Park",2133,NA,0,"Canterbury",1010,NA,13.35,NA
"7291","20181205:0000",-42.94152,171.56285,"Arthur's Pass National Park",2133,NA,0,"Canterbury",1010,NA,9.4,NA
"7292","20181206:0000",-42.94152,171.56285,"Arthur's Pass National Park",2133,NA,0,"Canterbury",1010,NA,10.3,NA
"7293","20181207:0000",-42.94152,171.56285,"Arthur's Pass National Park",2133,NA,0,"Canterbury",1010,NA,11.8,NA
"7294","20181208:0000",-42.94152,171.56285,"Arthur's Pass National Park",2133,NA,0,"Canterbury",1010,NA,12.4,NA
"7295","20181209:0000",-42.94152,171.56285,"Arthur's Pass National Park",2133,NA,0,"Canterbury",1010,NA,13.65,NA
"7296","20181210:0000",-42.94152,171.56285,"Arthur's Pass National Park",2133,NA,0,"Canterbury",1010,NA,16.5,NA
"7297","20181211:0000",-42.94152,171.56285,"Arthur's Pass National Park",2133,NA,0,"Canterbury",1010,NA,12.15,NA
"7298","20181212:0000",-42.94152,171.56285,"Arthur's Pass National Park",2133,NA,0,"Canterbury",1010,NA,15.1,NA
"7299","20181213:0000",-42.94152,171.56285,"Arthur's Pass National Park",2133,NA,0,"Canterbury",1010,NA,14.3,NA
"7300","20181214:0000",-42.94152,171.56285,"Arthur's Pass National Park",2133,NA,0,"Canterbury",1010,NA,15.85,NA
"7301","20181215:0000",-42.94152,171.56285,"Arthur's Pass National Park",2133,NA,0,"Canterbury",1010,NA,14.7,NA
"7302","20181216:0000",-42.94152,171.56285,"Arthur's Pass National Park",2133,NA,0,"Canterbury",1010,NA,17.15,NA
"7303","20181217:0000",-42.94152,171.56285,"Arthur's Pass National Park",2133,NA,0,"Canterbury",1010,NA,16.65,NA
"7304","20181218:0000",-42.94152,171.56285,"Arthur's Pass National Park",2133,NA,0,"Canterbury",1010,NA,13.1,NA
"7305","20181219:0000",-42.94152,171.56285,"Arthur's Pass National Park",2133,NA,0,"Canterbury",1010,NA,12.5,NA
"7306","20181220:0000",-42.94152,171.56285,"Arthur's Pass National Park",2133,NA,0,"Canterbury",1010,NA,9.05,NA
"7307","20181221:0000",-42.94152,171.56285,"Arthur's Pass National Park",2133,NA,0,"Canterbury",1010,NA,11.85,NA
"7308","20181222:0000",-42.94152,171.56285,"Arthur's Pass National Park",2133,NA,0,"Canterbury",1010,NA,10.65,NA
"7309","20181223:0000",-42.94152,171.56285,"Arthur's Pass National Park",2133,NA,0,"Canterbury",1010,NA,12.3,NA
"7310","20181224:0000",-42.94152,171.56285,"Arthur's Pass National Park",2133,NA,0,"Canterbury",1010,NA,14.85,NA
"7311","20181225:0000",-42.94152,171.56285,"Arthur's Pass National Park",2133,NA,0,"Canterbury",1010,NA,16.6,NA
"7312","20181226:0000",-42.94152,171.56285,"Arthur's Pass National Park",2133,NA,0,"Canterbury",1010,NA,15.2,NA
"7313","20181227:0000",-42.94152,171.56285,"Arthur's Pass National Park",2133,NA,0,"Canterbury",1010,NA,12.35,NA
"7314","20181228:0000",-42.94152,171.56285,"Arthur's Pass National Park",2133,NA,0,"Canterbury",1010,NA,13.35,NA
"7315","20181229:0000",-42.94152,171.56285,"Arthur's Pass National Park",2133,NA,0,"Canterbury",1010,NA,11,NA
"7316","20181230:0000",-42.94152,171.56285,"Arthur's Pass National Park",2133,NA,0,"Canterbury",1010,NA,12.85,NA
"7317","20181231:0000",-42.94152,171.56285,"Arthur's Pass National Park",2133,NA,0,"Canterbury",1010,NA,15.85,NA
"7318","20190101:0000",-42.94152,171.56285,"Arthur's Pass National Park",2133,NA,0,"Canterbury",1010,NA,17.05,NA
"7319","20190102:0000",-42.94152,171.56285,"Arthur's Pass National Park",2133,NA,0,"Canterbury",1010,NA,15.45,NA
"7320","20190103:0000",-42.94152,171.56285,"Arthur's Pass National Park",2133,NA,0,"Canterbury",1010,NA,16.1,NA
"7321","20190104:0000",-42.94152,171.56285,"Arthur's Pass National Park",2133,NA,0,"Canterbury",1010,NA,12.55,NA
"7322","20190105:0000",-42.94152,171.56285,"Arthur's Pass National Park",2133,NA,0,"Canterbury",1010,NA,14.9,NA
"7323","20190106:0000",-42.94152,171.56285,"Arthur's Pass National Park",2133,NA,0,"Canterbury",1010,NA,14.15,NA
"7324","20190107:0000",-42.94152,171.56285,"Arthur's Pass National Park",2133,NA,0,"Canterbury",1010,NA,13.6,NA
"7325","20190108:0000",-42.94152,171.56285,"Arthur's Pass National Park",2133,NA,0,"Canterbury",1010,NA,14.05,NA
"7326","20190109:0000",-42.94152,171.56285,"Arthur's Pass National Park",2133,NA,0,"Canterbury",1010,NA,14.5,NA
"7327","20190110:0000",-42.94152,171.56285,"Arthur's Pass National Park",2133,NA,0,"Canterbury",1010,NA,16.05,NA
"7328","20190111:0000",-42.94152,171.56285,"Arthur's Pass National Park",2133,NA,0,"Canterbury",1010,NA,14.1,NA
"7329","20190112:0000",-42.94152,171.56285,"Arthur's Pass National Park",2133,NA,0,"Canterbury",1010,NA,14.45,NA
"7330","20190113:0000",-42.94152,171.56285,"Arthur's Pass National Park",2133,NA,0,"Canterbury",1010,NA,13.95,NA
"7331","20190114:0000",-42.94152,171.56285,"Arthur's Pass National Park",2133,NA,0,"Canterbury",1010,NA,9.85,NA
"7332","20190115:0000",-42.94152,171.56285,"Arthur's Pass National Park",2133,NA,0,"Canterbury",1010,NA,14.6,NA
"7333","20190116:0000",-42.94152,171.56285,"Arthur's Pass National Park",2133,NA,0,"Canterbury",1010,NA,15.2,NA
"7334","20190117:0000",-42.94152,171.56285,"Arthur's Pass National Park",2133,NA,0,"Canterbury",1010,NA,14.2,NA
"7335","20190118:0000",-42.94152,171.56285,"Arthur's Pass National Park",2133,NA,0,"Canterbury",1010,NA,18.4,NA
"7336","20190119:0000",-42.94152,171.56285,"Arthur's Pass National Park",2133,NA,0,"Canterbury",1010,NA,14.95,NA
"7337","20190120:0000",-42.94152,171.56285,"Arthur's Pass National Park",2133,NA,0,"Canterbury",1010,NA,11.65,NA
"7338","20190121:0000",-42.94152,171.56285,"Arthur's Pass National Park",2133,NA,0,"Canterbury",1010,NA,11.55,NA
"7339","20190122:0000",-42.94152,171.56285,"Arthur's Pass National Park",2133,NA,0,"Canterbury",1010,NA,12.3,NA
"7340","20190123:0000",-42.94152,171.56285,"Arthur's Pass National Park",2133,NA,0,"Canterbury",1010,NA,13.95,NA
"7341","20190124:0000",-42.94152,171.56285,"Arthur's Pass National Park",2133,NA,0,"Canterbury",1010,NA,11.45,NA
"7342","20190125:0000",-42.94152,171.56285,"Arthur's Pass National Park",2133,NA,0,"Canterbury",1010,NA,11.25,NA
"7343","20190126:0000",-42.94152,171.56285,"Arthur's Pass National Park",2133,NA,0,"Canterbury",1010,NA,12.65,NA
"7344","20190127:0000",-42.94152,171.56285,"Arthur's Pass National Park",2133,NA,0,"Canterbury",1010,NA,14.25,NA
"7345","20190128:0000",-42.94152,171.56285,"Arthur's Pass National Park",2133,NA,0,"Canterbury",1010,NA,18.15,NA
"7346","20190129:0000",-42.94152,171.56285,"Arthur's Pass National Park",2133,NA,0,"Canterbury",1010,NA,18.7,NA
"7347","20190130:0000",-42.94152,171.56285,"Arthur's Pass National Park",2133,NA,0,"Canterbury",1010,NA,20.15,NA
"7348","20190131:0000",-42.94152,171.56285,"Arthur's Pass National Park",2133,NA,0,"Canterbury",1010,NA,20.25,NA
"7349","20190201:0000",-42.94152,171.56285,"Arthur's Pass National Park",2133,NA,0,"Canterbury",1010,NA,15.8,NA
"7350","20190202:0000",-42.94152,171.56285,"Arthur's Pass National Park",2133,NA,0,"Canterbury",1010,NA,13.05,NA
"7351","20190203:0000",-42.94152,171.56285,"Arthur's Pass National Park",2133,NA,0,"Canterbury",1010,NA,13.3,NA
"7352","20190204:0000",-42.94152,171.56285,"Arthur's Pass National Park",2133,NA,0,"Canterbury",1010,NA,15.75,NA
"7353","20190205:0000",-42.94152,171.56285,"Arthur's Pass National Park",2133,NA,0,"Canterbury",1010,NA,12.65,NA
"7354","20190206:0000",-42.94152,171.56285,"Arthur's Pass National Park",2133,NA,0,"Canterbury",1010,NA,11.6,NA
"7355","20190207:0000",-42.94152,171.56285,"Arthur's Pass National Park",2133,NA,0,"Canterbury",1010,NA,12.75,NA
"7356","20190208:0000",-42.94152,171.56285,"Arthur's Pass National Park",2133,NA,0,"Canterbury",1010,NA,13.75,NA
"7357","20190209:0000",-42.94152,171.56285,"Arthur's Pass National Park",2133,NA,0,"Canterbury",1010,NA,15.6,NA
"7358","20190210:0000",-42.94152,171.56285,"Arthur's Pass National Park",2133,NA,0,"Canterbury",1010,NA,16.8,NA
"7359","20190211:0000",-42.94152,171.56285,"Arthur's Pass National Park",2133,NA,0,"Canterbury",1010,NA,15.5,NA
"7360","20190212:0000",-42.94152,171.56285,"Arthur's Pass National Park",2133,NA,0,"Canterbury",1010,NA,14.9,NA
"7361","20190213:0000",-42.94152,171.56285,"Arthur's Pass National Park",2133,NA,0,"Canterbury",1010,NA,17.55,NA
"7362","20190214:0000",-42.94152,171.56285,"Arthur's Pass National Park",2133,NA,0,"Canterbury",1010,NA,16.05,NA
"7363","20190215:0000",-42.94152,171.56285,"Arthur's Pass National Park",2133,NA,0,"Canterbury",1010,NA,13.75,NA
"7364","20190216:0000",-42.94152,171.56285,"Arthur's Pass National Park",2133,NA,0,"Canterbury",1010,NA,13.2,NA
"7365","20190217:0000",-42.94152,171.56285,"Arthur's Pass National Park",2133,NA,0,"Canterbury",1010,NA,12.4,NA
"7366","20190218:0000",-42.94152,171.56285,"Arthur's Pass National Park",2133,NA,0,"Canterbury",1010,NA,13.55,NA
"7367","20190219:0000",-42.94152,171.56285,"Arthur's Pass National Park",2133,NA,0,"Canterbury",1010,NA,15.15,NA
"7368","20190220:0000",-42.94152,171.56285,"Arthur's Pass National Park",2133,NA,0,"Canterbury",1010,NA,14.45,NA
"7369","20190221:0000",-42.94152,171.56285,"Arthur's Pass National Park",2133,NA,0,"Canterbury",1010,NA,14.2,NA
"7370","20190222:0000",-42.94152,171.56285,"Arthur's Pass National Park",2133,NA,0,"Canterbury",1010,NA,15.2,NA
"7371","20190223:0000",-42.94152,171.56285,"Arthur's Pass National Park",2133,NA,0,"Canterbury",1010,NA,10.1,NA
"7372","20190224:0000",-42.94152,171.56285,"Arthur's Pass National Park",2133,NA,0,"Canterbury",1010,NA,7.5,NA
"7373","20190225:0000",-42.94152,171.56285,"Arthur's Pass National Park",2133,NA,0,"Canterbury",1010,NA,10,NA
"7374","20190226:0000",-42.94152,171.56285,"Arthur's Pass National Park",2133,NA,0,"Canterbury",1010,NA,10.55,NA
"7375","20190227:0000",-42.94152,171.56285,"Arthur's Pass National Park",2133,NA,0,"Canterbury",1010,NA,10.55,NA
"7376","20190228:0000",-42.94152,171.56285,"Arthur's Pass National Park",2133,NA,0,"Canterbury",1010,NA,8.1,NA
"7377","20190301:0000",-42.94152,171.56285,"Arthur's Pass National Park",2133,NA,0,"Canterbury",1010,NA,9.05,NA
"7378","20190302:0000",-42.94152,171.56285,"Arthur's Pass National Park",2133,NA,0,"Canterbury",1010,NA,11.6,NA
"7379","20190303:0000",-42.94152,171.56285,"Arthur's Pass National Park",2133,NA,0,"Canterbury",1010,NA,12.75,NA
"7380","20190304:0000",-42.94152,171.56285,"Arthur's Pass National Park",2133,NA,0,"Canterbury",1010,NA,12.35,NA
"7381","20190305:0000",-42.94152,171.56285,"Arthur's Pass National Park",2133,NA,0,"Canterbury",1010,NA,13.2,NA
"7382","20190306:0000",-42.94152,171.56285,"Arthur's Pass National Park",2133,NA,0,"Canterbury",1010,NA,14.85,NA
"7383","20190307:0000",-42.94152,171.56285,"Arthur's Pass National Park",2133,NA,0,"Canterbury",1010,NA,14.4,NA
"7384","20190308:0000",-42.94152,171.56285,"Arthur's Pass National Park",2133,NA,0,"Canterbury",1010,NA,9.25,NA
"7385","20190309:0000",-42.94152,171.56285,"Arthur's Pass National Park",2133,NA,0,"Canterbury",1010,NA,12,NA
"7386","20190310:0000",-42.94152,171.56285,"Arthur's Pass National Park",2133,NA,0,"Canterbury",1010,NA,9.95,NA
"7387","20190311:0000",-42.94152,171.56285,"Arthur's Pass National Park",2133,NA,0,"Canterbury",1010,NA,12.5,NA
"7388","20190312:0000",-42.94152,171.56285,"Arthur's Pass National Park",2133,NA,0,"Canterbury",1010,NA,15.3,NA
"7389","20190313:0000",-42.94152,171.56285,"Arthur's Pass National Park",2133,NA,0,"Canterbury",1010,NA,13.1,NA
"7390","20190314:0000",-42.94152,171.56285,"Arthur's Pass National Park",2133,NA,0,"Canterbury",1010,NA,13.35,NA
"7391","20190315:0000",-42.94152,171.56285,"Arthur's Pass National Park",2133,NA,0,"Canterbury",1010,NA,12.25,NA
"7392","20190316:0000",-42.94152,171.56285,"Arthur's Pass National Park",2133,NA,0,"Canterbury",1010,NA,14.15,NA
"7393","20190317:0000",-42.94152,171.56285,"Arthur's Pass National Park",2133,NA,0,"Canterbury",1010,NA,16.4,NA
"7394","20190318:0000",-42.94152,171.56285,"Arthur's Pass National Park",2133,NA,0,"Canterbury",1010,NA,16,NA
"7395","20190319:0000",-42.94152,171.56285,"Arthur's Pass National Park",2133,NA,0,"Canterbury",1010,NA,16.35,NA
"7396","20190320:0000",-42.94152,171.56285,"Arthur's Pass National Park",2133,NA,0,"Canterbury",1010,NA,17.1,NA
"7397","20190321:0000",-42.94152,171.56285,"Arthur's Pass National Park",2133,NA,0,"Canterbury",1010,NA,15.35,NA
"7398","20190322:0000",-42.94152,171.56285,"Arthur's Pass National Park",2133,NA,0,"Canterbury",1010,NA,14.95,NA
"7399","20190323:0000",-42.94152,171.56285,"Arthur's Pass National Park",2133,NA,0,"Canterbury",1010,NA,14,NA
"7400","20190324:0000",-42.94152,171.56285,"Arthur's Pass National Park",2133,NA,0,"Canterbury",1010,NA,14.3,NA
"7401","20190325:0000",-42.94152,171.56285,"Arthur's Pass National Park",2133,NA,0,"Canterbury",1010,NA,13.3,NA
"7402","20190326:0000",-42.94152,171.56285,"Arthur's Pass National Park",2133,NA,0,"Canterbury",1010,NA,14.75,NA
"7403","20190327:0000",-42.94152,171.56285,"Arthur's Pass National Park",2133,NA,0,"Canterbury",1010,NA,13.6,NA
"7404","20190328:0000",-42.94152,171.56285,"Arthur's Pass National Park",2133,NA,0,"Canterbury",1010,NA,11.05,NA
"7405","20190329:0000",-42.94152,171.56285,"Arthur's Pass National Park",2133,NA,0,"Canterbury",1010,NA,11.65,NA
"7406","20190330:0000",-42.94152,171.56285,"Arthur's Pass National Park",2133,NA,0,"Canterbury",1010,NA,12.35,NA
"7407","20190331:0000",-42.94152,171.56285,"Arthur's Pass National Park",2133,NA,0,"Canterbury",1010,NA,13.45,NA
"7408","20190401:0000",-42.94152,171.56285,"Arthur's Pass National Park",2133,NA,0,"Canterbury",1010,NA,11.95,NA
"7409","20190402:0000",-42.94152,171.56285,"Arthur's Pass National Park",2133,NA,0,"Canterbury",1010,NA,7.85,NA
"7410","20190403:0000",-42.94152,171.56285,"Arthur's Pass National Park",2133,NA,0,"Canterbury",1010,NA,7.4,NA
"7411","20190404:0000",-42.94152,171.56285,"Arthur's Pass National Park",2133,NA,0,"Canterbury",1010,NA,6.8,NA
"7412","20190405:0000",-42.94152,171.56285,"Arthur's Pass National Park",2133,NA,0,"Canterbury",1010,NA,4.8,NA
"7413","20190406:0000",-42.94152,171.56285,"Arthur's Pass National Park",2133,NA,0,"Canterbury",1010,NA,5,NA
"7414","20190407:0000",-42.94152,171.56285,"Arthur's Pass National Park",2133,NA,0,"Canterbury",1010,NA,4.2,NA
"7415","20190408:0000",-42.94152,171.56285,"Arthur's Pass National Park",2133,NA,0,"Canterbury",1010,NA,10.9,NA
"7416","20190409:0000",-42.94152,171.56285,"Arthur's Pass National Park",2133,NA,0,"Canterbury",1010,NA,10.15,NA
"7417","20190410:0000",-42.94152,171.56285,"Arthur's Pass National Park",2133,NA,0,"Canterbury",1010,NA,11.15,NA
"7418","20190411:0000",-42.94152,171.56285,"Arthur's Pass National Park",2133,NA,0,"Canterbury",1010,NA,9.55,NA
"7419","20190412:0000",-42.94152,171.56285,"Arthur's Pass National Park",2133,NA,0,"Canterbury",1010,NA,7.45,NA
"7420","20190413:0000",-42.94152,171.56285,"Arthur's Pass National Park",2133,NA,0,"Canterbury",1010,NA,7.2,NA
"7421","20190414:0000",-42.94152,171.56285,"Arthur's Pass National Park",2133,NA,0,"Canterbury",1010,NA,7.9,NA
"7422","20190415:0000",-42.94152,171.56285,"Arthur's Pass National Park",2133,NA,0,"Canterbury",1010,NA,7.85,NA
"7423","20190416:0000",-42.94152,171.56285,"Arthur's Pass National Park",2133,NA,0,"Canterbury",1010,NA,7,NA
"7424","20190417:0000",-42.94152,171.56285,"Arthur's Pass National Park",2133,NA,0,"Canterbury",1010,NA,7.7,NA
"7425","20190418:0000",-42.94152,171.56285,"Arthur's Pass National Park",2133,NA,0,"Canterbury",1010,NA,8,NA
"7426","20190419:0000",-42.94152,171.56285,"Arthur's Pass National Park",2133,NA,0,"Canterbury",1010,NA,7.95,NA
"7427","20190420:0000",-42.94152,171.56285,"Arthur's Pass National Park",2133,NA,0,"Canterbury",1010,NA,8.55,NA
"7428","20190421:0000",-42.94152,171.56285,"Arthur's Pass National Park",2133,NA,0,"Canterbury",1010,NA,6.2,NA
"7429","20190422:0000",-42.94152,171.56285,"Arthur's Pass National Park",2133,NA,0,"Canterbury",1010,NA,9,NA
"7430","20190423:0000",-42.94152,171.56285,"Arthur's Pass National Park",2133,NA,0,"Canterbury",1010,NA,10.65,NA
"7431","20190424:0000",-42.94152,171.56285,"Arthur's Pass National Park",2133,NA,0,"Canterbury",1010,NA,9.3,NA
"7432","20190425:0000",-42.94152,171.56285,"Arthur's Pass National Park",2133,NA,0,"Canterbury",1010,NA,8.6,NA
"7433","20190426:0000",-42.94152,171.56285,"Arthur's Pass National Park",2133,NA,0,"Canterbury",1010,NA,11.15,NA
"7434","20190427:0000",-42.94152,171.56285,"Arthur's Pass National Park",2133,NA,0,"Canterbury",1010,NA,11.05,NA
"7435","20190428:0000",-42.94152,171.56285,"Arthur's Pass National Park",2133,NA,0,"Canterbury",1010,NA,6.45,NA
"7436","20190429:0000",-42.94152,171.56285,"Arthur's Pass National Park",2133,NA,0,"Canterbury",1010,NA,6.6,NA
"7437","20190430:0000",-42.94152,171.56285,"Arthur's Pass National Park",2133,NA,0,"Canterbury",1010,NA,4.25,NA
"7438","20190501:0000",-42.94152,171.56285,"Arthur's Pass National Park",2133,NA,0,"Canterbury",1010,NA,5.75,NA
"7439","20190502:0000",-42.94152,171.56285,"Arthur's Pass National Park",2133,NA,0,"Canterbury",1010,NA,5.65,NA
"7440","20190503:0000",-42.94152,171.56285,"Arthur's Pass National Park",2133,NA,0,"Canterbury",1010,NA,9.55,NA
"7441","20190504:0000",-42.94152,171.56285,"Arthur's Pass National Park",2133,NA,0,"Canterbury",1010,NA,9.05,NA
"7442","20190505:0000",-42.94152,171.56285,"Arthur's Pass National Park",2133,NA,0,"Canterbury",1010,NA,11.35,NA
"7443","20190506:0000",-42.94152,171.56285,"Arthur's Pass National Park",2133,NA,0,"Canterbury",1010,NA,10.65,NA
"7444","20190507:0000",-42.94152,171.56285,"Arthur's Pass National Park",2133,NA,0,"Canterbury",1010,NA,9.25,NA
"7445","20190508:0000",-42.94152,171.56285,"Arthur's Pass National Park",2133,NA,0,"Canterbury",1010,NA,8.5,NA
"7446","20190509:0000",-42.94152,171.56285,"Arthur's Pass National Park",2133,NA,0,"Canterbury",1010,NA,10.75,NA
"7447","20190510:0000",-42.94152,171.56285,"Arthur's Pass National Park",2133,NA,0,"Canterbury",1010,NA,10.9,NA
"7448","20190511:0000",-42.94152,171.56285,"Arthur's Pass National Park",2133,NA,0,"Canterbury",1010,NA,10.65,NA
"7449","20190512:0000",-42.94152,171.56285,"Arthur's Pass National Park",2133,NA,0,"Canterbury",1010,NA,9.8,NA
"7450","20190513:0000",-42.94152,171.56285,"Arthur's Pass National Park",2133,NA,0,"Canterbury",1010,NA,6.65,NA
"7451","20190514:0000",-42.94152,171.56285,"Arthur's Pass National Park",2133,NA,0,"Canterbury",1010,NA,5.55,NA
"7452","20190515:0000",-42.94152,171.56285,"Arthur's Pass National Park",2133,NA,0,"Canterbury",1010,NA,7.25,NA
"7453","20190516:0000",-42.94152,171.56285,"Arthur's Pass National Park",2133,NA,0,"Canterbury",1010,NA,7.6,NA
"7454","20190517:0000",-42.94152,171.56285,"Arthur's Pass National Park",2133,NA,0,"Canterbury",1010,NA,3.5,NA
"7455","20190518:0000",-42.94152,171.56285,"Arthur's Pass National Park",2133,NA,0,"Canterbury",1010,NA,4.25,NA
"7456","20190519:0000",-42.94152,171.56285,"Arthur's Pass National Park",2133,NA,0,"Canterbury",1010,NA,7,NA
"7457","20190520:0000",-42.94152,171.56285,"Arthur's Pass National Park",2133,NA,0,"Canterbury",1010,NA,6.35,NA
"7458","20190521:0000",-42.94152,171.56285,"Arthur's Pass National Park",2133,NA,0,"Canterbury",1010,NA,6.3,NA
"7459","20190522:0000",-42.94152,171.56285,"Arthur's Pass National Park",2133,NA,0,"Canterbury",1010,NA,6.45,NA
"7460","20190523:0000",-42.94152,171.56285,"Arthur's Pass National Park",2133,NA,0,"Canterbury",1010,NA,6.9,NA
"7461","20190524:0000",-42.94152,171.56285,"Arthur's Pass National Park",2133,NA,0,"Canterbury",1010,NA,5.65,NA
"7462","20190525:0000",-42.94152,171.56285,"Arthur's Pass National Park",2133,NA,0,"Canterbury",1010,NA,7.45,NA
"7463","20190526:0000",-42.94152,171.56285,"Arthur's Pass National Park",2133,NA,0,"Canterbury",1010,NA,8.05,NA
"7464","20190527:0000",-42.94152,171.56285,"Arthur's Pass National Park",2133,NA,0,"Canterbury",1010,NA,8.5,NA
"7465","20190528:0000",-42.94152,171.56285,"Arthur's Pass National Park",2133,NA,0,"Canterbury",1010,NA,8.65,NA
"7466","20190529:0000",-42.94152,171.56285,"Arthur's Pass National Park",2133,NA,0,"Canterbury",1010,NA,7.95,NA
"7467","20190530:0000",-42.94152,171.56285,"Arthur's Pass National Park",2133,NA,0,"Canterbury",1010,NA,8.1,NA
"7468","20190531:0000",-42.94152,171.56285,"Arthur's Pass National Park",2133,NA,0,"Canterbury",1010,NA,3.95,NA
"7469","20190601:0000",-42.94152,171.56285,"Arthur's Pass National Park",2133,NA,0,"Canterbury",1010,NA,1,NA
"7470","20190602:0000",-42.94152,171.56285,"Arthur's Pass National Park",2133,NA,0,"Canterbury",1010,NA,0.85,NA
"7471","20190603:0000",-42.94152,171.56285,"Arthur's Pass National Park",2133,NA,0,"Canterbury",1010,NA,0.75,NA
"7472","20190604:0000",-42.94152,171.56285,"Arthur's Pass National Park",2133,NA,0,"Canterbury",1010,NA,0.6,NA
"7473","20190605:0000",-42.94152,171.56285,"Arthur's Pass National Park",2133,NA,0,"Canterbury",1010,NA,-0.1,NA
"7474","20190606:0000",-42.94152,171.56285,"Arthur's Pass National Park",2133,NA,0,"Canterbury",1010,NA,-0.15,NA
"7475","20190607:0000",-42.94152,171.56285,"Arthur's Pass National Park",2133,NA,0,"Canterbury",1010,NA,4.1,NA
"7476","20190608:0000",-42.94152,171.56285,"Arthur's Pass National Park",2133,NA,0,"Canterbury",1010,NA,4.2,NA
"7477","20190609:0000",-42.94152,171.56285,"Arthur's Pass National Park",2133,NA,0,"Canterbury",1010,NA,2.85,NA
"7478","20190610:0000",-42.94152,171.56285,"Arthur's Pass National Park",2133,NA,0,"Canterbury",1010,NA,6.05,NA
"7479","20190611:0000",-42.94152,171.56285,"Arthur's Pass National Park",2133,NA,0,"Canterbury",1010,NA,5.6,NA
"7480","20190612:0000",-42.94152,171.56285,"Arthur's Pass National Park",2133,NA,0,"Canterbury",1010,NA,7.9,NA
"7481","20190613:0000",-42.94152,171.56285,"Arthur's Pass National Park",2133,NA,0,"Canterbury",1010,NA,6.25,NA
"7482","20190614:0000",-42.94152,171.56285,"Arthur's Pass National Park",2133,NA,0,"Canterbury",1010,NA,6.4,NA
"7483","20190615:0000",-42.94152,171.56285,"Arthur's Pass National Park",2133,NA,0,"Canterbury",1010,NA,6.25,NA
"7484","20190616:0000",-42.94152,171.56285,"Arthur's Pass National Park",2133,NA,0,"Canterbury",1010,NA,5.2,NA
"7485","20190617:0000",-42.94152,171.56285,"Arthur's Pass National Park",2133,NA,0,"Canterbury",1010,NA,3.6,NA
"7486","20190618:0000",-42.94152,171.56285,"Arthur's Pass National Park",2133,NA,0,"Canterbury",1010,NA,0.5,NA
"7487","20190619:0000",-42.94152,171.56285,"Arthur's Pass National Park",2133,NA,0,"Canterbury",1010,NA,1.5,NA
"7488","20190620:0000",-42.94152,171.56285,"Arthur's Pass National Park",2133,NA,0,"Canterbury",1010,NA,1.95,NA
"7489","20190621:0000",-42.94152,171.56285,"Arthur's Pass National Park",2133,NA,0,"Canterbury",1010,NA,5.15,NA
"7490","20190622:0000",-42.94152,171.56285,"Arthur's Pass National Park",2133,NA,0,"Canterbury",1010,NA,6.7,NA
"7491","20190623:0000",-42.94152,171.56285,"Arthur's Pass National Park",2133,NA,0,"Canterbury",1010,NA,2.25,NA
"7492","20190624:0000",-42.94152,171.56285,"Arthur's Pass National Park",2133,NA,0,"Canterbury",1010,NA,1,NA
"7493","20190625:0000",-42.94152,171.56285,"Arthur's Pass National Park",2133,NA,0,"Canterbury",1010,NA,2.3,NA
"7494","20190626:0000",-42.94152,171.56285,"Arthur's Pass National Park",2133,NA,0,"Canterbury",1010,NA,1.95,NA
"7495","20190627:0000",-42.94152,171.56285,"Arthur's Pass National Park",2133,NA,0,"Canterbury",1010,NA,1.55,NA
"7496","20190628:0000",-42.94152,171.56285,"Arthur's Pass National Park",2133,NA,0,"Canterbury",1010,NA,1.95,NA
"7497","20190629:0000",-42.94152,171.56285,"Arthur's Pass National Park",2133,NA,0,"Canterbury",1010,NA,2.85,NA
"7498","20190630:0000",-42.94152,171.56285,"Arthur's Pass National Park",2133,NA,0,"Canterbury",1010,NA,2.2,NA
"7499","20190701:0000",-42.94152,171.56285,"Arthur's Pass National Park",2133,NA,0,"Canterbury",1010,NA,2.1,NA
"7500","20190702:0000",-42.94152,171.56285,"Arthur's Pass National Park",2133,NA,0,"Canterbury",1010,NA,6.6,NA
"7501","20190703:0000",-42.94152,171.56285,"Arthur's Pass National Park",2133,NA,0,"Canterbury",1010,NA,8.85,NA
"7502","20190704:0000",-42.94152,171.56285,"Arthur's Pass National Park",2133,NA,0,"Canterbury",1010,NA,3.55,NA
"7503","20190705:0000",-42.94152,171.56285,"Arthur's Pass National Park",2133,NA,0,"Canterbury",1010,NA,2.3,NA
"7504","20190706:0000",-42.94152,171.56285,"Arthur's Pass National Park",2133,NA,0,"Canterbury",1010,NA,2.05,NA
"7505","20190707:0000",-42.94152,171.56285,"Arthur's Pass National Park",2133,NA,0,"Canterbury",1010,NA,2.4,NA
"7506","20190708:0000",-42.94152,171.56285,"Arthur's Pass National Park",2133,NA,0,"Canterbury",1010,NA,3.6,NA
"7507","20190709:0000",-42.94152,171.56285,"Arthur's Pass National Park",2133,NA,0,"Canterbury",1010,NA,5.1,NA
"7508","20190710:0000",-42.94152,171.56285,"Arthur's Pass National Park",2133,NA,0,"Canterbury",1010,NA,4.5,NA
"7509","20190711:0000",-42.94152,171.56285,"Arthur's Pass National Park",2133,NA,0,"Canterbury",1010,NA,5.3,NA
"7510","20190712:0000",-42.94152,171.56285,"Arthur's Pass National Park",2133,NA,0,"Canterbury",1010,NA,5.55,NA
"7511","20190713:0000",-42.94152,171.56285,"Arthur's Pass National Park",2133,NA,0,"Canterbury",1010,NA,7.05,NA
"7512","20190714:0000",-42.94152,171.56285,"Arthur's Pass National Park",2133,NA,0,"Canterbury",1010,NA,5.9,NA
"7513","20190715:0000",-42.94152,171.56285,"Arthur's Pass National Park",2133,NA,0,"Canterbury",1010,NA,2.5,NA
"7514","20190716:0000",-42.94152,171.56285,"Arthur's Pass National Park",2133,NA,0,"Canterbury",1010,NA,2.6,NA
"7515","20190717:0000",-42.94152,171.56285,"Arthur's Pass National Park",2133,NA,0,"Canterbury",1010,NA,2.25,NA
"7516","20190718:0000",-42.94152,171.56285,"Arthur's Pass National Park",2133,NA,0,"Canterbury",1010,NA,4.1,NA
"7517","20190719:0000",-42.94152,171.56285,"Arthur's Pass National Park",2133,NA,0,"Canterbury",1010,NA,4.1,NA
"7518","20190720:0000",-42.94152,171.56285,"Arthur's Pass National Park",2133,NA,0,"Canterbury",1010,NA,3.7,NA
"7519","20190721:0000",-42.94152,171.56285,"Arthur's Pass National Park",2133,NA,0,"Canterbury",1010,NA,5.1,NA
"7520","20190722:0000",-42.94152,171.56285,"Arthur's Pass National Park",2133,NA,0,"Canterbury",1010,NA,4.85,NA
"7521","20190723:0000",-42.94152,171.56285,"Arthur's Pass National Park",2133,NA,0,"Canterbury",1010,NA,4.1,NA
"7522","20190724:0000",-42.94152,171.56285,"Arthur's Pass National Park",2133,NA,0,"Canterbury",1010,NA,5.55,NA
"7523","20190725:0000",-42.94152,171.56285,"Arthur's Pass National Park",2133,NA,0,"Canterbury",1010,NA,5.4,NA
"7524","20190726:0000",-42.94152,171.56285,"Arthur's Pass National Park",2133,NA,0,"Canterbury",1010,NA,4.4,NA
"7525","20190727:0000",-42.94152,171.56285,"Arthur's Pass National Park",2133,NA,0,"Canterbury",1010,NA,4.2,NA
"7526","20190728:0000",-42.94152,171.56285,"Arthur's Pass National Park",2133,NA,0,"Canterbury",1010,NA,4.05,NA
"7527","20190729:0000",-42.94152,171.56285,"Arthur's Pass National Park",2133,NA,0,"Canterbury",1010,NA,6.4,NA
"7528","20190730:0000",-42.94152,171.56285,"Arthur's Pass National Park",2133,NA,0,"Canterbury",1010,NA,5.95,NA
"7529","20190731:0000",-42.94152,171.56285,"Arthur's Pass National Park",2133,NA,0,"Canterbury",1010,NA,1.85,NA
"7530","20190801:0000",-42.94152,171.56285,"Arthur's Pass National Park",2133,NA,0,"Canterbury",1010,NA,0.5,NA
"7531","20190802:0000",-42.94152,171.56285,"Arthur's Pass National Park",2133,NA,0,"Canterbury",1010,NA,-0.25,NA
"7532","20190803:0000",-42.94152,171.56285,"Arthur's Pass National Park",2133,NA,0,"Canterbury",1010,NA,2.6,NA
"7533","20190804:0000",-42.94152,171.56285,"Arthur's Pass National Park",2133,NA,0,"Canterbury",1010,NA,-0.1,NA
"7534","20190805:0000",-42.94152,171.56285,"Arthur's Pass National Park",2133,NA,0,"Canterbury",1010,NA,-1.05,NA
"7535","20190806:0000",-42.94152,171.56285,"Arthur's Pass National Park",2133,NA,0,"Canterbury",1010,NA,0.55,NA
"7536","20190807:0000",-42.94152,171.56285,"Arthur's Pass National Park",2133,NA,0,"Canterbury",1010,NA,4.6,NA
"7537","20190808:0000",-42.94152,171.56285,"Arthur's Pass National Park",2133,NA,0,"Canterbury",1010,NA,4.65,NA
"7538","20190809:0000",-42.94152,171.56285,"Arthur's Pass National Park",2133,NA,0,"Canterbury",1010,NA,6.55,NA
"7539","20190810:0000",-42.94152,171.56285,"Arthur's Pass National Park",2133,NA,0,"Canterbury",1010,NA,0.85,NA
"7540","20190811:0000",-42.94152,171.56285,"Arthur's Pass National Park",2133,NA,0,"Canterbury",1010,NA,1.55,NA
"7541","20190812:0000",-42.94152,171.56285,"Arthur's Pass National Park",2133,NA,0,"Canterbury",1010,NA,2.5,NA
"7542","20190813:0000",-42.94152,171.56285,"Arthur's Pass National Park",2133,NA,0,"Canterbury",1010,NA,1.65,NA
"7543","20190814:0000",-42.94152,171.56285,"Arthur's Pass National Park",2133,NA,0,"Canterbury",1010,NA,2.5,NA
"7544","20190815:0000",-42.94152,171.56285,"Arthur's Pass National Park",2133,NA,0,"Canterbury",1010,NA,1.55,NA
"7545","20190816:0000",-42.94152,171.56285,"Arthur's Pass National Park",2133,NA,0,"Canterbury",1010,NA,2.25,NA
"7546","20190817:0000",-42.94152,171.56285,"Arthur's Pass National Park",2133,NA,0,"Canterbury",1010,NA,2.35,NA
"7547","20190818:0000",-42.94152,171.56285,"Arthur's Pass National Park",2133,NA,0,"Canterbury",1010,NA,1.3,NA
"7548","20190819:0000",-42.94152,171.56285,"Arthur's Pass National Park",2133,NA,0,"Canterbury",1010,NA,1.85,NA
"7549","20190820:0000",-42.94152,171.56285,"Arthur's Pass National Park",2133,NA,0,"Canterbury",1010,NA,3,NA
"7550","20190821:0000",-42.94152,171.56285,"Arthur's Pass National Park",2133,NA,0,"Canterbury",1010,NA,3.4,NA
"7551","20190822:0000",-42.94152,171.56285,"Arthur's Pass National Park",2133,NA,0,"Canterbury",1010,NA,3.15,NA
"7552","20190823:0000",-42.94152,171.56285,"Arthur's Pass National Park",2133,NA,0,"Canterbury",1010,NA,4.25,NA
"7553","20190824:0000",-42.94152,171.56285,"Arthur's Pass National Park",2133,NA,0,"Canterbury",1010,NA,4.05,NA
"7554","20190825:0000",-42.94152,171.56285,"Arthur's Pass National Park",2133,NA,0,"Canterbury",1010,NA,3.85,NA
"7555","20190826:0000",-42.94152,171.56285,"Arthur's Pass National Park",2133,NA,0,"Canterbury",1010,NA,6,NA
"7556","20190827:0000",-42.94152,171.56285,"Arthur's Pass National Park",2133,NA,0,"Canterbury",1010,NA,3.15,NA
"7557","20190828:0000",-42.94152,171.56285,"Arthur's Pass National Park",2133,NA,0,"Canterbury",1010,NA,3.35,NA
"7558","20190829:0000",-42.94152,171.56285,"Arthur's Pass National Park",2133,NA,0,"Canterbury",1010,NA,6.5,NA
"7559","20190830:0000",-42.94152,171.56285,"Arthur's Pass National Park",2133,NA,0,"Canterbury",1010,NA,3.3,NA
"7560","20190831:0000",-42.94152,171.56285,"Arthur's Pass National Park",2133,NA,0,"Canterbury",1010,NA,4.4,NA
"7561","20190901:0000",-42.94152,171.56285,"Arthur's Pass National Park",2133,NA,0,"Canterbury",1010,NA,6.35,NA
"7562","20190902:0000",-42.94152,171.56285,"Arthur's Pass National Park",2133,NA,0,"Canterbury",1010,NA,7.45,NA
"7563","20190903:0000",-42.94152,171.56285,"Arthur's Pass National Park",2133,NA,0,"Canterbury",1010,NA,5.65,NA
"7564","20190904:0000",-42.94152,171.56285,"Arthur's Pass National Park",2133,NA,0,"Canterbury",1010,NA,2.15,NA
"7565","20190905:0000",-42.94152,171.56285,"Arthur's Pass National Park",2133,NA,0,"Canterbury",1010,NA,5.85,NA
"7566","20190906:0000",-42.94152,171.56285,"Arthur's Pass National Park",2133,NA,0,"Canterbury",1010,NA,4.9,NA
"7567","20190907:0000",-42.94152,171.56285,"Arthur's Pass National Park",2133,NA,0,"Canterbury",1010,NA,4.45,NA
"7568","20190908:0000",-42.94152,171.56285,"Arthur's Pass National Park",2133,NA,0,"Canterbury",1010,NA,1.1,NA
"7569","20190909:0000",-42.94152,171.56285,"Arthur's Pass National Park",2133,NA,0,"Canterbury",1010,NA,2.4,NA
"7570","20190910:0000",-42.94152,171.56285,"Arthur's Pass National Park",2133,NA,0,"Canterbury",1010,NA,3.3,NA
"7571","20190911:0000",-42.94152,171.56285,"Arthur's Pass National Park",2133,NA,0,"Canterbury",1010,NA,2.75,NA
"7572","20190912:0000",-42.94152,171.56285,"Arthur's Pass National Park",2133,NA,0,"Canterbury",1010,NA,5.3,NA
"7573","20190913:0000",-42.94152,171.56285,"Arthur's Pass National Park",2133,NA,0,"Canterbury",1010,NA,6.45,NA
"7574","20190914:0000",-42.94152,171.56285,"Arthur's Pass National Park",2133,NA,0,"Canterbury",1010,NA,3.4,NA
"7575","20190915:0000",-42.94152,171.56285,"Arthur's Pass National Park",2133,NA,0,"Canterbury",1010,NA,4.25,NA
"7576","20190916:0000",-42.94152,171.56285,"Arthur's Pass National Park",2133,NA,0,"Canterbury",1010,NA,5.05,NA
"7577","20190917:0000",-42.94152,171.56285,"Arthur's Pass National Park",2133,NA,0,"Canterbury",1010,NA,4.95,NA
"7578","20190918:0000",-42.94152,171.56285,"Arthur's Pass National Park",2133,NA,0,"Canterbury",1010,NA,3.2,NA
"7579","20190919:0000",-42.94152,171.56285,"Arthur's Pass National Park",2133,NA,0,"Canterbury",1010,NA,5.7,NA
"7580","20190920:0000",-42.94152,171.56285,"Arthur's Pass National Park",2133,NA,0,"Canterbury",1010,NA,6.35,NA
"7581","20190921:0000",-42.94152,171.56285,"Arthur's Pass National Park",2133,NA,0,"Canterbury",1010,NA,7.2,NA
"7582","20190922:0000",-42.94152,171.56285,"Arthur's Pass National Park",2133,NA,0,"Canterbury",1010,NA,8.7,NA
"7583","20190923:0000",-42.94152,171.56285,"Arthur's Pass National Park",2133,NA,0,"Canterbury",1010,NA,7,NA
"7584","20190924:0000",-42.94152,171.56285,"Arthur's Pass National Park",2133,NA,0,"Canterbury",1010,NA,6,NA
"7585","20190925:0000",-42.94152,171.56285,"Arthur's Pass National Park",2133,NA,0,"Canterbury",1010,NA,3.15,NA
"7586","20190926:0000",-42.94152,171.56285,"Arthur's Pass National Park",2133,NA,0,"Canterbury",1010,NA,2.55,NA
"7587","20190927:0000",-42.94152,171.56285,"Arthur's Pass National Park",2133,NA,0,"Canterbury",1010,NA,6.15,NA
"7588","20190928:0000",-42.94152,171.56285,"Arthur's Pass National Park",2133,NA,0,"Canterbury",1010,NA,6.55,NA
"7589","20190929:0000",-42.94152,171.56285,"Arthur's Pass National Park",2133,NA,0,"Canterbury",1010,NA,7.85,NA
"7590","20190930:0000",-42.94152,171.56285,"Arthur's Pass National Park",2133,NA,0,"Canterbury",1010,NA,8.4,NA
"7591","20191001:0000",-42.94152,171.56285,"Arthur's Pass National Park",2133,NA,0,"Canterbury",1010,NA,4,NA
"7592","20191002:0000",-42.94152,171.56285,"Arthur's Pass National Park",2133,NA,0,"Canterbury",1010,NA,3.8,NA
"7593","20191003:0000",-42.94152,171.56285,"Arthur's Pass National Park",2133,NA,0,"Canterbury",1010,NA,4.1,NA
"7594","20191004:0000",-42.94152,171.56285,"Arthur's Pass National Park",2133,NA,0,"Canterbury",1010,NA,5.1,NA
"7595","20191005:0000",-42.94152,171.56285,"Arthur's Pass National Park",2133,NA,0,"Canterbury",1010,NA,4.95,NA
"7596","20191006:0000",-42.94152,171.56285,"Arthur's Pass National Park",2133,NA,0,"Canterbury",1010,NA,4.7,NA
"7597","20191007:0000",-42.94152,171.56285,"Arthur's Pass National Park",2133,NA,0,"Canterbury",1010,NA,3.75,NA
"7598","20191008:0000",-42.94152,171.56285,"Arthur's Pass National Park",2133,NA,0,"Canterbury",1010,NA,8.05,NA
"7599","20191009:0000",-42.94152,171.56285,"Arthur's Pass National Park",2133,NA,0,"Canterbury",1010,NA,8.35,NA
"7600","20191010:0000",-42.94152,171.56285,"Arthur's Pass National Park",2133,NA,0,"Canterbury",1010,NA,8.95,NA
"7601","20191011:0000",-42.94152,171.56285,"Arthur's Pass National Park",2133,NA,0,"Canterbury",1010,NA,7.65,NA
"7602","20191012:0000",-42.94152,171.56285,"Arthur's Pass National Park",2133,NA,0,"Canterbury",1010,NA,8,NA
"7603","20191013:0000",-42.94152,171.56285,"Arthur's Pass National Park",2133,NA,0,"Canterbury",1010,NA,8.15,NA
"7604","20191014:0000",-42.94152,171.56285,"Arthur's Pass National Park",2133,NA,0,"Canterbury",1010,NA,8.75,NA
"7605","20191015:0000",-42.94152,171.56285,"Arthur's Pass National Park",2133,NA,0,"Canterbury",1010,NA,8.6,NA
"7606","20191016:0000",-42.94152,171.56285,"Arthur's Pass National Park",2133,NA,0,"Canterbury",1010,NA,9.6,NA
"7607","20191017:0000",-42.94152,171.56285,"Arthur's Pass National Park",2133,NA,0,"Canterbury",1010,NA,9.3,NA
"7608","20191018:0000",-42.94152,171.56285,"Arthur's Pass National Park",2133,NA,0,"Canterbury",1010,NA,5.45,NA
"7609","20191019:0000",-42.94152,171.56285,"Arthur's Pass National Park",2133,NA,0,"Canterbury",1010,NA,9.2,NA
"7610","20191020:0000",-42.94152,171.56285,"Arthur's Pass National Park",2133,NA,0,"Canterbury",1010,NA,6.95,NA
"7611","20191021:0000",-42.94152,171.56285,"Arthur's Pass National Park",2133,NA,0,"Canterbury",1010,NA,6.8,NA
"7612","20191022:0000",-42.94152,171.56285,"Arthur's Pass National Park",2133,NA,0,"Canterbury",1010,NA,3.85,NA
"7613","20191023:0000",-42.94152,171.56285,"Arthur's Pass National Park",2133,NA,0,"Canterbury",1010,NA,4,NA
"7614","20191024:0000",-42.94152,171.56285,"Arthur's Pass National Park",2133,NA,0,"Canterbury",1010,NA,5,NA
"7615","20191025:0000",-42.94152,171.56285,"Arthur's Pass National Park",2133,NA,0,"Canterbury",1010,NA,5.3,NA
"7616","20191026:0000",-42.94152,171.56285,"Arthur's Pass National Park",2133,NA,0,"Canterbury",1010,NA,10.75,NA
"7617","20191027:0000",-42.94152,171.56285,"Arthur's Pass National Park",2133,NA,0,"Canterbury",1010,NA,9,NA
"7618","20191028:0000",-42.94152,171.56285,"Arthur's Pass National Park",2133,NA,0,"Canterbury",1010,NA,7.85,NA
"7619","20191029:0000",-42.94152,171.56285,"Arthur's Pass National Park",2133,NA,0,"Canterbury",1010,NA,5.75,NA
"7620","20191030:0000",-42.94152,171.56285,"Arthur's Pass National Park",2133,NA,0,"Canterbury",1010,NA,7.35,NA
"7621","20191031:0000",-42.94152,171.56285,"Arthur's Pass National Park",2133,NA,0,"Canterbury",1010,NA,5.6,NA
"7622","20191101:0000",-42.94152,171.56285,"Arthur's Pass National Park",2133,NA,0,"Canterbury",1010,NA,6.45,NA
"7623","20191102:0000",-42.94152,171.56285,"Arthur's Pass National Park",2133,NA,0,"Canterbury",1010,NA,11.65,NA
"7624","20191103:0000",-42.94152,171.56285,"Arthur's Pass National Park",2133,NA,0,"Canterbury",1010,NA,15.95,NA
"7625","20191104:0000",-42.94152,171.56285,"Arthur's Pass National Park",2133,NA,0,"Canterbury",1010,NA,12.55,NA
"7626","20191105:0000",-42.94152,171.56285,"Arthur's Pass National Park",2133,NA,0,"Canterbury",1010,NA,11.5,NA
"7627","20191106:0000",-42.94152,171.56285,"Arthur's Pass National Park",2133,NA,0,"Canterbury",1010,NA,10.4,NA
"7628","20191107:0000",-42.94152,171.56285,"Arthur's Pass National Park",2133,NA,0,"Canterbury",1010,NA,11.65,NA
"7629","20191108:0000",-42.94152,171.56285,"Arthur's Pass National Park",2133,NA,0,"Canterbury",1010,NA,12.2,NA
"7630","20191109:0000",-42.94152,171.56285,"Arthur's Pass National Park",2133,NA,0,"Canterbury",1010,NA,12.75,NA
"7631","20191110:0000",-42.94152,171.56285,"Arthur's Pass National Park",2133,NA,0,"Canterbury",1010,NA,11.4,NA
"7632","20191111:0000",-42.94152,171.56285,"Arthur's Pass National Park",2133,NA,0,"Canterbury",1010,NA,6.1,NA
"7633","20191112:0000",-42.94152,171.56285,"Arthur's Pass National Park",2133,NA,0,"Canterbury",1010,NA,8.65,NA
"7634","20191113:0000",-42.94152,171.56285,"Arthur's Pass National Park",2133,NA,0,"Canterbury",1010,NA,7.2,NA
"7635","20191114:0000",-42.94152,171.56285,"Arthur's Pass National Park",2133,NA,0,"Canterbury",1010,NA,7.65,NA
"7636","20191115:0000",-42.94152,171.56285,"Arthur's Pass National Park",2133,NA,0,"Canterbury",1010,NA,6.2,NA
"7637","20191116:0000",-42.94152,171.56285,"Arthur's Pass National Park",2133,NA,0,"Canterbury",1010,NA,8.1,NA
"7638","20191117:0000",-42.94152,171.56285,"Arthur's Pass National Park",2133,NA,0,"Canterbury",1010,NA,9.05,NA
"7639","20191118:0000",-42.94152,171.56285,"Arthur's Pass National Park",2133,NA,0,"Canterbury",1010,NA,5.55,NA
"7640","20191119:0000",-42.94152,171.56285,"Arthur's Pass National Park",2133,NA,0,"Canterbury",1010,NA,5.4,NA
"7641","20191120:0000",-42.94152,171.56285,"Arthur's Pass National Park",2133,NA,0,"Canterbury",1010,NA,6.5,NA
"7642","20191121:0000",-42.94152,171.56285,"Arthur's Pass National Park",2133,NA,0,"Canterbury",1010,NA,6.35,NA
"7643","20191122:0000",-42.94152,171.56285,"Arthur's Pass National Park",2133,NA,0,"Canterbury",1010,NA,10.75,NA
"7644","20191123:0000",-42.94152,171.56285,"Arthur's Pass National Park",2133,NA,0,"Canterbury",1010,NA,14.45,NA
"7645","20191124:0000",-42.94152,171.56285,"Arthur's Pass National Park",2133,NA,0,"Canterbury",1010,NA,14.1,NA
"7646","20191125:0000",-42.94152,171.56285,"Arthur's Pass National Park",2133,NA,0,"Canterbury",1010,NA,13.8,NA
"7647","20191126:0000",-42.94152,171.56285,"Arthur's Pass National Park",2133,NA,0,"Canterbury",1010,NA,13.35,NA
"7648","20191127:0000",-42.94152,171.56285,"Arthur's Pass National Park",2133,NA,0,"Canterbury",1010,NA,9.9,NA
"7649","20191128:0000",-42.94152,171.56285,"Arthur's Pass National Park",2133,NA,0,"Canterbury",1010,NA,14.15,NA
"7650","20191129:0000",-42.94152,171.56285,"Arthur's Pass National Park",2133,NA,0,"Canterbury",1010,NA,15.1,NA
"7651","20191130:0000",-42.94152,171.56285,"Arthur's Pass National Park",2133,NA,0,"Canterbury",1010,NA,15.45,NA
"7652","20191201:0000",-42.94152,171.56285,"Arthur's Pass National Park",2133,NA,0,"Canterbury",1010,NA,12.8,NA
"7653","20191202:0000",-42.94152,171.56285,"Arthur's Pass National Park",2133,NA,0,"Canterbury",1010,NA,12.65,NA
"7654","20191203:0000",-42.94152,171.56285,"Arthur's Pass National Park",2133,NA,0,"Canterbury",1010,NA,12.5,NA
"7655","20191204:0000",-42.94152,171.56285,"Arthur's Pass National Park",2133,NA,0,"Canterbury",1010,NA,8.3,NA
"7656","20191205:0000",-42.94152,171.56285,"Arthur's Pass National Park",2133,NA,0,"Canterbury",1010,NA,8.45,NA
"7657","20191206:0000",-42.94152,171.56285,"Arthur's Pass National Park",2133,NA,0,"Canterbury",1010,NA,10.65,NA
"7658","20191207:0000",-42.94152,171.56285,"Arthur's Pass National Park",2133,NA,0,"Canterbury",1010,NA,11.55,NA
"7659","20191208:0000",-42.94152,171.56285,"Arthur's Pass National Park",2133,NA,0,"Canterbury",1010,NA,8.75,NA
"7660","20191209:0000",-42.94152,171.56285,"Arthur's Pass National Park",2133,NA,0,"Canterbury",1010,NA,8.75,NA
"7661","20191210:0000",-42.94152,171.56285,"Arthur's Pass National Park",2133,NA,0,"Canterbury",1010,NA,11.05,NA
"7662","20191211:0000",-42.94152,171.56285,"Arthur's Pass National Park",2133,NA,0,"Canterbury",1010,NA,14.75,NA
"7663","20191212:0000",-42.94152,171.56285,"Arthur's Pass National Park",2133,NA,0,"Canterbury",1010,NA,14.85,NA
"7664","20191213:0000",-42.94152,171.56285,"Arthur's Pass National Park",2133,NA,0,"Canterbury",1010,NA,13,NA
"7665","20191214:0000",-42.94152,171.56285,"Arthur's Pass National Park",2133,NA,0,"Canterbury",1010,NA,8.25,NA
"7666","20191215:0000",-42.94152,171.56285,"Arthur's Pass National Park",2133,NA,0,"Canterbury",1010,NA,8.3,NA
"7667","20191216:0000",-42.94152,171.56285,"Arthur's Pass National Park",2133,NA,0,"Canterbury",1010,NA,9.9,NA
"7668","20191217:0000",-42.94152,171.56285,"Arthur's Pass National Park",2133,NA,0,"Canterbury",1010,NA,10.4,NA
"7669","20191218:0000",-42.94152,171.56285,"Arthur's Pass National Park",2133,NA,0,"Canterbury",1010,NA,8.55,NA
"7670","20191219:0000",-42.94152,171.56285,"Arthur's Pass National Park",2133,NA,0,"Canterbury",1010,NA,8.5,NA
"7671","20191220:0000",-42.94152,171.56285,"Arthur's Pass National Park",2133,NA,0,"Canterbury",1010,NA,7.75,NA
"7672","20191221:0000",-42.94152,171.56285,"Arthur's Pass National Park",2133,NA,0,"Canterbury",1010,NA,10.25,NA
"7673","20191222:0000",-42.94152,171.56285,"Arthur's Pass National Park",2133,NA,0,"Canterbury",1010,NA,12.1,NA
"7674","20191223:0000",-42.94152,171.56285,"Arthur's Pass National Park",2133,NA,0,"Canterbury",1010,NA,12.15,NA
"7675","20191224:0000",-42.94152,171.56285,"Arthur's Pass National Park",2133,NA,0,"Canterbury",1010,NA,12.1,NA
"7676","20191225:0000",-42.94152,171.56285,"Arthur's Pass National Park",2133,NA,0,"Canterbury",1010,NA,11.8,NA
"7677","20191226:0000",-42.94152,171.56285,"Arthur's Pass National Park",2133,NA,0,"Canterbury",1010,NA,11.25,NA
"7678","20191227:0000",-42.94152,171.56285,"Arthur's Pass National Park",2133,NA,0,"Canterbury",1010,NA,9.95,NA
"7679","20191228:0000",-42.94152,171.56285,"Arthur's Pass National Park",2133,NA,0,"Canterbury",1010,NA,8.5,NA
"7680","20191229:0000",-42.94152,171.56285,"Arthur's Pass National Park",2133,NA,0,"Canterbury",1010,NA,9.55,NA
"7681","20191230:0000",-42.94152,171.56285,"Arthur's Pass National Park",2133,NA,0,"Canterbury",1010,NA,12.35,NA
"7682","20191231:0000",-42.94152,171.56285,"Arthur's Pass National Park",2133,NA,0,"Canterbury",1010,NA,12.8,NA
"7683","20200101:0000",-42.94152,171.56285,"Arthur's Pass National Park",2133,NA,0,"Canterbury",1010,NA,13.5,NA
"7684","20200102:0000",-42.94152,171.56285,"Arthur's Pass National Park",2133,NA,0,"Canterbury",1010,NA,13.2,NA
"7685","20200103:0000",-42.94152,171.56285,"Arthur's Pass National Park",2133,NA,0,"Canterbury",1010,NA,12.55,NA
"7686","20200104:0000",-42.94152,171.56285,"Arthur's Pass National Park",2133,NA,0,"Canterbury",1010,NA,8.95,NA
"7687","20200105:0000",-42.94152,171.56285,"Arthur's Pass National Park",2133,NA,0,"Canterbury",1010,NA,9.55,NA
"7688","20200106:0000",-42.94152,171.56285,"Arthur's Pass National Park",2133,NA,0,"Canterbury",1010,NA,8.9,NA
"7689","20200107:0000",-42.94152,171.56285,"Arthur's Pass National Park",2133,NA,0,"Canterbury",1010,NA,9.75,NA
"7690","20200108:0000",-42.94152,171.56285,"Arthur's Pass National Park",2133,NA,0,"Canterbury",1010,NA,9.25,NA
"7691","20200109:0000",-42.94152,171.56285,"Arthur's Pass National Park",2133,NA,0,"Canterbury",1010,NA,11.25,NA
"7692","20200110:0000",-42.94152,171.56285,"Arthur's Pass National Park",2133,NA,0,"Canterbury",1010,NA,11.05,NA
"7693","20200111:0000",-42.94152,171.56285,"Arthur's Pass National Park",2133,NA,0,"Canterbury",1010,NA,11.85,NA
"7694","20200112:0000",-42.94152,171.56285,"Arthur's Pass National Park",2133,NA,0,"Canterbury",1010,NA,11.15,NA
"7695","20200113:0000",-42.94152,171.56285,"Arthur's Pass National Park",2133,NA,0,"Canterbury",1010,NA,11.45,NA
"7696","20200114:0000",-42.94152,171.56285,"Arthur's Pass National Park",2133,NA,0,"Canterbury",1010,NA,12.05,NA
"7697","20200115:0000",-42.94152,171.56285,"Arthur's Pass National Park",2133,NA,0,"Canterbury",1010,NA,13.25,NA
"7698","20200116:0000",-42.94152,171.56285,"Arthur's Pass National Park",2133,NA,0,"Canterbury",1010,NA,14.2,NA
"7699","20200117:0000",-42.94152,171.56285,"Arthur's Pass National Park",2133,NA,0,"Canterbury",1010,NA,14.65,NA
"7700","20200118:0000",-42.94152,171.56285,"Arthur's Pass National Park",2133,NA,0,"Canterbury",1010,NA,15.8,NA
"7701","20200119:0000",-42.94152,171.56285,"Arthur's Pass National Park",2133,NA,0,"Canterbury",1010,NA,16.65,NA
"7702","20200120:0000",-42.94152,171.56285,"Arthur's Pass National Park",2133,NA,0,"Canterbury",1010,NA,16.5,NA
"7703","20200121:0000",-42.94152,171.56285,"Arthur's Pass National Park",2133,NA,0,"Canterbury",1010,NA,16.9,NA
"7704","20200122:0000",-42.94152,171.56285,"Arthur's Pass National Park",2133,NA,0,"Canterbury",1010,NA,14.85,NA
"7705","20200123:0000",-42.94152,171.56285,"Arthur's Pass National Park",2133,NA,0,"Canterbury",1010,NA,17.75,NA
"7706","20200124:0000",-42.94152,171.56285,"Arthur's Pass National Park",2133,NA,0,"Canterbury",1010,NA,16.2,NA
"7707","20200125:0000",-42.94152,171.56285,"Arthur's Pass National Park",2133,NA,0,"Canterbury",1010,NA,17.75,NA
"7708","20200126:0000",-42.94152,171.56285,"Arthur's Pass National Park",2133,NA,0,"Canterbury",1010,NA,18.45,NA
"7709","20200127:0000",-42.94152,171.56285,"Arthur's Pass National Park",2133,NA,0,"Canterbury",1010,NA,16.8,NA
"7710","20200128:0000",-42.94152,171.56285,"Arthur's Pass National Park",2133,NA,0,"Canterbury",1010,NA,16.65,NA
"7711","20200129:0000",-42.94152,171.56285,"Arthur's Pass National Park",2133,NA,0,"Canterbury",1010,NA,14.2,NA
"7712","20200130:0000",-42.94152,171.56285,"Arthur's Pass National Park",2133,NA,0,"Canterbury",1010,NA,13.05,NA
"7713","20200131:0000",-42.94152,171.56285,"Arthur's Pass National Park",2133,NA,0,"Canterbury",1010,NA,14.9,NA
"7714","20200201:0000",-42.94152,171.56285,"Arthur's Pass National Park",2133,NA,0,"Canterbury",1010,NA,12.75,NA
"7715","20200202:0000",-42.94152,171.56285,"Arthur's Pass National Park",2133,NA,0,"Canterbury",1010,NA,14.8,NA
"7716","20200203:0000",-42.94152,171.56285,"Arthur's Pass National Park",2133,NA,0,"Canterbury",1010,NA,17.1,NA
"7717","20200204:0000",-42.94152,171.56285,"Arthur's Pass National Park",2133,NA,0,"Canterbury",1010,NA,17,NA
"7718","20200205:0000",-42.94152,171.56285,"Arthur's Pass National Park",2133,NA,0,"Canterbury",1010,NA,8.55,NA
"7719","20200206:0000",-42.94152,171.56285,"Arthur's Pass National Park",2133,NA,0,"Canterbury",1010,NA,10.35,NA
"7720","20200207:0000",-42.94152,171.56285,"Arthur's Pass National Park",2133,NA,0,"Canterbury",1010,NA,10.6,NA
"7721","20200208:0000",-42.94152,171.56285,"Arthur's Pass National Park",2133,NA,0,"Canterbury",1010,NA,11.45,NA
"7722","20200209:0000",-42.94152,171.56285,"Arthur's Pass National Park",2133,NA,0,"Canterbury",1010,NA,11.05,NA
"7723","20200210:0000",-42.94152,171.56285,"Arthur's Pass National Park",2133,NA,0,"Canterbury",1010,NA,13.9,NA
"7724","20200211:0000",-42.94152,171.56285,"Arthur's Pass National Park",2133,NA,0,"Canterbury",1010,NA,15.55,NA
"7725","20200212:0000",-42.94152,171.56285,"Arthur's Pass National Park",2133,NA,0,"Canterbury",1010,NA,14.95,NA
"7726","20200213:0000",-42.94152,171.56285,"Arthur's Pass National Park",2133,NA,0,"Canterbury",1010,NA,14.65,NA
"7727","20200214:0000",-42.94152,171.56285,"Arthur's Pass National Park",2133,NA,0,"Canterbury",1010,NA,16.65,NA
"7728","20200215:0000",-42.94152,171.56285,"Arthur's Pass National Park",2133,NA,0,"Canterbury",1010,NA,15.7,NA
"7729","20200216:0000",-42.94152,171.56285,"Arthur's Pass National Park",2133,NA,0,"Canterbury",1010,NA,14.15,NA
"7730","20200217:0000",-42.94152,171.56285,"Arthur's Pass National Park",2133,NA,0,"Canterbury",1010,NA,17.15,NA
"7731","20200218:0000",-42.94152,171.56285,"Arthur's Pass National Park",2133,NA,0,"Canterbury",1010,NA,18.15,NA
"7732","20200219:0000",-42.94152,171.56285,"Arthur's Pass National Park",2133,NA,0,"Canterbury",1010,NA,15.35,NA
"7733","20200220:0000",-42.94152,171.56285,"Arthur's Pass National Park",2133,NA,0,"Canterbury",1010,NA,13.7,NA
"7734","20200221:0000",-42.94152,171.56285,"Arthur's Pass National Park",2133,NA,0,"Canterbury",1010,NA,13.15,NA
"7735","20200222:0000",-42.94152,171.56285,"Arthur's Pass National Park",2133,NA,0,"Canterbury",1010,NA,12.5,NA
"7736","20200223:0000",-42.94152,171.56285,"Arthur's Pass National Park",2133,NA,0,"Canterbury",1010,NA,10.75,NA
"7737","20200224:0000",-42.94152,171.56285,"Arthur's Pass National Park",2133,NA,0,"Canterbury",1010,NA,11,NA
"7738","20200225:0000",-42.94152,171.56285,"Arthur's Pass National Park",2133,NA,0,"Canterbury",1010,NA,14.35,NA
"7739","20200226:0000",-42.94152,171.56285,"Arthur's Pass National Park",2133,NA,0,"Canterbury",1010,NA,14.35,NA
"7740","20200227:0000",-42.94152,171.56285,"Arthur's Pass National Park",2133,NA,0,"Canterbury",1010,NA,12,NA
"7741","20200228:0000",-42.94152,171.56285,"Arthur's Pass National Park",2133,NA,0,"Canterbury",1010,NA,13.7,NA
"7742","20200229:0000",-42.94152,171.56285,"Arthur's Pass National Park",2133,NA,0,"Canterbury",1010,NA,12.25,NA
"7743","20200301:0000",-42.94152,171.56285,"Arthur's Pass National Park",2133,NA,0,"Canterbury",1010,NA,13.05,NA
"7744","20200302:0000",-42.94152,171.56285,"Arthur's Pass National Park",2133,NA,0,"Canterbury",1010,NA,12.8,NA
"7745","20200303:0000",-42.94152,171.56285,"Arthur's Pass National Park",2133,NA,0,"Canterbury",1010,NA,14,NA
"7746","20200304:0000",-42.94152,171.56285,"Arthur's Pass National Park",2133,NA,0,"Canterbury",1010,NA,10.1,NA
"7747","20200305:0000",-42.94152,171.56285,"Arthur's Pass National Park",2133,NA,0,"Canterbury",1010,NA,10.8,NA
"7748","20200306:0000",-42.94152,171.56285,"Arthur's Pass National Park",2133,NA,0,"Canterbury",1010,NA,11.4,NA
"7749","20200307:0000",-42.94152,171.56285,"Arthur's Pass National Park",2133,NA,0,"Canterbury",1010,NA,9.45,NA
"7750","20200308:0000",-42.94152,171.56285,"Arthur's Pass National Park",2133,NA,0,"Canterbury",1010,NA,12.5,NA
"7751","20200309:0000",-42.94152,171.56285,"Arthur's Pass National Park",2133,NA,0,"Canterbury",1010,NA,14.35,NA
"7752","20200310:0000",-42.94152,171.56285,"Arthur's Pass National Park",2133,NA,0,"Canterbury",1010,NA,13.4,NA
"7753","20200311:0000",-42.94152,171.56285,"Arthur's Pass National Park",2133,NA,0,"Canterbury",1010,NA,12.05,NA
"7754","20200312:0000",-42.94152,171.56285,"Arthur's Pass National Park",2133,NA,0,"Canterbury",1010,NA,12.75,NA
"7755","20200313:0000",-42.94152,171.56285,"Arthur's Pass National Park",2133,NA,0,"Canterbury",1010,NA,11.9,NA
"7756","20200314:0000",-42.94152,171.56285,"Arthur's Pass National Park",2133,NA,0,"Canterbury",1010,NA,13.5,NA
"7757","20200315:0000",-42.94152,171.56285,"Arthur's Pass National Park",2133,NA,0,"Canterbury",1010,NA,12.45,NA
"7758","20200316:0000",-42.94152,171.56285,"Arthur's Pass National Park",2133,NA,0,"Canterbury",1010,NA,11.25,NA
"7759","20200317:0000",-42.94152,171.56285,"Arthur's Pass National Park",2133,NA,0,"Canterbury",1010,NA,8.05,NA
"7760","20200318:0000",-42.94152,171.56285,"Arthur's Pass National Park",2133,NA,0,"Canterbury",1010,NA,6.55,NA
"7761","20200319:0000",-42.94152,171.56285,"Arthur's Pass National Park",2133,NA,0,"Canterbury",1010,NA,7.3,NA
"7762","20200320:0000",-42.94152,171.56285,"Arthur's Pass National Park",2133,NA,0,"Canterbury",1010,NA,11.95,NA
"7763","20200321:0000",-42.94152,171.56285,"Arthur's Pass National Park",2133,NA,0,"Canterbury",1010,NA,9.4,NA
"7764","20200322:0000",-42.94152,171.56285,"Arthur's Pass National Park",2133,NA,0,"Canterbury",1010,NA,10.65,NA
"7765","20200323:0000",-42.94152,171.56285,"Arthur's Pass National Park",2133,NA,0,"Canterbury",1010,NA,10.05,NA
"7766","20200324:0000",-42.94152,171.56285,"Arthur's Pass National Park",2133,NA,0,"Canterbury",1010,NA,4.75,NA
"7767","20200325:0000",-42.94152,171.56285,"Arthur's Pass National Park",2133,NA,0,"Canterbury",1010,NA,5.8,NA
"7768","20200326:0000",-42.94152,171.56285,"Arthur's Pass National Park",2133,NA,0,"Canterbury",1010,NA,6.65,NA
"7769","20200327:0000",-42.94152,171.56285,"Arthur's Pass National Park",2133,NA,0,"Canterbury",1010,NA,6.1,NA
"7770","20200328:0000",-42.94152,171.56285,"Arthur's Pass National Park",2133,NA,0,"Canterbury",1010,NA,6.3,NA
"7771","20200329:0000",-42.94152,171.56285,"Arthur's Pass National Park",2133,NA,0,"Canterbury",1010,NA,6.35,NA
"7772","20200330:0000",-42.94152,171.56285,"Arthur's Pass National Park",2133,NA,0,"Canterbury",1010,NA,8.7,NA
"7773","20200331:0000",-42.94152,171.56285,"Arthur's Pass National Park",2133,NA,0,"Canterbury",1010,NA,11.5,NA
"7774","20200401:0000",-42.94152,171.56285,"Arthur's Pass National Park",2133,NA,0,"Canterbury",1010,NA,10.2,NA
"7775","20200402:0000",-42.94152,171.56285,"Arthur's Pass National Park",2133,NA,0,"Canterbury",1010,NA,10.4,NA
"7776","20200403:0000",-42.94152,171.56285,"Arthur's Pass National Park",2133,NA,0,"Canterbury",1010,NA,10.5,NA
"7777","20200404:0000",-42.94152,171.56285,"Arthur's Pass National Park",2133,NA,0,"Canterbury",1010,NA,10.15,NA
"7778","20200405:0000",-42.94152,171.56285,"Arthur's Pass National Park",2133,NA,0,"Canterbury",1010,NA,10.1,NA
"7779","20200406:0000",-42.94152,171.56285,"Arthur's Pass National Park",2133,NA,0,"Canterbury",1010,NA,11.25,NA
"7780","20200407:0000",-42.94152,171.56285,"Arthur's Pass National Park",2133,NA,0,"Canterbury",1010,NA,11.1,NA
"7781","20200408:0000",-42.94152,171.56285,"Arthur's Pass National Park",2133,NA,0,"Canterbury",1010,NA,7.5,NA
"7782","20200409:0000",-42.94152,171.56285,"Arthur's Pass National Park",2133,NA,0,"Canterbury",1010,NA,7,NA
"7783","20200410:0000",-42.94152,171.56285,"Arthur's Pass National Park",2133,NA,0,"Canterbury",1010,NA,8.8,NA
"7784","20200411:0000",-42.94152,171.56285,"Arthur's Pass National Park",2133,NA,0,"Canterbury",1010,NA,7.1,NA
"7785","20200412:0000",-42.94152,171.56285,"Arthur's Pass National Park",2133,NA,0,"Canterbury",1010,NA,9.2,NA
"7786","20200413:0000",-42.94152,171.56285,"Arthur's Pass National Park",2133,NA,0,"Canterbury",1010,NA,4.9,NA
"7787","20200414:0000",-42.94152,171.56285,"Arthur's Pass National Park",2133,NA,0,"Canterbury",1010,NA,3.45,NA
"7788","20200415:0000",-42.94152,171.56285,"Arthur's Pass National Park",2133,NA,0,"Canterbury",1010,NA,3,NA
"7789","20200416:0000",-42.94152,171.56285,"Arthur's Pass National Park",2133,NA,0,"Canterbury",1010,NA,4.7,NA
"7790","20200417:0000",-42.94152,171.56285,"Arthur's Pass National Park",2133,NA,0,"Canterbury",1010,NA,7.5,NA
"7791","20200418:0000",-42.94152,171.56285,"Arthur's Pass National Park",2133,NA,0,"Canterbury",1010,NA,7.75,NA
"7792","20200419:0000",-42.94152,171.56285,"Arthur's Pass National Park",2133,NA,0,"Canterbury",1010,NA,5.6,NA
"7793","20200420:0000",-42.94152,171.56285,"Arthur's Pass National Park",2133,NA,0,"Canterbury",1010,NA,6.75,NA
"7794","20200421:0000",-42.94152,171.56285,"Arthur's Pass National Park",2133,NA,0,"Canterbury",1010,NA,5.65,NA
"7795","20200422:0000",-42.94152,171.56285,"Arthur's Pass National Park",2133,NA,0,"Canterbury",1010,NA,5.9,NA
"7796","20200423:0000",-42.94152,171.56285,"Arthur's Pass National Park",2133,NA,0,"Canterbury",1010,NA,9.7,NA
"7797","20200424:0000",-42.94152,171.56285,"Arthur's Pass National Park",2133,NA,0,"Canterbury",1010,NA,9.35,NA
"7798","20200425:0000",-42.94152,171.56285,"Arthur's Pass National Park",2133,NA,0,"Canterbury",1010,NA,8.75,NA
"7799","20200426:0000",-42.94152,171.56285,"Arthur's Pass National Park",2133,NA,0,"Canterbury",1010,NA,8.35,NA
"7800","20200427:0000",-42.94152,171.56285,"Arthur's Pass National Park",2133,NA,0,"Canterbury",1010,NA,9.1,NA
"7801","20200428:0000",-42.94152,171.56285,"Arthur's Pass National Park",2133,NA,0,"Canterbury",1010,NA,7.2,NA
"7802","20200429:0000",-42.94152,171.56285,"Arthur's Pass National Park",2133,NA,0,"Canterbury",1010,NA,8.4,NA
"7803","20200430:0000",-42.94152,171.56285,"Arthur's Pass National Park",2133,NA,0,"Canterbury",1010,NA,8.7,NA
"7804","20200501:0000",-42.94152,171.56285,"Arthur's Pass National Park",2133,NA,0,"Canterbury",1010,NA,8.7,NA
"7805","20200502:0000",-42.94152,171.56285,"Arthur's Pass National Park",2133,NA,0,"Canterbury",1010,NA,9.7,NA
"7806","20200503:0000",-42.94152,171.56285,"Arthur's Pass National Park",2133,NA,0,"Canterbury",1010,NA,9.15,NA
"7807","20200504:0000",-42.94152,171.56285,"Arthur's Pass National Park",2133,NA,0,"Canterbury",1010,NA,8.55,NA
"7808","20200505:0000",-42.94152,171.56285,"Arthur's Pass National Park",2133,NA,0,"Canterbury",1010,NA,3.35,NA
"7809","20200506:0000",-42.94152,171.56285,"Arthur's Pass National Park",2133,NA,0,"Canterbury",1010,NA,3.3,NA
"7810","20200507:0000",-42.94152,171.56285,"Arthur's Pass National Park",2133,NA,0,"Canterbury",1010,NA,4.35,NA
"7811","20200508:0000",-42.94152,171.56285,"Arthur's Pass National Park",2133,NA,0,"Canterbury",1010,NA,8.65,NA
"7812","20200509:0000",-42.94152,171.56285,"Arthur's Pass National Park",2133,NA,0,"Canterbury",1010,NA,8.1,NA
"7813","20200510:0000",-42.94152,171.56285,"Arthur's Pass National Park",2133,NA,0,"Canterbury",1010,NA,6.3,NA
"7814","20200511:0000",-42.94152,171.56285,"Arthur's Pass National Park",2133,NA,0,"Canterbury",1010,NA,7.15,NA
"7815","20200512:0000",-42.94152,171.56285,"Arthur's Pass National Park",2133,NA,0,"Canterbury",1010,NA,8.65,NA
"7816","20200513:0000",-42.94152,171.56285,"Arthur's Pass National Park",2133,NA,0,"Canterbury",1010,NA,8.8,NA
"7817","20200514:0000",-42.94152,171.56285,"Arthur's Pass National Park",2133,NA,0,"Canterbury",1010,NA,5.95,NA
"7818","20200515:0000",-42.94152,171.56285,"Arthur's Pass National Park",2133,NA,0,"Canterbury",1010,NA,7.05,NA
"7819","20200516:0000",-42.94152,171.56285,"Arthur's Pass National Park",2133,NA,0,"Canterbury",1010,NA,7.95,NA
"7820","20200517:0000",-42.94152,171.56285,"Arthur's Pass National Park",2133,NA,0,"Canterbury",1010,NA,4.25,NA
"7821","20200518:0000",-42.94152,171.56285,"Arthur's Pass National Park",2133,NA,0,"Canterbury",1010,NA,3.9,NA
"7822","20200519:0000",-42.94152,171.56285,"Arthur's Pass National Park",2133,NA,0,"Canterbury",1010,NA,4.85,NA
"7823","20200520:0000",-42.94152,171.56285,"Arthur's Pass National Park",2133,NA,0,"Canterbury",1010,NA,4.4,NA
"7824","20200521:0000",-42.94152,171.56285,"Arthur's Pass National Park",2133,NA,0,"Canterbury",1010,NA,4.95,NA
"7825","20200522:0000",-42.94152,171.56285,"Arthur's Pass National Park",2133,NA,0,"Canterbury",1010,NA,7.1,NA
"7826","20200523:0000",-42.94152,171.56285,"Arthur's Pass National Park",2133,NA,0,"Canterbury",1010,NA,4.2,NA
"7827","20200524:0000",-42.94152,171.56285,"Arthur's Pass National Park",2133,NA,0,"Canterbury",1010,NA,5.25,NA
"7828","20200525:0000",-42.94152,171.56285,"Arthur's Pass National Park",2133,NA,0,"Canterbury",1010,NA,4.2,NA
"7829","20200526:0000",-42.94152,171.56285,"Arthur's Pass National Park",2133,NA,0,"Canterbury",1010,NA,6.05,NA
"7830","20200527:0000",-42.94152,171.56285,"Arthur's Pass National Park",2133,NA,0,"Canterbury",1010,NA,4.2,NA
"7831","20200528:0000",-42.94152,171.56285,"Arthur's Pass National Park",2133,NA,0,"Canterbury",1010,NA,4.2,NA
"7832","20200529:0000",-42.94152,171.56285,"Arthur's Pass National Park",2133,NA,0,"Canterbury",1010,NA,2.3,NA
"7833","20200530:0000",-42.94152,171.56285,"Arthur's Pass National Park",2133,NA,0,"Canterbury",1010,NA,3.6,NA
"7834","20200531:0000",-42.94152,171.56285,"Arthur's Pass National Park",2133,NA,0,"Canterbury",1010,NA,3,NA
"7835","20200601:0000",-42.94152,171.56285,"Arthur's Pass National Park",2133,NA,0,"Canterbury",1010,NA,2.05,NA
"7836","20200602:0000",-42.94152,171.56285,"Arthur's Pass National Park",2133,NA,0,"Canterbury",1010,NA,4.6,NA
"7837","20200603:0000",-42.94152,171.56285,"Arthur's Pass National Park",2133,NA,0,"Canterbury",1010,NA,4,NA
"7838","20200604:0000",-42.94152,171.56285,"Arthur's Pass National Park",2133,NA,0,"Canterbury",1010,NA,5.7,NA
"7839","20200605:0000",-42.94152,171.56285,"Arthur's Pass National Park",2133,NA,0,"Canterbury",1010,NA,3.2,NA
"7840","20200606:0000",-42.94152,171.56285,"Arthur's Pass National Park",2133,NA,0,"Canterbury",1010,NA,2.6,NA
"7841","20200607:0000",-42.94152,171.56285,"Arthur's Pass National Park",2133,NA,0,"Canterbury",1010,NA,0.45,NA
"7842","20200608:0000",-42.94152,171.56285,"Arthur's Pass National Park",2133,NA,0,"Canterbury",1010,NA,3.8,NA
"7843","20200609:0000",-42.94152,171.56285,"Arthur's Pass National Park",2133,NA,0,"Canterbury",1010,NA,5.4,NA
"7844","20200610:0000",-42.94152,171.56285,"Arthur's Pass National Park",2133,NA,0,"Canterbury",1010,NA,3.65,NA
"7845","20200611:0000",-42.94152,171.56285,"Arthur's Pass National Park",2133,NA,0,"Canterbury",1010,NA,4.7,NA
"7846","20200612:0000",-42.94152,171.56285,"Arthur's Pass National Park",2133,NA,0,"Canterbury",1010,NA,6.65,NA
"7847","20200613:0000",-42.94152,171.56285,"Arthur's Pass National Park",2133,NA,0,"Canterbury",1010,NA,2.1,NA
"7848","20200614:0000",-42.94152,171.56285,"Arthur's Pass National Park",2133,NA,0,"Canterbury",1010,NA,2.2,NA
"7849","20200615:0000",-42.94152,171.56285,"Arthur's Pass National Park",2133,NA,0,"Canterbury",1010,NA,3.7,NA
"7850","20200616:0000",-42.94152,171.56285,"Arthur's Pass National Park",2133,NA,0,"Canterbury",1010,NA,9.1,NA
"7851","20200617:0000",-42.94152,171.56285,"Arthur's Pass National Park",2133,NA,0,"Canterbury",1010,NA,9.8,NA
"7852","20200618:0000",-42.94152,171.56285,"Arthur's Pass National Park",2133,NA,0,"Canterbury",1010,NA,1.65,NA
"7853","20200619:0000",-42.94152,171.56285,"Arthur's Pass National Park",2133,NA,0,"Canterbury",1010,NA,2.45,NA
"7854","20200620:0000",-42.94152,171.56285,"Arthur's Pass National Park",2133,NA,0,"Canterbury",1010,NA,2.95,NA
"7855","20200621:0000",-42.94152,171.56285,"Arthur's Pass National Park",2133,NA,0,"Canterbury",1010,NA,2.15,NA
"7856","20200622:0000",-42.94152,171.56285,"Arthur's Pass National Park",2133,NA,0,"Canterbury",1010,NA,3.1,NA
"7857","20200623:0000",-42.94152,171.56285,"Arthur's Pass National Park",2133,NA,0,"Canterbury",1010,NA,5,NA
"7858","20200624:0000",-42.94152,171.56285,"Arthur's Pass National Park",2133,NA,0,"Canterbury",1010,NA,3.1,NA
"7859","20200625:0000",-42.94152,171.56285,"Arthur's Pass National Park",2133,NA,0,"Canterbury",1010,NA,3,NA
"7860","20200626:0000",-42.94152,171.56285,"Arthur's Pass National Park",2133,NA,0,"Canterbury",1010,NA,5.25,NA
"7861","20200627:0000",-42.94152,171.56285,"Arthur's Pass National Park",2133,NA,0,"Canterbury",1010,NA,4.7,NA
"7862","20200628:0000",-42.94152,171.56285,"Arthur's Pass National Park",2133,NA,0,"Canterbury",1010,NA,4.3,NA
"7863","20200629:0000",-42.94152,171.56285,"Arthur's Pass National Park",2133,NA,0,"Canterbury",1010,NA,3.15,NA
"7864","20200630:0000",-42.94152,171.56285,"Arthur's Pass National Park",2133,NA,0,"Canterbury",1010,NA,3.3,NA
"7865","20200701:0000",-42.94152,171.56285,"Arthur's Pass National Park",2133,NA,0,"Canterbury",1010,NA,1.25,NA
"7866","20200702:0000",-42.94152,171.56285,"Arthur's Pass National Park",2133,NA,0,"Canterbury",1010,NA,1.55,NA
"7867","20200703:0000",-42.94152,171.56285,"Arthur's Pass National Park",2133,NA,0,"Canterbury",1010,NA,1,NA
"7868","20200704:0000",-42.94152,171.56285,"Arthur's Pass National Park",2133,NA,0,"Canterbury",1010,NA,1.45,NA
"7869","20200705:0000",-42.94152,171.56285,"Arthur's Pass National Park",2133,NA,0,"Canterbury",1010,NA,5.65,NA
"7870","20200706:0000",-42.94152,171.56285,"Arthur's Pass National Park",2133,NA,0,"Canterbury",1010,NA,5.4,NA
"7871","20200707:0000",-42.94152,171.56285,"Arthur's Pass National Park",2133,NA,0,"Canterbury",1010,NA,3.1,NA
"7872","20200708:0000",-42.94152,171.56285,"Arthur's Pass National Park",2133,NA,0,"Canterbury",1010,NA,1.75,NA
"7873","20200709:0000",-42.94152,171.56285,"Arthur's Pass National Park",2133,NA,0,"Canterbury",1010,NA,2.6,NA
"7874","20200710:0000",-42.94152,171.56285,"Arthur's Pass National Park",2133,NA,0,"Canterbury",1010,NA,2.35,NA
"7875","20200711:0000",-42.94152,171.56285,"Arthur's Pass National Park",2133,NA,0,"Canterbury",1010,NA,1.95,NA
"7876","20200712:0000",-42.94152,171.56285,"Arthur's Pass National Park",2133,NA,0,"Canterbury",1010,NA,3.85,NA
"7877","20200713:0000",-42.94152,171.56285,"Arthur's Pass National Park",2133,NA,0,"Canterbury",1010,NA,4.4,NA
"7878","20200714:0000",-42.94152,171.56285,"Arthur's Pass National Park",2133,NA,0,"Canterbury",1010,NA,0.8,NA
"7879","20200715:0000",-42.94152,171.56285,"Arthur's Pass National Park",2133,NA,0,"Canterbury",1010,NA,0.45,NA
"7880","20200716:0000",-42.94152,171.56285,"Arthur's Pass National Park",2133,NA,0,"Canterbury",1010,NA,0.55,NA
"7881","20200717:0000",-42.94152,171.56285,"Arthur's Pass National Park",2133,NA,0,"Canterbury",1010,NA,1,NA
"7882","20200718:0000",-42.94152,171.56285,"Arthur's Pass National Park",2133,NA,0,"Canterbury",1010,NA,0.9,NA
"7883","20200719:0000",-42.94152,171.56285,"Arthur's Pass National Park",2133,NA,0,"Canterbury",1010,NA,3.3,NA
"7884","20200720:0000",-42.94152,171.56285,"Arthur's Pass National Park",2133,NA,0,"Canterbury",1010,NA,5.15,NA
"7885","20200721:0000",-42.94152,171.56285,"Arthur's Pass National Park",2133,NA,0,"Canterbury",1010,NA,5.35,NA
"7886","20200722:0000",-42.94152,171.56285,"Arthur's Pass National Park",2133,NA,0,"Canterbury",1010,NA,3.25,NA
"7887","20200723:0000",-42.94152,171.56285,"Arthur's Pass National Park",2133,NA,0,"Canterbury",1010,NA,2.05,NA
"7888","20200724:0000",-42.94152,171.56285,"Arthur's Pass National Park",2133,NA,0,"Canterbury",1010,NA,1.35,NA
"7889","20200725:0000",-42.94152,171.56285,"Arthur's Pass National Park",2133,NA,0,"Canterbury",1010,NA,1.6,NA
"7890","20200726:0000",-42.94152,171.56285,"Arthur's Pass National Park",2133,NA,0,"Canterbury",1010,NA,3.2,NA
"7891","20200727:0000",-42.94152,171.56285,"Arthur's Pass National Park",2133,NA,0,"Canterbury",1010,NA,2.8,NA
"7892","20200728:0000",-42.94152,171.56285,"Arthur's Pass National Park",2133,NA,0,"Canterbury",1010,NA,2.35,NA
"7893","20200729:0000",-42.94152,171.56285,"Arthur's Pass National Park",2133,NA,0,"Canterbury",1010,NA,5.65,NA
"7894","20200730:0000",-42.94152,171.56285,"Arthur's Pass National Park",2133,NA,0,"Canterbury",1010,NA,6.55,NA
"7895","20200731:0000",-42.94152,171.56285,"Arthur's Pass National Park",2133,NA,0,"Canterbury",1010,NA,8.25,NA
"7896","20200801:0000",-42.94152,171.56285,"Arthur's Pass National Park",2133,NA,0,"Canterbury",1010,NA,8.15,NA
"7897","20200802:0000",-42.94152,171.56285,"Arthur's Pass National Park",2133,NA,0,"Canterbury",1010,NA,7.1,NA
"7898","20200803:0000",-42.94152,171.56285,"Arthur's Pass National Park",2133,NA,0,"Canterbury",1010,NA,7.55,NA
"7899","20200804:0000",-42.94152,171.56285,"Arthur's Pass National Park",2133,NA,0,"Canterbury",1010,NA,6.95,NA
"7900","20200805:0000",-42.94152,171.56285,"Arthur's Pass National Park",2133,NA,0,"Canterbury",1010,NA,6.5,NA
"7901","20200806:0000",-42.94152,171.56285,"Arthur's Pass National Park",2133,NA,0,"Canterbury",1010,NA,4.75,NA
"7902","20200807:0000",-42.94152,171.56285,"Arthur's Pass National Park",2133,NA,0,"Canterbury",1010,NA,7.1,NA
"7903","20200808:0000",-42.94152,171.56285,"Arthur's Pass National Park",2133,NA,0,"Canterbury",1010,NA,4.05,NA
"7904","20200809:0000",-42.94152,171.56285,"Arthur's Pass National Park",2133,NA,0,"Canterbury",1010,NA,3.65,NA
"7905","20200810:0000",-42.94152,171.56285,"Arthur's Pass National Park",2133,NA,0,"Canterbury",1010,NA,6.15,NA
"7906","20200811:0000",-42.94152,171.56285,"Arthur's Pass National Park",2133,NA,0,"Canterbury",1010,NA,5.65,NA
"7907","20200812:0000",-42.94152,171.56285,"Arthur's Pass National Park",2133,NA,0,"Canterbury",1010,NA,3.35,NA
"7908","20200813:0000",-42.94152,171.56285,"Arthur's Pass National Park",2133,NA,0,"Canterbury",1010,NA,3.7,NA
"7909","20200814:0000",-42.94152,171.56285,"Arthur's Pass National Park",2133,NA,0,"Canterbury",1010,NA,4.2,NA
"7910","20200815:0000",-42.94152,171.56285,"Arthur's Pass National Park",2133,NA,0,"Canterbury",1010,NA,3.4,NA
"7911","20200816:0000",-42.94152,171.56285,"Arthur's Pass National Park",2133,NA,0,"Canterbury",1010,NA,3.95,NA
"7912","20200817:0000",-42.94152,171.56285,"Arthur's Pass National Park",2133,NA,0,"Canterbury",1010,NA,3.3,NA
"7913","20200818:0000",-42.94152,171.56285,"Arthur's Pass National Park",2133,NA,0,"Canterbury",1010,NA,2.85,NA
"7914","20200819:0000",-42.94152,171.56285,"Arthur's Pass National Park",2133,NA,0,"Canterbury",1010,NA,2.9,NA
"7915","20200820:0000",-42.94152,171.56285,"Arthur's Pass National Park",2133,NA,0,"Canterbury",1010,NA,7.25,NA
"7916","20200821:0000",-42.94152,171.56285,"Arthur's Pass National Park",2133,NA,0,"Canterbury",1010,NA,4.15,NA
"7917","20200822:0000",-42.94152,171.56285,"Arthur's Pass National Park",2133,NA,0,"Canterbury",1010,NA,6.15,NA
"7918","20200823:0000",-42.94152,171.56285,"Arthur's Pass National Park",2133,NA,0,"Canterbury",1010,NA,4.35,NA
"7919","20200824:0000",-42.94152,171.56285,"Arthur's Pass National Park",2133,NA,0,"Canterbury",1010,NA,3.45,NA
"7920","20200825:0000",-42.94152,171.56285,"Arthur's Pass National Park",2133,NA,0,"Canterbury",1010,NA,5.35,NA
"7921","20200826:0000",-42.94152,171.56285,"Arthur's Pass National Park",2133,NA,0,"Canterbury",1010,NA,1.3,NA
"7922","20200827:0000",-42.94152,171.56285,"Arthur's Pass National Park",2133,NA,0,"Canterbury",1010,NA,3.2,NA
"7923","20200828:0000",-42.94152,171.56285,"Arthur's Pass National Park",2133,NA,0,"Canterbury",1010,NA,3.3,NA
"7924","20200829:0000",-42.94152,171.56285,"Arthur's Pass National Park",2133,NA,0,"Canterbury",1010,NA,6.35,NA
"7925","20200830:0000",-42.94152,171.56285,"Arthur's Pass National Park",2133,NA,0,"Canterbury",1010,NA,7.3,NA
"7926","20200831:0000",-42.94152,171.56285,"Arthur's Pass National Park",2133,NA,0,"Canterbury",1010,NA,8,NA
"7927","20200901:0000",-42.94152,171.56285,"Arthur's Pass National Park",2133,NA,0,"Canterbury",1010,NA,1.75,NA
"7928","20200902:0000",-42.94152,171.56285,"Arthur's Pass National Park",2133,NA,0,"Canterbury",1010,NA,2.3,NA
"7929","20200903:0000",-42.94152,171.56285,"Arthur's Pass National Park",2133,NA,0,"Canterbury",1010,NA,2.6,NA
"7930","20200904:0000",-42.94152,171.56285,"Arthur's Pass National Park",2133,NA,0,"Canterbury",1010,NA,2.4,NA
"7931","20200905:0000",-42.94152,171.56285,"Arthur's Pass National Park",2133,NA,0,"Canterbury",1010,NA,8.7,NA
"7932","20200906:0000",-42.94152,171.56285,"Arthur's Pass National Park",2133,NA,0,"Canterbury",1010,NA,9.7,NA
"7933","20200907:0000",-42.94152,171.56285,"Arthur's Pass National Park",2133,NA,0,"Canterbury",1010,NA,7.1,NA
"7934","20200908:0000",-42.94152,171.56285,"Arthur's Pass National Park",2133,NA,0,"Canterbury",1010,NA,6.25,NA
"7935","20200909:0000",-42.94152,171.56285,"Arthur's Pass National Park",2133,NA,0,"Canterbury",1010,NA,6.7,NA
"7936","20200910:0000",-42.94152,171.56285,"Arthur's Pass National Park",2133,NA,0,"Canterbury",1010,NA,4.85,NA
"7937","20200911:0000",-42.94152,171.56285,"Arthur's Pass National Park",2133,NA,0,"Canterbury",1010,NA,3.6,NA
"7938","20200912:0000",-42.94152,171.56285,"Arthur's Pass National Park",2133,NA,0,"Canterbury",1010,NA,3.2,NA
"7939","20200913:0000",-42.94152,171.56285,"Arthur's Pass National Park",2133,NA,0,"Canterbury",1010,NA,5.2,NA
"7940","20200914:0000",-42.94152,171.56285,"Arthur's Pass National Park",2133,NA,0,"Canterbury",1010,NA,6.6,NA
"7941","20200915:0000",-42.94152,171.56285,"Arthur's Pass National Park",2133,NA,0,"Canterbury",1010,NA,3.1,NA
"7942","20200916:0000",-42.94152,171.56285,"Arthur's Pass National Park",2133,NA,0,"Canterbury",1010,NA,4.15,NA
"7943","20200917:0000",-42.94152,171.56285,"Arthur's Pass National Park",2133,NA,0,"Canterbury",1010,NA,6.25,NA
"7944","20200918:0000",-42.94152,171.56285,"Arthur's Pass National Park",2133,NA,0,"Canterbury",1010,NA,3.75,NA
"7945","20200919:0000",-42.94152,171.56285,"Arthur's Pass National Park",2133,NA,0,"Canterbury",1010,NA,5.25,NA
"7946","20200920:0000",-42.94152,171.56285,"Arthur's Pass National Park",2133,NA,0,"Canterbury",1010,NA,4.95,NA
"7947","20200921:0000",-42.94152,171.56285,"Arthur's Pass National Park",2133,NA,0,"Canterbury",1010,NA,7.15,NA
"7948","20200922:0000",-42.94152,171.56285,"Arthur's Pass National Park",2133,NA,0,"Canterbury",1010,NA,8.15,NA
"7949","20200923:0000",-42.94152,171.56285,"Arthur's Pass National Park",2133,NA,0,"Canterbury",1010,NA,9.1,NA
"7950","20200924:0000",-42.94152,171.56285,"Arthur's Pass National Park",2133,NA,0,"Canterbury",1010,NA,8.25,NA
"7951","20200925:0000",-42.94152,171.56285,"Arthur's Pass National Park",2133,NA,0,"Canterbury",1010,NA,6.2,NA
"7952","20200926:0000",-42.94152,171.56285,"Arthur's Pass National Park",2133,NA,0,"Canterbury",1010,NA,7.55,NA
"7953","20200927:0000",-42.94152,171.56285,"Arthur's Pass National Park",2133,NA,0,"Canterbury",1010,NA,6.8,NA
"7954","20200928:0000",-42.94152,171.56285,"Arthur's Pass National Park",2133,NA,0,"Canterbury",1010,NA,1.05,NA
"7955","20200929:0000",-42.94152,171.56285,"Arthur's Pass National Park",2133,NA,0,"Canterbury",1010,NA,-0.2,NA
"7956","20200930:0000",-42.94152,171.56285,"Arthur's Pass National Park",2133,NA,0,"Canterbury",1010,NA,2.7,NA
"7957","20201001:0000",-42.94152,171.56285,"Arthur's Pass National Park",2133,NA,0,"Canterbury",1010,NA,3.05,NA
"7958","20201002:0000",-42.94152,171.56285,"Arthur's Pass National Park",2133,NA,0,"Canterbury",1010,NA,4.75,NA
"7959","20201003:0000",-42.94152,171.56285,"Arthur's Pass National Park",2133,NA,0,"Canterbury",1010,NA,8.65,NA
"7960","20201004:0000",-42.94152,171.56285,"Arthur's Pass National Park",2133,NA,0,"Canterbury",1010,NA,9.35,NA
"7961","20201005:0000",-42.94152,171.56285,"Arthur's Pass National Park",2133,NA,0,"Canterbury",1010,NA,11.3,NA
"7962","20201006:0000",-42.94152,171.56285,"Arthur's Pass National Park",2133,NA,0,"Canterbury",1010,NA,9.05,NA
"7963","20201007:0000",-42.94152,171.56285,"Arthur's Pass National Park",2133,NA,0,"Canterbury",1010,NA,6.6,NA
"7964","20201008:0000",-42.94152,171.56285,"Arthur's Pass National Park",2133,NA,0,"Canterbury",1010,NA,5,NA
"7965","20201009:0000",-42.94152,171.56285,"Arthur's Pass National Park",2133,NA,0,"Canterbury",1010,NA,5.95,NA
"7966","20201010:0000",-42.94152,171.56285,"Arthur's Pass National Park",2133,NA,0,"Canterbury",1010,NA,4.25,NA
"7967","20201011:0000",-42.94152,171.56285,"Arthur's Pass National Park",2133,NA,0,"Canterbury",1010,NA,6.9,NA
"7968","20201012:0000",-42.94152,171.56285,"Arthur's Pass National Park",2133,NA,0,"Canterbury",1010,NA,10.8,NA
"7969","20201013:0000",-42.94152,171.56285,"Arthur's Pass National Park",2133,NA,0,"Canterbury",1010,NA,9.3,NA
"7970","20201014:0000",-42.94152,171.56285,"Arthur's Pass National Park",2133,NA,0,"Canterbury",1010,NA,7.25,NA
"7971","20201015:0000",-42.94152,171.56285,"Arthur's Pass National Park",2133,NA,0,"Canterbury",1010,NA,3.05,NA
"7972","20201016:0000",-42.94152,171.56285,"Arthur's Pass National Park",2133,NA,0,"Canterbury",1010,NA,2.45,NA
"7973","20201017:0000",-42.94152,171.56285,"Arthur's Pass National Park",2133,NA,0,"Canterbury",1010,NA,5.65,NA
"7974","20201018:0000",-42.94152,171.56285,"Arthur's Pass National Park",2133,NA,0,"Canterbury",1010,NA,8.7,NA
"7975","20201019:0000",-42.94152,171.56285,"Arthur's Pass National Park",2133,NA,0,"Canterbury",1010,NA,7.85,NA
"7976","20201020:0000",-42.94152,171.56285,"Arthur's Pass National Park",2133,NA,0,"Canterbury",1010,NA,7.7,NA
"7977","20201021:0000",-42.94152,171.56285,"Arthur's Pass National Park",2133,NA,0,"Canterbury",1010,NA,6.75,NA
"7978","20201022:0000",-42.94152,171.56285,"Arthur's Pass National Park",2133,NA,0,"Canterbury",1010,NA,8.1,NA
"7979","20201023:0000",-42.94152,171.56285,"Arthur's Pass National Park",2133,NA,0,"Canterbury",1010,NA,8.9,NA
"7980","20201024:0000",-42.94152,171.56285,"Arthur's Pass National Park",2133,NA,0,"Canterbury",1010,NA,11.2,NA
"7981","20201025:0000",-42.94152,171.56285,"Arthur's Pass National Park",2133,NA,0,"Canterbury",1010,NA,10.95,NA
"7982","20201026:0000",-42.94152,171.56285,"Arthur's Pass National Park",2133,NA,0,"Canterbury",1010,NA,12.8,NA
"7983","20201027:0000",-42.94152,171.56285,"Arthur's Pass National Park",2133,NA,0,"Canterbury",1010,NA,7.25,NA
"7984","20201028:0000",-42.94152,171.56285,"Arthur's Pass National Park",2133,NA,0,"Canterbury",1010,NA,9.7,NA
"7985","20201029:0000",-42.94152,171.56285,"Arthur's Pass National Park",2133,NA,0,"Canterbury",1010,NA,9.8,NA
"7986","20201030:0000",-42.94152,171.56285,"Arthur's Pass National Park",2133,NA,0,"Canterbury",1010,NA,11,NA
"7987","20201031:0000",-42.94152,171.56285,"Arthur's Pass National Park",2133,NA,0,"Canterbury",1010,NA,12.25,NA
"7988","20201101:0000",-42.94152,171.56285,"Arthur's Pass National Park",2133,NA,0,"Canterbury",1010,NA,8.4,NA
"7989","20201102:0000",-42.94152,171.56285,"Arthur's Pass National Park",2133,NA,0,"Canterbury",1010,NA,10.95,NA
"7990","20201103:0000",-42.94152,171.56285,"Arthur's Pass National Park",2133,NA,0,"Canterbury",1010,NA,9.3,NA
"7991","20201104:0000",-42.94152,171.56285,"Arthur's Pass National Park",2133,NA,0,"Canterbury",1010,NA,11.45,NA
"7992","20201105:0000",-42.94152,171.56285,"Arthur's Pass National Park",2133,NA,0,"Canterbury",1010,NA,12.65,NA
"7993","20201106:0000",-42.94152,171.56285,"Arthur's Pass National Park",2133,NA,0,"Canterbury",1010,NA,10.6,NA
"7994","20201107:0000",-42.94152,171.56285,"Arthur's Pass National Park",2133,NA,0,"Canterbury",1010,NA,9.95,NA
"7995","20201108:0000",-42.94152,171.56285,"Arthur's Pass National Park",2133,NA,0,"Canterbury",1010,NA,3.65,NA
"7996","20201109:0000",-42.94152,171.56285,"Arthur's Pass National Park",2133,NA,0,"Canterbury",1010,NA,5.35,NA
"7997","20201110:0000",-42.94152,171.56285,"Arthur's Pass National Park",2133,NA,0,"Canterbury",1010,NA,9.15,NA
"7998","20201111:0000",-42.94152,171.56285,"Arthur's Pass National Park",2133,NA,0,"Canterbury",1010,NA,12.1,NA
"7999","20201112:0000",-42.94152,171.56285,"Arthur's Pass National Park",2133,NA,0,"Canterbury",1010,NA,11.15,NA
"8000","20201113:0000",-42.94152,171.56285,"Arthur's Pass National Park",2133,NA,0,"Canterbury",1010,NA,12.9,NA
"8001","20201114:0000",-42.94152,171.56285,"Arthur's Pass National Park",2133,NA,0,"Canterbury",1010,NA,11.6,NA
"8002","20201115:0000",-42.94152,171.56285,"Arthur's Pass National Park",2133,NA,0,"Canterbury",1010,NA,12.75,NA
"8003","20201116:0000",-42.94152,171.56285,"Arthur's Pass National Park",2133,NA,0,"Canterbury",1010,NA,12.25,NA
"8004","20201117:0000",-42.94152,171.56285,"Arthur's Pass National Park",2133,NA,0,"Canterbury",1010,NA,11.75,NA
"8005","20201118:0000",-42.94152,171.56285,"Arthur's Pass National Park",2133,NA,0,"Canterbury",1010,NA,10.65,NA
"8006","20201119:0000",-42.94152,171.56285,"Arthur's Pass National Park",2133,NA,0,"Canterbury",1010,NA,10.95,NA
"8007","20201120:0000",-42.94152,171.56285,"Arthur's Pass National Park",2133,NA,0,"Canterbury",1010,NA,10.85,NA
"8008","20201121:0000",-42.94152,171.56285,"Arthur's Pass National Park",2133,NA,0,"Canterbury",1010,NA,10.7,NA
"8009","20201122:0000",-42.94152,171.56285,"Arthur's Pass National Park",2133,NA,0,"Canterbury",1010,NA,8.1,NA
"8010","20201123:0000",-42.94152,171.56285,"Arthur's Pass National Park",2133,NA,0,"Canterbury",1010,NA,9.05,NA
"8011","20201124:0000",-42.94152,171.56285,"Arthur's Pass National Park",2133,NA,0,"Canterbury",1010,NA,10.35,NA
"8012","20201125:0000",-42.94152,171.56285,"Arthur's Pass National Park",2133,NA,0,"Canterbury",1010,NA,10.2,NA
"8013","20201126:0000",-42.94152,171.56285,"Arthur's Pass National Park",2133,NA,0,"Canterbury",1010,NA,13.45,NA
"8014","20201127:0000",-42.94152,171.56285,"Arthur's Pass National Park",2133,NA,0,"Canterbury",1010,NA,10.25,NA
"8015","20201128:0000",-42.94152,171.56285,"Arthur's Pass National Park",2133,NA,0,"Canterbury",1010,NA,8.2,NA
"8016","20201129:0000",-42.94152,171.56285,"Arthur's Pass National Park",2133,NA,0,"Canterbury",1010,NA,11.15,NA
"8017","20201130:0000",-42.94152,171.56285,"Arthur's Pass National Park",2133,NA,0,"Canterbury",1010,NA,8.45,NA
"8018","20201201:0000",-42.94152,171.56285,"Arthur's Pass National Park",2133,NA,0,"Canterbury",1010,NA,10.95,NA
"8019","20201202:0000",-42.94152,171.56285,"Arthur's Pass National Park",2133,NA,0,"Canterbury",1010,NA,10.45,NA
"8020","20201203:0000",-42.94152,171.56285,"Arthur's Pass National Park",2133,NA,0,"Canterbury",1010,NA,8.95,NA
"8021","20201204:0000",-42.94152,171.56285,"Arthur's Pass National Park",2133,NA,0,"Canterbury",1010,NA,6.65,NA
"8022","20201205:0000",-42.94152,171.56285,"Arthur's Pass National Park",2133,NA,0,"Canterbury",1010,NA,8.1,NA
"8023","20201206:0000",-42.94152,171.56285,"Arthur's Pass National Park",2133,NA,0,"Canterbury",1010,NA,8.4,NA
"8024","20201207:0000",-42.94152,171.56285,"Arthur's Pass National Park",2133,NA,0,"Canterbury",1010,NA,11.75,NA
"8025","20201208:0000",-42.94152,171.56285,"Arthur's Pass National Park",2133,NA,0,"Canterbury",1010,NA,12.9,NA
"8026","20201209:0000",-42.94152,171.56285,"Arthur's Pass National Park",2133,NA,0,"Canterbury",1010,NA,14.2,NA
"8027","20201210:0000",-42.94152,171.56285,"Arthur's Pass National Park",2133,NA,0,"Canterbury",1010,NA,12.75,NA
"8028","20201211:0000",-42.94152,171.56285,"Arthur's Pass National Park",2133,NA,0,"Canterbury",1010,NA,9,NA
"8029","20201212:0000",-42.94152,171.56285,"Arthur's Pass National Park",2133,NA,0,"Canterbury",1010,NA,7.45,NA
"8030","20201213:0000",-42.94152,171.56285,"Arthur's Pass National Park",2133,NA,0,"Canterbury",1010,NA,12.65,NA
"8031","20201214:0000",-42.94152,171.56285,"Arthur's Pass National Park",2133,NA,0,"Canterbury",1010,NA,13.55,NA
"8032","20201215:0000",-42.94152,171.56285,"Arthur's Pass National Park",2133,NA,0,"Canterbury",1010,NA,14.5,NA
"8033","20201216:0000",-42.94152,171.56285,"Arthur's Pass National Park",2133,NA,0,"Canterbury",1010,NA,14.2,NA
"8034","20201217:0000",-42.94152,171.56285,"Arthur's Pass National Park",2133,NA,0,"Canterbury",1010,NA,16.05,NA
"8035","20201218:0000",-42.94152,171.56285,"Arthur's Pass National Park",2133,NA,0,"Canterbury",1010,NA,14.75,NA
"8036","20201219:0000",-42.94152,171.56285,"Arthur's Pass National Park",2133,NA,0,"Canterbury",1010,NA,14.75,NA
"8037","20201220:0000",-42.94152,171.56285,"Arthur's Pass National Park",2133,NA,0,"Canterbury",1010,NA,14.75,NA
"8038","20201221:0000",-42.94152,171.56285,"Arthur's Pass National Park",2133,NA,0,"Canterbury",1010,NA,13.05,NA
"8039","20201222:0000",-42.94152,171.56285,"Arthur's Pass National Park",2133,NA,0,"Canterbury",1010,NA,13.25,NA
"8040","20201223:0000",-42.94152,171.56285,"Arthur's Pass National Park",2133,NA,0,"Canterbury",1010,NA,11.05,NA
"8041","20201224:0000",-42.94152,171.56285,"Arthur's Pass National Park",2133,NA,0,"Canterbury",1010,NA,13.85,NA
"8042","20201225:0000",-42.94152,171.56285,"Arthur's Pass National Park",2133,NA,0,"Canterbury",1010,NA,9.55,NA
"8043","20180101:0000",-42.94461,171.56415,"Arthur's Pass National Park",2133,NA,0,"Canterbury",1010,3.1,13.95,NA
"8044","20180102:0000",-42.94461,171.56415,"Arthur's Pass National Park",2133,NA,0,"Canterbury",1010,0.3,16.45,NA
"8045","20180103:0000",-42.94461,171.56415,"Arthur's Pass National Park",2133,NA,0,"Canterbury",1010,1.9,18.35,NA
"8046","20180104:0000",-42.94461,171.56415,"Arthur's Pass National Park",2133,NA,0,"Canterbury",1010,1.2,17.4,NA
"8047","20180105:0000",-42.94461,171.56415,"Arthur's Pass National Park",2133,NA,0,"Canterbury",1010,7.2,13.85,NA
"8048","20180106:0000",-42.94461,171.56415,"Arthur's Pass National Park",2133,NA,0,"Canterbury",1010,10.5,11.25,NA
"8049","20180107:0000",-42.94461,171.56415,"Arthur's Pass National Park",2133,NA,0,"Canterbury",1010,4.1,11.15,NA
"8050","20180108:0000",-42.94461,171.56415,"Arthur's Pass National Park",2133,NA,0,"Canterbury",1010,11,14.75,NA
"8051","20180109:0000",-42.94461,171.56415,"Arthur's Pass National Park",2133,NA,0,"Canterbury",1010,14.7,14.75,NA
"8052","20180110:0000",-42.94461,171.56415,"Arthur's Pass National Park",2133,NA,0,"Canterbury",1010,1.6,14.35,NA
"8053","20180111:0000",-42.94461,171.56415,"Arthur's Pass National Park",2133,NA,0,"Canterbury",1010,5.3,10.7,NA
"8054","20180112:0000",-42.94461,171.56415,"Arthur's Pass National Park",2133,NA,0,"Canterbury",1010,2.5,11.3,NA
"8055","20180113:0000",-42.94461,171.56415,"Arthur's Pass National Park",2133,NA,0,"Canterbury",1010,0.9,14.3,NA
"8056","20180114:0000",-42.94461,171.56415,"Arthur's Pass National Park",2133,NA,0,"Canterbury",1010,9.1,16.4,NA
"8057","20180115:0000",-42.94461,171.56415,"Arthur's Pass National Park",2133,NA,0,"Canterbury",1010,4.2,18,NA
"8058","20180116:0000",-42.94461,171.56415,"Arthur's Pass National Park",2133,NA,0,"Canterbury",1010,4.3,18.8,NA
"8059","20180117:0000",-42.94461,171.56415,"Arthur's Pass National Park",2133,NA,0,"Canterbury",1010,5.1,16.25,NA
"8060","20180118:0000",-42.94461,171.56415,"Arthur's Pass National Park",2133,NA,0,"Canterbury",1010,5.6,17.7,NA
"8061","20180119:0000",-42.94461,171.56415,"Arthur's Pass National Park",2133,NA,0,"Canterbury",1010,1.3,15.55,NA
"8062","20180120:0000",-42.94461,171.56415,"Arthur's Pass National Park",2133,NA,0,"Canterbury",1010,13.4,17.35,NA
"8063","20180121:0000",-42.94461,171.56415,"Arthur's Pass National Park",2133,NA,0,"Canterbury",1010,8.5,19.4,NA
"8064","20180122:0000",-42.94461,171.56415,"Arthur's Pass National Park",2133,NA,0,"Canterbury",1010,12.2,16.65,NA
"8065","20180123:0000",-42.94461,171.56415,"Arthur's Pass National Park",2133,NA,0,"Canterbury",1010,4.5,18,NA
"8066","20180124:0000",-42.94461,171.56415,"Arthur's Pass National Park",2133,NA,0,"Canterbury",1010,14.9,17.4,NA
"8067","20180125:0000",-42.94461,171.56415,"Arthur's Pass National Park",2133,NA,0,"Canterbury",1010,15.5,20.1,NA
"8068","20180126:0000",-42.94461,171.56415,"Arthur's Pass National Park",2133,NA,0,"Canterbury",1010,8,18.85,NA
"8069","20180127:0000",-42.94461,171.56415,"Arthur's Pass National Park",2133,NA,0,"Canterbury",1010,1.1,21,NA
"8070","20180128:0000",-42.94461,171.56415,"Arthur's Pass National Park",2133,NA,0,"Canterbury",1010,0.7,20.3,NA
"8071","20180129:0000",-42.94461,171.56415,"Arthur's Pass National Park",2133,NA,0,"Canterbury",1010,0.5,19.25,NA
"8072","20180130:0000",-42.94461,171.56415,"Arthur's Pass National Park",2133,NA,0,"Canterbury",1010,15.4,19.45,NA
"8073","20180131:0000",-42.94461,171.56415,"Arthur's Pass National Park",2133,NA,0,"Canterbury",1010,9.9,17.6,NA
"8074","20180201:0000",-42.94461,171.56415,"Arthur's Pass National Park",2133,NA,0,"Canterbury",1010,8.2,16.95,NA
"8075","20180202:0000",-42.94461,171.56415,"Arthur's Pass National Park",2133,NA,0,"Canterbury",1010,2.9,8.15,NA
"8076","20180203:0000",-42.94461,171.56415,"Arthur's Pass National Park",2133,NA,0,"Canterbury",1010,8.6,10.15,NA
"8077","20180204:0000",-42.94461,171.56415,"Arthur's Pass National Park",2133,NA,0,"Canterbury",1010,10.1,10.15,NA
"8078","20180205:0000",-42.94461,171.56415,"Arthur's Pass National Park",2133,NA,0,"Canterbury",1010,19.2,11.65,NA
"8079","20180206:0000",-42.94461,171.56415,"Arthur's Pass National Park",2133,NA,0,"Canterbury",1010,4.5,11.3,NA
"8080","20180207:0000",-42.94461,171.56415,"Arthur's Pass National Park",2133,NA,0,"Canterbury",1010,2.4,13.55,NA
"8081","20180208:0000",-42.94461,171.56415,"Arthur's Pass National Park",2133,NA,0,"Canterbury",1010,0.1,13.75,NA
"8082","20180209:0000",-42.94461,171.56415,"Arthur's Pass National Park",2133,NA,0,"Canterbury",1010,2.4,13.9,NA
"8083","20180210:0000",-42.94461,171.56415,"Arthur's Pass National Park",2133,NA,0,"Canterbury",1010,0.5,15.7,NA
"8084","20180211:0000",-42.94461,171.56415,"Arthur's Pass National Park",2133,NA,0,"Canterbury",1010,1.2,12.6,NA
"8085","20180212:0000",-42.94461,171.56415,"Arthur's Pass National Park",2133,NA,0,"Canterbury",1010,9.7,16.7,NA
"8086","20180213:0000",-42.94461,171.56415,"Arthur's Pass National Park",2133,NA,0,"Canterbury",1010,9.4,15.5,NA
"8087","20180214:0000",-42.94461,171.56415,"Arthur's Pass National Park",2133,NA,0,"Canterbury",1010,4.3,14.9,NA
"8088","20180215:0000",-42.94461,171.56415,"Arthur's Pass National Park",2133,NA,0,"Canterbury",1010,10,13.8,NA
"8089","20180216:0000",-42.94461,171.56415,"Arthur's Pass National Park",2133,NA,0,"Canterbury",1010,16.1,15.05,NA
"8090","20180217:0000",-42.94461,171.56415,"Arthur's Pass National Park",2133,NA,0,"Canterbury",1010,6.4,16,NA
"8091","20180218:0000",-42.94461,171.56415,"Arthur's Pass National Park",2133,NA,0,"Canterbury",1010,11,13.45,NA
"8092","20180219:0000",-42.94461,171.56415,"Arthur's Pass National Park",2133,NA,0,"Canterbury",1010,7.3,12.75,NA
"8093","20180220:0000",-42.94461,171.56415,"Arthur's Pass National Park",2133,NA,0,"Canterbury",1010,3.7,10.25,NA
"8094","20180221:0000",-42.94461,171.56415,"Arthur's Pass National Park",2133,NA,0,"Canterbury",1010,1.2,7.8,NA
"8095","20180222:0000",-42.94461,171.56415,"Arthur's Pass National Park",2133,NA,0,"Canterbury",1010,1.4,10.1,NA
"8096","20180223:0000",-42.94461,171.56415,"Arthur's Pass National Park",2133,NA,0,"Canterbury",1010,7.9,10.3,NA
"8097","20180224:0000",-42.94461,171.56415,"Arthur's Pass National Park",2133,NA,0,"Canterbury",1010,2.4,13.25,NA
"8098","20180225:0000",-42.94461,171.56415,"Arthur's Pass National Park",2133,NA,0,"Canterbury",1010,13,12.95,NA
"8099","20180226:0000",-42.94461,171.56415,"Arthur's Pass National Park",2133,NA,0,"Canterbury",1010,6.6,11.75,NA
"8100","20180227:0000",-42.94461,171.56415,"Arthur's Pass National Park",2133,NA,0,"Canterbury",1010,7.2,10.8,NA
"8101","20180228:0000",-42.94461,171.56415,"Arthur's Pass National Park",2133,NA,0,"Canterbury",1010,0.6,12.05,NA
"8102","20180301:0000",-42.94461,171.56415,"Arthur's Pass National Park",2133,NA,0,"Canterbury",1010,4,15.1,NA
"8103","20180302:0000",-42.94461,171.56415,"Arthur's Pass National Park",2133,NA,0,"Canterbury",1010,0.4,15.05,NA
"8104","20180303:0000",-42.94461,171.56415,"Arthur's Pass National Park",2133,NA,0,"Canterbury",1010,4.3,16.35,NA
"8105","20180304:0000",-42.94461,171.56415,"Arthur's Pass National Park",2133,NA,0,"Canterbury",1010,7.7,15.05,NA
"8106","20180305:0000",-42.94461,171.56415,"Arthur's Pass National Park",2133,NA,0,"Canterbury",1010,0.3,16.6,NA
"8107","20180306:0000",-42.94461,171.56415,"Arthur's Pass National Park",2133,NA,0,"Canterbury",1010,2.1,14.3,NA
"8108","20180307:0000",-42.94461,171.56415,"Arthur's Pass National Park",2133,NA,0,"Canterbury",1010,5.1,10.25,NA
"8109","20180308:0000",-42.94461,171.56415,"Arthur's Pass National Park",2133,NA,0,"Canterbury",1010,3.2,12.45,NA
"8110","20180309:0000",-42.94461,171.56415,"Arthur's Pass National Park",2133,NA,0,"Canterbury",1010,8.1,9.2,NA
"8111","20180310:0000",-42.94461,171.56415,"Arthur's Pass National Park",2133,NA,0,"Canterbury",1010,2.6,11.55,NA
"8112","20180311:0000",-42.94461,171.56415,"Arthur's Pass National Park",2133,NA,0,"Canterbury",1010,1.3,11.9,NA
"8113","20180312:0000",-42.94461,171.56415,"Arthur's Pass National Park",2133,NA,0,"Canterbury",1010,11.7,11.8,NA
"8114","20180313:0000",-42.94461,171.56415,"Arthur's Pass National Park",2133,NA,0,"Canterbury",1010,4.6,12.3,NA
"8115","20180314:0000",-42.94461,171.56415,"Arthur's Pass National Park",2133,NA,0,"Canterbury",1010,8.9,10.85,NA
"8116","20180315:0000",-42.94461,171.56415,"Arthur's Pass National Park",2133,NA,0,"Canterbury",1010,7.6,11.1,NA
"8117","20180316:0000",-42.94461,171.56415,"Arthur's Pass National Park",2133,NA,0,"Canterbury",1010,18.2,12.95,NA
"8118","20180317:0000",-42.94461,171.56415,"Arthur's Pass National Park",2133,NA,0,"Canterbury",1010,7.5,10.1,NA
"8119","20180318:0000",-42.94461,171.56415,"Arthur's Pass National Park",2133,NA,0,"Canterbury",1010,0.1,11.25,NA
"8120","20180319:0000",-42.94461,171.56415,"Arthur's Pass National Park",2133,NA,0,"Canterbury",1010,6.8,10.05,NA
"8121","20180320:0000",-42.94461,171.56415,"Arthur's Pass National Park",2133,NA,0,"Canterbury",1010,10.5,13.5,NA
"8122","20180321:0000",-42.94461,171.56415,"Arthur's Pass National Park",2133,NA,0,"Canterbury",1010,8.6,12.85,NA
"8123","20180322:0000",-42.94461,171.56415,"Arthur's Pass National Park",2133,NA,0,"Canterbury",1010,5.4,7.6,NA
"8124","20180323:0000",-42.94461,171.56415,"Arthur's Pass National Park",2133,NA,0,"Canterbury",1010,3.5,4.65,NA
"8125","20180324:0000",-42.94461,171.56415,"Arthur's Pass National Park",2133,NA,0,"Canterbury",1010,0.2,7.05,NA
"8126","20180325:0000",-42.94461,171.56415,"Arthur's Pass National Park",2133,NA,0,"Canterbury",1010,7.1,9.55,NA
"8127","20180326:0000",-42.94461,171.56415,"Arthur's Pass National Park",2133,NA,0,"Canterbury",1010,10.1,11.5,NA
"8128","20180327:0000",-42.94461,171.56415,"Arthur's Pass National Park",2133,NA,0,"Canterbury",1010,11.8,14.15,NA
"8129","20180328:0000",-42.94461,171.56415,"Arthur's Pass National Park",2133,NA,0,"Canterbury",1010,NA,13.2,NA
"8130","20180329:0000",-42.94461,171.56415,"Arthur's Pass National Park",2133,NA,0,"Canterbury",1010,8.3,12.3,NA
"8131","20180330:0000",-42.94461,171.56415,"Arthur's Pass National Park",2133,NA,0,"Canterbury",1010,0.4,10.45,NA
"8132","20180331:0000",-42.94461,171.56415,"Arthur's Pass National Park",2133,NA,0,"Canterbury",1010,18.3,11,NA
"8133","20180401:0000",-42.94461,171.56415,"Arthur's Pass National Park",2133,NA,0,"Canterbury",1010,1.7,7.6,NA
"8134","20180402:0000",-42.94461,171.56415,"Arthur's Pass National Park",2133,NA,0,"Canterbury",1010,16.5,9.25,NA
"8135","20180403:0000",-42.94461,171.56415,"Arthur's Pass National Park",2133,NA,0,"Canterbury",1010,20.9,12,NA
"8136","20180404:0000",-42.94461,171.56415,"Arthur's Pass National Park",2133,NA,0,"Canterbury",1010,9.8,9.65,NA
"8137","20180405:0000",-42.94461,171.56415,"Arthur's Pass National Park",2133,NA,0,"Canterbury",1010,13.1,11.55,NA
"8138","20180406:0000",-42.94461,171.56415,"Arthur's Pass National Park",2133,NA,0,"Canterbury",1010,15.4,10.4,NA
"8139","20180407:0000",-42.94461,171.56415,"Arthur's Pass National Park",2133,NA,0,"Canterbury",1010,11.3,10.6,NA
"8140","20180408:0000",-42.94461,171.56415,"Arthur's Pass National Park",2133,NA,0,"Canterbury",1010,10.5,8.4,NA
"8141","20180409:0000",-42.94461,171.56415,"Arthur's Pass National Park",2133,NA,0,"Canterbury",1010,10,8.45,NA
"8142","20180410:0000",-42.94461,171.56415,"Arthur's Pass National Park",2133,NA,0,"Canterbury",1010,7.9,0.6,NA
"8143","20180411:0000",-42.94461,171.56415,"Arthur's Pass National Park",2133,NA,0,"Canterbury",1010,5.5,1.65,NA
"8144","20180412:0000",-42.94461,171.56415,"Arthur's Pass National Park",2133,NA,0,"Canterbury",1010,2.9,1.6,NA
"8145","20180413:0000",-42.94461,171.56415,"Arthur's Pass National Park",2133,NA,0,"Canterbury",1010,1.5,3.15,NA
"8146","20180414:0000",-42.94461,171.56415,"Arthur's Pass National Park",2133,NA,0,"Canterbury",1010,1.7,3.55,NA
"8147","20180415:0000",-42.94461,171.56415,"Arthur's Pass National Park",2133,NA,0,"Canterbury",1010,6.9,6.2,NA
"8148","20180416:0000",-42.94461,171.56415,"Arthur's Pass National Park",2133,NA,0,"Canterbury",1010,9.7,9.65,NA
"8149","20180417:0000",-42.94461,171.56415,"Arthur's Pass National Park",2133,NA,0,"Canterbury",1010,7.9,8.15,NA
"8150","20180418:0000",-42.94461,171.56415,"Arthur's Pass National Park",2133,NA,0,"Canterbury",1010,10.8,6.5,NA
"8151","20180419:0000",-42.94461,171.56415,"Arthur's Pass National Park",2133,NA,0,"Canterbury",1010,13.8,7.1,NA
"8152","20180420:0000",-42.94461,171.56415,"Arthur's Pass National Park",2133,NA,0,"Canterbury",1010,13.5,9.2,NA
"8153","20180421:0000",-42.94461,171.56415,"Arthur's Pass National Park",2133,NA,0,"Canterbury",1010,13.4,NA,NA
"8154","20180422:0000",-42.94461,171.56415,"Arthur's Pass National Park",2133,NA,0,"Canterbury",1010,NA,NA,NA
"8155","20180423:0000",-42.94461,171.56415,"Arthur's Pass National Park",2133,NA,0,"Canterbury",1010,0.6,NA,NA
"8156","20180424:0000",-42.94461,171.56415,"Arthur's Pass National Park",2133,NA,0,"Canterbury",1010,11.4,5.8,NA
"8157","20180425:0000",-42.94461,171.56415,"Arthur's Pass National Park",2133,NA,0,"Canterbury",1010,0.5,6.8,NA
"8158","20180426:0000",-42.94461,171.56415,"Arthur's Pass National Park",2133,NA,0,"Canterbury",1010,0.5,9.2,NA
"8159","20180427:0000",-42.94461,171.56415,"Arthur's Pass National Park",2133,NA,0,"Canterbury",1010,11.7,6.7,NA
"8160","20180428:0000",-42.94461,171.56415,"Arthur's Pass National Park",2133,NA,0,"Canterbury",1010,2.9,7.55,NA
"8161","20180429:0000",-42.94461,171.56415,"Arthur's Pass National Park",2133,NA,0,"Canterbury",1010,1,6.15,NA
"8162","20180430:0000",-42.94461,171.56415,"Arthur's Pass National Park",2133,NA,0,"Canterbury",1010,6.1,6.35,NA
"8163","20180501:0000",-42.94461,171.56415,"Arthur's Pass National Park",2133,NA,0,"Canterbury",1010,1.6,7.75,NA
"8164","20180502:0000",-42.94461,171.56415,"Arthur's Pass National Park",2133,NA,0,"Canterbury",1010,2.4,8,NA
"8165","20180503:0000",-42.94461,171.56415,"Arthur's Pass National Park",2133,NA,0,"Canterbury",1010,7.7,7.65,NA
"8166","20180504:0000",-42.94461,171.56415,"Arthur's Pass National Park",2133,NA,0,"Canterbury",1010,0.6,8.35,NA
"8167","20180505:0000",-42.94461,171.56415,"Arthur's Pass National Park",2133,NA,0,"Canterbury",1010,13.7,8.25,NA
"8168","20180506:0000",-42.94461,171.56415,"Arthur's Pass National Park",2133,NA,0,"Canterbury",1010,11.7,8.6,NA
"8169","20180507:0000",-42.94461,171.56415,"Arthur's Pass National Park",2133,NA,0,"Canterbury",1010,10,7.2,NA
"8170","20180508:0000",-42.94461,171.56415,"Arthur's Pass National Park",2133,NA,0,"Canterbury",1010,8.8,9.15,NA
"8171","20180509:0000",-42.94461,171.56415,"Arthur's Pass National Park",2133,NA,0,"Canterbury",1010,8.7,8.9,NA
"8172","20180510:0000",-42.94461,171.56415,"Arthur's Pass National Park",2133,NA,0,"Canterbury",1010,7.8,7.8,NA
"8173","20180511:0000",-42.94461,171.56415,"Arthur's Pass National Park",2133,NA,0,"Canterbury",1010,1.8,9.8,NA
"8174","20180512:0000",-42.94461,171.56415,"Arthur's Pass National Park",2133,NA,0,"Canterbury",1010,6.1,9.2,NA
"8175","20180513:0000",-42.94461,171.56415,"Arthur's Pass National Park",2133,NA,0,"Canterbury",1010,5.1,4,NA
"8176","20180514:0000",-42.94461,171.56415,"Arthur's Pass National Park",2133,NA,0,"Canterbury",1010,4.1,6.4,NA
"8177","20180515:0000",-42.94461,171.56415,"Arthur's Pass National Park",2133,NA,0,"Canterbury",1010,0,7.4,NA
"8178","20180516:0000",-42.94461,171.56415,"Arthur's Pass National Park",2133,NA,0,"Canterbury",1010,0.4,6.05,NA
"8179","20180517:0000",-42.94461,171.56415,"Arthur's Pass National Park",2133,NA,0,"Canterbury",1010,2.9,4.55,NA
"8180","20180518:0000",-42.94461,171.56415,"Arthur's Pass National Park",2133,NA,0,"Canterbury",1010,10.9,5.45,NA
"8181","20180519:0000",-42.94461,171.56415,"Arthur's Pass National Park",2133,NA,0,"Canterbury",1010,13.7,7.35,NA
"8182","20180520:0000",-42.94461,171.56415,"Arthur's Pass National Park",2133,NA,0,"Canterbury",1010,12.9,6.6,NA
"8183","20180521:0000",-42.94461,171.56415,"Arthur's Pass National Park",2133,NA,0,"Canterbury",1010,6.1,3.85,NA
"8184","20180522:0000",-42.94461,171.56415,"Arthur's Pass National Park",2133,NA,0,"Canterbury",1010,13.6,4.85,NA
"8185","20180523:0000",-42.94461,171.56415,"Arthur's Pass National Park",2133,NA,0,"Canterbury",1010,10.5,2.3,NA
"8186","20180524:0000",-42.94461,171.56415,"Arthur's Pass National Park",2133,NA,0,"Canterbury",1010,9.6,1.75,NA
"8187","20180525:0000",-42.94461,171.56415,"Arthur's Pass National Park",2133,NA,0,"Canterbury",1010,0.2,1.95,NA
"8188","20180526:0000",-42.94461,171.56415,"Arthur's Pass National Park",2133,NA,0,"Canterbury",1010,0.8,1.5,NA
"8189","20180527:0000",-42.94461,171.56415,"Arthur's Pass National Park",2133,NA,0,"Canterbury",1010,1.1,2.5,NA
"8190","20180528:0000",-42.94461,171.56415,"Arthur's Pass National Park",2133,NA,0,"Canterbury",1010,10.3,2.4,NA
"8191","20180529:0000",-42.94461,171.56415,"Arthur's Pass National Park",2133,NA,0,"Canterbury",1010,2.5,0.75,NA
"8192","20180530:0000",-42.94461,171.56415,"Arthur's Pass National Park",2133,NA,0,"Canterbury",1010,0.1,1.5,NA
"8193","20180531:0000",-42.94461,171.56415,"Arthur's Pass National Park",2133,NA,0,"Canterbury",1010,0.6,0.25,NA
"8194","20180601:0000",-42.94461,171.56415,"Arthur's Pass National Park",2133,NA,0,"Canterbury",1010,0,-0.7,NA
"8195","20180602:0000",-42.94461,171.56415,"Arthur's Pass National Park",2133,NA,0,"Canterbury",1010,0.1,1.1,NA
"8196","20180603:0000",-42.94461,171.56415,"Arthur's Pass National Park",2133,NA,0,"Canterbury",1010,0.3,-0.2,NA
"8197","20180604:0000",-42.94461,171.56415,"Arthur's Pass National Park",2133,NA,0,"Canterbury",1010,0.2,1.8,NA
"8198","20180605:0000",-42.94461,171.56415,"Arthur's Pass National Park",2133,NA,0,"Canterbury",1010,0,6.25,NA
"8199","20180606:0000",-42.94461,171.56415,"Arthur's Pass National Park",2133,NA,0,"Canterbury",1010,3.4,0.2,NA
"8200","20180607:0000",-42.94461,171.56415,"Arthur's Pass National Park",2133,NA,0,"Canterbury",1010,0.8,1.15,NA
"8201","20180608:0000",-42.94461,171.56415,"Arthur's Pass National Park",2133,NA,0,"Canterbury",1010,1.4,4.15,NA
"8202","20180609:0000",-42.94461,171.56415,"Arthur's Pass National Park",2133,NA,0,"Canterbury",1010,11.4,4.2,NA
"8203","20180610:0000",-42.94461,171.56415,"Arthur's Pass National Park",2133,NA,0,"Canterbury",1010,4.7,7,NA
"8204","20180611:0000",-42.94461,171.56415,"Arthur's Pass National Park",2133,NA,0,"Canterbury",1010,10.3,6,NA
"8205","20180612:0000",-42.94461,171.56415,"Arthur's Pass National Park",2133,NA,0,"Canterbury",1010,10.2,4.2,NA
"8206","20180613:0000",-42.94461,171.56415,"Arthur's Pass National Park",2133,NA,0,"Canterbury",1010,5.3,5.75,NA
"8207","20180614:0000",-42.94461,171.56415,"Arthur's Pass National Park",2133,NA,0,"Canterbury",1010,0.3,5.7,NA
"8208","20180615:0000",-42.94461,171.56415,"Arthur's Pass National Park",2133,NA,0,"Canterbury",1010,12.3,5.25,NA
"8209","20180616:0000",-42.94461,171.56415,"Arthur's Pass National Park",2133,NA,0,"Canterbury",1010,1.2,7.55,NA
"8210","20180617:0000",-42.94461,171.56415,"Arthur's Pass National Park",2133,NA,0,"Canterbury",1010,3.4,4.9,NA
"8211","20180618:0000",-42.94461,171.56415,"Arthur's Pass National Park",2133,NA,0,"Canterbury",1010,0.7,2.55,NA
"8212","20180619:0000",-42.94461,171.56415,"Arthur's Pass National Park",2133,NA,0,"Canterbury",1010,6.4,3.45,NA
"8213","20180620:0000",-42.94461,171.56415,"Arthur's Pass National Park",2133,NA,0,"Canterbury",1010,7.8,4.6,NA
"8214","20180621:0000",-42.94461,171.56415,"Arthur's Pass National Park",2133,NA,0,"Canterbury",1010,4,2.45,NA
"8215","20180622:0000",-42.94461,171.56415,"Arthur's Pass National Park",2133,NA,0,"Canterbury",1010,0.8,1.5,NA
"8216","20180623:0000",-42.94461,171.56415,"Arthur's Pass National Park",2133,NA,0,"Canterbury",1010,7.5,1.6,NA
"8217","20180624:0000",-42.94461,171.56415,"Arthur's Pass National Park",2133,NA,0,"Canterbury",1010,16.9,3.95,NA
"8218","20180625:0000",-42.94461,171.56415,"Arthur's Pass National Park",2133,NA,0,"Canterbury",1010,9.3,0.85,NA
"8219","20180626:0000",-42.94461,171.56415,"Arthur's Pass National Park",2133,NA,0,"Canterbury",1010,1.8,0.5,NA
"8220","20180627:0000",-42.94461,171.56415,"Arthur's Pass National Park",2133,NA,0,"Canterbury",1010,0.6,0.55,NA
"8221","20180628:0000",-42.94461,171.56415,"Arthur's Pass National Park",2133,NA,0,"Canterbury",1010,0.3,1.25,NA
"8222","20180629:0000",-42.94461,171.56415,"Arthur's Pass National Park",2133,NA,0,"Canterbury",1010,0.2,0.75,NA
"8223","20180630:0000",-42.94461,171.56415,"Arthur's Pass National Park",2133,NA,0,"Canterbury",1010,0.9,1.25,NA
"8224","20180701:0000",-42.94461,171.56415,"Arthur's Pass National Park",2133,NA,0,"Canterbury",1010,16.6,3.15,NA
"8225","20180702:0000",-42.94461,171.56415,"Arthur's Pass National Park",2133,NA,0,"Canterbury",1010,0.7,4.2,NA
"8226","20180703:0000",-42.94461,171.56415,"Arthur's Pass National Park",2133,NA,0,"Canterbury",1010,1,2.95,NA
"8227","20180704:0000",-42.94461,171.56415,"Arthur's Pass National Park",2133,NA,0,"Canterbury",1010,8.5,2.3,NA
"8228","20180705:0000",-42.94461,171.56415,"Arthur's Pass National Park",2133,NA,0,"Canterbury",1010,1.2,3.55,NA
"8229","20180706:0000",-42.94461,171.56415,"Arthur's Pass National Park",2133,NA,0,"Canterbury",1010,13.6,4.2,NA
"8230","20180707:0000",-42.94461,171.56415,"Arthur's Pass National Park",2133,NA,0,"Canterbury",1010,19.3,7.25,NA
"8231","20180708:0000",-42.94461,171.56415,"Arthur's Pass National Park",2133,NA,0,"Canterbury",1010,5.5,6.65,NA
"8232","20180709:0000",-42.94461,171.56415,"Arthur's Pass National Park",2133,NA,0,"Canterbury",1010,7.6,2.35,NA
"8233","20180710:0000",-42.94461,171.56415,"Arthur's Pass National Park",2133,NA,0,"Canterbury",1010,0.1,2.45,NA
"8234","20180711:0000",-42.94461,171.56415,"Arthur's Pass National Park",2133,NA,0,"Canterbury",1010,9.2,2.1,NA
"8235","20180712:0000",-42.94461,171.56415,"Arthur's Pass National Park",2133,NA,0,"Canterbury",1010,2.5,3.05,NA
"8236","20180713:0000",-42.94461,171.56415,"Arthur's Pass National Park",2133,NA,0,"Canterbury",1010,11.3,1.65,NA
"8237","20180714:0000",-42.94461,171.56415,"Arthur's Pass National Park",2133,NA,0,"Canterbury",1010,1.3,4.5,NA
"8238","20180715:0000",-42.94461,171.56415,"Arthur's Pass National Park",2133,NA,0,"Canterbury",1010,2.3,1,NA
"8239","20180716:0000",-42.94461,171.56415,"Arthur's Pass National Park",2133,NA,0,"Canterbury",1010,0.4,2.65,NA
"8240","20180717:0000",-42.94461,171.56415,"Arthur's Pass National Park",2133,NA,0,"Canterbury",1010,4.2,5.3,NA
"8241","20180718:0000",-42.94461,171.56415,"Arthur's Pass National Park",2133,NA,0,"Canterbury",1010,0.5,2.6,NA
"8242","20180719:0000",-42.94461,171.56415,"Arthur's Pass National Park",2133,NA,0,"Canterbury",1010,4.5,3.1,NA
"8243","20180720:0000",-42.94461,171.56415,"Arthur's Pass National Park",2133,NA,0,"Canterbury",1010,6.4,3.75,NA
"8244","20180721:0000",-42.94461,171.56415,"Arthur's Pass National Park",2133,NA,0,"Canterbury",1010,19.2,6.35,NA
"8245","20180722:0000",-42.94461,171.56415,"Arthur's Pass National Park",2133,NA,0,"Canterbury",1010,7.3,3,NA
"8246","20180723:0000",-42.94461,171.56415,"Arthur's Pass National Park",2133,NA,0,"Canterbury",1010,1.5,2.35,NA
"8247","20180724:0000",-42.94461,171.56415,"Arthur's Pass National Park",2133,NA,0,"Canterbury",1010,5.4,1.75,NA
"8248","20180725:0000",-42.94461,171.56415,"Arthur's Pass National Park",2133,NA,0,"Canterbury",1010,0.1,2.25,NA
"8249","20180726:0000",-42.94461,171.56415,"Arthur's Pass National Park",2133,NA,0,"Canterbury",1010,12.4,3.55,NA
"8250","20180727:0000",-42.94461,171.56415,"Arthur's Pass National Park",2133,NA,0,"Canterbury",1010,11.9,2.95,NA
"8251","20180728:0000",-42.94461,171.56415,"Arthur's Pass National Park",2133,NA,0,"Canterbury",1010,6.9,3.85,NA
"8252","20180729:0000",-42.94461,171.56415,"Arthur's Pass National Park",2133,NA,0,"Canterbury",1010,4,5.45,NA
"8253","20180730:0000",-42.94461,171.56415,"Arthur's Pass National Park",2133,NA,0,"Canterbury",1010,0.6,2.1,NA
"8254","20180731:0000",-42.94461,171.56415,"Arthur's Pass National Park",2133,NA,0,"Canterbury",1010,18.1,2.7,NA
"8255","20180801:0000",-42.94461,171.56415,"Arthur's Pass National Park",2133,NA,0,"Canterbury",1010,3.1,6.15,NA
"8256","20180802:0000",-42.94461,171.56415,"Arthur's Pass National Park",2133,NA,0,"Canterbury",1010,9.7,5,NA
"8257","20180803:0000",-42.94461,171.56415,"Arthur's Pass National Park",2133,NA,0,"Canterbury",1010,0.9,3.95,NA
"8258","20180804:0000",-42.94461,171.56415,"Arthur's Pass National Park",2133,NA,0,"Canterbury",1010,0.9,4.7,NA
"8259","20180805:0000",-42.94461,171.56415,"Arthur's Pass National Park",2133,NA,0,"Canterbury",1010,0.4,3.75,NA
"8260","20180806:0000",-42.94461,171.56415,"Arthur's Pass National Park",2133,NA,0,"Canterbury",1010,0.1,2.75,NA
"8261","20180807:0000",-42.94461,171.56415,"Arthur's Pass National Park",2133,NA,0,"Canterbury",1010,6,4.05,NA
"8262","20180808:0000",-42.94461,171.56415,"Arthur's Pass National Park",2133,NA,0,"Canterbury",1010,4.9,4.2,NA
"8263","20180809:0000",-42.94461,171.56415,"Arthur's Pass National Park",2133,NA,0,"Canterbury",1010,9.3,5.8,NA
"8264","20180810:0000",-42.94461,171.56415,"Arthur's Pass National Park",2133,NA,0,"Canterbury",1010,0.2,5.55,NA
"8265","20180811:0000",-42.94461,171.56415,"Arthur's Pass National Park",2133,NA,0,"Canterbury",1010,0.7,4.45,NA
"8266","20180812:0000",-42.94461,171.56415,"Arthur's Pass National Park",2133,NA,0,"Canterbury",1010,12,4.45,NA
"8267","20180813:0000",-42.94461,171.56415,"Arthur's Pass National Park",2133,NA,0,"Canterbury",1010,8.9,5.15,NA
"8268","20180814:0000",-42.94461,171.56415,"Arthur's Pass National Park",2133,NA,0,"Canterbury",1010,1.1,5.5,NA
"8269","20180815:0000",-42.94461,171.56415,"Arthur's Pass National Park",2133,NA,0,"Canterbury",1010,1.7,5.75,NA
"8270","20180816:0000",-42.94461,171.56415,"Arthur's Pass National Park",2133,NA,0,"Canterbury",1010,18.1,4.3,NA
"8271","20180817:0000",-42.94461,171.56415,"Arthur's Pass National Park",2133,NA,0,"Canterbury",1010,6.6,4,NA
"8272","20180818:0000",-42.94461,171.56415,"Arthur's Pass National Park",2133,NA,0,"Canterbury",1010,1.5,3.05,NA
"8273","20180819:0000",-42.94461,171.56415,"Arthur's Pass National Park",2133,NA,0,"Canterbury",1010,1,2.6,NA
"8274","20180820:0000",-42.94461,171.56415,"Arthur's Pass National Park",2133,NA,0,"Canterbury",1010,0.6,1.8,NA
"8275","20180821:0000",-42.94461,171.56415,"Arthur's Pass National Park",2133,NA,0,"Canterbury",1010,1.6,4.9,NA
"8276","20180822:0000",-42.94461,171.56415,"Arthur's Pass National Park",2133,NA,0,"Canterbury",1010,2.4,3.35,NA
"8277","20180823:0000",-42.94461,171.56415,"Arthur's Pass National Park",2133,NA,0,"Canterbury",1010,NA,1.45,NA
"8278","20180824:0000",-42.94461,171.56415,"Arthur's Pass National Park",2133,NA,0,"Canterbury",1010,0.9,3.3,NA
"8279","20180825:0000",-42.94461,171.56415,"Arthur's Pass National Park",2133,NA,0,"Canterbury",1010,3.1,3.5,NA
"8280","20180826:0000",-42.94461,171.56415,"Arthur's Pass National Park",2133,NA,0,"Canterbury",1010,10.2,5.35,NA
"8281","20180827:0000",-42.94461,171.56415,"Arthur's Pass National Park",2133,NA,0,"Canterbury",1010,8.9,6.75,NA
"8282","20180828:0000",-42.94461,171.56415,"Arthur's Pass National Park",2133,NA,0,"Canterbury",1010,1.2,6.2,NA
"8283","20180829:0000",-42.94461,171.56415,"Arthur's Pass National Park",2133,NA,0,"Canterbury",1010,1.6,4.25,NA
"8284","20180830:0000",-42.94461,171.56415,"Arthur's Pass National Park",2133,NA,0,"Canterbury",1010,0.4,5.45,NA
"8285","20180831:0000",-42.94461,171.56415,"Arthur's Pass National Park",2133,NA,0,"Canterbury",1010,4.6,5.5,NA
"8286","20180901:0000",-42.94461,171.56415,"Arthur's Pass National Park",2133,NA,0,"Canterbury",1010,11.7,4.15,NA
"8287","20180902:0000",-42.94461,171.56415,"Arthur's Pass National Park",2133,NA,0,"Canterbury",1010,1,6.15,NA
"8288","20180903:0000",-42.94461,171.56415,"Arthur's Pass National Park",2133,NA,0,"Canterbury",1010,8.7,2.85,NA
"8289","20180904:0000",-42.94461,171.56415,"Arthur's Pass National Park",2133,NA,0,"Canterbury",1010,7.5,4.25,NA
"8290","20180905:0000",-42.94461,171.56415,"Arthur's Pass National Park",2133,NA,0,"Canterbury",1010,8.5,4.35,NA
"8291","20180906:0000",-42.94461,171.56415,"Arthur's Pass National Park",2133,NA,0,"Canterbury",1010,4.7,4.4,NA
"8292","20180907:0000",-42.94461,171.56415,"Arthur's Pass National Park",2133,NA,0,"Canterbury",1010,4.7,4.3,NA
"8293","20180908:0000",-42.94461,171.56415,"Arthur's Pass National Park",2133,NA,0,"Canterbury",1010,0.3,4.6,NA
"8294","20180909:0000",-42.94461,171.56415,"Arthur's Pass National Park",2133,NA,0,"Canterbury",1010,0.3,4.7,NA
"8295","20180910:0000",-42.94461,171.56415,"Arthur's Pass National Park",2133,NA,0,"Canterbury",1010,0.4,6.15,NA
"8296","20180911:0000",-42.94461,171.56415,"Arthur's Pass National Park",2133,NA,0,"Canterbury",1010,0.3,6.9,NA
"8297","20180912:0000",-42.94461,171.56415,"Arthur's Pass National Park",2133,NA,0,"Canterbury",1010,8.7,7,NA
"8298","20180913:0000",-42.94461,171.56415,"Arthur's Pass National Park",2133,NA,0,"Canterbury",1010,13.8,7.8,NA
"8299","20180914:0000",-42.94461,171.56415,"Arthur's Pass National Park",2133,NA,0,"Canterbury",1010,9.1,10.15,NA
"8300","20180915:0000",-42.94461,171.56415,"Arthur's Pass National Park",2133,NA,0,"Canterbury",1010,1.9,8.7,NA
"8301","20180916:0000",-42.94461,171.56415,"Arthur's Pass National Park",2133,NA,0,"Canterbury",1010,12.2,6.6,NA
"8302","20180917:0000",-42.94461,171.56415,"Arthur's Pass National Park",2133,NA,0,"Canterbury",1010,11.6,7.65,NA
"8303","20180918:0000",-42.94461,171.56415,"Arthur's Pass National Park",2133,NA,0,"Canterbury",1010,4.5,5.6,NA
"8304","20180919:0000",-42.94461,171.56415,"Arthur's Pass National Park",2133,NA,0,"Canterbury",1010,2.3,6.6,NA
"8305","20180920:0000",-42.94461,171.56415,"Arthur's Pass National Park",2133,NA,0,"Canterbury",1010,3.5,7.45,NA
"8306","20180921:0000",-42.94461,171.56415,"Arthur's Pass National Park",2133,NA,0,"Canterbury",1010,0.5,8.35,NA
"8307","20180922:0000",-42.94461,171.56415,"Arthur's Pass National Park",2133,NA,0,"Canterbury",1010,0.4,8.3,NA
"8308","20180923:0000",-42.94461,171.56415,"Arthur's Pass National Park",2133,NA,0,"Canterbury",1010,15.2,6.55,NA
"8309","20180924:0000",-42.94461,171.56415,"Arthur's Pass National Park",2133,NA,0,"Canterbury",1010,3.8,5.85,NA
"8310","20180925:0000",-42.94461,171.56415,"Arthur's Pass National Park",2133,NA,0,"Canterbury",1010,1.1,4.4,NA
"8311","20180926:0000",-42.94461,171.56415,"Arthur's Pass National Park",2133,NA,0,"Canterbury",1010,13.8,4.7,NA
"8312","20180927:0000",-42.94461,171.56415,"Arthur's Pass National Park",2133,NA,0,"Canterbury",1010,4,6.55,NA
"8313","20180928:0000",-42.94461,171.56415,"Arthur's Pass National Park",2133,NA,0,"Canterbury",1010,9.5,5.1,NA
"8314","20180929:0000",-42.94461,171.56415,"Arthur's Pass National Park",2133,NA,0,"Canterbury",1010,11.2,6,NA
"8315","20180930:0000",-42.94461,171.56415,"Arthur's Pass National Park",2133,NA,0,"Canterbury",1010,9.3,6.5,NA
"8316","20181001:0000",-42.94461,171.56415,"Arthur's Pass National Park",2133,NA,0,"Canterbury",1010,2.5,8.25,NA
"8317","20181002:0000",-42.94461,171.56415,"Arthur's Pass National Park",2133,NA,0,"Canterbury",1010,10.5,7.3,NA
"8318","20181003:0000",-42.94461,171.56415,"Arthur's Pass National Park",2133,NA,0,"Canterbury",1010,8.3,6.95,NA
"8319","20181004:0000",-42.94461,171.56415,"Arthur's Pass National Park",2133,NA,0,"Canterbury",1010,10.1,6.15,NA
"8320","20181005:0000",-42.94461,171.56415,"Arthur's Pass National Park",2133,NA,0,"Canterbury",1010,7.7,7.6,NA
"8321","20181006:0000",-42.94461,171.56415,"Arthur's Pass National Park",2133,NA,0,"Canterbury",1010,0.8,7.8,NA
"8322","20181007:0000",-42.94461,171.56415,"Arthur's Pass National Park",2133,NA,0,"Canterbury",1010,4.6,8.5,NA
"8323","20181008:0000",-42.94461,171.56415,"Arthur's Pass National Park",2133,NA,0,"Canterbury",1010,8.4,6.75,NA
"8324","20181009:0000",-42.94461,171.56415,"Arthur's Pass National Park",2133,NA,0,"Canterbury",1010,8.5,5.45,NA
"8325","20181010:0000",-42.94461,171.56415,"Arthur's Pass National Park",2133,NA,0,"Canterbury",1010,13.2,5.35,NA
"8326","20181011:0000",-42.94461,171.56415,"Arthur's Pass National Park",2133,NA,0,"Canterbury",1010,2.1,6.05,NA
"8327","20181012:0000",-42.94461,171.56415,"Arthur's Pass National Park",2133,NA,0,"Canterbury",1010,7.9,2.65,NA
"8328","20181013:0000",-42.94461,171.56415,"Arthur's Pass National Park",2133,NA,0,"Canterbury",1010,0.3,3.45,NA
"8329","20181014:0000",-42.94461,171.56415,"Arthur's Pass National Park",2133,NA,0,"Canterbury",1010,2.4,4.2,NA
"8330","20181015:0000",-42.94461,171.56415,"Arthur's Pass National Park",2133,NA,0,"Canterbury",1010,0.2,6.9,NA
"8331","20181016:0000",-42.94461,171.56415,"Arthur's Pass National Park",2133,NA,0,"Canterbury",1010,9.5,7.35,NA
"8332","20181017:0000",-42.94461,171.56415,"Arthur's Pass National Park",2133,NA,0,"Canterbury",1010,8.4,7.75,NA
"8333","20181018:0000",-42.94461,171.56415,"Arthur's Pass National Park",2133,NA,0,"Canterbury",1010,1.3,10.75,NA
"8334","20181019:0000",-42.94461,171.56415,"Arthur's Pass National Park",2133,NA,0,"Canterbury",1010,11.6,10.15,NA
"8335","20181020:0000",-42.94461,171.56415,"Arthur's Pass National Park",2133,NA,0,"Canterbury",1010,13.6,11.35,NA
"8336","20181021:0000",-42.94461,171.56415,"Arthur's Pass National Park",2133,NA,0,"Canterbury",1010,0.3,13.7,NA
"8337","20181022:0000",-42.94461,171.56415,"Arthur's Pass National Park",2133,NA,0,"Canterbury",1010,1.2,13.8,NA
"8338","20181023:0000",-42.94461,171.56415,"Arthur's Pass National Park",2133,NA,0,"Canterbury",1010,11.1,12.4,NA
"8339","20181024:0000",-42.94461,171.56415,"Arthur's Pass National Park",2133,NA,0,"Canterbury",1010,16.4,12.25,NA
"8340","20181025:0000",-42.94461,171.56415,"Arthur's Pass National Park",2133,NA,0,"Canterbury",1010,4.6,8.9,NA
"8341","20181026:0000",-42.94461,171.56415,"Arthur's Pass National Park",2133,NA,0,"Canterbury",1010,0.9,6.95,NA
"8342","20181027:0000",-42.94461,171.56415,"Arthur's Pass National Park",2133,NA,0,"Canterbury",1010,11.3,6.3,NA
"8343","20181028:0000",-42.94461,171.56415,"Arthur's Pass National Park",2133,NA,0,"Canterbury",1010,16.7,7.65,NA
"8344","20181029:0000",-42.94461,171.56415,"Arthur's Pass National Park",2133,NA,0,"Canterbury",1010,3.9,7.15,NA
"8345","20181030:0000",-42.94461,171.56415,"Arthur's Pass National Park",2133,NA,0,"Canterbury",1010,4.7,6.05,NA
"8346","20181031:0000",-42.94461,171.56415,"Arthur's Pass National Park",2133,NA,0,"Canterbury",1010,1.2,5.95,NA
"8347","20181101:0000",-42.94461,171.56415,"Arthur's Pass National Park",2133,NA,0,"Canterbury",1010,4.9,7.05,NA
"8348","20181102:0000",-42.94461,171.56415,"Arthur's Pass National Park",2133,NA,0,"Canterbury",1010,9.3,5.85,NA
"8349","20181103:0000",-42.94461,171.56415,"Arthur's Pass National Park",2133,NA,0,"Canterbury",1010,20.5,10,NA
"8350","20181104:0000",-42.94461,171.56415,"Arthur's Pass National Park",2133,NA,0,"Canterbury",1010,15.1,6,NA
"8351","20181105:0000",-42.94461,171.56415,"Arthur's Pass National Park",2133,NA,0,"Canterbury",1010,12.1,7.95,NA
"8352","20181106:0000",-42.94461,171.56415,"Arthur's Pass National Park",2133,NA,0,"Canterbury",1010,9.1,10.45,NA
"8353","20181107:0000",-42.94461,171.56415,"Arthur's Pass National Park",2133,NA,0,"Canterbury",1010,12.7,11.45,NA
"8354","20181108:0000",-42.94461,171.56415,"Arthur's Pass National Park",2133,NA,0,"Canterbury",1010,15,11.7,NA
"8355","20181109:0000",-42.94461,171.56415,"Arthur's Pass National Park",2133,NA,0,"Canterbury",1010,9.4,5.35,NA
"8356","20181110:0000",-42.94461,171.56415,"Arthur's Pass National Park",2133,NA,0,"Canterbury",1010,4.2,5.7,NA
"8357","20181111:0000",-42.94461,171.56415,"Arthur's Pass National Park",2133,NA,0,"Canterbury",1010,1.4,8.25,NA
"8358","20181112:0000",-42.94461,171.56415,"Arthur's Pass National Park",2133,NA,0,"Canterbury",1010,8.7,9.6,NA
"8359","20181113:0000",-42.94461,171.56415,"Arthur's Pass National Park",2133,NA,0,"Canterbury",1010,2.2,12.05,NA
"8360","20181114:0000",-42.94461,171.56415,"Arthur's Pass National Park",2133,NA,0,"Canterbury",1010,14.4,13,NA
"8361","20181115:0000",-42.94461,171.56415,"Arthur's Pass National Park",2133,NA,0,"Canterbury",1010,14.8,12.9,NA
"8362","20181116:0000",-42.94461,171.56415,"Arthur's Pass National Park",2133,NA,0,"Canterbury",1010,8.3,11.35,NA
"8363","20181117:0000",-42.94461,171.56415,"Arthur's Pass National Park",2133,NA,0,"Canterbury",1010,6.6,11.45,NA
"8364","20181118:0000",-42.94461,171.56415,"Arthur's Pass National Park",2133,NA,0,"Canterbury",1010,7.2,9.2,NA
"8365","20181119:0000",-42.94461,171.56415,"Arthur's Pass National Park",2133,NA,0,"Canterbury",1010,1.3,3.25,NA
"8366","20181120:0000",-42.94461,171.56415,"Arthur's Pass National Park",2133,NA,0,"Canterbury",1010,4.9,2.95,NA
"8367","20181121:0000",-42.94461,171.56415,"Arthur's Pass National Park",2133,NA,0,"Canterbury",1010,1.1,5.85,NA
"8368","20181122:0000",-42.94461,171.56415,"Arthur's Pass National Park",2133,NA,0,"Canterbury",1010,1,8.9,NA
"8369","20181123:0000",-42.94461,171.56415,"Arthur's Pass National Park",2133,NA,0,"Canterbury",1010,0.8,10.15,NA
"8370","20181124:0000",-42.94461,171.56415,"Arthur's Pass National Park",2133,NA,0,"Canterbury",1010,4.9,11.15,NA
"8371","20181125:0000",-42.94461,171.56415,"Arthur's Pass National Park",2133,NA,0,"Canterbury",1010,6.5,12.2,NA
"8372","20181126:0000",-42.94461,171.56415,"Arthur's Pass National Park",2133,NA,0,"Canterbury",1010,9.9,10,NA
"8373","20181127:0000",-42.94461,171.56415,"Arthur's Pass National Park",2133,NA,0,"Canterbury",1010,5.4,9.4,NA
"8374","20181128:0000",-42.94461,171.56415,"Arthur's Pass National Park",2133,NA,0,"Canterbury",1010,6.4,11.6,NA
"8375","20181129:0000",-42.94461,171.56415,"Arthur's Pass National Park",2133,NA,0,"Canterbury",1010,7.9,13.2,NA
"8376","20181130:0000",-42.94461,171.56415,"Arthur's Pass National Park",2133,NA,0,"Canterbury",1010,6.2,14.1,NA
"8377","20181201:0000",-42.94461,171.56415,"Arthur's Pass National Park",2133,NA,0,"Canterbury",1010,1.1,13.5,NA
"8378","20181202:0000",-42.94461,171.56415,"Arthur's Pass National Park",2133,NA,0,"Canterbury",1010,3.7,13.9,NA
"8379","20181203:0000",-42.94461,171.56415,"Arthur's Pass National Park",2133,NA,0,"Canterbury",1010,0.8,15.25,NA
"8380","20181204:0000",-42.94461,171.56415,"Arthur's Pass National Park",2133,NA,0,"Canterbury",1010,12.2,13.2,NA
"8381","20181205:0000",-42.94461,171.56415,"Arthur's Pass National Park",2133,NA,0,"Canterbury",1010,3,9.1,NA
"8382","20181206:0000",-42.94461,171.56415,"Arthur's Pass National Park",2133,NA,0,"Canterbury",1010,5.1,9.65,NA
"8383","20181207:0000",-42.94461,171.56415,"Arthur's Pass National Park",2133,NA,0,"Canterbury",1010,2.1,11.35,NA
"8384","20181208:0000",-42.94461,171.56415,"Arthur's Pass National Park",2133,NA,0,"Canterbury",1010,11.8,12.4,NA
"8385","20181209:0000",-42.94461,171.56415,"Arthur's Pass National Park",2133,NA,0,"Canterbury",1010,19.5,13.3,NA
"8386","20181210:0000",-42.94461,171.56415,"Arthur's Pass National Park",2133,NA,0,"Canterbury",1010,7.2,15.85,NA
"8387","20181211:0000",-42.94461,171.56415,"Arthur's Pass National Park",2133,NA,0,"Canterbury",1010,10.1,11.85,NA
"8388","20181212:0000",-42.94461,171.56415,"Arthur's Pass National Park",2133,NA,0,"Canterbury",1010,3.8,14.15,NA
"8389","20181213:0000",-42.94461,171.56415,"Arthur's Pass National Park",2133,NA,0,"Canterbury",1010,6.7,13.7,NA
"8390","20181214:0000",-42.94461,171.56415,"Arthur's Pass National Park",2133,NA,0,"Canterbury",1010,3.5,15.3,NA
"8391","20181215:0000",-42.94461,171.56415,"Arthur's Pass National Park",2133,NA,0,"Canterbury",1010,4.5,14.6,NA
"8392","20181216:0000",-42.94461,171.56415,"Arthur's Pass National Park",2133,NA,0,"Canterbury",1010,7.6,16.8,NA
"8393","20181217:0000",-42.94461,171.56415,"Arthur's Pass National Park",2133,NA,0,"Canterbury",1010,14.1,16.25,NA
"8394","20181218:0000",-42.94461,171.56415,"Arthur's Pass National Park",2133,NA,0,"Canterbury",1010,13.8,13.45,NA
"8395","20181219:0000",-42.94461,171.56415,"Arthur's Pass National Park",2133,NA,0,"Canterbury",1010,3.7,12.15,NA
"8396","20181220:0000",-42.94461,171.56415,"Arthur's Pass National Park",2133,NA,0,"Canterbury",1010,4.7,8.55,NA
"8397","20181221:0000",-42.94461,171.56415,"Arthur's Pass National Park",2133,NA,0,"Canterbury",1010,6.4,11.3,NA
"8398","20181222:0000",-42.94461,171.56415,"Arthur's Pass National Park",2133,NA,0,"Canterbury",1010,11.4,10.25,NA
"8399","20181223:0000",-42.94461,171.56415,"Arthur's Pass National Park",2133,NA,0,"Canterbury",1010,4.5,11.55,NA
"8400","20181224:0000",-42.94461,171.56415,"Arthur's Pass National Park",2133,NA,0,"Canterbury",1010,3.8,14.35,NA
"8401","20181225:0000",-42.94461,171.56415,"Arthur's Pass National Park",2133,NA,0,"Canterbury",1010,6.9,16.5,NA
"8402","20181226:0000",-42.94461,171.56415,"Arthur's Pass National Park",2133,NA,0,"Canterbury",1010,6.7,14.5,NA
"8403","20181227:0000",-42.94461,171.56415,"Arthur's Pass National Park",2133,NA,0,"Canterbury",1010,9.3,12,NA
"8404","20181228:0000",-42.94461,171.56415,"Arthur's Pass National Park",2133,NA,0,"Canterbury",1010,1.4,12.85,NA
"8405","20181229:0000",-42.94461,171.56415,"Arthur's Pass National Park",2133,NA,0,"Canterbury",1010,14.8,10.55,NA
"8406","20181230:0000",-42.94461,171.56415,"Arthur's Pass National Park",2133,NA,0,"Canterbury",1010,9,12.4,NA
"8407","20181231:0000",-42.94461,171.56415,"Arthur's Pass National Park",2133,NA,0,"Canterbury",1010,10.5,15.3,NA
"8408","20190101:0000",-42.94461,171.56415,"Arthur's Pass National Park",2133,NA,0,"Canterbury",1010,12.7,16.7,NA
"8409","20190102:0000",-42.94461,171.56415,"Arthur's Pass National Park",2133,NA,0,"Canterbury",1010,9.1,15.5,NA
"8410","20190103:0000",-42.94461,171.56415,"Arthur's Pass National Park",2133,NA,0,"Canterbury",1010,16.5,15.9,NA
"8411","20190104:0000",-42.94461,171.56415,"Arthur's Pass National Park",2133,NA,0,"Canterbury",1010,10.8,12,NA
"8412","20190105:0000",-42.94461,171.56415,"Arthur's Pass National Park",2133,NA,0,"Canterbury",1010,19.9,14.7,NA
"8413","20190106:0000",-42.94461,171.56415,"Arthur's Pass National Park",2133,NA,0,"Canterbury",1010,11.6,14.5,NA
"8414","20190107:0000",-42.94461,171.56415,"Arthur's Pass National Park",2133,NA,0,"Canterbury",1010,14.7,13.2,NA
"8415","20190108:0000",-42.94461,171.56415,"Arthur's Pass National Park",2133,NA,0,"Canterbury",1010,9,13.6,NA
"8416","20190109:0000",-42.94461,171.56415,"Arthur's Pass National Park",2133,NA,0,"Canterbury",1010,11.4,14.2,NA
"8417","20190110:0000",-42.94461,171.56415,"Arthur's Pass National Park",2133,NA,0,"Canterbury",1010,9.8,16,NA
"8418","20190111:0000",-42.94461,171.56415,"Arthur's Pass National Park",2133,NA,0,"Canterbury",1010,8.8,13.8,NA
"8419","20190112:0000",-42.94461,171.56415,"Arthur's Pass National Park",2133,NA,0,"Canterbury",1010,5.3,14.15,NA
"8420","20190113:0000",-42.94461,171.56415,"Arthur's Pass National Park",2133,NA,0,"Canterbury",1010,10.2,13.25,NA
"8421","20190114:0000",-42.94461,171.56415,"Arthur's Pass National Park",2133,NA,0,"Canterbury",1010,5,9.55,NA
"8422","20190115:0000",-42.94461,171.56415,"Arthur's Pass National Park",2133,NA,0,"Canterbury",1010,8.4,13.95,NA
"8423","20190116:0000",-42.94461,171.56415,"Arthur's Pass National Park",2133,NA,0,"Canterbury",1010,2.2,15,NA
"8424","20190117:0000",-42.94461,171.56415,"Arthur's Pass National Park",2133,NA,0,"Canterbury",1010,10.7,14.15,NA
"8425","20190118:0000",-42.94461,171.56415,"Arthur's Pass National Park",2133,NA,0,"Canterbury",1010,3.7,18,NA
"8426","20190119:0000",-42.94461,171.56415,"Arthur's Pass National Park",2133,NA,0,"Canterbury",1010,13.6,15.5,NA
"8427","20190120:0000",-42.94461,171.56415,"Arthur's Pass National Park",2133,NA,0,"Canterbury",1010,10.6,11.8,NA
"8428","20190121:0000",-42.94461,171.56415,"Arthur's Pass National Park",2133,NA,0,"Canterbury",1010,14,11.35,NA
"8429","20190122:0000",-42.94461,171.56415,"Arthur's Pass National Park",2133,NA,0,"Canterbury",1010,16.7,12.05,NA
"8430","20190123:0000",-42.94461,171.56415,"Arthur's Pass National Park",2133,NA,0,"Canterbury",1010,12.7,14.6,NA
"8431","20190124:0000",-42.94461,171.56415,"Arthur's Pass National Park",2133,NA,0,"Canterbury",1010,5,10.85,NA
"8432","20190125:0000",-42.94461,171.56415,"Arthur's Pass National Park",2133,NA,0,"Canterbury",1010,6.3,10.8,NA
"8433","20190126:0000",-42.94461,171.56415,"Arthur's Pass National Park",2133,NA,0,"Canterbury",1010,14.3,12.35,NA
"8434","20190127:0000",-42.94461,171.56415,"Arthur's Pass National Park",2133,NA,0,"Canterbury",1010,13,14.25,NA
"8435","20190128:0000",-42.94461,171.56415,"Arthur's Pass National Park",2133,NA,0,"Canterbury",1010,4.1,18.35,NA
"8436","20190129:0000",-42.94461,171.56415,"Arthur's Pass National Park",2133,NA,0,"Canterbury",1010,9.1,18.4,NA
"8437","20190130:0000",-42.94461,171.56415,"Arthur's Pass National Park",2133,NA,0,"Canterbury",1010,13.7,19.7,NA
"8438","20190131:0000",-42.94461,171.56415,"Arthur's Pass National Park",2133,NA,0,"Canterbury",1010,4,20,NA
"8439","20190201:0000",-42.94461,171.56415,"Arthur's Pass National Park",2133,NA,0,"Canterbury",1010,19.3,15.9,NA
"8440","20190202:0000",-42.94461,171.56415,"Arthur's Pass National Park",2133,NA,0,"Canterbury",1010,0.4,12.6,NA
"8441","20190203:0000",-42.94461,171.56415,"Arthur's Pass National Park",2133,NA,0,"Canterbury",1010,9,12.85,NA
"8442","20190204:0000",-42.94461,171.56415,"Arthur's Pass National Park",2133,NA,0,"Canterbury",1010,11.1,15.3,NA
"8443","20190205:0000",-42.94461,171.56415,"Arthur's Pass National Park",2133,NA,0,"Canterbury",1010,12,12.6,NA
"8444","20190206:0000",-42.94461,171.56415,"Arthur's Pass National Park",2133,NA,0,"Canterbury",1010,10.8,10.9,NA
"8445","20190207:0000",-42.94461,171.56415,"Arthur's Pass National Park",2133,NA,0,"Canterbury",1010,5.7,12.2,NA
"8446","20190208:0000",-42.94461,171.56415,"Arthur's Pass National Park",2133,NA,0,"Canterbury",1010,7.5,13.2,NA
"8447","20190209:0000",-42.94461,171.56415,"Arthur's Pass National Park",2133,NA,0,"Canterbury",1010,12.1,15.15,NA
"8448","20190210:0000",-42.94461,171.56415,"Arthur's Pass National Park",2133,NA,0,"Canterbury",1010,10.2,16.4,NA
"8449","20190211:0000",-42.94461,171.56415,"Arthur's Pass National Park",2133,NA,0,"Canterbury",1010,6.6,15.45,NA
"8450","20190212:0000",-42.94461,171.56415,"Arthur's Pass National Park",2133,NA,0,"Canterbury",1010,10.4,14.7,NA
"8451","20190213:0000",-42.94461,171.56415,"Arthur's Pass National Park",2133,NA,0,"Canterbury",1010,6,17.05,NA
"8452","20190214:0000",-42.94461,171.56415,"Arthur's Pass National Park",2133,NA,0,"Canterbury",1010,12.8,15.75,NA
"8453","20190215:0000",-42.94461,171.56415,"Arthur's Pass National Park",2133,NA,0,"Canterbury",1010,9.1,13.35,NA
"8454","20190216:0000",-42.94461,171.56415,"Arthur's Pass National Park",2133,NA,0,"Canterbury",1010,6.4,12.6,NA
"8455","20190217:0000",-42.94461,171.56415,"Arthur's Pass National Park",2133,NA,0,"Canterbury",1010,11.4,11.6,NA
"8456","20190218:0000",-42.94461,171.56415,"Arthur's Pass National Park",2133,NA,0,"Canterbury",1010,8.8,13.1,NA
"8457","20190219:0000",-42.94461,171.56415,"Arthur's Pass National Park",2133,NA,0,"Canterbury",1010,12,15,NA
"8458","20190220:0000",-42.94461,171.56415,"Arthur's Pass National Park",2133,NA,0,"Canterbury",1010,6,14.25,NA
"8459","20190221:0000",-42.94461,171.56415,"Arthur's Pass National Park",2133,NA,0,"Canterbury",1010,9.1,13.95,NA
"8460","20190222:0000",-42.94461,171.56415,"Arthur's Pass National Park",2133,NA,0,"Canterbury",1010,19.6,15.15,NA
"8461","20190223:0000",-42.94461,171.56415,"Arthur's Pass National Park",2133,NA,0,"Canterbury",1010,2.2,9.65,NA
"8462","20190224:0000",-42.94461,171.56415,"Arthur's Pass National Park",2133,NA,0,"Canterbury",1010,10.7,7.25,NA
"8463","20190225:0000",-42.94461,171.56415,"Arthur's Pass National Park",2133,NA,0,"Canterbury",1010,7.6,9.4,NA
"8464","20190226:0000",-42.94461,171.56415,"Arthur's Pass National Park",2133,NA,0,"Canterbury",1010,6.1,10.3,NA
"8465","20190227:0000",-42.94461,171.56415,"Arthur's Pass National Park",2133,NA,0,"Canterbury",1010,17.7,10.45,NA
"8466","20190228:0000",-42.94461,171.56415,"Arthur's Pass National Park",2133,NA,0,"Canterbury",1010,2.9,7.6,NA
"8467","20190301:0000",-42.94461,171.56415,"Arthur's Pass National Park",2133,NA,0,"Canterbury",1010,0.5,8.75,NA
"8468","20190302:0000",-42.94461,171.56415,"Arthur's Pass National Park",2133,NA,0,"Canterbury",1010,1.4,11.3,NA
"8469","20190303:0000",-42.94461,171.56415,"Arthur's Pass National Park",2133,NA,0,"Canterbury",1010,0.9,12.4,NA
"8470","20190304:0000",-42.94461,171.56415,"Arthur's Pass National Park",2133,NA,0,"Canterbury",1010,13.8,12.2,NA
"8471","20190305:0000",-42.94461,171.56415,"Arthur's Pass National Park",2133,NA,0,"Canterbury",1010,8.4,12.45,NA
"8472","20190306:0000",-42.94461,171.56415,"Arthur's Pass National Park",2133,NA,0,"Canterbury",1010,5.5,14.4,NA
"8473","20190307:0000",-42.94461,171.56415,"Arthur's Pass National Park",2133,NA,0,"Canterbury",1010,9.6,14.25,NA
"8474","20190308:0000",-42.94461,171.56415,"Arthur's Pass National Park",2133,NA,0,"Canterbury",1010,5,9.05,NA
"8475","20190309:0000",-42.94461,171.56415,"Arthur's Pass National Park",2133,NA,0,"Canterbury",1010,0.3,11.5,NA
"8476","20190310:0000",-42.94461,171.56415,"Arthur's Pass National Park",2133,NA,0,"Canterbury",1010,6.8,9.5,NA
"8477","20190311:0000",-42.94461,171.56415,"Arthur's Pass National Park",2133,NA,0,"Canterbury",1010,0.5,12.2,NA
"8478","20190312:0000",-42.94461,171.56415,"Arthur's Pass National Park",2133,NA,0,"Canterbury",1010,6.1,14.85,NA
"8479","20190313:0000",-42.94461,171.56415,"Arthur's Pass National Park",2133,NA,0,"Canterbury",1010,9.3,13.35,NA
"8480","20190314:0000",-42.94461,171.56415,"Arthur's Pass National Park",2133,NA,0,"Canterbury",1010,2.7,13.35,NA
"8481","20190315:0000",-42.94461,171.56415,"Arthur's Pass National Park",2133,NA,0,"Canterbury",1010,4.2,12.3,NA
"8482","20190316:0000",-42.94461,171.56415,"Arthur's Pass National Park",2133,NA,0,"Canterbury",1010,2.5,13.65,NA
"8483","20190317:0000",-42.94461,171.56415,"Arthur's Pass National Park",2133,NA,0,"Canterbury",1010,2.2,15.95,NA
"8484","20190318:0000",-42.94461,171.56415,"Arthur's Pass National Park",2133,NA,0,"Canterbury",1010,2.4,15.5,NA
"8485","20190319:0000",-42.94461,171.56415,"Arthur's Pass National Park",2133,NA,0,"Canterbury",1010,0.1,15.9,NA
"8486","20190320:0000",-42.94461,171.56415,"Arthur's Pass National Park",2133,NA,0,"Canterbury",1010,1.9,17.85,NA
"8487","20190321:0000",-42.94461,171.56415,"Arthur's Pass National Park",2133,NA,0,"Canterbury",1010,0.8,15,NA
"8488","20190322:0000",-42.94461,171.56415,"Arthur's Pass National Park",2133,NA,0,"Canterbury",1010,2.5,14.55,NA
"8489","20190323:0000",-42.94461,171.56415,"Arthur's Pass National Park",2133,NA,0,"Canterbury",1010,0.3,13.9,NA
"8490","20190324:0000",-42.94461,171.56415,"Arthur's Pass National Park",2133,NA,0,"Canterbury",1010,9.7,14,NA
"8491","20190325:0000",-42.94461,171.56415,"Arthur's Pass National Park",2133,NA,0,"Canterbury",1010,7,13.6,NA
"8492","20190326:0000",-42.94461,171.56415,"Arthur's Pass National Park",2133,NA,0,"Canterbury",1010,20.7,15.35,NA
"8493","20190327:0000",-42.94461,171.56415,"Arthur's Pass National Park",2133,NA,0,"Canterbury",1010,3,13.35,NA
"8494","20190328:0000",-42.94461,171.56415,"Arthur's Pass National Park",2133,NA,0,"Canterbury",1010,0.8,10.8,NA
"8495","20190329:0000",-42.94461,171.56415,"Arthur's Pass National Park",2133,NA,0,"Canterbury",1010,0.4,11.5,NA
"8496","20190330:0000",-42.94461,171.56415,"Arthur's Pass National Park",2133,NA,0,"Canterbury",1010,0.5,12.3,NA
"8497","20190331:0000",-42.94461,171.56415,"Arthur's Pass National Park",2133,NA,0,"Canterbury",1010,4.4,13.45,NA
"8498","20190401:0000",-42.94461,171.56415,"Arthur's Pass National Park",2133,NA,0,"Canterbury",1010,11.8,12.15,NA
"8499","20190402:0000",-42.94461,171.56415,"Arthur's Pass National Park",2133,NA,0,"Canterbury",1010,0.3,7.25,NA
"8500","20190403:0000",-42.94461,171.56415,"Arthur's Pass National Park",2133,NA,0,"Canterbury",1010,0,6.95,NA
"8501","20190404:0000",-42.94461,171.56415,"Arthur's Pass National Park",2133,NA,0,"Canterbury",1010,4.4,6.4,NA
"8502","20190405:0000",-42.94461,171.56415,"Arthur's Pass National Park",2133,NA,0,"Canterbury",1010,5.4,4.4,NA
"8503","20190406:0000",-42.94461,171.56415,"Arthur's Pass National Park",2133,NA,0,"Canterbury",1010,7.8,4.55,NA
"8504","20190407:0000",-42.94461,171.56415,"Arthur's Pass National Park",2133,NA,0,"Canterbury",1010,4.8,4.15,NA
"8505","20190408:0000",-42.94461,171.56415,"Arthur's Pass National Park",2133,NA,0,"Canterbury",1010,3.4,10.65,NA
"8506","20190409:0000",-42.94461,171.56415,"Arthur's Pass National Park",2133,NA,0,"Canterbury",1010,6.9,9.65,NA
"8507","20190410:0000",-42.94461,171.56415,"Arthur's Pass National Park",2133,NA,0,"Canterbury",1010,12.2,11.3,NA
"8508","20190411:0000",-42.94461,171.56415,"Arthur's Pass National Park",2133,NA,0,"Canterbury",1010,1.6,9.35,NA
"8509","20190412:0000",-42.94461,171.56415,"Arthur's Pass National Park",2133,NA,0,"Canterbury",1010,4.6,7,NA
"8510","20190413:0000",-42.94461,171.56415,"Arthur's Pass National Park",2133,NA,0,"Canterbury",1010,3.5,7,NA
"8511","20190414:0000",-42.94461,171.56415,"Arthur's Pass National Park",2133,NA,0,"Canterbury",1010,4,7.65,NA
"8512","20190415:0000",-42.94461,171.56415,"Arthur's Pass National Park",2133,NA,0,"Canterbury",1010,4,7.35,NA
"8513","20190416:0000",-42.94461,171.56415,"Arthur's Pass National Park",2133,NA,0,"Canterbury",1010,3.3,6.7,NA
"8514","20190417:0000",-42.94461,171.56415,"Arthur's Pass National Park",2133,NA,0,"Canterbury",1010,0,7.3,NA
"8515","20190418:0000",-42.94461,171.56415,"Arthur's Pass National Park",2133,NA,0,"Canterbury",1010,0.3,7.85,NA
"8516","20190419:0000",-42.94461,171.56415,"Arthur's Pass National Park",2133,NA,0,"Canterbury",1010,14.1,8,NA
"8517","20190420:0000",-42.94461,171.56415,"Arthur's Pass National Park",2133,NA,0,"Canterbury",1010,10.2,8.9,NA
"8518","20190421:0000",-42.94461,171.56415,"Arthur's Pass National Park",2133,NA,0,"Canterbury",1010,2.2,6.15,NA
"8519","20190422:0000",-42.94461,171.56415,"Arthur's Pass National Park",2133,NA,0,"Canterbury",1010,4,8.45,NA
"8520","20190423:0000",-42.94461,171.56415,"Arthur's Pass National Park",2133,NA,0,"Canterbury",1010,0.7,10.4,NA
"8521","20190424:0000",-42.94461,171.56415,"Arthur's Pass National Park",2133,NA,0,"Canterbury",1010,1,9.05,NA
"8522","20190425:0000",-42.94461,171.56415,"Arthur's Pass National Park",2133,NA,0,"Canterbury",1010,9.7,8.4,NA
"8523","20190426:0000",-42.94461,171.56415,"Arthur's Pass National Park",2133,NA,0,"Canterbury",1010,17.1,11.15,NA
"8524","20190427:0000",-42.94461,171.56415,"Arthur's Pass National Park",2133,NA,0,"Canterbury",1010,19.3,11.4,NA
"8525","20190428:0000",-42.94461,171.56415,"Arthur's Pass National Park",2133,NA,0,"Canterbury",1010,6.9,6.5,NA
"8526","20190429:0000",-42.94461,171.56415,"Arthur's Pass National Park",2133,NA,0,"Canterbury",1010,5.3,6.45,NA
"8527","20190430:0000",-42.94461,171.56415,"Arthur's Pass National Park",2133,NA,0,"Canterbury",1010,3.2,3.85,NA
"8528","20190501:0000",-42.94461,171.56415,"Arthur's Pass National Park",2133,NA,0,"Canterbury",1010,0.2,5.95,NA
"8529","20190502:0000",-42.94461,171.56415,"Arthur's Pass National Park",2133,NA,0,"Canterbury",1010,4.5,5.5,NA
"8530","20190503:0000",-42.94461,171.56415,"Arthur's Pass National Park",2133,NA,0,"Canterbury",1010,0.5,9.55,NA
"8531","20190504:0000",-42.94461,171.56415,"Arthur's Pass National Park",2133,NA,0,"Canterbury",1010,10.1,9.2,NA
"8532","20190505:0000",-42.94461,171.56415,"Arthur's Pass National Park",2133,NA,0,"Canterbury",1010,7.8,11.4,NA
"8533","20190506:0000",-42.94461,171.56415,"Arthur's Pass National Park",2133,NA,0,"Canterbury",1010,0.2,10.65,NA
"8534","20190507:0000",-42.94461,171.56415,"Arthur's Pass National Park",2133,NA,0,"Canterbury",1010,0.3,9.55,NA
"8535","20190508:0000",-42.94461,171.56415,"Arthur's Pass National Park",2133,NA,0,"Canterbury",1010,9.3,8.55,NA
"8536","20190509:0000",-42.94461,171.56415,"Arthur's Pass National Park",2133,NA,0,"Canterbury",1010,11,10.9,NA
"8537","20190510:0000",-42.94461,171.56415,"Arthur's Pass National Park",2133,NA,0,"Canterbury",1010,NA,10.8,NA
"8538","20190511:0000",-42.94461,171.56415,"Arthur's Pass National Park",2133,NA,0,"Canterbury",1010,6.5,10.7,NA
"8539","20190512:0000",-42.94461,171.56415,"Arthur's Pass National Park",2133,NA,0,"Canterbury",1010,3,9.9,NA
"8540","20190513:0000",-42.94461,171.56415,"Arthur's Pass National Park",2133,NA,0,"Canterbury",1010,1.5,6.65,NA
"8541","20190514:0000",-42.94461,171.56415,"Arthur's Pass National Park",2133,NA,0,"Canterbury",1010,7.9,6.35,NA
"8542","20190515:0000",-42.94461,171.56415,"Arthur's Pass National Park",2133,NA,0,"Canterbury",1010,10,7.6,NA
"8543","20190516:0000",-42.94461,171.56415,"Arthur's Pass National Park",2133,NA,0,"Canterbury",1010,21.1,7.95,NA
"8544","20190517:0000",-42.94461,171.56415,"Arthur's Pass National Park",2133,NA,0,"Canterbury",1010,2.7,3.15,NA
"8545","20190518:0000",-42.94461,171.56415,"Arthur's Pass National Park",2133,NA,0,"Canterbury",1010,14.1,4.45,NA
"8546","20190519:0000",-42.94461,171.56415,"Arthur's Pass National Park",2133,NA,0,"Canterbury",1010,10.7,6.9,NA
"8547","20190520:0000",-42.94461,171.56415,"Arthur's Pass National Park",2133,NA,0,"Canterbury",1010,5.4,6.3,NA
"8548","20190521:0000",-42.94461,171.56415,"Arthur's Pass National Park",2133,NA,0,"Canterbury",1010,8.6,6.45,NA
"8549","20190522:0000",-42.94461,171.56415,"Arthur's Pass National Park",2133,NA,0,"Canterbury",1010,19,6.5,NA
"8550","20190523:0000",-42.94461,171.56415,"Arthur's Pass National Park",2133,NA,0,"Canterbury",1010,0.9,7.1,NA
"8551","20190524:0000",-42.94461,171.56415,"Arthur's Pass National Park",2133,NA,0,"Canterbury",1010,8.1,5.8,NA
"8552","20190525:0000",-42.94461,171.56415,"Arthur's Pass National Park",2133,NA,0,"Canterbury",1010,6.5,7.5,NA
"8553","20190526:0000",-42.94461,171.56415,"Arthur's Pass National Park",2133,NA,0,"Canterbury",1010,8.1,8.45,NA
"8554","20190527:0000",-42.94461,171.56415,"Arthur's Pass National Park",2133,NA,0,"Canterbury",1010,8,8.65,NA
"8555","20190528:0000",-42.94461,171.56415,"Arthur's Pass National Park",2133,NA,0,"Canterbury",1010,3.8,8.8,NA
"8556","20190529:0000",-42.94461,171.56415,"Arthur's Pass National Park",2133,NA,0,"Canterbury",1010,11.2,8.35,NA
"8557","20190530:0000",-42.94461,171.56415,"Arthur's Pass National Park",2133,NA,0,"Canterbury",1010,12,8.55,NA
"8558","20190531:0000",-42.94461,171.56415,"Arthur's Pass National Park",2133,NA,0,"Canterbury",1010,2.1,3.9,NA
"8559","20190601:0000",-42.94461,171.56415,"Arthur's Pass National Park",2133,NA,0,"Canterbury",1010,7.4,1.05,NA
"8560","20190602:0000",-42.94461,171.56415,"Arthur's Pass National Park",2133,NA,0,"Canterbury",1010,6.4,0.85,NA
"8561","20190603:0000",-42.94461,171.56415,"Arthur's Pass National Park",2133,NA,0,"Canterbury",1010,0.8,1.05,NA
"8562","20190604:0000",-42.94461,171.56415,"Arthur's Pass National Park",2133,NA,0,"Canterbury",1010,8.2,0.95,NA
"8563","20190605:0000",-42.94461,171.56415,"Arthur's Pass National Park",2133,NA,0,"Canterbury",1010,2.2,0.05,NA
"8564","20190606:0000",-42.94461,171.56415,"Arthur's Pass National Park",2133,NA,0,"Canterbury",1010,17.6,0.25,NA
"8565","20190607:0000",-42.94461,171.56415,"Arthur's Pass National Park",2133,NA,0,"Canterbury",1010,1.9,4.45,NA
"8566","20190608:0000",-42.94461,171.56415,"Arthur's Pass National Park",2133,NA,0,"Canterbury",1010,5.1,4.15,NA
"8567","20190609:0000",-42.94461,171.56415,"Arthur's Pass National Park",2133,NA,0,"Canterbury",1010,5.8,3.1,NA
"8568","20190610:0000",-42.94461,171.56415,"Arthur's Pass National Park",2133,NA,0,"Canterbury",1010,11.6,6,NA
"8569","20190611:0000",-42.94461,171.56415,"Arthur's Pass National Park",2133,NA,0,"Canterbury",1010,11.8,6.15,NA
"8570","20190612:0000",-42.94461,171.56415,"Arthur's Pass National Park",2133,NA,0,"Canterbury",1010,0.4,7.9,NA
"8571","20190613:0000",-42.94461,171.56415,"Arthur's Pass National Park",2133,NA,0,"Canterbury",1010,4.1,6.3,NA
"8572","20190614:0000",-42.94461,171.56415,"Arthur's Pass National Park",2133,NA,0,"Canterbury",1010,0.9,6.9,NA
"8573","20190615:0000",-42.94461,171.56415,"Arthur's Pass National Park",2133,NA,0,"Canterbury",1010,0.9,6.4,NA
"8574","20190616:0000",-42.94461,171.56415,"Arthur's Pass National Park",2133,NA,0,"Canterbury",1010,NA,NA,NA
"8575","20190617:0000",-42.94461,171.56415,"Arthur's Pass National Park",2133,NA,0,"Canterbury",1010,11.5,3.75,NA
"8576","20190618:0000",-42.94461,171.56415,"Arthur's Pass National Park",2133,NA,0,"Canterbury",1010,0.3,0.85,NA
"8577","20190619:0000",-42.94461,171.56415,"Arthur's Pass National Park",2133,NA,0,"Canterbury",1010,0.2,1.75,NA
"8578","20190620:0000",-42.94461,171.56415,"Arthur's Pass National Park",2133,NA,0,"Canterbury",1010,5.4,2.3,NA
"8579","20190621:0000",-42.94461,171.56415,"Arthur's Pass National Park",2133,NA,0,"Canterbury",1010,7.6,5.45,NA
"8580","20190622:0000",-42.94461,171.56415,"Arthur's Pass National Park",2133,NA,0,"Canterbury",1010,1.1,6.4,NA
"8581","20190623:0000",-42.94461,171.56415,"Arthur's Pass National Park",2133,NA,0,"Canterbury",1010,0.8,2.5,NA
"8582","20190624:0000",-42.94461,171.56415,"Arthur's Pass National Park",2133,NA,0,"Canterbury",1010,1.8,1.1,NA
"8583","20190625:0000",-42.94461,171.56415,"Arthur's Pass National Park",2133,NA,0,"Canterbury",1010,0.9,2.6,NA
"8584","20190626:0000",-42.94461,171.56415,"Arthur's Pass National Park",2133,NA,0,"Canterbury",1010,3.5,2.1,NA
"8585","20190627:0000",-42.94461,171.56415,"Arthur's Pass National Park",2133,NA,0,"Canterbury",1010,0.8,2.1,NA
"8586","20190628:0000",-42.94461,171.56415,"Arthur's Pass National Park",2133,NA,0,"Canterbury",1010,1,2.15,NA
"8587","20190629:0000",-42.94461,171.56415,"Arthur's Pass National Park",2133,NA,0,"Canterbury",1010,13.4,3.1,NA
"8588","20190630:0000",-42.94461,171.56415,"Arthur's Pass National Park",2133,NA,0,"Canterbury",1010,0.2,2.5,NA
"8589","20190701:0000",-42.94461,171.56415,"Arthur's Pass National Park",2133,NA,0,"Canterbury",1010,8,2.5,NA
"8590","20190702:0000",-42.94461,171.56415,"Arthur's Pass National Park",2133,NA,0,"Canterbury",1010,6.7,6.75,NA
"8591","20190703:0000",-42.94461,171.56415,"Arthur's Pass National Park",2133,NA,0,"Canterbury",1010,6.4,9.1,NA
"8592","20190704:0000",-42.94461,171.56415,"Arthur's Pass National Park",2133,NA,0,"Canterbury",1010,1.2,3.6,NA
"8593","20190705:0000",-42.94461,171.56415,"Arthur's Pass National Park",2133,NA,0,"Canterbury",1010,4.7,1.9,NA
"8594","20190706:0000",-42.94461,171.56415,"Arthur's Pass National Park",2133,NA,0,"Canterbury",1010,8.8,2.15,NA
"8595","20190707:0000",-42.94461,171.56415,"Arthur's Pass National Park",2133,NA,0,"Canterbury",1010,7.4,2.85,NA
"8596","20190708:0000",-42.94461,171.56415,"Arthur's Pass National Park",2133,NA,0,"Canterbury",1010,6.4,3.55,NA
"8597","20190709:0000",-42.94461,171.56415,"Arthur's Pass National Park",2133,NA,0,"Canterbury",1010,16.6,5.2,NA
"8598","20190710:0000",-42.94461,171.56415,"Arthur's Pass National Park",2133,NA,0,"Canterbury",1010,NA,NA,NA
"8599","20190711:0000",-42.94461,171.56415,"Arthur's Pass National Park",2133,NA,0,"Canterbury",1010,4.1,5.25,NA
"8600","20190712:0000",-42.94461,171.56415,"Arthur's Pass National Park",2133,NA,0,"Canterbury",1010,6.2,5.65,NA
"8601","20190713:0000",-42.94461,171.56415,"Arthur's Pass National Park",2133,NA,0,"Canterbury",1010,7.5,7.25,NA
"8602","20190714:0000",-42.94461,171.56415,"Arthur's Pass National Park",2133,NA,0,"Canterbury",1010,3.8,6,NA
"8603","20190715:0000",-42.94461,171.56415,"Arthur's Pass National Park",2133,NA,0,"Canterbury",1010,9.2,2.4,NA
"8604","20190716:0000",-42.94461,171.56415,"Arthur's Pass National Park",2133,NA,0,"Canterbury",1010,4.4,2.45,NA
"8605","20190717:0000",-42.94461,171.56415,"Arthur's Pass National Park",2133,NA,0,"Canterbury",1010,2.6,2.25,NA
"8606","20190718:0000",-42.94461,171.56415,"Arthur's Pass National Park",2133,NA,0,"Canterbury",1010,8,4.35,NA
"8607","20190719:0000",-42.94461,171.56415,"Arthur's Pass National Park",2133,NA,0,"Canterbury",1010,0,4.05,NA
"8608","20190720:0000",-42.94461,171.56415,"Arthur's Pass National Park",2133,NA,0,"Canterbury",1010,2.9,3.6,NA
"8609","20190721:0000",-42.94461,171.56415,"Arthur's Pass National Park",2133,NA,0,"Canterbury",1010,8.5,4.9,NA
"8610","20190722:0000",-42.94461,171.56415,"Arthur's Pass National Park",2133,NA,0,"Canterbury",1010,0.7,4.7,NA
"8611","20190723:0000",-42.94461,171.56415,"Arthur's Pass National Park",2133,NA,0,"Canterbury",1010,0.7,4.1,NA
"8612","20190724:0000",-42.94461,171.56415,"Arthur's Pass National Park",2133,NA,0,"Canterbury",1010,1.2,5.2,NA
"8613","20190725:0000",-42.94461,171.56415,"Arthur's Pass National Park",2133,NA,0,"Canterbury",1010,0.7,5.2,NA
"8614","20190726:0000",-42.94461,171.56415,"Arthur's Pass National Park",2133,NA,0,"Canterbury",1010,0.7,4.4,NA
"8615","20190727:0000",-42.94461,171.56415,"Arthur's Pass National Park",2133,NA,0,"Canterbury",1010,9.8,4.45,NA
"8616","20190728:0000",-42.94461,171.56415,"Arthur's Pass National Park",2133,NA,0,"Canterbury",1010,6.4,4.4,NA
"8617","20190729:0000",-42.94461,171.56415,"Arthur's Pass National Park",2133,NA,0,"Canterbury",1010,0.1,6.35,NA
"8618","20190730:0000",-42.94461,171.56415,"Arthur's Pass National Park",2133,NA,0,"Canterbury",1010,1.4,5.9,NA
"8619","20190731:0000",-42.94461,171.56415,"Arthur's Pass National Park",2133,NA,0,"Canterbury",1010,3.1,1.45,NA
"8620","20190801:0000",-42.94461,171.56415,"Arthur's Pass National Park",2133,NA,0,"Canterbury",1010,1.3,0.85,NA
"8621","20190802:0000",-42.94461,171.56415,"Arthur's Pass National Park",2133,NA,0,"Canterbury",1010,5.1,0.25,NA
"8622","20190803:0000",-42.94461,171.56415,"Arthur's Pass National Park",2133,NA,0,"Canterbury",1010,1.1,2.8,NA
"8623","20190804:0000",-42.94461,171.56415,"Arthur's Pass National Park",2133,NA,0,"Canterbury",1010,7.9,0.05,NA
"8624","20190805:0000",-42.94461,171.56415,"Arthur's Pass National Park",2133,NA,0,"Canterbury",1010,2.7,-0.65,NA
"8625","20190806:0000",-42.94461,171.56415,"Arthur's Pass National Park",2133,NA,0,"Canterbury",1010,10.4,0.55,NA
"8626","20190807:0000",-42.94461,171.56415,"Arthur's Pass National Park",2133,NA,0,"Canterbury",1010,8.4,4.5,NA
"8627","20190808:0000",-42.94461,171.56415,"Arthur's Pass National Park",2133,NA,0,"Canterbury",1010,2.8,4.7,NA
"8628","20190809:0000",-42.94461,171.56415,"Arthur's Pass National Park",2133,NA,0,"Canterbury",1010,1.5,6.35,NA
"8629","20190810:0000",-42.94461,171.56415,"Arthur's Pass National Park",2133,NA,0,"Canterbury",1010,0.3,0.7,NA
"8630","20190811:0000",-42.94461,171.56415,"Arthur's Pass National Park",2133,NA,0,"Canterbury",1010,0.7,1.95,NA
"8631","20190812:0000",-42.94461,171.56415,"Arthur's Pass National Park",2133,NA,0,"Canterbury",1010,3.4,2.3,NA
"8632","20190813:0000",-42.94461,171.56415,"Arthur's Pass National Park",2133,NA,0,"Canterbury",1010,12.4,2.2,NA
"8633","20190814:0000",-42.94461,171.56415,"Arthur's Pass National Park",2133,NA,0,"Canterbury",1010,0.6,2.3,NA
"8634","20190815:0000",-42.94461,171.56415,"Arthur's Pass National Park",2133,NA,0,"Canterbury",1010,0.7,1.7,NA
"8635","20190816:0000",-42.94461,171.56415,"Arthur's Pass National Park",2133,NA,0,"Canterbury",1010,6.6,2.85,NA
"8636","20190817:0000",-42.94461,171.56415,"Arthur's Pass National Park",2133,NA,0,"Canterbury",1010,4.7,2.2,NA
"8637","20190818:0000",-42.94461,171.56415,"Arthur's Pass National Park",2133,NA,0,"Canterbury",1010,7.5,1.1,NA
"8638","20190819:0000",-42.94461,171.56415,"Arthur's Pass National Park",2133,NA,0,"Canterbury",1010,12.6,1.95,NA
"8639","20190820:0000",-42.94461,171.56415,"Arthur's Pass National Park",2133,NA,0,"Canterbury",1010,24.8,3,NA
"8640","20190821:0000",-42.94461,171.56415,"Arthur's Pass National Park",2133,NA,0,"Canterbury",1010,5.5,3.15,NA
"8641","20190822:0000",-42.94461,171.56415,"Arthur's Pass National Park",2133,NA,0,"Canterbury",1010,7.7,3.25,NA
"8642","20190823:0000",-42.94461,171.56415,"Arthur's Pass National Park",2133,NA,0,"Canterbury",1010,8.9,4,NA
"8643","20190824:0000",-42.94461,171.56415,"Arthur's Pass National Park",2133,NA,0,"Canterbury",1010,1.2,3.9,NA
"8644","20190825:0000",-42.94461,171.56415,"Arthur's Pass National Park",2133,NA,0,"Canterbury",1010,4.4,3.8,NA
"8645","20190826:0000",-42.94461,171.56415,"Arthur's Pass National Park",2133,NA,0,"Canterbury",1010,5.5,5.75,NA
"8646","20190827:0000",-42.94461,171.56415,"Arthur's Pass National Park",2133,NA,0,"Canterbury",1010,0.2,3,NA
"8647","20190828:0000",-42.94461,171.56415,"Arthur's Pass National Park",2133,NA,0,"Canterbury",1010,12.5,3.3,NA
"8648","20190829:0000",-42.94461,171.56415,"Arthur's Pass National Park",2133,NA,0,"Canterbury",1010,11.6,6.5,NA
"8649","20190830:0000",-42.94461,171.56415,"Arthur's Pass National Park",2133,NA,0,"Canterbury",1010,1.3,2.9,NA
"8650","20190831:0000",-42.94461,171.56415,"Arthur's Pass National Park",2133,NA,0,"Canterbury",1010,3.5,4.2,NA
"8651","20190901:0000",-42.94461,171.56415,"Arthur's Pass National Park",2133,NA,0,"Canterbury",1010,11.5,6.3,NA
"8652","20190902:0000",-42.94461,171.56415,"Arthur's Pass National Park",2133,NA,0,"Canterbury",1010,4.9,7.15,NA
"8653","20190903:0000",-42.94461,171.56415,"Arthur's Pass National Park",2133,NA,0,"Canterbury",1010,0,5.3,NA
"8654","20190904:0000",-42.94461,171.56415,"Arthur's Pass National Park",2133,NA,0,"Canterbury",1010,2.8,2.05,NA
"8655","20190905:0000",-42.94461,171.56415,"Arthur's Pass National Park",2133,NA,0,"Canterbury",1010,1.7,5.5,NA
"8656","20190906:0000",-42.94461,171.56415,"Arthur's Pass National Park",2133,NA,0,"Canterbury",1010,5.1,4.65,NA
"8657","20190907:0000",-42.94461,171.56415,"Arthur's Pass National Park",2133,NA,0,"Canterbury",1010,0.5,4.3,NA
"8658","20190908:0000",-42.94461,171.56415,"Arthur's Pass National Park",2133,NA,0,"Canterbury",1010,7,1,NA
"8659","20190909:0000",-42.94461,171.56415,"Arthur's Pass National Park",2133,NA,0,"Canterbury",1010,10.5,1.75,NA
"8660","20190910:0000",-42.94461,171.56415,"Arthur's Pass National Park",2133,NA,0,"Canterbury",1010,0,3.15,NA
"8661","20190911:0000",-42.94461,171.56415,"Arthur's Pass National Park",2133,NA,0,"Canterbury",1010,1.2,2.5,NA
"8662","20190912:0000",-42.94461,171.56415,"Arthur's Pass National Park",2133,NA,0,"Canterbury",1010,16.3,5.2,NA
"8663","20190913:0000",-42.94461,171.56415,"Arthur's Pass National Park",2133,NA,0,"Canterbury",1010,11.9,6.65,NA
"8664","20190914:0000",-42.94461,171.56415,"Arthur's Pass National Park",2133,NA,0,"Canterbury",1010,5.2,3.15,NA
"8665","20190915:0000",-42.94461,171.56415,"Arthur's Pass National Park",2133,NA,0,"Canterbury",1010,0,4.25,NA
"8666","20190916:0000",-42.94461,171.56415,"Arthur's Pass National Park",2133,NA,0,"Canterbury",1010,8.3,5.5,NA
"8667","20190917:0000",-42.94461,171.56415,"Arthur's Pass National Park",2133,NA,0,"Canterbury",1010,14.2,4.75,NA
"8668","20190918:0000",-42.94461,171.56415,"Arthur's Pass National Park",2133,NA,0,"Canterbury",1010,6.3,3.15,NA
"8669","20190919:0000",-42.94461,171.56415,"Arthur's Pass National Park",2133,NA,0,"Canterbury",1010,0.3,5.5,NA
"8670","20190920:0000",-42.94461,171.56415,"Arthur's Pass National Park",2133,NA,0,"Canterbury",1010,1,5.75,NA
"8671","20190921:0000",-42.94461,171.56415,"Arthur's Pass National Park",2133,NA,0,"Canterbury",1010,1.2,7.3,NA
"8672","20190922:0000",-42.94461,171.56415,"Arthur's Pass National Park",2133,NA,0,"Canterbury",1010,12.8,7.85,NA
"8673","20190923:0000",-42.94461,171.56415,"Arthur's Pass National Park",2133,NA,0,"Canterbury",1010,17.8,7.2,NA
"8674","20190924:0000",-42.94461,171.56415,"Arthur's Pass National Park",2133,NA,0,"Canterbury",1010,12.8,5.55,NA
"8675","20190925:0000",-42.94461,171.56415,"Arthur's Pass National Park",2133,NA,0,"Canterbury",1010,11.7,2.95,NA
"8676","20190926:0000",-42.94461,171.56415,"Arthur's Pass National Park",2133,NA,0,"Canterbury",1010,10.4,2.45,NA
"8677","20190927:0000",-42.94461,171.56415,"Arthur's Pass National Park",2133,NA,0,"Canterbury",1010,12.8,5.8,NA
"8678","20190928:0000",-42.94461,171.56415,"Arthur's Pass National Park",2133,NA,0,"Canterbury",1010,14.9,6.6,NA
"8679","20190929:0000",-42.94461,171.56415,"Arthur's Pass National Park",2133,NA,0,"Canterbury",1010,11.7,8.15,NA
"8680","20190930:0000",-42.94461,171.56415,"Arthur's Pass National Park",2133,NA,0,"Canterbury",1010,11.9,8.25,NA
"8681","20191001:0000",-42.94461,171.56415,"Arthur's Pass National Park",2133,NA,0,"Canterbury",1010,4.9,3.7,NA
"8682","20191002:0000",-42.94461,171.56415,"Arthur's Pass National Park",2133,NA,0,"Canterbury",1010,12.8,3.55,NA
"8683","20191003:0000",-42.94461,171.56415,"Arthur's Pass National Park",2133,NA,0,"Canterbury",1010,0.9,3.65,NA
"8684","20191004:0000",-42.94461,171.56415,"Arthur's Pass National Park",2133,NA,0,"Canterbury",1010,8.4,4.95,NA
"8685","20191005:0000",-42.94461,171.56415,"Arthur's Pass National Park",2133,NA,0,"Canterbury",1010,10.3,4.9,NA
"8686","20191006:0000",-42.94461,171.56415,"Arthur's Pass National Park",2133,NA,0,"Canterbury",1010,0.1,4.95,NA
"8687","20191007:0000",-42.94461,171.56415,"Arthur's Pass National Park",2133,NA,0,"Canterbury",1010,12.2,3.95,NA
"8688","20191008:0000",-42.94461,171.56415,"Arthur's Pass National Park",2133,NA,0,"Canterbury",1010,14.5,8.3,NA
"8689","20191009:0000",-42.94461,171.56415,"Arthur's Pass National Park",2133,NA,0,"Canterbury",1010,13.3,8.7,NA
"8690","20191010:0000",-42.94461,171.56415,"Arthur's Pass National Park",2133,NA,0,"Canterbury",1010,14.6,9.3,NA
"8691","20191011:0000",-42.94461,171.56415,"Arthur's Pass National Park",2133,NA,0,"Canterbury",1010,1.6,7.85,NA
"8692","20191012:0000",-42.94461,171.56415,"Arthur's Pass National Park",2133,NA,0,"Canterbury",1010,1,7.25,NA
"8693","20191013:0000",-42.94461,171.56415,"Arthur's Pass National Park",2133,NA,0,"Canterbury",1010,2.3,7.9,NA
"8694","20191014:0000",-42.94461,171.56415,"Arthur's Pass National Park",2133,NA,0,"Canterbury",1010,4.8,8.2,NA
"8695","20191015:0000",-42.94461,171.56415,"Arthur's Pass National Park",2133,NA,0,"Canterbury",1010,3.8,8.15,NA
"8696","20191016:0000",-42.94461,171.56415,"Arthur's Pass National Park",2133,NA,0,"Canterbury",1010,2.1,9.55,NA
"8697","20191017:0000",-42.94461,171.56415,"Arthur's Pass National Park",2133,NA,0,"Canterbury",1010,13,9.2,NA
"8698","20191018:0000",-42.94461,171.56415,"Arthur's Pass National Park",2133,NA,0,"Canterbury",1010,5.8,5.7,NA
"8699","20191019:0000",-42.94461,171.56415,"Arthur's Pass National Park",2133,NA,0,"Canterbury",1010,2.5,9.15,NA
"8700","20191020:0000",-42.94461,171.56415,"Arthur's Pass National Park",2133,NA,0,"Canterbury",1010,11.6,7,NA
"8701","20191021:0000",-42.94461,171.56415,"Arthur's Pass National Park",2133,NA,0,"Canterbury",1010,8.3,6.85,NA
"8702","20191022:0000",-42.94461,171.56415,"Arthur's Pass National Park",2133,NA,0,"Canterbury",1010,12.2,3.95,NA
"8703","20191023:0000",-42.94461,171.56415,"Arthur's Pass National Park",2133,NA,0,"Canterbury",1010,3.6,4.2,NA
"8704","20191024:0000",-42.94461,171.56415,"Arthur's Pass National Park",2133,NA,0,"Canterbury",1010,11.5,5.4,NA
"8705","20191025:0000",-42.94461,171.56415,"Arthur's Pass National Park",2133,NA,0,"Canterbury",1010,3.8,5,NA
"8706","20191026:0000",-42.94461,171.56415,"Arthur's Pass National Park",2133,NA,0,"Canterbury",1010,18.6,11.05,NA
"8707","20191027:0000",-42.94461,171.56415,"Arthur's Pass National Park",2133,NA,0,"Canterbury",1010,15.3,9.5,NA
"8708","20191028:0000",-42.94461,171.56415,"Arthur's Pass National Park",2133,NA,0,"Canterbury",1010,10.8,7.75,NA
"8709","20191029:0000",-42.94461,171.56415,"Arthur's Pass National Park",2133,NA,0,"Canterbury",1010,7.5,5.55,NA
"8710","20191030:0000",-42.94461,171.56415,"Arthur's Pass National Park",2133,NA,0,"Canterbury",1010,15.1,7.25,NA
"8711","20191031:0000",-42.94461,171.56415,"Arthur's Pass National Park",2133,NA,0,"Canterbury",1010,13.6,5.65,NA
"8712","20191101:0000",-42.94461,171.56415,"Arthur's Pass National Park",2133,NA,0,"Canterbury",1010,5.2,6.45,NA
"8713","20191102:0000",-42.94461,171.56415,"Arthur's Pass National Park",2133,NA,0,"Canterbury",1010,9,11.85,NA
"8714","20191103:0000",-42.94461,171.56415,"Arthur's Pass National Park",2133,NA,0,"Canterbury",1010,17.7,15.95,NA
"8715","20191104:0000",-42.94461,171.56415,"Arthur's Pass National Park",2133,NA,0,"Canterbury",1010,21,12.4,NA
"8716","20191105:0000",-42.94461,171.56415,"Arthur's Pass National Park",2133,NA,0,"Canterbury",1010,11.7,11.65,NA
"8717","20191106:0000",-42.94461,171.56415,"Arthur's Pass National Park",2133,NA,0,"Canterbury",1010,5.2,11.25,NA
"8718","20191107:0000",-42.94461,171.56415,"Arthur's Pass National Park",2133,NA,0,"Canterbury",1010,18,12.3,NA
"8719","20191108:0000",-42.94461,171.56415,"Arthur's Pass National Park",2133,NA,0,"Canterbury",1010,12.8,12.3,NA
"8720","20191109:0000",-42.94461,171.56415,"Arthur's Pass National Park",2133,NA,0,"Canterbury",1010,17.1,13.1,NA
"8721","20191110:0000",-42.94461,171.56415,"Arthur's Pass National Park",2133,NA,0,"Canterbury",1010,9.7,11.7,NA
"8722","20191111:0000",-42.94461,171.56415,"Arthur's Pass National Park",2133,NA,0,"Canterbury",1010,4.6,5.65,NA
"8723","20191112:0000",-42.94461,171.56415,"Arthur's Pass National Park",2133,NA,0,"Canterbury",1010,0.6,8.55,NA
"8724","20191113:0000",-42.94461,171.56415,"Arthur's Pass National Park",2133,NA,0,"Canterbury",1010,16.2,7.65,NA
"8725","20191114:0000",-42.94461,171.56415,"Arthur's Pass National Park",2133,NA,0,"Canterbury",1010,11,7.9,NA
"8726","20191115:0000",-42.94461,171.56415,"Arthur's Pass National Park",2133,NA,0,"Canterbury",1010,9.1,6.35,NA
"8727","20191116:0000",-42.94461,171.56415,"Arthur's Pass National Park",2133,NA,0,"Canterbury",1010,3,8.65,NA
"8728","20191117:0000",-42.94461,171.56415,"Arthur's Pass National Park",2133,NA,0,"Canterbury",1010,18,9.25,NA
"8729","20191118:0000",-42.94461,171.56415,"Arthur's Pass National Park",2133,NA,0,"Canterbury",1010,3.3,5.65,NA
"8730","20191119:0000",-42.94461,171.56415,"Arthur's Pass National Park",2133,NA,0,"Canterbury",1010,14.7,5.9,NA
"8731","20191120:0000",-42.94461,171.56415,"Arthur's Pass National Park",2133,NA,0,"Canterbury",1010,12.7,6.5,NA
"8732","20191121:0000",-42.94461,171.56415,"Arthur's Pass National Park",2133,NA,0,"Canterbury",1010,11.2,6.5,NA
"8733","20191122:0000",-42.94461,171.56415,"Arthur's Pass National Park",2133,NA,0,"Canterbury",1010,22.1,10.9,NA
"8734","20191123:0000",-42.94461,171.56415,"Arthur's Pass National Park",2133,NA,0,"Canterbury",1010,15.6,14.3,NA
"8735","20191124:0000",-42.94461,171.56415,"Arthur's Pass National Park",2133,NA,0,"Canterbury",1010,14.5,13.9,NA
"8736","20191125:0000",-42.94461,171.56415,"Arthur's Pass National Park",2133,NA,0,"Canterbury",1010,15.6,13.9,NA
"8737","20191126:0000",-42.94461,171.56415,"Arthur's Pass National Park",2133,NA,0,"Canterbury",1010,18.3,13.5,NA
"8738","20191127:0000",-42.94461,171.56415,"Arthur's Pass National Park",2133,NA,0,"Canterbury",1010,18.5,10.05,NA
"8739","20191128:0000",-42.94461,171.56415,"Arthur's Pass National Park",2133,NA,0,"Canterbury",1010,7.1,13.95,NA
"8740","20191129:0000",-42.94461,171.56415,"Arthur's Pass National Park",2133,NA,0,"Canterbury",1010,3.3,15.15,NA
"8741","20191130:0000",-42.94461,171.56415,"Arthur's Pass National Park",2133,NA,0,"Canterbury",1010,9.8,15.25,NA
"8742","20191201:0000",-42.94461,171.56415,"Arthur's Pass National Park",2133,NA,0,"Canterbury",1010,20.2,13.1,NA
"8743","20191202:0000",-42.94461,171.56415,"Arthur's Pass National Park",2133,NA,0,"Canterbury",1010,11.7,13.15,NA
"8744","20191203:0000",-42.94461,171.56415,"Arthur's Pass National Park",2133,NA,0,"Canterbury",1010,12.5,13.15,NA
"8745","20191204:0000",-42.94461,171.56415,"Arthur's Pass National Park",2133,NA,0,"Canterbury",1010,15.2,8.9,NA
"8746","20191205:0000",-42.94461,171.56415,"Arthur's Pass National Park",2133,NA,0,"Canterbury",1010,22.6,8.4,NA
"8747","20191206:0000",-42.94461,171.56415,"Arthur's Pass National Park",2133,NA,0,"Canterbury",1010,18.8,11,NA
"8748","20191207:0000",-42.94461,171.56415,"Arthur's Pass National Park",2133,NA,0,"Canterbury",1010,15,12.4,NA
"8749","20191208:0000",-42.94461,171.56415,"Arthur's Pass National Park",2133,NA,0,"Canterbury",1010,11.2,9.25,NA
"8750","20191209:0000",-42.94461,171.56415,"Arthur's Pass National Park",2133,NA,0,"Canterbury",1010,10.1,8.75,NA
"8751","20191210:0000",-42.94461,171.56415,"Arthur's Pass National Park",2133,NA,0,"Canterbury",1010,9.8,11,NA
"8752","20191211:0000",-42.94461,171.56415,"Arthur's Pass National Park",2133,NA,0,"Canterbury",1010,16.4,14.6,NA
"8753","20191212:0000",-42.94461,171.56415,"Arthur's Pass National Park",2133,NA,0,"Canterbury",1010,1.7,14.85,NA
"8754","20191213:0000",-42.94461,171.56415,"Arthur's Pass National Park",2133,NA,0,"Canterbury",1010,12,12.6,NA
"8755","20191214:0000",-42.94461,171.56415,"Arthur's Pass National Park",2133,NA,0,"Canterbury",1010,8.6,8.25,NA
"8756","20191215:0000",-42.94461,171.56415,"Arthur's Pass National Park",2133,NA,0,"Canterbury",1010,7.9,8.65,NA
"8757","20191216:0000",-42.94461,171.56415,"Arthur's Pass National Park",2133,NA,0,"Canterbury",1010,2.5,10,NA
"8758","20191217:0000",-42.94461,171.56415,"Arthur's Pass National Park",2133,NA,0,"Canterbury",1010,1.9,10.4,NA
"8759","20191218:0000",-42.94461,171.56415,"Arthur's Pass National Park",2133,NA,0,"Canterbury",1010,7.9,8.45,NA
"8760","20191219:0000",-42.94461,171.56415,"Arthur's Pass National Park",2133,NA,0,"Canterbury",1010,10,9.1,NA
"8761","20191220:0000",-42.94461,171.56415,"Arthur's Pass National Park",2133,NA,0,"Canterbury",1010,10.1,7.7,NA
"8762","20191221:0000",-42.94461,171.56415,"Arthur's Pass National Park",2133,NA,0,"Canterbury",1010,4.9,9.95,NA
"8763","20191222:0000",-42.94461,171.56415,"Arthur's Pass National Park",2133,NA,0,"Canterbury",1010,16.3,11.95,NA
"8764","20191223:0000",-42.94461,171.56415,"Arthur's Pass National Park",2133,NA,0,"Canterbury",1010,7.7,12,NA
"8765","20191224:0000",-42.94461,171.56415,"Arthur's Pass National Park",2133,NA,0,"Canterbury",1010,3.7,12.15,NA
"8766","20191225:0000",-42.94461,171.56415,"Arthur's Pass National Park",2133,NA,0,"Canterbury",1010,4.4,11.25,NA
"8767","20191226:0000",-42.94461,171.56415,"Arthur's Pass National Park",2133,NA,0,"Canterbury",1010,5.7,11.3,NA
"8768","20191227:0000",-42.94461,171.56415,"Arthur's Pass National Park",2133,NA,0,"Canterbury",1010,10.2,10.05,NA
"8769","20191228:0000",-42.94461,171.56415,"Arthur's Pass National Park",2133,NA,0,"Canterbury",1010,12.7,8.05,NA
"8770","20191229:0000",-42.94461,171.56415,"Arthur's Pass National Park",2133,NA,0,"Canterbury",1010,15.4,9.55,NA
"8771","20191230:0000",-42.94461,171.56415,"Arthur's Pass National Park",2133,NA,0,"Canterbury",1010,9.1,12.2,NA
"8772","20191231:0000",-42.94461,171.56415,"Arthur's Pass National Park",2133,NA,0,"Canterbury",1010,11.8,12.7,NA
"8773","20200101:0000",-42.94461,171.56415,"Arthur's Pass National Park",2133,NA,0,"Canterbury",1010,22,13.95,NA
"8774","20200102:0000",-42.94461,171.56415,"Arthur's Pass National Park",2133,NA,0,"Canterbury",1010,12.6,13.15,NA
"8775","20200103:0000",-42.94461,171.56415,"Arthur's Pass National Park",2133,NA,0,"Canterbury",1010,15.1,12.6,NA
"8776","20200104:0000",-42.94461,171.56415,"Arthur's Pass National Park",2133,NA,0,"Canterbury",1010,11.1,8.9,NA
"8777","20200105:0000",-42.94461,171.56415,"Arthur's Pass National Park",2133,NA,0,"Canterbury",1010,15.8,9.55,NA
"8778","20200106:0000",-42.94461,171.56415,"Arthur's Pass National Park",2133,NA,0,"Canterbury",1010,17.3,8.9,NA
"8779","20200107:0000",-42.94461,171.56415,"Arthur's Pass National Park",2133,NA,0,"Canterbury",1010,6.9,9.85,NA
"8780","20200108:0000",-42.94461,171.56415,"Arthur's Pass National Park",2133,NA,0,"Canterbury",1010,0.6,9.2,NA
"8781","20200109:0000",-42.94461,171.56415,"Arthur's Pass National Park",2133,NA,0,"Canterbury",1010,10.4,10.95,NA
"8782","20200110:0000",-42.94461,171.56415,"Arthur's Pass National Park",2133,NA,0,"Canterbury",1010,8.9,10.85,NA
"8783","20200111:0000",-42.94461,171.56415,"Arthur's Pass National Park",2133,NA,0,"Canterbury",1010,17,11.8,NA
"8784","20200112:0000",-42.94461,171.56415,"Arthur's Pass National Park",2133,NA,0,"Canterbury",1010,10.6,11.45,NA
"8785","20200113:0000",-42.94461,171.56415,"Arthur's Pass National Park",2133,NA,0,"Canterbury",1010,2.2,11.2,NA
"8786","20200114:0000",-42.94461,171.56415,"Arthur's Pass National Park",2133,NA,0,"Canterbury",1010,1.9,12.05,NA
"8787","20200115:0000",-42.94461,171.56415,"Arthur's Pass National Park",2133,NA,0,"Canterbury",1010,4.7,12.95,NA
"8788","20200116:0000",-42.94461,171.56415,"Arthur's Pass National Park",2133,NA,0,"Canterbury",1010,1.8,13.9,NA
"8789","20200117:0000",-42.94461,171.56415,"Arthur's Pass National Park",2133,NA,0,"Canterbury",1010,1.2,14.7,NA
"8790","20200118:0000",-42.94461,171.56415,"Arthur's Pass National Park",2133,NA,0,"Canterbury",1010,1.5,15.95,NA
"8791","20200119:0000",-42.94461,171.56415,"Arthur's Pass National Park",2133,NA,0,"Canterbury",1010,1,16.75,NA
"8792","20200120:0000",-42.94461,171.56415,"Arthur's Pass National Park",2133,NA,0,"Canterbury",1010,1,16.4,NA
"8793","20200121:0000",-42.94461,171.56415,"Arthur's Pass National Park",2133,NA,0,"Canterbury",1010,1.3,16.85,NA
"8794","20200122:0000",-42.94461,171.56415,"Arthur's Pass National Park",2133,NA,0,"Canterbury",1010,15.1,15.1,NA
"8795","20200123:0000",-42.94461,171.56415,"Arthur's Pass National Park",2133,NA,0,"Canterbury",1010,15.6,17.6,NA
"8796","20200124:0000",-42.94461,171.56415,"Arthur's Pass National Park",2133,NA,0,"Canterbury",1010,9.3,16.3,NA
"8797","20200125:0000",-42.94461,171.56415,"Arthur's Pass National Park",2133,NA,0,"Canterbury",1010,20.1,17.4,NA
"8798","20200126:0000",-42.94461,171.56415,"Arthur's Pass National Park",2133,NA,0,"Canterbury",1010,10.2,18.05,NA
"8799","20200127:0000",-42.94461,171.56415,"Arthur's Pass National Park",2133,NA,0,"Canterbury",1010,7.7,16.95,NA
"8800","20200128:0000",-42.94461,171.56415,"Arthur's Pass National Park",2133,NA,0,"Canterbury",1010,8.8,16.55,NA
"8801","20200129:0000",-42.94461,171.56415,"Arthur's Pass National Park",2133,NA,0,"Canterbury",1010,9.9,14.35,NA
"8802","20200130:0000",-42.94461,171.56415,"Arthur's Pass National Park",2133,NA,0,"Canterbury",1010,12.5,13.2,NA
"8803","20200131:0000",-42.94461,171.56415,"Arthur's Pass National Park",2133,NA,0,"Canterbury",1010,8,14.95,NA
"8804","20200201:0000",-42.94461,171.56415,"Arthur's Pass National Park",2133,NA,0,"Canterbury",1010,18.3,13.2,NA
"8805","20200202:0000",-42.94461,171.56415,"Arthur's Pass National Park",2133,NA,0,"Canterbury",1010,12.6,15.5,NA
"8806","20200203:0000",-42.94461,171.56415,"Arthur's Pass National Park",2133,NA,0,"Canterbury",1010,20.1,17.45,NA
"8807","20200204:0000",-42.94461,171.56415,"Arthur's Pass National Park",2133,NA,0,"Canterbury",1010,20.5,17.5,NA
"8808","20200205:0000",-42.94461,171.56415,"Arthur's Pass National Park",2133,NA,0,"Canterbury",1010,4.4,8.75,NA
"8809","20200206:0000",-42.94461,171.56415,"Arthur's Pass National Park",2133,NA,0,"Canterbury",1010,11.8,10.2,NA
"8810","20200207:0000",-42.94461,171.56415,"Arthur's Pass National Park",2133,NA,0,"Canterbury",1010,1.1,10.5,NA
"8811","20200208:0000",-42.94461,171.56415,"Arthur's Pass National Park",2133,NA,0,"Canterbury",1010,14,11.4,NA
"8812","20200209:0000",-42.94461,171.56415,"Arthur's Pass National Park",2133,NA,0,"Canterbury",1010,1.1,10.95,NA
"8813","20200210:0000",-42.94461,171.56415,"Arthur's Pass National Park",2133,NA,0,"Canterbury",1010,1.7,13.75,NA
"8814","20200211:0000",-42.94461,171.56415,"Arthur's Pass National Park",2133,NA,0,"Canterbury",1010,1.5,15.45,NA
"8815","20200212:0000",-42.94461,171.56415,"Arthur's Pass National Park",2133,NA,0,"Canterbury",1010,0.6,14.95,NA
"8816","20200213:0000",-42.94461,171.56415,"Arthur's Pass National Park",2133,NA,0,"Canterbury",1010,14.5,14.7,NA
"8817","20200214:0000",-42.94461,171.56415,"Arthur's Pass National Park",2133,NA,0,"Canterbury",1010,5.3,16.3,NA
"8818","20200215:0000",-42.94461,171.56415,"Arthur's Pass National Park",2133,NA,0,"Canterbury",1010,1.4,15.65,NA
"8819","20200216:0000",-42.94461,171.56415,"Arthur's Pass National Park",2133,NA,0,"Canterbury",1010,14.4,14.5,NA
"8820","20200217:0000",-42.94461,171.56415,"Arthur's Pass National Park",2133,NA,0,"Canterbury",1010,9.1,17.3,NA
"8821","20200218:0000",-42.94461,171.56415,"Arthur's Pass National Park",2133,NA,0,"Canterbury",1010,6.9,18.35,NA
"8822","20200219:0000",-42.94461,171.56415,"Arthur's Pass National Park",2133,NA,0,"Canterbury",1010,9.7,15.15,NA
"8823","20200220:0000",-42.94461,171.56415,"Arthur's Pass National Park",2133,NA,0,"Canterbury",1010,0.5,13.7,NA
"8824","20200221:0000",-42.94461,171.56415,"Arthur's Pass National Park",2133,NA,0,"Canterbury",1010,17.8,13.2,NA
"8825","20200222:0000",-42.94461,171.56415,"Arthur's Pass National Park",2133,NA,0,"Canterbury",1010,7.3,12.55,NA
"8826","20200223:0000",-42.94461,171.56415,"Arthur's Pass National Park",2133,NA,0,"Canterbury",1010,0.3,10.65,NA
"8827","20200224:0000",-42.94461,171.56415,"Arthur's Pass National Park",2133,NA,0,"Canterbury",1010,13.4,11,NA
"8828","20200225:0000",-42.94461,171.56415,"Arthur's Pass National Park",2133,NA,0,"Canterbury",1010,0.5,14.4,NA
"8829","20200226:0000",-42.94461,171.56415,"Arthur's Pass National Park",2133,NA,0,"Canterbury",1010,0.6,14.5,NA
"8830","20200227:0000",-42.94461,171.56415,"Arthur's Pass National Park",2133,NA,0,"Canterbury",1010,13.4,12.3,NA
"8831","20200228:0000",-42.94461,171.56415,"Arthur's Pass National Park",2133,NA,0,"Canterbury",1010,12.1,14.25,NA
"8832","20200229:0000",-42.94461,171.56415,"Arthur's Pass National Park",2133,NA,0,"Canterbury",1010,4.6,11.9,NA
"8833","20200301:0000",-42.94461,171.56415,"Arthur's Pass National Park",2133,NA,0,"Canterbury",1010,0.4,13.15,NA
"8834","20200302:0000",-42.94461,171.56415,"Arthur's Pass National Park",2133,NA,0,"Canterbury",1010,6.7,12.95,NA
"8835","20200303:0000",-42.94461,171.56415,"Arthur's Pass National Park",2133,NA,0,"Canterbury",1010,7,14.3,NA
"8836","20200304:0000",-42.94461,171.56415,"Arthur's Pass National Park",2133,NA,0,"Canterbury",1010,2.4,9.75,NA
"8837","20200305:0000",-42.94461,171.56415,"Arthur's Pass National Park",2133,NA,0,"Canterbury",1010,0.1,10.5,NA
"8838","20200306:0000",-42.94461,171.56415,"Arthur's Pass National Park",2133,NA,0,"Canterbury",1010,0.3,11.55,NA
"8839","20200307:0000",-42.94461,171.56415,"Arthur's Pass National Park",2133,NA,0,"Canterbury",1010,10,9.55,NA
"8840","20200308:0000",-42.94461,171.56415,"Arthur's Pass National Park",2133,NA,0,"Canterbury",1010,2.6,13.15,NA
"8841","20200309:0000",-42.94461,171.56415,"Arthur's Pass National Park",2133,NA,0,"Canterbury",1010,16.2,14.4,NA
"8842","20200310:0000",-42.94461,171.56415,"Arthur's Pass National Park",2133,NA,0,"Canterbury",1010,2.5,13.35,NA
"8843","20200311:0000",-42.94461,171.56415,"Arthur's Pass National Park",2133,NA,0,"Canterbury",1010,6.9,11.4,NA
"8844","20200312:0000",-42.94461,171.56415,"Arthur's Pass National Park",2133,NA,0,"Canterbury",1010,1.8,12.55,NA
"8845","20200313:0000",-42.94461,171.56415,"Arthur's Pass National Park",2133,NA,0,"Canterbury",1010,0.3,11.8,NA
"8846","20200314:0000",-42.94461,171.56415,"Arthur's Pass National Park",2133,NA,0,"Canterbury",1010,6.7,13.45,NA
"8847","20200315:0000",-42.94461,171.56415,"Arthur's Pass National Park",2133,NA,0,"Canterbury",1010,1.4,12.55,NA
"8848","20200316:0000",-42.94461,171.56415,"Arthur's Pass National Park",2133,NA,0,"Canterbury",1010,4.7,11.35,NA
"8849","20200317:0000",-42.94461,171.56415,"Arthur's Pass National Park",2133,NA,0,"Canterbury",1010,9,7.65,NA
"8850","20200318:0000",-42.94461,171.56415,"Arthur's Pass National Park",2133,NA,0,"Canterbury",1010,0,6.75,NA
"8851","20200319:0000",-42.94461,171.56415,"Arthur's Pass National Park",2133,NA,0,"Canterbury",1010,9.6,7.6,NA
"8852","20200320:0000",-42.94461,171.56415,"Arthur's Pass National Park",2133,NA,0,"Canterbury",1010,11.1,11.95,NA
"8853","20200321:0000",-42.94461,171.56415,"Arthur's Pass National Park",2133,NA,0,"Canterbury",1010,10.4,9.8,NA
"8854","20200322:0000",-42.94461,171.56415,"Arthur's Pass National Park",2133,NA,0,"Canterbury",1010,10.3,10.9,NA
"8855","20200323:0000",-42.94461,171.56415,"Arthur's Pass National Park",2133,NA,0,"Canterbury",1010,5.9,10.25,NA
"8856","20200324:0000",-42.94461,171.56415,"Arthur's Pass National Park",2133,NA,0,"Canterbury",1010,0,4.8,NA
"8857","20200325:0000",-42.94461,171.56415,"Arthur's Pass National Park",2133,NA,0,"Canterbury",1010,0.7,5.9,NA
"8858","20200326:0000",-42.94461,171.56415,"Arthur's Pass National Park",2133,NA,0,"Canterbury",1010,9,7.2,NA
"8859","20200327:0000",-42.94461,171.56415,"Arthur's Pass National Park",2133,NA,0,"Canterbury",1010,0.2,5.85,NA
"8860","20200328:0000",-42.94461,171.56415,"Arthur's Pass National Park",2133,NA,0,"Canterbury",1010,7,6.05,NA
"8861","20200329:0000",-42.94461,171.56415,"Arthur's Pass National Park",2133,NA,0,"Canterbury",1010,5.4,6.35,NA
"8862","20200330:0000",-42.94461,171.56415,"Arthur's Pass National Park",2133,NA,0,"Canterbury",1010,1.5,8.75,NA
"8863","20200331:0000",-42.94461,171.56415,"Arthur's Pass National Park",2133,NA,0,"Canterbury",1010,0,11.5,NA
"8864","20200401:0000",-42.94461,171.56415,"Arthur's Pass National Park",2133,NA,0,"Canterbury",1010,0,10.4,NA
"8865","20200402:0000",-42.94461,171.56415,"Arthur's Pass National Park",2133,NA,0,"Canterbury",1010,0,10.45,NA
"8866","20200403:0000",-42.94461,171.56415,"Arthur's Pass National Park",2133,NA,0,"Canterbury",1010,0,10.4,NA
"8867","20200404:0000",-42.94461,171.56415,"Arthur's Pass National Park",2133,NA,0,"Canterbury",1010,0,10.4,NA
"8868","20200405:0000",-42.94461,171.56415,"Arthur's Pass National Park",2133,NA,0,"Canterbury",1010,8.4,10.9,NA
"8869","20200406:0000",-42.94461,171.56415,"Arthur's Pass National Park",2133,NA,0,"Canterbury",1010,8.1,11.7,NA
"8870","20200407:0000",-42.94461,171.56415,"Arthur's Pass National Park",2133,NA,0,"Canterbury",1010,8.3,11.4,NA
"8871","20200408:0000",-42.94461,171.56415,"Arthur's Pass National Park",2133,NA,0,"Canterbury",1010,2.5,7.7,NA
"8872","20200409:0000",-42.94461,171.56415,"Arthur's Pass National Park",2133,NA,0,"Canterbury",1010,0.3,7,NA
"8873","20200410:0000",-42.94461,171.56415,"Arthur's Pass National Park",2133,NA,0,"Canterbury",1010,0.2,9,NA
"8874","20200411:0000",-42.94461,171.56415,"Arthur's Pass National Park",2133,NA,0,"Canterbury",1010,13,7.3,NA
"8875","20200412:0000",-42.94461,171.56415,"Arthur's Pass National Park",2133,NA,0,"Canterbury",1010,12.2,9.55,NA
"8876","20200413:0000",-42.94461,171.56415,"Arthur's Pass National Park",2133,NA,0,"Canterbury",1010,12.8,5.65,NA
"8877","20200414:0000",-42.94461,171.56415,"Arthur's Pass National Park",2133,NA,0,"Canterbury",1010,1.9,3.5,NA
"8878","20200415:0000",-42.94461,171.56415,"Arthur's Pass National Park",2133,NA,0,"Canterbury",1010,0.5,3.2,NA
"8879","20200416:0000",-42.94461,171.56415,"Arthur's Pass National Park",2133,NA,0,"Canterbury",1010,11.3,4.85,NA
"8880","20200417:0000",-42.94461,171.56415,"Arthur's Pass National Park",2133,NA,0,"Canterbury",1010,3.2,7.7,NA
"8881","20200418:0000",-42.94461,171.56415,"Arthur's Pass National Park",2133,NA,0,"Canterbury",1010,1.7,7.9,NA
"8882","20200419:0000",-42.94461,171.56415,"Arthur's Pass National Park",2133,NA,0,"Canterbury",1010,10.2,6.05,NA
"8883","20200420:0000",-42.94461,171.56415,"Arthur's Pass National Park",2133,NA,0,"Canterbury",1010,10.5,6.8,NA
"8884","20200421:0000",-42.94461,171.56415,"Arthur's Pass National Park",2133,NA,0,"Canterbury",1010,0.9,5.85,NA
"8885","20200422:0000",-42.94461,171.56415,"Arthur's Pass National Park",2133,NA,0,"Canterbury",1010,7.6,6.25,NA
"8886","20200423:0000",-42.94461,171.56415,"Arthur's Pass National Park",2133,NA,0,"Canterbury",1010,6.6,9.65,NA
"8887","20200424:0000",-42.94461,171.56415,"Arthur's Pass National Park",2133,NA,0,"Canterbury",1010,11.2,9.35,NA
"8888","20200425:0000",-42.94461,171.56415,"Arthur's Pass National Park",2133,NA,0,"Canterbury",1010,13.5,9.1,NA
"8889","20200426:0000",-42.94461,171.56415,"Arthur's Pass National Park",2133,NA,0,"Canterbury",1010,12.7,8.7,NA
"8890","20200427:0000",-42.94461,171.56415,"Arthur's Pass National Park",2133,NA,0,"Canterbury",1010,23.8,9.65,NA
"8891","20200428:0000",-42.94461,171.56415,"Arthur's Pass National Park",2133,NA,0,"Canterbury",1010,6.7,7.4,NA
"8892","20200429:0000",-42.94461,171.56415,"Arthur's Pass National Park",2133,NA,0,"Canterbury",1010,9.3,8.45,NA
"8893","20200430:0000",-42.94461,171.56415,"Arthur's Pass National Park",2133,NA,0,"Canterbury",1010,9.9,8.75,NA
"8894","20200501:0000",-42.94461,171.56415,"Arthur's Pass National Park",2133,NA,0,"Canterbury",1010,7.6,8.8,NA
"8895","20200502:0000",-42.94461,171.56415,"Arthur's Pass National Park",2133,NA,0,"Canterbury",1010,16.2,10.6,NA
"8896","20200503:0000",-42.94461,171.56415,"Arthur's Pass National Park",2133,NA,0,"Canterbury",1010,6.9,9.65,NA
"8897","20200504:0000",-42.94461,171.56415,"Arthur's Pass National Park",2133,NA,0,"Canterbury",1010,0.2,8.8,NA
"8898","20200505:0000",-42.94461,171.56415,"Arthur's Pass National Park",2133,NA,0,"Canterbury",1010,0.3,3.35,NA
"8899","20200506:0000",-42.94461,171.56415,"Arthur's Pass National Park",2133,NA,0,"Canterbury",1010,0,3.65,NA
"8900","20200507:0000",-42.94461,171.56415,"Arthur's Pass National Park",2133,NA,0,"Canterbury",1010,12.9,4.9,NA
"8901","20200508:0000",-42.94461,171.56415,"Arthur's Pass National Park",2133,NA,0,"Canterbury",1010,5.3,8.95,NA
"8902","20200509:0000",-42.94461,171.56415,"Arthur's Pass National Park",2133,NA,0,"Canterbury",1010,3.1,8.05,NA
"8903","20200510:0000",-42.94461,171.56415,"Arthur's Pass National Park",2133,NA,0,"Canterbury",1010,0.5,6.9,NA
"8904","20200511:0000",-42.94461,171.56415,"Arthur's Pass National Park",2133,NA,0,"Canterbury",1010,9.8,7.5,NA
"8905","20200512:0000",-42.94461,171.56415,"Arthur's Pass National Park",2133,NA,0,"Canterbury",1010,4.7,8.9,NA
"8906","20200513:0000",-42.94461,171.56415,"Arthur's Pass National Park",2133,NA,0,"Canterbury",1010,0.4,9.05,NA
"8907","20200514:0000",-42.94461,171.56415,"Arthur's Pass National Park",2133,NA,0,"Canterbury",1010,10.7,6.65,NA
"8908","20200515:0000",-42.94461,171.56415,"Arthur's Pass National Park",2133,NA,0,"Canterbury",1010,2.2,7.2,NA
"8909","20200516:0000",-42.94461,171.56415,"Arthur's Pass National Park",2133,NA,0,"Canterbury",1010,3.1,7.75,NA
"8910","20200517:0000",-42.94461,171.56415,"Arthur's Pass National Park",2133,NA,0,"Canterbury",1010,0,4.8,NA
"8911","20200518:0000",-42.94461,171.56415,"Arthur's Pass National Park",2133,NA,0,"Canterbury",1010,0.7,4.05,NA
"8912","20200519:0000",-42.94461,171.56415,"Arthur's Pass National Park",2133,NA,0,"Canterbury",1010,0,5.05,NA
"8913","20200520:0000",-42.94461,171.56415,"Arthur's Pass National Park",2133,NA,0,"Canterbury",1010,0.9,4.75,NA
"8914","20200521:0000",-42.94461,171.56415,"Arthur's Pass National Park",2133,NA,0,"Canterbury",1010,16.3,5.9,NA
"8915","20200522:0000",-42.94461,171.56415,"Arthur's Pass National Park",2133,NA,0,"Canterbury",1010,8,7.5,NA
"8916","20200523:0000",-42.94461,171.56415,"Arthur's Pass National Park",2133,NA,0,"Canterbury",1010,0.2,4.85,NA
"8917","20200524:0000",-42.94461,171.56415,"Arthur's Pass National Park",2133,NA,0,"Canterbury",1010,12.1,5.75,NA
"8918","20200525:0000",-42.94461,171.56415,"Arthur's Pass National Park",2133,NA,0,"Canterbury",1010,4.7,4.35,NA
"8919","20200526:0000",-42.94461,171.56415,"Arthur's Pass National Park",2133,NA,0,"Canterbury",1010,2.1,5.95,NA
"8920","20200527:0000",-42.94461,171.56415,"Arthur's Pass National Park",2133,NA,0,"Canterbury",1010,3.3,3.85,NA
"8921","20200528:0000",-42.94461,171.56415,"Arthur's Pass National Park",2133,NA,0,"Canterbury",1010,0.1,4.95,NA
"8922","20200529:0000",-42.94461,171.56415,"Arthur's Pass National Park",2133,NA,0,"Canterbury",1010,0.9,3,NA
"8923","20200530:0000",-42.94461,171.56415,"Arthur's Pass National Park",2133,NA,0,"Canterbury",1010,0.4,3.75,NA
"8924","20200531:0000",-42.94461,171.56415,"Arthur's Pass National Park",2133,NA,0,"Canterbury",1010,0.1,3.55,NA
"8925","20200601:0000",-42.94461,171.56415,"Arthur's Pass National Park",2133,NA,0,"Canterbury",1010,0.9,2.95,NA
"8926","20200602:0000",-42.94461,171.56415,"Arthur's Pass National Park",2133,NA,0,"Canterbury",1010,1.9,5.25,NA
"8927","20200603:0000",-42.94461,171.56415,"Arthur's Pass National Park",2133,NA,0,"Canterbury",1010,8.2,4.7,NA
"8928","20200604:0000",-42.94461,171.56415,"Arthur's Pass National Park",2133,NA,0,"Canterbury",1010,5.6,NA,NA
"8929","20200605:0000",-42.94461,171.56415,"Arthur's Pass National Park",2133,NA,0,"Canterbury",1010,1.3,3.25,NA
"8930","20200606:0000",-42.94461,171.56415,"Arthur's Pass National Park",2133,NA,0,"Canterbury",1010,7.4,3.2,NA
"8931","20200607:0000",-42.94461,171.56415,"Arthur's Pass National Park",2133,NA,0,"Canterbury",1010,6.7,1.15,NA
"8932","20200608:0000",-42.94461,171.56415,"Arthur's Pass National Park",2133,NA,0,"Canterbury",1010,11.3,4.45,NA
"8933","20200609:0000",-42.94461,171.56415,"Arthur's Pass National Park",2133,NA,0,"Canterbury",1010,4.8,5.35,NA
"8934","20200610:0000",-42.94461,171.56415,"Arthur's Pass National Park",2133,NA,0,"Canterbury",1010,0.9,4.4,NA
"8935","20200611:0000",-42.94461,171.56415,"Arthur's Pass National Park",2133,NA,0,"Canterbury",1010,10.9,5.25,NA
"8936","20200612:0000",-42.94461,171.56415,"Arthur's Pass National Park",2133,NA,0,"Canterbury",1010,10.7,6.65,NA
"8937","20200613:0000",-42.94461,171.56415,"Arthur's Pass National Park",2133,NA,0,"Canterbury",1010,0.3,1.95,NA
"8938","20200614:0000",-42.94461,171.56415,"Arthur's Pass National Park",2133,NA,0,"Canterbury",1010,0.6,2.65,NA
"8939","20200615:0000",-42.94461,171.56415,"Arthur's Pass National Park",2133,NA,0,"Canterbury",1010,12.9,4.65,NA
"8940","20200616:0000",-42.94461,171.56415,"Arthur's Pass National Park",2133,NA,0,"Canterbury",1010,6.7,9.45,NA
"8941","20200617:0000",-42.94461,171.56415,"Arthur's Pass National Park",2133,NA,0,"Canterbury",1010,9.1,10.15,NA
"8942","20200618:0000",-42.94461,171.56415,"Arthur's Pass National Park",2133,NA,0,"Canterbury",1010,7,1.95,NA
"8943","20200619:0000",-42.94461,171.56415,"Arthur's Pass National Park",2133,NA,0,"Canterbury",1010,10.8,2.35,NA
"8944","20200620:0000",-42.94461,171.56415,"Arthur's Pass National Park",2133,NA,0,"Canterbury",1010,1.2,3.1,NA
"8945","20200621:0000",-42.94461,171.56415,"Arthur's Pass National Park",2133,NA,0,"Canterbury",1010,6.3,1.85,NA
"8946","20200622:0000",-42.94461,171.56415,"Arthur's Pass National Park",2133,NA,0,"Canterbury",1010,0,3.3,NA
"8947","20200623:0000",-42.94461,171.56415,"Arthur's Pass National Park",2133,NA,0,"Canterbury",1010,0.9,5.45,NA
"8948","20200624:0000",-42.94461,171.56415,"Arthur's Pass National Park",2133,NA,0,"Canterbury",1010,0,3.4,NA
"8949","20200625:0000",-42.94461,171.56415,"Arthur's Pass National Park",2133,NA,0,"Canterbury",1010,12.8,3.35,NA
"8950","20200626:0000",-42.94461,171.56415,"Arthur's Pass National Park",2133,NA,0,"Canterbury",1010,4.5,5.2,NA
"8951","20200627:0000",-42.94461,171.56415,"Arthur's Pass National Park",2133,NA,0,"Canterbury",1010,0.6,4.5,NA
"8952","20200628:0000",-42.94461,171.56415,"Arthur's Pass National Park",2133,NA,0,"Canterbury",1010,0.1,4.65,NA
"8953","20200629:0000",-42.94461,171.56415,"Arthur's Pass National Park",2133,NA,0,"Canterbury",1010,6.3,3.3,NA
"8954","20200630:0000",-42.94461,171.56415,"Arthur's Pass National Park",2133,NA,0,"Canterbury",1010,4.6,3.15,NA
"8955","20200701:0000",-42.94461,171.56415,"Arthur's Pass National Park",2133,NA,0,"Canterbury",1010,11,1.35,NA
"8956","20200702:0000",-42.94461,171.56415,"Arthur's Pass National Park",2133,NA,0,"Canterbury",1010,5,1.7,NA
"8957","20200703:0000",-42.94461,171.56415,"Arthur's Pass National Park",2133,NA,0,"Canterbury",1010,0.4,1.5,NA
"8958","20200704:0000",-42.94461,171.56415,"Arthur's Pass National Park",2133,NA,0,"Canterbury",1010,9.3,2.15,NA
"8959","20200705:0000",-42.94461,171.56415,"Arthur's Pass National Park",2133,NA,0,"Canterbury",1010,2.3,6.05,NA
"8960","20200706:0000",-42.94461,171.56415,"Arthur's Pass National Park",2133,NA,0,"Canterbury",1010,0.3,5.75,NA
"8961","20200707:0000",-42.94461,171.56415,"Arthur's Pass National Park",2133,NA,0,"Canterbury",1010,11.1,3.2,NA
"8962","20200708:0000",-42.94461,171.56415,"Arthur's Pass National Park",2133,NA,0,"Canterbury",1010,0.3,1.7,NA
"8963","20200709:0000",-42.94461,171.56415,"Arthur's Pass National Park",2133,NA,0,"Canterbury",1010,0,2.35,NA
"8964","20200710:0000",-42.94461,171.56415,"Arthur's Pass National Park",2133,NA,0,"Canterbury",1010,0,2.55,NA
"8965","20200711:0000",-42.94461,171.56415,"Arthur's Pass National Park",2133,NA,0,"Canterbury",1010,12.5,2.4,NA
"8966","20200712:0000",-42.94461,171.56415,"Arthur's Pass National Park",2133,NA,0,"Canterbury",1010,17.2,4.4,NA
"8967","20200713:0000",-42.94461,171.56415,"Arthur's Pass National Park",2133,NA,0,"Canterbury",1010,2.2,4.15,NA
"8968","20200714:0000",-42.94461,171.56415,"Arthur's Pass National Park",2133,NA,0,"Canterbury",1010,0,1.1,NA
"8969","20200715:0000",-42.94461,171.56415,"Arthur's Pass National Park",2133,NA,0,"Canterbury",1010,6.4,0.8,NA
"8970","20200716:0000",-42.94461,171.56415,"Arthur's Pass National Park",2133,NA,0,"Canterbury",1010,5.4,0.55,NA
"8971","20200717:0000",-42.94461,171.56415,"Arthur's Pass National Park",2133,NA,0,"Canterbury",1010,5.8,0.75,NA
"8972","20200718:0000",-42.94461,171.56415,"Arthur's Pass National Park",2133,NA,0,"Canterbury",1010,0,0.9,NA
"8973","20200719:0000",-42.94461,171.56415,"Arthur's Pass National Park",2133,NA,0,"Canterbury",1010,0,3.6,NA
"8974","20200720:0000",-42.94461,171.56415,"Arthur's Pass National Park",2133,NA,0,"Canterbury",1010,7.8,5.45,NA
"8975","20200721:0000",-42.94461,171.56415,"Arthur's Pass National Park",2133,NA,0,"Canterbury",1010,6.7,5.8,NA
"8976","20200722:0000",-42.94461,171.56415,"Arthur's Pass National Park",2133,NA,0,"Canterbury",1010,2.8,3.85,NA
"8977","20200723:0000",-42.94461,171.56415,"Arthur's Pass National Park",2133,NA,0,"Canterbury",1010,11.5,2.5,NA
"8978","20200724:0000",-42.94461,171.56415,"Arthur's Pass National Park",2133,NA,0,"Canterbury",1010,11,1.45,NA
"8979","20200725:0000",-42.94461,171.56415,"Arthur's Pass National Park",2133,NA,0,"Canterbury",1010,2.5,1.9,NA
"8980","20200726:0000",-42.94461,171.56415,"Arthur's Pass National Park",2133,NA,0,"Canterbury",1010,0.2,3.2,NA
"8981","20200727:0000",-42.94461,171.56415,"Arthur's Pass National Park",2133,NA,0,"Canterbury",1010,0,3.3,NA
"8982","20200728:0000",-42.94461,171.56415,"Arthur's Pass National Park",2133,NA,0,"Canterbury",1010,8.3,2.95,NA
"8983","20200729:0000",-42.94461,171.56415,"Arthur's Pass National Park",2133,NA,0,"Canterbury",1010,0.4,5.95,NA
"8984","20200730:0000",-42.94461,171.56415,"Arthur's Pass National Park",2133,NA,0,"Canterbury",1010,8,6.8,NA
"8985","20200731:0000",-42.94461,171.56415,"Arthur's Pass National Park",2133,NA,0,"Canterbury",1010,8.1,8.15,NA
"8986","20200801:0000",-42.94461,171.56415,"Arthur's Pass National Park",2133,NA,0,"Canterbury",1010,10,8.2,NA
"8987","20200802:0000",-42.94461,171.56415,"Arthur's Pass National Park",2133,NA,0,"Canterbury",1010,7,7.45,NA
"8988","20200803:0000",-42.94461,171.56415,"Arthur's Pass National Park",2133,NA,0,"Canterbury",1010,0,7.75,NA
"8989","20200804:0000",-42.94461,171.56415,"Arthur's Pass National Park",2133,NA,0,"Canterbury",1010,3.3,7.15,NA
"8990","20200805:0000",-42.94461,171.56415,"Arthur's Pass National Park",2133,NA,0,"Canterbury",1010,0.5,6.75,NA
"8991","20200806:0000",-42.94461,171.56415,"Arthur's Pass National Park",2133,NA,0,"Canterbury",1010,4.2,5.35,NA
"8992","20200807:0000",-42.94461,171.56415,"Arthur's Pass National Park",2133,NA,0,"Canterbury",1010,3.8,7.1,NA
"8993","20200808:0000",-42.94461,171.56415,"Arthur's Pass National Park",2133,NA,0,"Canterbury",1010,4.2,3.9,NA
"8994","20200809:0000",-42.94461,171.56415,"Arthur's Pass National Park",2133,NA,0,"Canterbury",1010,9.8,3.85,NA
"8995","20200810:0000",-42.94461,171.56415,"Arthur's Pass National Park",2133,NA,0,"Canterbury",1010,9.9,6.3,NA
"8996","20200811:0000",-42.94461,171.56415,"Arthur's Pass National Park",2133,NA,0,"Canterbury",1010,7.9,5.7,NA
"8997","20200812:0000",-42.94461,171.56415,"Arthur's Pass National Park",2133,NA,0,"Canterbury",1010,0,3.35,NA
"8998","20200813:0000",-42.94461,171.56415,"Arthur's Pass National Park",2133,NA,0,"Canterbury",1010,0,3.9,NA
"8999","20200814:0000",-42.94461,171.56415,"Arthur's Pass National Park",2133,NA,0,"Canterbury",1010,2.4,4.15,NA
"9000","20200815:0000",-42.94461,171.56415,"Arthur's Pass National Park",2133,NA,0,"Canterbury",1010,0.1,3.8,NA
"9001","20200816:0000",-42.94461,171.56415,"Arthur's Pass National Park",2133,NA,0,"Canterbury",1010,3.1,4,NA
"9002","20200817:0000",-42.94461,171.56415,"Arthur's Pass National Park",2133,NA,0,"Canterbury",1010,0,3.7,NA
"9003","20200818:0000",-42.94461,171.56415,"Arthur's Pass National Park",2133,NA,0,"Canterbury",1010,0,3.1,NA
"9004","20200819:0000",-42.94461,171.56415,"Arthur's Pass National Park",2133,NA,0,"Canterbury",1010,13.3,3.5,NA
"9005","20200820:0000",-42.94461,171.56415,"Arthur's Pass National Park",2133,NA,0,"Canterbury",1010,0.4,7.5,NA
"9006","20200821:0000",-42.94461,171.56415,"Arthur's Pass National Park",2133,NA,0,"Canterbury",1010,2.8,4.4,NA
"9007","20200822:0000",-42.94461,171.56415,"Arthur's Pass National Park",2133,NA,0,"Canterbury",1010,2.6,6.25,NA
"9008","20200823:0000",-42.94461,171.56415,"Arthur's Pass National Park",2133,NA,0,"Canterbury",1010,0.3,4.75,NA
"9009","20200824:0000",-42.94461,171.56415,"Arthur's Pass National Park",2133,NA,0,"Canterbury",1010,4.6,3.95,NA
"9010","20200825:0000",-42.94461,171.56415,"Arthur's Pass National Park",2133,NA,0,"Canterbury",1010,0,5.6,NA
"9011","20200826:0000",-42.94461,171.56415,"Arthur's Pass National Park",2133,NA,0,"Canterbury",1010,0,1.65,NA
"9012","20200827:0000",-42.94461,171.56415,"Arthur's Pass National Park",2133,NA,0,"Canterbury",1010,0,3.2,NA
"9013","20200828:0000",-42.94461,171.56415,"Arthur's Pass National Park",2133,NA,0,"Canterbury",1010,0.2,3.85,NA
"9014","20200829:0000",-42.94461,171.56415,"Arthur's Pass National Park",2133,NA,0,"Canterbury",1010,8.9,6.45,NA
"9015","20200830:0000",-42.94461,171.56415,"Arthur's Pass National Park",2133,NA,0,"Canterbury",1010,11.4,7.6,NA
"9016","20200831:0000",-42.94461,171.56415,"Arthur's Pass National Park",2133,NA,0,"Canterbury",1010,18.1,8.2,NA
"9017","20200901:0000",-42.94461,171.56415,"Arthur's Pass National Park",2133,NA,0,"Canterbury",1010,8.9,1.65,NA
"9018","20200902:0000",-42.94461,171.56415,"Arthur's Pass National Park",2133,NA,0,"Canterbury",1010,0,2.2,NA
"9019","20200903:0000",-42.94461,171.56415,"Arthur's Pass National Park",2133,NA,0,"Canterbury",1010,0,2.1,NA
"9020","20200904:0000",-42.94461,171.56415,"Arthur's Pass National Park",2133,NA,0,"Canterbury",1010,4.7,2.45,NA
"9021","20200905:0000",-42.94461,171.56415,"Arthur's Pass National Park",2133,NA,0,"Canterbury",1010,11,8.65,NA
"9022","20200906:0000",-42.94461,171.56415,"Arthur's Pass National Park",2133,NA,0,"Canterbury",1010,1.2,9.65,NA
"9023","20200907:0000",-42.94461,171.56415,"Arthur's Pass National Park",2133,NA,0,"Canterbury",1010,0,7.25,NA
"9024","20200908:0000",-42.94461,171.56415,"Arthur's Pass National Park",2133,NA,0,"Canterbury",1010,8.5,6.4,NA
"9025","20200909:0000",-42.94461,171.56415,"Arthur's Pass National Park",2133,NA,0,"Canterbury",1010,9.8,6.95,NA
"9026","20200910:0000",-42.94461,171.56415,"Arthur's Pass National Park",2133,NA,0,"Canterbury",1010,0,4.5,NA
"9027","20200911:0000",-42.94461,171.56415,"Arthur's Pass National Park",2133,NA,0,"Canterbury",1010,3,3.6,NA
"9028","20200912:0000",-42.94461,171.56415,"Arthur's Pass National Park",2133,NA,0,"Canterbury",1010,0.1,3.4,NA
"9029","20200913:0000",-42.94461,171.56415,"Arthur's Pass National Park",2133,NA,0,"Canterbury",1010,10,5.75,NA
"9030","20200914:0000",-42.94461,171.56415,"Arthur's Pass National Park",2133,NA,0,"Canterbury",1010,12.6,7.15,NA
"9031","20200915:0000",-42.94461,171.56415,"Arthur's Pass National Park",2133,NA,0,"Canterbury",1010,0.6,3.85,NA
"9032","20200916:0000",-42.94461,171.56415,"Arthur's Pass National Park",2133,NA,0,"Canterbury",1010,7.6,4.9,NA
"9033","20200917:0000",-42.94461,171.56415,"Arthur's Pass National Park",2133,NA,0,"Canterbury",1010,7.3,7,NA
"9034","20200918:0000",-42.94461,171.56415,"Arthur's Pass National Park",2133,NA,0,"Canterbury",1010,0,3.85,NA
"9035","20200919:0000",-42.94461,171.56415,"Arthur's Pass National Park",2133,NA,0,"Canterbury",1010,0,5.4,NA
"9036","20200920:0000",-42.94461,171.56415,"Arthur's Pass National Park",2133,NA,0,"Canterbury",1010,2.7,5.15,NA
"9037","20200921:0000",-42.94461,171.56415,"Arthur's Pass National Park",2133,NA,0,"Canterbury",1010,5.2,7.45,NA
"9038","20200922:0000",-42.94461,171.56415,"Arthur's Pass National Park",2133,NA,0,"Canterbury",1010,8.8,8.4,NA
"9039","20200923:0000",-42.94461,171.56415,"Arthur's Pass National Park",2133,NA,0,"Canterbury",1010,0.9,9.7,NA
"9040","20200924:0000",-42.94461,171.56415,"Arthur's Pass National Park",2133,NA,0,"Canterbury",1010,4.3,8.75,NA
"9041","20200925:0000",-42.94461,171.56415,"Arthur's Pass National Park",2133,NA,0,"Canterbury",1010,11.2,6.55,NA
"9042","20200926:0000",-42.94461,171.56415,"Arthur's Pass National Park",2133,NA,0,"Canterbury",1010,15.9,7.8,NA
"9043","20200927:0000",-42.94461,171.56415,"Arthur's Pass National Park",2133,NA,0,"Canterbury",1010,17.1,7.6,NA
"9044","20200928:0000",-42.94461,171.56415,"Arthur's Pass National Park",2133,NA,0,"Canterbury",1010,6.5,1.8,NA
"9045","20200929:0000",-42.94461,171.56415,"Arthur's Pass National Park",2133,NA,0,"Canterbury",1010,10.6,0.3,NA
"9046","20200930:0000",-42.94461,171.56415,"Arthur's Pass National Park",2133,NA,0,"Canterbury",1010,0,2.7,NA
"9047","20201001:0000",-42.94461,171.56415,"Arthur's Pass National Park",2133,NA,0,"Canterbury",1010,0.2,NA,NA
"9048","20201002:0000",-42.94461,171.56415,"Arthur's Pass National Park",2133,NA,0,"Canterbury",1010,NA,NA,NA
"9049","20201003:0000",-42.94461,171.56415,"Arthur's Pass National Park",2133,NA,0,"Canterbury",1010,NA,NA,NA
"9050","20201004:0000",-42.94461,171.56415,"Arthur's Pass National Park",2133,NA,0,"Canterbury",1010,NA,NA,NA
"9051","20201005:0000",-42.94461,171.56415,"Arthur's Pass National Park",2133,NA,0,"Canterbury",1010,13.6,NA,NA
"9052","20201006:0000",-42.94461,171.56415,"Arthur's Pass National Park",2133,NA,0,"Canterbury",1010,16.1,9.45,NA
"9053","20201007:0000",-42.94461,171.56415,"Arthur's Pass National Park",2133,NA,0,"Canterbury",1010,5,6.55,NA
"9054","20201008:0000",-42.94461,171.56415,"Arthur's Pass National Park",2133,NA,0,"Canterbury",1010,1.1,4.6,NA
"9055","20201009:0000",-42.94461,171.56415,"Arthur's Pass National Park",2133,NA,0,"Canterbury",1010,0,5.9,NA
"9056","20201010:0000",-42.94461,171.56415,"Arthur's Pass National Park",2133,NA,0,"Canterbury",1010,0,4.55,NA
"9057","20201011:0000",-42.94461,171.56415,"Arthur's Pass National Park",2133,NA,0,"Canterbury",1010,16,7.4,NA
"9058","20201012:0000",-42.94461,171.56415,"Arthur's Pass National Park",2133,NA,0,"Canterbury",1010,0,10.75,NA
"9059","20201013:0000",-42.94461,171.56415,"Arthur's Pass National Park",2133,NA,0,"Canterbury",1010,1.4,9.25,NA
"9060","20201014:0000",-42.94461,171.56415,"Arthur's Pass National Park",2133,NA,0,"Canterbury",1010,2.1,7.2,NA
"9061","20201015:0000",-42.94461,171.56415,"Arthur's Pass National Park",2133,NA,0,"Canterbury",1010,0.3,2.55,NA
"9062","20201016:0000",-42.94461,171.56415,"Arthur's Pass National Park",2133,NA,0,"Canterbury",1010,6.5,2.65,NA
"9063","20201017:0000",-42.94461,171.56415,"Arthur's Pass National Park",2133,NA,0,"Canterbury",1010,0.3,5.6,NA
"9064","20201018:0000",-42.94461,171.56415,"Arthur's Pass National Park",2133,NA,0,"Canterbury",1010,1.2,8.7,NA
"9065","20201019:0000",-42.94461,171.56415,"Arthur's Pass National Park",2133,NA,0,"Canterbury",1010,5.6,8.35,NA
"9066","20201020:0000",-42.94461,171.56415,"Arthur's Pass National Park",2133,NA,0,"Canterbury",1010,7.2,7.75,NA
"9067","20201021:0000",-42.94461,171.56415,"Arthur's Pass National Park",2133,NA,0,"Canterbury",1010,2.3,6.85,NA
"9068","20201022:0000",-42.94461,171.56415,"Arthur's Pass National Park",2133,NA,0,"Canterbury",1010,0,8.15,NA
"9069","20201023:0000",-42.94461,171.56415,"Arthur's Pass National Park",2133,NA,0,"Canterbury",1010,4,9.1,NA
"9070","20201024:0000",-42.94461,171.56415,"Arthur's Pass National Park",2133,NA,0,"Canterbury",1010,8.9,11.2,NA
"9071","20201025:0000",-42.94461,171.56415,"Arthur's Pass National Park",2133,NA,0,"Canterbury",1010,4.9,11.55,NA
"9072","20201026:0000",-42.94461,171.56415,"Arthur's Pass National Park",2133,NA,0,"Canterbury",1010,0,12.95,NA
"9073","20201027:0000",-42.94461,171.56415,"Arthur's Pass National Park",2133,NA,0,"Canterbury",1010,0,7.05,NA
"9074","20201028:0000",-42.94461,171.56415,"Arthur's Pass National Park",2133,NA,0,"Canterbury",1010,0,9.75,NA
"9075","20201029:0000",-42.94461,171.56415,"Arthur's Pass National Park",2133,NA,0,"Canterbury",1010,0,9.9,NA
"9076","20201030:0000",-42.94461,171.56415,"Arthur's Pass National Park",2133,NA,0,"Canterbury",1010,0.4,11.1,NA
"9077","20201031:0000",-42.94461,171.56415,"Arthur's Pass National Park",2133,NA,0,"Canterbury",1010,7.5,12.85,NA
"9078","20201101:0000",-42.94461,171.56415,"Arthur's Pass National Park",2133,NA,0,"Canterbury",1010,5.8,8.6,NA
"9079","20201102:0000",-42.94461,171.56415,"Arthur's Pass National Park",2133,NA,0,"Canterbury",1010,0,10.6,NA
"9080","20201103:0000",-42.94461,171.56415,"Arthur's Pass National Park",2133,NA,0,"Canterbury",1010,NA,NA,NA
"9081","20201104:0000",-42.94461,171.56415,"Arthur's Pass National Park",2133,NA,0,"Canterbury",1010,3.7,11.45,NA
"9082","20201105:0000",-42.94461,171.56415,"Arthur's Pass National Park",2133,NA,0,"Canterbury",1010,0.5,12.95,NA
"9083","20201106:0000",-42.94461,171.56415,"Arthur's Pass National Park",2133,NA,0,"Canterbury",1010,0,10.35,NA
"9084","20201107:0000",-42.94461,171.56415,"Arthur's Pass National Park",2133,NA,0,"Canterbury",1010,1.8,10.15,NA
"9085","20201108:0000",-42.94461,171.56415,"Arthur's Pass National Park",2133,NA,0,"Canterbury",1010,2.4,3.7,NA
"9086","20201109:0000",-42.94461,171.56415,"Arthur's Pass National Park",2133,NA,0,"Canterbury",1010,2.5,5.25,NA
"9087","20201110:0000",-42.94461,171.56415,"Arthur's Pass National Park",2133,NA,0,"Canterbury",1010,4.1,8.65,NA
"9088","20201111:0000",-42.94461,171.56415,"Arthur's Pass National Park",2133,NA,0,"Canterbury",1010,0,11.9,NA
"9089","20201112:0000",-42.94461,171.56415,"Arthur's Pass National Park",2133,NA,0,"Canterbury",1010,3.1,10.9,NA
"9090","20201113:0000",-42.94461,171.56415,"Arthur's Pass National Park",2133,NA,0,"Canterbury",1010,10.8,12.7,NA
"9091","20201114:0000",-42.94461,171.56415,"Arthur's Pass National Park",2133,NA,0,"Canterbury",1010,13,11.6,NA
"9092","20201115:0000",-42.94461,171.56415,"Arthur's Pass National Park",2133,NA,0,"Canterbury",1010,7.1,12.6,NA
"9093","20201116:0000",-42.94461,171.56415,"Arthur's Pass National Park",2133,NA,0,"Canterbury",1010,4.3,12.3,NA
"9094","20201117:0000",-42.94461,171.56415,"Arthur's Pass National Park",2133,NA,0,"Canterbury",1010,11.6,11.85,NA
"9095","20201118:0000",-42.94461,171.56415,"Arthur's Pass National Park",2133,NA,0,"Canterbury",1010,0,10.35,NA
"9096","20201119:0000",-42.94461,171.56415,"Arthur's Pass National Park",2133,NA,0,"Canterbury",1010,0.7,10.6,NA
"9097","20201120:0000",-42.94461,171.56415,"Arthur's Pass National Park",2133,NA,0,"Canterbury",1010,1.8,11.2,NA
"9098","20201121:0000",-42.94461,171.56415,"Arthur's Pass National Park",2133,NA,0,"Canterbury",1010,16,10.85,NA
"9099","20201122:0000",-42.94461,171.56415,"Arthur's Pass National Park",2133,NA,0,"Canterbury",1010,2.3,7.7,NA
"9100","20201123:0000",-42.94461,171.56415,"Arthur's Pass National Park",2133,NA,0,"Canterbury",1010,0,8.7,NA
"9101","20201124:0000",-42.94461,171.56415,"Arthur's Pass National Park",2133,NA,0,"Canterbury",1010,0,10.1,NA
"9102","20201125:0000",-42.94461,171.56415,"Arthur's Pass National Park",2133,NA,0,"Canterbury",1010,9.2,9.7,NA
"9103","20201126:0000",-42.94461,171.56415,"Arthur's Pass National Park",2133,NA,0,"Canterbury",1010,0,13.4,NA
"9104","20201127:0000",-42.94461,171.56415,"Arthur's Pass National Park",2133,NA,0,"Canterbury",1010,5.3,11.05,NA
"9105","20201128:0000",-42.94461,171.56415,"Arthur's Pass National Park",2133,NA,0,"Canterbury",1010,0,8.05,NA
"9106","20201129:0000",-42.94461,171.56415,"Arthur's Pass National Park",2133,NA,0,"Canterbury",1010,0,11.35,NA
"9107","20201130:0000",-42.94461,171.56415,"Arthur's Pass National Park",2133,NA,0,"Canterbury",1010,9.2,8.7,NA
"9108","20201201:0000",-42.94461,171.56415,"Arthur's Pass National Park",2133,NA,0,"Canterbury",1010,10.1,10.5,NA
"9109","20201202:0000",-42.94461,171.56415,"Arthur's Pass National Park",2133,NA,0,"Canterbury",1010,6.7,10.45,NA
"9110","20201203:0000",-42.94461,171.56415,"Arthur's Pass National Park",2133,NA,0,"Canterbury",1010,9.9,8.85,NA
"9111","20201204:0000",-42.94461,171.56415,"Arthur's Pass National Park",2133,NA,0,"Canterbury",1010,5.9,7.05,NA
"9112","20201205:0000",-42.94461,171.56415,"Arthur's Pass National Park",2133,NA,0,"Canterbury",1010,6.6,8.3,NA
"9113","20201206:0000",-42.94461,171.56415,"Arthur's Pass National Park",2133,NA,0,"Canterbury",1010,5.5,9.05,NA
"9114","20201207:0000",-42.94461,171.56415,"Arthur's Pass National Park",2133,NA,0,"Canterbury",1010,15.5,11.95,NA
"9115","20201208:0000",-42.94461,171.56415,"Arthur's Pass National Park",2133,NA,0,"Canterbury",1010,2.9,13,NA
"9116","20201209:0000",-42.94461,171.56415,"Arthur's Pass National Park",2133,NA,0,"Canterbury",1010,5.3,14.05,NA
"9117","20201210:0000",-42.94461,171.56415,"Arthur's Pass National Park",2133,NA,0,"Canterbury",1010,0,12.9,NA
"9118","20201211:0000",-42.94461,171.56415,"Arthur's Pass National Park",2133,NA,0,"Canterbury",1010,5.6,9.15,NA
"9119","20201212:0000",-42.94461,171.56415,"Arthur's Pass National Park",2133,NA,0,"Canterbury",1010,NA,7.2,NA
"9120","20201213:0000",-42.94461,171.56415,"Arthur's Pass National Park",2133,NA,0,"Canterbury",1010,3.8,13.05,NA
"9121","20201214:0000",-42.94461,171.56415,"Arthur's Pass National Park",2133,NA,0,"Canterbury",1010,0,13.5,NA
"9122","20201215:0000",-42.94461,171.56415,"Arthur's Pass National Park",2133,NA,0,"Canterbury",1010,10.5,NA,NA
"9123","20201216:0000",-42.94461,171.56415,"Arthur's Pass National Park",2133,NA,0,"Canterbury",1010,10.5,14.2,NA
"9124","20201217:0000",-42.94461,171.56415,"Arthur's Pass National Park",2133,NA,0,"Canterbury",1010,1.7,15.35,NA
"9125","20201218:0000",-42.94461,171.56415,"Arthur's Pass National Park",2133,NA,0,"Canterbury",1010,4.3,14.75,NA
"9126","20201219:0000",-42.94461,171.56415,"Arthur's Pass National Park",2133,NA,0,"Canterbury",1010,4.4,14.65,NA
"9127","20201220:0000",-42.94461,171.56415,"Arthur's Pass National Park",2133,NA,0,"Canterbury",1010,4,14.55,NA
"9128","20201221:0000",-42.94461,171.56415,"Arthur's Pass National Park",2133,NA,0,"Canterbury",1010,0,12.9,NA
"9129","20201222:0000",-42.94461,171.56415,"Arthur's Pass National Park",2133,NA,0,"Canterbury",1010,0,13.05,NA
"9130","20201223:0000",-42.94461,171.56415,"Arthur's Pass National Park",2133,NA,0,"Canterbury",1010,1.7,11.2,NA
"9131","20201224:0000",-42.94461,171.56415,"Arthur's Pass National Park",2133,NA,0,"Canterbury",1010,0.5,13.9,NA
"9132","20201225:0000",-42.94461,171.56415,"Arthur's Pass National Park",2133,NA,0,"Canterbury",1010,0.1,9.55,NA
"9133","20200101:0000",-43.52828,172.72096,"Bromley",6566,"Christchurch",100012,"Canterbury",1010,4.3,19.2,2.3
"9134","20200102:0000",-43.52828,172.72096,"Bromley",6566,"Christchurch",100012,"Canterbury",1010,12.2,16.8,7.8
"9135","20200103:0000",-43.52828,172.72096,"Bromley",6566,"Christchurch",100012,"Canterbury",1010,12.2,16.35,1.2
"9136","20200104:0000",-43.52828,172.72096,"Bromley",6566,"Christchurch",100012,"Canterbury",1010,9.7,13.65,12.6
"9137","20200105:0000",-43.52828,172.72096,"Bromley",6566,"Christchurch",100012,"Canterbury",1010,22.7,18.4,7.7
"9138","20200106:0000",-43.52828,172.72096,"Bromley",6566,"Christchurch",100012,"Canterbury",1010,4.3,17.9,6.7
"9139","20200107:0000",-43.52828,172.72096,"Bromley",6566,"Christchurch",100012,"Canterbury",1010,37.8,14.4,11
"9140","20200108:0000",-43.52828,172.72096,"Bromley",6566,"Christchurch",100012,"Canterbury",1010,9,14.4,7.8
"9141","20200109:0000",-43.52828,172.72096,"Bromley",6566,"Christchurch",100012,"Canterbury",1010,9.7,17.85,12.2
"9142","20200110:0000",-43.52828,172.72096,"Bromley",6566,"Christchurch",100012,"Canterbury",1010,14.4,15.85,8
"9143","20200111:0000",-43.52828,172.72096,"Bromley",6566,"Christchurch",100012,"Canterbury",1010,17.3,21.3,3.2
"9144","20200112:0000",-43.52828,172.72096,"Bromley",6566,"Christchurch",100012,"Canterbury",1010,19.8,24.65,7.5
"9145","20200113:0000",-43.52828,172.72096,"Bromley",6566,"Christchurch",100012,"Canterbury",1010,8.3,15.4,6.4
"9146","20200114:0000",-43.52828,172.72096,"Bromley",6566,"Christchurch",100012,"Canterbury",1010,9.4,14.55,14.2
"9147","20200115:0000",-43.52828,172.72096,"Bromley",6566,"Christchurch",100012,"Canterbury",1010,4.3,13.35,12.7
"9148","20200116:0000",-43.52828,172.72096,"Bromley",6566,"Christchurch",100012,"Canterbury",1010,14,15.1,8.4
"9149","20200117:0000",-43.52828,172.72096,"Bromley",6566,"Christchurch",100012,"Canterbury",1010,13.3,16.9,9.9
"9150","20200118:0000",-43.52828,172.72096,"Bromley",6566,"Christchurch",100012,"Canterbury",1010,21.6,16.85,10.6
"9151","20200119:0000",-43.52828,172.72096,"Bromley",6566,"Christchurch",100012,"Canterbury",1010,4.7,16.5,8.6
"9152","20200120:0000",-43.52828,172.72096,"Bromley",6566,"Christchurch",100012,"Canterbury",1010,6.8,17.3,7.5
"9153","20200121:0000",-43.52828,172.72096,"Bromley",6566,"Christchurch",100012,"Canterbury",1010,11.5,18.65,8
"9154","20200122:0000",-43.52828,172.72096,"Bromley",6566,"Christchurch",100012,"Canterbury",1010,15.5,20.05,5.1
"9155","20200123:0000",-43.52828,172.72096,"Bromley",6566,"Christchurch",100012,"Canterbury",1010,7.2,20.3,11.9
"9156","20200124:0000",-43.52828,172.72096,"Bromley",6566,"Christchurch",100012,"Canterbury",1010,18.4,17.65,9.8
"9157","20200125:0000",-43.52828,172.72096,"Bromley",6566,"Christchurch",100012,"Canterbury",1010,11.5,20.65,5.3
"9158","20200126:0000",-43.52828,172.72096,"Bromley",6566,"Christchurch",100012,"Canterbury",1010,7.9,18.7,7
"9159","20200127:0000",-43.52828,172.72096,"Bromley",6566,"Christchurch",100012,"Canterbury",1010,9.4,19.15,7.9
"9160","20200128:0000",-43.52828,172.72096,"Bromley",6566,"Christchurch",100012,"Canterbury",1010,18.4,20.45,9.6
"9161","20200129:0000",-43.52828,172.72096,"Bromley",6566,"Christchurch",100012,"Canterbury",1010,10.8,21.65,5
"9162","20200130:0000",-43.52828,172.72096,"Bromley",6566,"Christchurch",100012,"Canterbury",1010,14,19.5,8.6
"9163","20200131:0000",-43.52828,172.72096,"Bromley",6566,"Christchurch",100012,"Canterbury",1010,18,18.35,11.2
"9164","20200201:0000",-43.52828,172.72096,"Bromley",6566,"Christchurch",100012,"Canterbury",1010,23.4,21.7,1.3
"9165","20200202:0000",-43.52828,172.72096,"Bromley",6566,"Christchurch",100012,"Canterbury",1010,9.4,26.45,10.5
"9166","20200203:0000",-43.52828,172.72096,"Bromley",6566,"Christchurch",100012,"Canterbury",1010,30.6,25.75,0.7
"9167","20200204:0000",-43.52828,172.72096,"Bromley",6566,"Christchurch",100012,"Canterbury",1010,23.8,25.75,6.9
"9168","20200205:0000",-43.52828,172.72096,"Bromley",6566,"Christchurch",100012,"Canterbury",1010,16.6,13.95,4.2
"9169","20200206:0000",-43.52828,172.72096,"Bromley",6566,"Christchurch",100012,"Canterbury",1010,2.5,18.55,8.7
"9170","20200207:0000",-43.52828,172.72096,"Bromley",6566,"Christchurch",100012,"Canterbury",1010,9,15.15,8.3
"9171","20200208:0000",-43.52828,172.72096,"Bromley",6566,"Christchurch",100012,"Canterbury",1010,19.1,15.4,3.4
"9172","20200209:0000",-43.52828,172.72096,"Bromley",6566,"Christchurch",100012,"Canterbury",1010,8.6,14.9,13.5
"9173","20200210:0000",-43.52828,172.72096,"Bromley",6566,"Christchurch",100012,"Canterbury",1010,6.1,14.35,13.1
"9174","20200211:0000",-43.52828,172.72096,"Bromley",6566,"Christchurch",100012,"Canterbury",1010,9.4,15.7,13
"9175","20200212:0000",-43.52828,172.72096,"Bromley",6566,"Christchurch",100012,"Canterbury",1010,10.4,15.25,3.6
"9176","20200213:0000",-43.52828,172.72096,"Bromley",6566,"Christchurch",100012,"Canterbury",1010,23.4,19.15,7.6
"9177","20200214:0000",-43.52828,172.72096,"Bromley",6566,"Christchurch",100012,"Canterbury",1010,19.1,14.25,0
"9178","20200215:0000",-43.52828,172.72096,"Bromley",6566,"Christchurch",100012,"Canterbury",1010,28.1,16.75,2.9
"9179","20200216:0000",-43.52828,172.72096,"Bromley",6566,"Christchurch",100012,"Canterbury",1010,16.2,21.8,2.5
"9180","20200217:0000",-43.52828,172.72096,"Bromley",6566,"Christchurch",100012,"Canterbury",1010,5.4,25.65,6.9
"9181","20200218:0000",-43.52828,172.72096,"Bromley",6566,"Christchurch",100012,"Canterbury",1010,23.8,19.4,7.4
"9182","20200219:0000",-43.52828,172.72096,"Bromley",6566,"Christchurch",100012,"Canterbury",1010,2.2,17.85,10.8
"9183","20200220:0000",-43.52828,172.72096,"Bromley",6566,"Christchurch",100012,"Canterbury",1010,18.4,17,4.6
"9184","20200221:0000",-43.52828,172.72096,"Bromley",6566,"Christchurch",100012,"Canterbury",1010,21.6,23.15,5.3
"9185","20200222:0000",-43.52828,172.72096,"Bromley",6566,"Christchurch",100012,"Canterbury",1010,4,16.15,4.2
"9186","20200223:0000",-43.52828,172.72096,"Bromley",6566,"Christchurch",100012,"Canterbury",1010,4.7,14.35,13
"9187","20200224:0000",-43.52828,172.72096,"Bromley",6566,"Christchurch",100012,"Canterbury",1010,24.5,16.65,12.8
"9188","20200225:0000",-43.52828,172.72096,"Bromley",6566,"Christchurch",100012,"Canterbury",1010,9.7,18.75,6.8
"9189","20200226:0000",-43.52828,172.72096,"Bromley",6566,"Christchurch",100012,"Canterbury",1010,20.2,18.75,5.2
"9190","20200227:0000",-43.52828,172.72096,"Bromley",6566,"Christchurch",100012,"Canterbury",1010,5.8,21.75,6.6
"9191","20200228:0000",-43.52828,172.72096,"Bromley",6566,"Christchurch",100012,"Canterbury",1010,12.6,21.2,6.9
"9192","20200229:0000",-43.52828,172.72096,"Bromley",6566,"Christchurch",100012,"Canterbury",1010,21.2,16.5,8.8
"9193","20200301:0000",-43.52828,172.72096,"Bromley",6566,"Christchurch",100012,"Canterbury",1010,19.1,16.9,10.4
"9194","20200302:0000",-43.52828,172.72096,"Bromley",6566,"Christchurch",100012,"Canterbury",1010,25.9,20.4,3
"9195","20200303:0000",-43.52828,172.72096,"Bromley",6566,"Christchurch",100012,"Canterbury",1010,19.1,24.3,5.6
"9196","20200304:0000",-43.52828,172.72096,"Bromley",6566,"Christchurch",100012,"Canterbury",1010,6.8,14.25,4.3
"9197","20200305:0000",-43.52828,172.72096,"Bromley",6566,"Christchurch",100012,"Canterbury",1010,3.6,12.6,12.1
"9198","20200306:0000",-43.52828,172.72096,"Bromley",6566,"Christchurch",100012,"Canterbury",1010,16.2,13.8,11.2
"9199","20200307:0000",-43.52828,172.72096,"Bromley",6566,"Christchurch",100012,"Canterbury",1010,27.4,17.4,11.1
"9200","20200308:0000",-43.52828,172.72096,"Bromley",6566,"Christchurch",100012,"Canterbury",1010,25.9,18.6,4.7
"9201","20200309:0000",-43.52828,172.72096,"Bromley",6566,"Christchurch",100012,"Canterbury",1010,12.6,23.2,4.1
"9202","20200310:0000",-43.52828,172.72096,"Bromley",6566,"Christchurch",100012,"Canterbury",1010,25.9,16.1,0.9
"9203","20200311:0000",-43.52828,172.72096,"Bromley",6566,"Christchurch",100012,"Canterbury",1010,17.6,13.2,2.4
"9204","20200312:0000",-43.52828,172.72096,"Bromley",6566,"Christchurch",100012,"Canterbury",1010,8.3,15.45,7.9
"9205","20200313:0000",-43.52828,172.72096,"Bromley",6566,"Christchurch",100012,"Canterbury",1010,15.5,15.3,5.8
"9206","20200314:0000",-43.52828,172.72096,"Bromley",6566,"Christchurch",100012,"Canterbury",1010,23.8,16.45,5.3
"9207","20200315:0000",-43.52828,172.72096,"Bromley",6566,"Christchurch",100012,"Canterbury",1010,10.4,16.15,8.3
"9208","20200316:0000",-43.52828,172.72096,"Bromley",6566,"Christchurch",100012,"Canterbury",1010,9.4,17.25,10.2
"9209","20200317:0000",-43.52828,172.72096,"Bromley",6566,"Christchurch",100012,"Canterbury",1010,18.7,12.8,6.7
"9210","20200318:0000",-43.52828,172.72096,"Bromley",6566,"Christchurch",100012,"Canterbury",1010,2.9,9.5,11.6
"9211","20200319:0000",-43.52828,172.72096,"Bromley",6566,"Christchurch",100012,"Canterbury",1010,4,16.1,11.7
"9212","20200320:0000",-43.52828,172.72096,"Bromley",6566,"Christchurch",100012,"Canterbury",1010,10.4,11.85,0
"9213","20200321:0000",-43.52828,172.72096,"Bromley",6566,"Christchurch",100012,"Canterbury",1010,23.4,13,0
"9214","20200322:0000",-43.52828,172.72096,"Bromley",6566,"Christchurch",100012,"Canterbury",1010,3.6,16.8,11
"9215","20200323:0000",-43.52828,172.72096,"Bromley",6566,"Christchurch",100012,"Canterbury",1010,18.7,15.55,4.8
"9216","20200324:0000",-43.52828,172.72096,"Bromley",6566,"Christchurch",100012,"Canterbury",1010,16.6,9.25,1.4
"9217","20200325:0000",-43.52828,172.72096,"Bromley",6566,"Christchurch",100012,"Canterbury",1010,10.4,11.25,10.8
"9218","20200326:0000",-43.52828,172.72096,"Bromley",6566,"Christchurch",100012,"Canterbury",1010,5,14.35,9.1
"9219","20200327:0000",-43.52828,172.72096,"Bromley",6566,"Christchurch",100012,"Canterbury",1010,16.6,12.25,1
"9220","20200328:0000",-43.52828,172.72096,"Bromley",6566,"Christchurch",100012,"Canterbury",1010,14.8,12.95,2.6
"9221","20200329:0000",-43.52828,172.72096,"Bromley",6566,"Christchurch",100012,"Canterbury",1010,13.7,11.6,0
"9222","20200330:0000",-43.52828,172.72096,"Bromley",6566,"Christchurch",100012,"Canterbury",1010,11.5,12.35,0
"9223","20200331:0000",-43.52828,172.72096,"Bromley",6566,"Christchurch",100012,"Canterbury",1010,14.8,14.75,7.1
"9224","20200401:0000",-43.52828,172.72096,"Bromley",6566,"Christchurch",100012,"Canterbury",1010,6.5,15.1,5.5
"9225","20200402:0000",-43.52828,172.72096,"Bromley",6566,"Christchurch",100012,"Canterbury",1010,10.4,14.4,10.4
"9226","20200403:0000",-43.52828,172.72096,"Bromley",6566,"Christchurch",100012,"Canterbury",1010,4,13.25,3.5
"9227","20200404:0000",-43.52828,172.72096,"Bromley",6566,"Christchurch",100012,"Canterbury",1010,23.8,14.2,1.2
"9228","20200405:0000",-43.52828,172.72096,"Bromley",6566,"Christchurch",100012,"Canterbury",1010,30.2,15.5,10.4
"9229","20200406:0000",-43.52828,172.72096,"Bromley",6566,"Christchurch",100012,"Canterbury",1010,20.2,15.55,1.2
"9230","20200407:0000",-43.52828,172.72096,"Bromley",6566,"Christchurch",100012,"Canterbury",1010,15.1,17.55,8.9
"9231","20200408:0000",-43.52828,172.72096,"Bromley",6566,"Christchurch",100012,"Canterbury",1010,4,13.75,9.2
"9232","20200409:0000",-43.52828,172.72096,"Bromley",6566,"Christchurch",100012,"Canterbury",1010,13,12.95,7.6
"9233","20200410:0000",-43.52828,172.72096,"Bromley",6566,"Christchurch",100012,"Canterbury",1010,3.2,10.9,10.7
"9234","20200411:0000",-43.52828,172.72096,"Bromley",6566,"Christchurch",100012,"Canterbury",1010,22.3,14.45,6
"9235","20200412:0000",-43.52828,172.72096,"Bromley",6566,"Christchurch",100012,"Canterbury",1010,22.7,16.5,3.3
"9236","20200413:0000",-43.52828,172.72096,"Bromley",6566,"Christchurch",100012,"Canterbury",1010,21.2,16.1,9.9
"9237","20200414:0000",-43.52828,172.72096,"Bromley",6566,"Christchurch",100012,"Canterbury",1010,26.3,9.25,7.4
"9238","20200415:0000",-43.52828,172.72096,"Bromley",6566,"Christchurch",100012,"Canterbury",1010,24.8,10.1,4.9
"9239","20200416:0000",-43.52828,172.72096,"Bromley",6566,"Christchurch",100012,"Canterbury",1010,4.7,10.8,8.2
"9240","20200417:0000",-43.52828,172.72096,"Bromley",6566,"Christchurch",100012,"Canterbury",1010,5.8,11.1,2.2
"9241","20200418:0000",-43.52828,172.72096,"Bromley",6566,"Christchurch",100012,"Canterbury",1010,16.2,15.15,6.6
"9242","20200419:0000",-43.52828,172.72096,"Bromley",6566,"Christchurch",100012,"Canterbury",1010,7.6,13.4,10.1
"9243","20200420:0000",-43.52828,172.72096,"Bromley",6566,"Christchurch",100012,"Canterbury",1010,5.8,13.35,7.6
"9244","20200421:0000",-43.52828,172.72096,"Bromley",6566,"Christchurch",100012,"Canterbury",1010,11.2,10.05,9.9
"9245","20200422:0000",-43.52828,172.72096,"Bromley",6566,"Christchurch",100012,"Canterbury",1010,11.9,13.9,8.5
"9246","20200423:0000",-43.52828,172.72096,"Bromley",6566,"Christchurch",100012,"Canterbury",1010,7.9,10.45,2.8
"9247","20200424:0000",-43.52828,172.72096,"Bromley",6566,"Christchurch",100012,"Canterbury",1010,1.8,11.15,9.9
"9248","20200425:0000",-43.52828,172.72096,"Bromley",6566,"Christchurch",100012,"Canterbury",1010,3.6,15.9,8.5
"9249","20200426:0000",-43.52828,172.72096,"Bromley",6566,"Christchurch",100012,"Canterbury",1010,22,14.45,6.3
"9250","20200427:0000",-43.52828,172.72096,"Bromley",6566,"Christchurch",100012,"Canterbury",1010,21.2,17.15,3.1
"9251","20200428:0000",-43.52828,172.72096,"Bromley",6566,"Christchurch",100012,"Canterbury",1010,6.5,11.8,9.9
"9252","20200429:0000",-43.52828,172.72096,"Bromley",6566,"Christchurch",100012,"Canterbury",1010,13,12.4,8.8
"9253","20200430:0000",-43.52828,172.72096,"Bromley",6566,"Christchurch",100012,"Canterbury",1010,2.2,12.65,9.7
"9254","20200501:0000",-43.52828,172.72096,"Bromley",6566,"Christchurch",100012,"Canterbury",1010,4.3,12.1,8.5
"9255","20200502:0000",-43.52828,172.72096,"Bromley",6566,"Christchurch",100012,"Canterbury",1010,3.2,14.6,3.6
"9256","20200503:0000",-43.52828,172.72096,"Bromley",6566,"Christchurch",100012,"Canterbury",1010,23,19.6,7.2
"9257","20200504:0000",-43.52828,172.72096,"Bromley",6566,"Christchurch",100012,"Canterbury",1010,4.7,14.9,1.9
"9258","20200505:0000",-43.52828,172.72096,"Bromley",6566,"Christchurch",100012,"Canterbury",1010,12.2,9.65,3.3
"9259","20200506:0000",-43.52828,172.72096,"Bromley",6566,"Christchurch",100012,"Canterbury",1010,6.8,9.05,6.7
"9260","20200507:0000",-43.52828,172.72096,"Bromley",6566,"Christchurch",100012,"Canterbury",1010,6.5,12.9,7.4
"9261","20200508:0000",-43.52828,172.72096,"Bromley",6566,"Christchurch",100012,"Canterbury",1010,12.6,9.9,6.1
"9262","20200509:0000",-43.52828,172.72096,"Bromley",6566,"Christchurch",100012,"Canterbury",1010,5.8,13.1,4
"9263","20200510:0000",-43.52828,172.72096,"Bromley",6566,"Christchurch",100012,"Canterbury",1010,15.8,13.45,4.6
"9264","20200511:0000",-43.52828,172.72096,"Bromley",6566,"Christchurch",100012,"Canterbury",1010,13.7,13.9,8.5
"9265","20200512:0000",-43.52828,172.72096,"Bromley",6566,"Christchurch",100012,"Canterbury",1010,22.3,13.45,2.7
"9266","20200513:0000",-43.52828,172.72096,"Bromley",6566,"Christchurch",100012,"Canterbury",1010,5.8,11.25,0.1
"9267","20200514:0000",-43.52828,172.72096,"Bromley",6566,"Christchurch",100012,"Canterbury",1010,11.2,10.15,7
"9268","20200515:0000",-43.52828,172.72096,"Bromley",6566,"Christchurch",100012,"Canterbury",1010,8.6,11.45,5
"9269","20200516:0000",-43.52828,172.72096,"Bromley",6566,"Christchurch",100012,"Canterbury",1010,4.7,10,6.6
"9270","20200517:0000",-43.52828,172.72096,"Bromley",6566,"Christchurch",100012,"Canterbury",1010,2.9,7.45,8.8
"9271","20200518:0000",-43.52828,172.72096,"Bromley",6566,"Christchurch",100012,"Canterbury",1010,14.8,9.35,6.1
"9272","20200519:0000",-43.52828,172.72096,"Bromley",6566,"Christchurch",100012,"Canterbury",1010,6.8,10.1,6.1
"9273","20200520:0000",-43.52828,172.72096,"Bromley",6566,"Christchurch",100012,"Canterbury",1010,5,8.25,1.8
"9274","20200521:0000",-43.52828,172.72096,"Bromley",6566,"Christchurch",100012,"Canterbury",1010,13.7,11.4,8.4
"9275","20200522:0000",-43.52828,172.72096,"Bromley",6566,"Christchurch",100012,"Canterbury",1010,7.9,14,4.6
"9276","20200523:0000",-43.52828,172.72096,"Bromley",6566,"Christchurch",100012,"Canterbury",1010,12.6,9.9,2.4
"9277","20200524:0000",-43.52828,172.72096,"Bromley",6566,"Christchurch",100012,"Canterbury",1010,11.9,11.35,0.5
"9278","20200525:0000",-43.52828,172.72096,"Bromley",6566,"Christchurch",100012,"Canterbury",1010,16.9,10.95,0
"9279","20200526:0000",-43.52828,172.72096,"Bromley",6566,"Christchurch",100012,"Canterbury",1010,10.1,10.25,3.2
"9280","20200527:0000",-43.52828,172.72096,"Bromley",6566,"Christchurch",100012,"Canterbury",1010,6.8,8.25,8.8
"9281","20200528:0000",-43.52828,172.72096,"Bromley",6566,"Christchurch",100012,"Canterbury",1010,4.3,6.35,1
"9282","20200529:0000",-43.52828,172.72096,"Bromley",6566,"Christchurch",100012,"Canterbury",1010,11.2,8.9,0
"9283","20200530:0000",-43.52828,172.72096,"Bromley",6566,"Christchurch",100012,"Canterbury",1010,3.2,7.5,8.7
"9284","20200531:0000",-43.52828,172.72096,"Bromley",6566,"Christchurch",100012,"Canterbury",1010,17.6,7.6,6
"9285","20200601:0000",-43.52828,172.72096,"Bromley",6566,"Christchurch",100012,"Canterbury",1010,20.9,11.4,0
"9286","20200602:0000",-43.52828,172.72096,"Bromley",6566,"Christchurch",100012,"Canterbury",1010,6.5,11.5,1.6
"9287","20200603:0000",-43.52828,172.72096,"Bromley",6566,"Christchurch",100012,"Canterbury",1010,14.8,10.85,2.4
"9288","20200604:0000",-43.52828,172.72096,"Bromley",6566,"Christchurch",100012,"Canterbury",1010,21.6,10.4,0.1
"9289","20200605:0000",-43.52828,172.72096,"Bromley",6566,"Christchurch",100012,"Canterbury",1010,20.5,7.45,3.3
"9290","20200606:0000",-43.52828,172.72096,"Bromley",6566,"Christchurch",100012,"Canterbury",1010,10.1,4.95,0.9
"9291","20200607:0000",-43.52828,172.72096,"Bromley",6566,"Christchurch",100012,"Canterbury",1010,0.7,6.7,8
"9292","20200608:0000",-43.52828,172.72096,"Bromley",6566,"Christchurch",100012,"Canterbury",1010,3.2,6.75,8.5
"9293","20200609:0000",-43.52828,172.72096,"Bromley",6566,"Christchurch",100012,"Canterbury",1010,10.1,8.55,8.4
"9294","20200610:0000",-43.52828,172.72096,"Bromley",6566,"Christchurch",100012,"Canterbury",1010,4.7,7.25,8.5
"9295","20200611:0000",-43.52828,172.72096,"Bromley",6566,"Christchurch",100012,"Canterbury",1010,4,8.25,4.9
"9296","20200612:0000",-43.52828,172.72096,"Bromley",6566,"Christchurch",100012,"Canterbury",1010,10.4,7.6,1.2
"9297","20200613:0000",-43.52828,172.72096,"Bromley",6566,"Christchurch",100012,"Canterbury",1010,5.4,6.15,8.5
"9298","20200614:0000",-43.52828,172.72096,"Bromley",6566,"Christchurch",100012,"Canterbury",1010,2.2,5.25,6.9
"9299","20200615:0000",-43.52828,172.72096,"Bromley",6566,"Christchurch",100012,"Canterbury",1010,12.6,10.2,4.7
"9300","20200616:0000",-43.52828,172.72096,"Bromley",6566,"Christchurch",100012,"Canterbury",1010,6.1,14.55,7.6
"9301","20200617:0000",-43.52828,172.72096,"Bromley",6566,"Christchurch",100012,"Canterbury",1010,4.3,14.25,6.2
"9302","20200618:0000",-43.52828,172.72096,"Bromley",6566,"Christchurch",100012,"Canterbury",1010,16.6,8.15,0
"9303","20200619:0000",-43.52828,172.72096,"Bromley",6566,"Christchurch",100012,"Canterbury",1010,33.8,7.2,0
"9304","20200620:0000",-43.52828,172.72096,"Bromley",6566,"Christchurch",100012,"Canterbury",1010,25.2,7.95,1.9
"9305","20200621:0000",-43.52828,172.72096,"Bromley",6566,"Christchurch",100012,"Canterbury",1010,6.5,8.3,0.7
"9306","20200622:0000",-43.52828,172.72096,"Bromley",6566,"Christchurch",100012,"Canterbury",1010,4,8.45,0.6
"9307","20200623:0000",-43.52828,172.72096,"Bromley",6566,"Christchurch",100012,"Canterbury",1010,2.9,8.75,0
"9308","20200624:0000",-43.52828,172.72096,"Bromley",6566,"Christchurch",100012,"Canterbury",1010,16.6,7.95,0.5
"9309","20200625:0000",-43.52828,172.72096,"Bromley",6566,"Christchurch",100012,"Canterbury",1010,14.8,8.3,0.1
"9310","20200626:0000",-43.52828,172.72096,"Bromley",6566,"Christchurch",100012,"Canterbury",1010,21.2,10,0.7
"9311","20200627:0000",-43.52828,172.72096,"Bromley",6566,"Christchurch",100012,"Canterbury",1010,20.9,10.65,0.1
"9312","20200628:0000",-43.52828,172.72096,"Bromley",6566,"Christchurch",100012,"Canterbury",1010,13.3,9.85,0
"9313","20200629:0000",-43.52828,172.72096,"Bromley",6566,"Christchurch",100012,"Canterbury",1010,28.1,7.8,0
"9314","20200630:0000",-43.52828,172.72096,"Bromley",6566,"Christchurch",100012,"Canterbury",1010,15.5,7.8,2.7
"9315","20200701:0000",-43.52828,172.72096,"Bromley",6566,"Christchurch",100012,"Canterbury",1010,25.9,6.2,0.3
"9316","20200702:0000",-43.52828,172.72096,"Bromley",6566,"Christchurch",100012,"Canterbury",1010,23.4,6.85,4.7
"9317","20200703:0000",-43.52828,172.72096,"Bromley",6566,"Christchurch",100012,"Canterbury",1010,6.8,5.45,8.1
"9318","20200704:0000",-43.52828,172.72096,"Bromley",6566,"Christchurch",100012,"Canterbury",1010,17.3,7.7,1.2
"9319","20200705:0000",-43.52828,172.72096,"Bromley",6566,"Christchurch",100012,"Canterbury",1010,11.9,11.45,3.2
"9320","20200706:0000",-43.52828,172.72096,"Bromley",6566,"Christchurch",100012,"Canterbury",1010,5.4,10.85,2.1
"9321","20200707:0000",-43.52828,172.72096,"Bromley",6566,"Christchurch",100012,"Canterbury",1010,23.8,6.2,1
"9322","20200708:0000",-43.52828,172.72096,"Bromley",6566,"Christchurch",100012,"Canterbury",1010,26.6,6.75,3.9
"9323","20200709:0000",-43.52828,172.72096,"Bromley",6566,"Christchurch",100012,"Canterbury",1010,20.9,6.65,1.9
"9324","20200710:0000",-43.52828,172.72096,"Bromley",6566,"Christchurch",100012,"Canterbury",1010,4,6.4,8.7
"9325","20200711:0000",-43.52828,172.72096,"Bromley",6566,"Christchurch",100012,"Canterbury",1010,1.4,5.65,7.3
"9326","20200712:0000",-43.52828,172.72096,"Bromley",6566,"Christchurch",100012,"Canterbury",1010,5,9.3,3.5
"9327","20200713:0000",-43.52828,172.72096,"Bromley",6566,"Christchurch",100012,"Canterbury",1010,11.9,7.9,7.7
"9328","20200714:0000",-43.52828,172.72096,"Bromley",6566,"Christchurch",100012,"Canterbury",1010,7.6,5.05,8.1
"9329","20200715:0000",-43.52828,172.72096,"Bromley",6566,"Christchurch",100012,"Canterbury",1010,13.3,5,1.9
"9330","20200716:0000",-43.52828,172.72096,"Bromley",6566,"Christchurch",100012,"Canterbury",1010,4,3.85,0.1
"9331","20200717:0000",-43.52828,172.72096,"Bromley",6566,"Christchurch",100012,"Canterbury",1010,2.9,6.35,4
"9332","20200718:0000",-43.52828,172.72096,"Bromley",6566,"Christchurch",100012,"Canterbury",1010,7.9,7.5,0
"9333","20200719:0000",-43.52828,172.72096,"Bromley",6566,"Christchurch",100012,"Canterbury",1010,10.4,9.75,1.4
"9334","20200720:0000",-43.52828,172.72096,"Bromley",6566,"Christchurch",100012,"Canterbury",1010,18,10.85,3.3
"9335","20200721:0000",-43.52828,172.72096,"Bromley",6566,"Christchurch",100012,"Canterbury",1010,10.1,13.3,5.8
"9336","20200722:0000",-43.52828,172.72096,"Bromley",6566,"Christchurch",100012,"Canterbury",1010,26.3,7.65,6
"9337","20200723:0000",-43.52828,172.72096,"Bromley",6566,"Christchurch",100012,"Canterbury",1010,7.2,6.65,1.2
"9338","20200724:0000",-43.52828,172.72096,"Bromley",6566,"Christchurch",100012,"Canterbury",1010,5.4,5.55,8.5
"9339","20200725:0000",-43.52828,172.72096,"Bromley",6566,"Christchurch",100012,"Canterbury",1010,4.3,4.7,9.2
"9340","20200726:0000",-43.52828,172.72096,"Bromley",6566,"Christchurch",100012,"Canterbury",1010,9,7.15,9.2
"9341","20200727:0000",-43.52828,172.72096,"Bromley",6566,"Christchurch",100012,"Canterbury",1010,7.9,6.9,7.6
"9342","20200728:0000",-43.52828,172.72096,"Bromley",6566,"Christchurch",100012,"Canterbury",1010,16.9,5.65,2.6
"9343","20200729:0000",-43.52828,172.72096,"Bromley",6566,"Christchurch",100012,"Canterbury",1010,8.3,7.55,1
"9344","20200730:0000",-43.52828,172.72096,"Bromley",6566,"Christchurch",100012,"Canterbury",1010,11.9,10.25,3.8
"9345","20200731:0000",-43.52828,172.72096,"Bromley",6566,"Christchurch",100012,"Canterbury",1010,18.4,11.2,3.3
"9346","20200801:0000",-43.52828,172.72096,"Bromley",6566,"Christchurch",100012,"Canterbury",1010,17.6,11.45,1.9
"9347","20200802:0000",-43.52828,172.72096,"Bromley",6566,"Christchurch",100012,"Canterbury",1010,17.3,11.65,0.7
"9348","20200803:0000",-43.52828,172.72096,"Bromley",6566,"Christchurch",100012,"Canterbury",1010,13.3,10.2,1.7
"9349","20200804:0000",-43.52828,172.72096,"Bromley",6566,"Christchurch",100012,"Canterbury",1010,2.5,7.8,2.3
"9350","20200805:0000",-43.52828,172.72096,"Bromley",6566,"Christchurch",100012,"Canterbury",1010,17.6,8,8.5
"9351","20200806:0000",-43.52828,172.72096,"Bromley",6566,"Christchurch",100012,"Canterbury",1010,22.3,9.95,1.8
"9352","20200807:0000",-43.52828,172.72096,"Bromley",6566,"Christchurch",100012,"Canterbury",1010,9.4,11.2,8.5
"9353","20200808:0000",-43.52828,172.72096,"Bromley",6566,"Christchurch",100012,"Canterbury",1010,16.6,9,4.9
"9354","20200809:0000",-43.52828,172.72096,"Bromley",6566,"Christchurch",100012,"Canterbury",1010,5,7.45,9.7
"9355","20200810:0000",-43.52828,172.72096,"Bromley",6566,"Christchurch",100012,"Canterbury",1010,4.3,9.65,9.8
"9356","20200811:0000",-43.52828,172.72096,"Bromley",6566,"Christchurch",100012,"Canterbury",1010,6.5,7,9.4
"9357","20200812:0000",-43.52828,172.72096,"Bromley",6566,"Christchurch",100012,"Canterbury",1010,7.9,7.9,5
"9358","20200813:0000",-43.52828,172.72096,"Bromley",6566,"Christchurch",100012,"Canterbury",1010,9,8.6,8.6
"9359","20200814:0000",-43.52828,172.72096,"Bromley",6566,"Christchurch",100012,"Canterbury",1010,3.6,8.2,5.4
"9360","20200815:0000",-43.52828,172.72096,"Bromley",6566,"Christchurch",100012,"Canterbury",1010,3.6,5.8,9.6
"9361","20200816:0000",-43.52828,172.72096,"Bromley",6566,"Christchurch",100012,"Canterbury",1010,9.7,7.35,9.3
"9362","20200817:0000",-43.52828,172.72096,"Bromley",6566,"Christchurch",100012,"Canterbury",1010,5.4,4.95,9.9
"9363","20200818:0000",-43.52828,172.72096,"Bromley",6566,"Christchurch",100012,"Canterbury",1010,20.9,7.7,4.3
"9364","20200819:0000",-43.52828,172.72096,"Bromley",6566,"Christchurch",100012,"Canterbury",1010,29.9,10.25,0.1
"9365","20200820:0000",-43.52828,172.72096,"Bromley",6566,"Christchurch",100012,"Canterbury",1010,11.2,12.35,7.4
"9366","20200821:0000",-43.52828,172.72096,"Bromley",6566,"Christchurch",100012,"Canterbury",1010,11.5,9.2,0.4
"9367","20200822:0000",-43.52828,172.72096,"Bromley",6566,"Christchurch",100012,"Canterbury",1010,5.4,9.45,4.5
"9368","20200823:0000",-43.52828,172.72096,"Bromley",6566,"Christchurch",100012,"Canterbury",1010,12.6,10.15,3
"9369","20200824:0000",-43.52828,172.72096,"Bromley",6566,"Christchurch",100012,"Canterbury",1010,3.2,12.75,3.7
"9370","20200825:0000",-43.52828,172.72096,"Bromley",6566,"Christchurch",100012,"Canterbury",1010,11.9,10.7,4.4
"9371","20200826:0000",-43.52828,172.72096,"Bromley",6566,"Christchurch",100012,"Canterbury",1010,19.4,7.35,10
"9372","20200827:0000",-43.52828,172.72096,"Bromley",6566,"Christchurch",100012,"Canterbury",1010,8.3,9.35,6
"9373","20200828:0000",-43.52828,172.72096,"Bromley",6566,"Christchurch",100012,"Canterbury",1010,10.4,8.85,8
"9374","20200829:0000",-43.52828,172.72096,"Bromley",6566,"Christchurch",100012,"Canterbury",1010,8.6,10.35,9
"9375","20200830:0000",-43.52828,172.72096,"Bromley",6566,"Christchurch",100012,"Canterbury",1010,5,14.15,10.7
"9376","20200831:0000",-43.52828,172.72096,"Bromley",6566,"Christchurch",100012,"Canterbury",1010,4.3,12.1,6
"9377","20200901:0000",-43.52828,172.72096,"Bromley",6566,"Christchurch",100012,"Canterbury",1010,25.9,7.25,0.7
"9378","20200902:0000",-43.52828,172.72096,"Bromley",6566,"Christchurch",100012,"Canterbury",1010,11.5,6.85,6.6
"9379","20200903:0000",-43.52828,172.72096,"Bromley",6566,"Christchurch",100012,"Canterbury",1010,10.4,6.2,10.9
"9380","20200904:0000",-43.52828,172.72096,"Bromley",6566,"Christchurch",100012,"Canterbury",1010,16.2,10.45,9.2
"9381","20200905:0000",-43.52828,172.72096,"Bromley",6566,"Christchurch",100012,"Canterbury",1010,4,11.2,3.4
"9382","20200906:0000",-43.52828,172.72096,"Bromley",6566,"Christchurch",100012,"Canterbury",1010,6.1,13.25,3.6
"9383","20200907:0000",-43.52828,172.72096,"Bromley",6566,"Christchurch",100012,"Canterbury",1010,7.2,9.7,9.2
"9384","20200908:0000",-43.52828,172.72096,"Bromley",6566,"Christchurch",100012,"Canterbury",1010,19.8,10.55,10.9
"9385","20200909:0000",-43.52828,172.72096,"Bromley",6566,"Christchurch",100012,"Canterbury",1010,2.5,12.5,8.7
"9386","20200910:0000",-43.52828,172.72096,"Bromley",6566,"Christchurch",100012,"Canterbury",1010,5.4,9.65,0.4
"9387","20200911:0000",-43.52828,172.72096,"Bromley",6566,"Christchurch",100012,"Canterbury",1010,16.6,8.5,7
"9388","20200912:0000",-43.52828,172.72096,"Bromley",6566,"Christchurch",100012,"Canterbury",1010,5.8,6.5,10.4
"9389","20200913:0000",-43.52828,172.72096,"Bromley",6566,"Christchurch",100012,"Canterbury",1010,4,10.45,1.8
"9390","20200914:0000",-43.52828,172.72096,"Bromley",6566,"Christchurch",100012,"Canterbury",1010,5.4,14.1,10.3
"9391","20200915:0000",-43.52828,172.72096,"Bromley",6566,"Christchurch",100012,"Canterbury",1010,31.3,12.4,9.6
"9392","20200916:0000",-43.52828,172.72096,"Bromley",6566,"Christchurch",100012,"Canterbury",1010,4.7,9.85,11.4
"9393","20200917:0000",-43.52828,172.72096,"Bromley",6566,"Christchurch",100012,"Canterbury",1010,20.5,16.4,8.8
"9394","20200918:0000",-43.52828,172.72096,"Bromley",6566,"Christchurch",100012,"Canterbury",1010,5.4,9.2,10.5
"9395","20200919:0000",-43.52828,172.72096,"Bromley",6566,"Christchurch",100012,"Canterbury",1010,6.5,9.6,9.7
"9396","20200920:0000",-43.52828,172.72096,"Bromley",6566,"Christchurch",100012,"Canterbury",1010,19.1,10.25,11.6
"9397","20200921:0000",-43.52828,172.72096,"Bromley",6566,"Christchurch",100012,"Canterbury",1010,1.4,9.15,11.6
"9398","20200922:0000",-43.52828,172.72096,"Bromley",6566,"Christchurch",100012,"Canterbury",1010,3.2,13.15,9.2
"9399","20200923:0000",-43.52828,172.72096,"Bromley",6566,"Christchurch",100012,"Canterbury",1010,8.6,18.95,7.9
"9400","20200924:0000",-43.52828,172.72096,"Bromley",6566,"Christchurch",100012,"Canterbury",1010,7.9,14.8,11.1
"9401","20200925:0000",-43.52828,172.72096,"Bromley",6566,"Christchurch",100012,"Canterbury",1010,16.9,14.35,10.3
"9402","20200926:0000",-43.52828,172.72096,"Bromley",6566,"Christchurch",100012,"Canterbury",1010,16.9,12.35,8.5
"9403","20200927:0000",-43.52828,172.72096,"Bromley",6566,"Christchurch",100012,"Canterbury",1010,28.1,16.75,10.6
"9404","20200928:0000",-43.52828,172.72096,"Bromley",6566,"Christchurch",100012,"Canterbury",1010,12.2,9.65,10.7
"9405","20200929:0000",-43.52828,172.72096,"Bromley",6566,"Christchurch",100012,"Canterbury",1010,23.4,5.1,11
"9406","20200930:0000",-43.52828,172.72096,"Bromley",6566,"Christchurch",100012,"Canterbury",1010,6.8,6.4,11.2
"9407","20201001:0000",-43.52828,172.72096,"Bromley",6566,"Christchurch",100012,"Canterbury",1010,3.6,8.45,12
"9408","20201002:0000",-43.52828,172.72096,"Bromley",6566,"Christchurch",100012,"Canterbury",1010,9.4,13.3,12.1
"9409","20201003:0000",-43.52828,172.72096,"Bromley",6566,"Christchurch",100012,"Canterbury",1010,9.4,17.35,8.3
"9410","20201004:0000",-43.52828,172.72096,"Bromley",6566,"Christchurch",100012,"Canterbury",1010,9,19.5,9.2
"9411","20201005:0000",-43.52828,172.72096,"Bromley",6566,"Christchurch",100012,"Canterbury",1010,3.6,16.3,6.7
"9412","20201006:0000",-43.52828,172.72096,"Bromley",6566,"Christchurch",100012,"Canterbury",1010,28.8,17.45,6.9
"9413","20201007:0000",-43.52828,172.72096,"Bromley",6566,"Christchurch",100012,"Canterbury",1010,11.9,12.9,8.6
"9414","20201008:0000",-43.52828,172.72096,"Bromley",6566,"Christchurch",100012,"Canterbury",1010,3.6,9.45,6
"9415","20201009:0000",-43.52828,172.72096,"Bromley",6566,"Christchurch",100012,"Canterbury",1010,15.5,9.95,11.6
"9416","20201010:0000",-43.52828,172.72096,"Bromley",6566,"Christchurch",100012,"Canterbury",1010,17.6,11.75,3.8
"9417","20201011:0000",-43.52828,172.72096,"Bromley",6566,"Christchurch",100012,"Canterbury",1010,20.5,15.35,3.2
"9418","20201012:0000",-43.52828,172.72096,"Bromley",6566,"Christchurch",100012,"Canterbury",1010,5.8,17.3,5.9
"9419","20201013:0000",-43.52828,172.72096,"Bromley",6566,"Christchurch",100012,"Canterbury",1010,8.6,13.75,8.5
"9420","20201014:0000",-43.52828,172.72096,"Bromley",6566,"Christchurch",100012,"Canterbury",1010,13,11.5,0.6
"9421","20201015:0000",-43.52828,172.72096,"Bromley",6566,"Christchurch",100012,"Canterbury",1010,17.3,8.15,8.3
"9422","20201016:0000",-43.52828,172.72096,"Bromley",6566,"Christchurch",100012,"Canterbury",1010,39.2,8.25,10.7
"9423","20201017:0000",-43.52828,172.72096,"Bromley",6566,"Christchurch",100012,"Canterbury",1010,16.2,12.4,8.2
"9424","20201018:0000",-43.52828,172.72096,"Bromley",6566,"Christchurch",100012,"Canterbury",1010,8.3,12.45,9.7
"9425","20201019:0000",-43.52828,172.72096,"Bromley",6566,"Christchurch",100012,"Canterbury",1010,6.8,17.3,5.9
"9426","20201020:0000",-43.52828,172.72096,"Bromley",6566,"Christchurch",100012,"Canterbury",1010,16.9,11.5,9.2
"9427","20201021:0000",-43.52828,172.72096,"Bromley",6566,"Christchurch",100012,"Canterbury",1010,11.5,13.65,11.6
"9428","20201022:0000",-43.52828,172.72096,"Bromley",6566,"Christchurch",100012,"Canterbury",1010,2.2,11.4,6.4
"9429","20201023:0000",-43.52828,172.72096,"Bromley",6566,"Christchurch",100012,"Canterbury",1010,6.8,13.4,7.4
"9430","20201024:0000",-43.52828,172.72096,"Bromley",6566,"Christchurch",100012,"Canterbury",1010,5.4,14.7,12.5
"9431","20201025:0000",-43.52828,172.72096,"Bromley",6566,"Christchurch",100012,"Canterbury",1010,4,20.7,3.7
"9432","20201026:0000",-43.52828,172.72096,"Bromley",6566,"Christchurch",100012,"Canterbury",1010,21.6,12.8,0
"9433","20201027:0000",-43.52828,172.72096,"Bromley",6566,"Christchurch",100012,"Canterbury",1010,6.1,10.3,0.3
"9434","20201028:0000",-43.52828,172.72096,"Bromley",6566,"Christchurch",100012,"Canterbury",1010,9.7,11.7,8.5
"9435","20201029:0000",-43.52828,172.72096,"Bromley",6566,"Christchurch",100012,"Canterbury",1010,11.5,12.05,0
"9436","20201030:0000",-43.52828,172.72096,"Bromley",6566,"Christchurch",100012,"Canterbury",1010,20.5,17.35,6.2
"9437","20201031:0000",-43.52828,172.72096,"Bromley",6566,"Christchurch",100012,"Canterbury",1010,22,21.05,7.8
"9438","20201101:0000",-43.52828,172.72096,"Bromley",6566,"Christchurch",100012,"Canterbury",1010,19.1,13.05,10.9
"9439","20201102:0000",-43.52828,172.72096,"Bromley",6566,"Christchurch",100012,"Canterbury",1010,6.5,13.85,2
"9440","20201103:0000",-43.52828,172.72096,"Bromley",6566,"Christchurch",100012,"Canterbury",1010,25.2,13.15,0
"9441","20201104:0000",-43.52828,172.72096,"Bromley",6566,"Christchurch",100012,"Canterbury",1010,7.9,15.45,13.5
"9442","20201105:0000",-43.52828,172.72096,"Bromley",6566,"Christchurch",100012,"Canterbury",1010,25.2,21.55,11.2
"9443","20201106:0000",-43.52828,172.72096,"Bromley",6566,"Christchurch",100012,"Canterbury",1010,17.6,14.8,0.6
"9444","20201107:0000",-43.52828,172.72096,"Bromley",6566,"Christchurch",100012,"Canterbury",1010,15.1,13.45,0.2
"9445","20201108:0000",-43.52828,172.72096,"Bromley",6566,"Christchurch",100012,"Canterbury",1010,41.8,10.15,0.1
"9446","20201109:0000",-43.52828,172.72096,"Bromley",6566,"Christchurch",100012,"Canterbury",1010,11.9,10.25,1
"9447","20201110:0000",-43.52828,172.72096,"Bromley",6566,"Christchurch",100012,"Canterbury",1010,3.6,11.5,2.1
"9448","20201111:0000",-43.52828,172.72096,"Bromley",6566,"Christchurch",100012,"Canterbury",1010,9.7,13.15,9.6
"9449","20201112:0000",-43.52828,172.72096,"Bromley",6566,"Christchurch",100012,"Canterbury",1010,5.4,10.9,12.5
"9450","20201113:0000",-43.52828,172.72096,"Bromley",6566,"Christchurch",100012,"Canterbury",1010,10.4,16.35,14
"9451","20201114:0000",-43.52828,172.72096,"Bromley",6566,"Christchurch",100012,"Canterbury",1010,14.8,18.6,13
"9452","20201115:0000",-43.52828,172.72096,"Bromley",6566,"Christchurch",100012,"Canterbury",1010,12.2,17.75,13.5
"9453","20201116:0000",-43.52828,172.72096,"Bromley",6566,"Christchurch",100012,"Canterbury",1010,15.5,21.65,11.4
"9454","20201117:0000",-43.52828,172.72096,"Bromley",6566,"Christchurch",100012,"Canterbury",1010,23,19.6,4.5
"9455","20201118:0000",-43.52828,172.72096,"Bromley",6566,"Christchurch",100012,"Canterbury",1010,16.6,15.85,0
"9456","20201119:0000",-43.52828,172.72096,"Bromley",6566,"Christchurch",100012,"Canterbury",1010,16.6,13.55,7.3
"9457","20201120:0000",-43.52828,172.72096,"Bromley",6566,"Christchurch",100012,"Canterbury",1010,5.8,12.55,8
"9458","20201121:0000",-43.52828,172.72096,"Bromley",6566,"Christchurch",100012,"Canterbury",1010,11.2,19.55,6.4
"9459","20201122:0000",-43.52828,172.72096,"Bromley",6566,"Christchurch",100012,"Canterbury",1010,35.3,11.3,5.6
"9460","20201123:0000",-43.52828,172.72096,"Bromley",6566,"Christchurch",100012,"Canterbury",1010,4.7,11.55,3.1
"9461","20201124:0000",-43.52828,172.72096,"Bromley",6566,"Christchurch",100012,"Canterbury",1010,20.2,13.4,5.9
"9462","20201125:0000",-43.52828,172.72096,"Bromley",6566,"Christchurch",100012,"Canterbury",1010,24.5,15.2,4.5
"9463","20201126:0000",-43.52828,172.72096,"Bromley",6566,"Christchurch",100012,"Canterbury",1010,22,15.1,1.6
"9464","20201127:0000",-43.52828,172.72096,"Bromley",6566,"Christchurch",100012,"Canterbury",1010,5.8,16.75,3.7
"9465","20201128:0000",-43.52828,172.72096,"Bromley",6566,"Christchurch",100012,"Canterbury",1010,10.1,12.4,9.4
"9466","20201129:0000",-43.52828,172.72096,"Bromley",6566,"Christchurch",100012,"Canterbury",1010,22.3,15.5,10.5
"9467","20201130:0000",-43.52828,172.72096,"Bromley",6566,"Christchurch",100012,"Canterbury",1010,22.3,13.3,0
"9468","20201201:0000",-43.52828,172.72096,"Bromley",6566,"Christchurch",100012,"Canterbury",1010,17.6,14.45,13.6
"9469","20201202:0000",-43.52828,172.72096,"Bromley",6566,"Christchurch",100012,"Canterbury",1010,25.2,18.45,4.6
"9470","20201203:0000",-43.52828,172.72096,"Bromley",6566,"Christchurch",100012,"Canterbury",1010,16.9,19.6,14.7
"9471","20201204:0000",-43.52828,172.72096,"Bromley",6566,"Christchurch",100012,"Canterbury",1010,2.9,16.7,8.6
"9472","20201205:0000",-43.52828,172.72096,"Bromley",6566,"Christchurch",100012,"Canterbury",1010,8.6,15.65,8.2
"9473","20201206:0000",-43.52828,172.72096,"Bromley",6566,"Christchurch",100012,"Canterbury",1010,7.2,15.2,8.3
"9474","20201207:0000",-43.52828,172.72096,"Bromley",6566,"Christchurch",100012,"Canterbury",1010,14.4,22.25,12.4
"9475","20201208:0000",-43.52828,172.72096,"Bromley",6566,"Christchurch",100012,"Canterbury",1010,16.9,22.75,2.6
"9476","20201209:0000",-43.52828,172.72096,"Bromley",6566,"Christchurch",100012,"Canterbury",1010,4.3,17.4,7.7
"9477","20201210:0000",-43.52828,172.72096,"Bromley",6566,"Christchurch",100012,"Canterbury",1010,30.6,18.5,12.3
"9478","20201211:0000",-43.52828,172.72096,"Bromley",6566,"Christchurch",100012,"Canterbury",1010,11.9,17.8,9.6
"9479","20201212:0000",-43.52828,172.72096,"Bromley",6566,"Christchurch",100012,"Canterbury",1010,20.2,15.6,13.1
"9480","20201213:0000",-43.52828,172.72096,"Bromley",6566,"Christchurch",100012,"Canterbury",1010,21.6,13.95,8.8
"9481","20201214:0000",-43.52828,172.72096,"Bromley",6566,"Christchurch",100012,"Canterbury",1010,9.4,14.95,11.6
"9482","20201215:0000",-43.52828,172.72096,"Bromley",6566,"Christchurch",100012,"Canterbury",1010,11.9,14.95,14.9
"9483","20201216:0000",-43.52828,172.72096,"Bromley",6566,"Christchurch",100012,"Canterbury",1010,14.8,17.65,13.5
"9484","20201217:0000",-43.52828,172.72096,"Bromley",6566,"Christchurch",100012,"Canterbury",1010,24.5,16.45,2.7
"9485","20201218:0000",-43.52828,172.72096,"Bromley",6566,"Christchurch",100012,"Canterbury",1010,28.1,17.3,8.6
"9486","20201219:0000",-43.52828,172.72096,"Bromley",6566,"Christchurch",100012,"Canterbury",1010,7.9,20.85,10.5
"9487","20201220:0000",-43.52828,172.72096,"Bromley",6566,"Christchurch",100012,"Canterbury",1010,12.6,21.5,4.7
"9488","20201221:0000",-43.52828,172.72096,"Bromley",6566,"Christchurch",100012,"Canterbury",1010,20.2,14.35,0
"9489","20201222:0000",-43.52828,172.72096,"Bromley",6566,"Christchurch",100012,"Canterbury",1010,14,17.45,9.7
"9490","20201223:0000",-43.52828,172.72096,"Bromley",6566,"Christchurch",100012,"Canterbury",1010,7.6,18.6,0.2
"9491","20201224:0000",-43.52828,172.72096,"Bromley",6566,"Christchurch",100012,"Canterbury",1010,6.8,17.9,5.2
"9492","20201225:0000",-43.52828,172.72096,"Bromley",6566,"Christchurch",100012,"Canterbury",1010,2.5,13.95,2.4
"9493",NA,-43.48901,172.52841,"Christchurch Airport",224,"Christchurch",100012,"Canterbury",1010,NA,NA,NA
"9494","20180101:0000",-43.493,172.537,"Christchurch Airport",224,"Christchurch",100012,"Canterbury",1010,10,17.75,5.9
"9495","20180102:0000",-43.493,172.537,"Christchurch Airport",224,"Christchurch",100012,"Canterbury",1010,9,20.15,5.8
"9496","20180103:0000",-43.493,172.537,"Christchurch Airport",224,"Christchurch",100012,"Canterbury",1010,4.8,20.5,4.9
"9497","20180104:0000",-43.493,172.537,"Christchurch Airport",224,"Christchurch",100012,"Canterbury",1010,6.8,19.95,5.2
"9498","20180105:0000",-43.493,172.537,"Christchurch Airport",224,"Christchurch",100012,"Canterbury",1010,26.8,16.35,0
"9499","20180106:0000",-43.493,172.537,"Christchurch Airport",224,"Christchurch",100012,"Canterbury",1010,48.9,15.7,7.2
"9500","20180107:0000",-43.493,172.537,"Christchurch Airport",224,"Christchurch",100012,"Canterbury",1010,15.5,17,10
"9501","20180108:0000",-43.493,172.537,"Christchurch Airport",224,"Christchurch",100012,"Canterbury",1010,21.7,17.4,12.8
"9502","20180109:0000",-43.493,172.537,"Christchurch Airport",224,"Christchurch",100012,"Canterbury",1010,11,21,1.2
"9503","20180110:0000",-43.493,172.537,"Christchurch Airport",224,"Christchurch",100012,"Canterbury",1010,22.5,15.8,0
"9504","20180111:0000",-43.493,172.537,"Christchurch Airport",224,"Christchurch",100012,"Canterbury",1010,5.5,13.05,0
"9505","20180112:0000",-43.493,172.537,"Christchurch Airport",224,"Christchurch",100012,"Canterbury",1010,12.2,13.4,0
"9506","20180113:0000",-43.493,172.537,"Christchurch Airport",224,"Christchurch",100012,"Canterbury",1010,22.4,16.8,4.4
"9507","20180114:0000",-43.493,172.537,"Christchurch Airport",224,"Christchurch",100012,"Canterbury",1010,5.5,22,13.2
"9508","20180115:0000",-43.493,172.537,"Christchurch Airport",224,"Christchurch",100012,"Canterbury",1010,19.7,20.95,9.9
"9509","20180116:0000",-43.493,172.537,"Christchurch Airport",224,"Christchurch",100012,"Canterbury",1010,18.9,21.3,14
"9510","20180117:0000",-43.493,172.537,"Christchurch Airport",224,"Christchurch",100012,"Canterbury",1010,13.1,21.9,5.1
"9511","20180118:0000",-43.493,172.537,"Christchurch Airport",224,"Christchurch",100012,"Canterbury",1010,6.8,22,11.6
"9512","20180119:0000",-43.493,172.537,"Christchurch Airport",224,"Christchurch",100012,"Canterbury",1010,7.2,20.45,7.9
"9513","20180120:0000",-43.493,172.537,"Christchurch Airport",224,"Christchurch",100012,"Canterbury",1010,4.6,23.1,12.3
"9514","20180121:0000",-43.493,172.537,"Christchurch Airport",224,"Christchurch",100012,"Canterbury",1010,3.6,19.65,3.4
"9515","20180122:0000",-43.493,172.537,"Christchurch Airport",224,"Christchurch",100012,"Canterbury",1010,7.5,22.15,5.6
"9516","20180123:0000",-43.493,172.537,"Christchurch Airport",224,"Christchurch",100012,"Canterbury",1010,12.3,21.1,10.7
"9517","20180124:0000",-43.493,172.537,"Christchurch Airport",224,"Christchurch",100012,"Canterbury",1010,2.3,23.15,11.7
"9518","20180125:0000",-43.493,172.537,"Christchurch Airport",224,"Christchurch",100012,"Canterbury",1010,5.7,23.15,7.9
"9519","20180126:0000",-43.493,172.537,"Christchurch Airport",224,"Christchurch",100012,"Canterbury",1010,8.1,19.55,4.2
"9520","20180127:0000",-43.493,172.537,"Christchurch Airport",224,"Christchurch",100012,"Canterbury",1010,20.6,20.3,12.3
"9521","20180128:0000",-43.493,172.537,"Christchurch Airport",224,"Christchurch",100012,"Canterbury",1010,8.7,22.55,8.4
"9522","20180129:0000",-43.493,172.537,"Christchurch Airport",224,"Christchurch",100012,"Canterbury",1010,23.3,20.7,8.2
"9523","20180130:0000",-43.493,172.537,"Christchurch Airport",224,"Christchurch",100012,"Canterbury",1010,7.8,23.95,12.9
"9524","20180131:0000",-43.493,172.537,"Christchurch Airport",224,"Christchurch",100012,"Canterbury",1010,5.2,22.9,4.1
"9525","20180201:0000",-43.493,172.537,"Christchurch Airport",224,"Christchurch",100012,"Canterbury",1010,25.4,27.05,5.4
"9526","20180202:0000",-43.493,172.537,"Christchurch Airport",224,"Christchurch",100012,"Canterbury",1010,23.6,13.45,0.7
"9527","20180203:0000",-43.493,172.537,"Christchurch Airport",224,"Christchurch",100012,"Canterbury",1010,11.9,13.8,6.6
"9528","20180204:0000",-43.493,172.537,"Christchurch Airport",224,"Christchurch",100012,"Canterbury",1010,17,16.3,11.5
"9529","20180205:0000",-43.493,172.537,"Christchurch Airport",224,"Christchurch",100012,"Canterbury",1010,7.2,20.1,4.4
"9530","20180206:0000",-43.493,172.537,"Christchurch Airport",224,"Christchurch",100012,"Canterbury",1010,22.2,13.45,0.2
"9531","20180207:0000",-43.493,172.537,"Christchurch Airport",224,"Christchurch",100012,"Canterbury",1010,6.8,15.4,12.6
"9532","20180208:0000",-43.493,172.537,"Christchurch Airport",224,"Christchurch",100012,"Canterbury",1010,6.3,14.35,13.3
"9533","20180209:0000",-43.493,172.537,"Christchurch Airport",224,"Christchurch",100012,"Canterbury",1010,23.5,17.8,11.6
"9534","20180210:0000",-43.493,172.537,"Christchurch Airport",224,"Christchurch",100012,"Canterbury",1010,9.7,18.45,5.8
"9535","20180211:0000",-43.493,172.537,"Christchurch Airport",224,"Christchurch",100012,"Canterbury",1010,15.3,17.9,0
"9536","20180212:0000",-43.493,172.537,"Christchurch Airport",224,"Christchurch",100012,"Canterbury",1010,4,21.8,12.3
"9537","20180213:0000",-43.493,172.537,"Christchurch Airport",224,"Christchurch",100012,"Canterbury",1010,8.7,21.25,9.2
"9538","20180214:0000",-43.493,172.537,"Christchurch Airport",224,"Christchurch",100012,"Canterbury",1010,18.3,18.4,2.9
"9539","20180215:0000",-43.493,172.537,"Christchurch Airport",224,"Christchurch",100012,"Canterbury",1010,12.5,21,10.9
"9540","20180216:0000",-43.493,172.537,"Christchurch Airport",224,"Christchurch",100012,"Canterbury",1010,4.3,21.45,7.3
"9541","20180217:0000",-43.493,172.537,"Christchurch Airport",224,"Christchurch",100012,"Canterbury",1010,14.4,21.1,7.5
"9542","20180218:0000",-43.493,172.537,"Christchurch Airport",224,"Christchurch",100012,"Canterbury",1010,14.7,20.9,8.4
"9543","20180219:0000",-43.493,172.537,"Christchurch Airport",224,"Christchurch",100012,"Canterbury",1010,13.7,20.5,8.6
"9544","20180220:0000",-43.493,172.537,"Christchurch Airport",224,"Christchurch",100012,"Canterbury",1010,12.8,12.85,0
"9545","20180221:0000",-43.493,172.537,"Christchurch Airport",224,"Christchurch",100012,"Canterbury",1010,25.2,12.65,2
"9546","20180222:0000",-43.493,172.537,"Christchurch Airport",224,"Christchurch",100012,"Canterbury",1010,13.3,13.5,10.9
"9547","20180223:0000",-43.493,172.537,"Christchurch Airport",224,"Christchurch",100012,"Canterbury",1010,7.7,14.1,11
"9548","20180224:0000",-43.493,172.537,"Christchurch Airport",224,"Christchurch",100012,"Canterbury",1010,1.9,15.7,11.1
"9549","20180225:0000",-43.493,172.537,"Christchurch Airport",224,"Christchurch",100012,"Canterbury",1010,11.1,18.25,2.4
"9550","20180226:0000",-43.493,172.537,"Christchurch Airport",224,"Christchurch",100012,"Canterbury",1010,12.2,14.4,3
"9551","20180227:0000",-43.493,172.537,"Christchurch Airport",224,"Christchurch",100012,"Canterbury",1010,1.2,14.05,0.4
"9552","20180228:0000",-43.493,172.537,"Christchurch Airport",224,"Christchurch",100012,"Canterbury",1010,10.2,16.35,1.2
"9553","20180301:0000",-43.493,172.537,"Christchurch Airport",224,"Christchurch",100012,"Canterbury",1010,10.9,19.1,6.1
"9554","20180302:0000",-43.493,172.537,"Christchurch Airport",224,"Christchurch",100012,"Canterbury",1010,5.4,19.95,0
"9555","20180303:0000",-43.493,172.537,"Christchurch Airport",224,"Christchurch",100012,"Canterbury",1010,12.3,20.15,10.7
"9556","20180304:0000",-43.493,172.537,"Christchurch Airport",224,"Christchurch",100012,"Canterbury",1010,6,20.35,10.1
"9557","20180305:0000",-43.493,172.537,"Christchurch Airport",224,"Christchurch",100012,"Canterbury",1010,16.5,19.15,5.7
"9558","20180306:0000",-43.493,172.537,"Christchurch Airport",224,"Christchurch",100012,"Canterbury",1010,11.5,17.5,0.5
"9559","20180307:0000",-43.493,172.537,"Christchurch Airport",224,"Christchurch",100012,"Canterbury",1010,6.7,14.25,1.7
"9560","20180308:0000",-43.493,172.537,"Christchurch Airport",224,"Christchurch",100012,"Canterbury",1010,1.9,13.5,10.2
"9561","20180309:0000",-43.493,172.537,"Christchurch Airport",224,"Christchurch",100012,"Canterbury",1010,5.3,13,0.2
"9562","20180310:0000",-43.493,172.537,"Christchurch Airport",224,"Christchurch",100012,"Canterbury",1010,2.4,12.7,10.8
"9563","20180311:0000",-43.493,172.537,"Christchurch Airport",224,"Christchurch",100012,"Canterbury",1010,7.3,12.75,10.5
"9564","20180312:0000",-43.493,172.537,"Christchurch Airport",224,"Christchurch",100012,"Canterbury",1010,6.4,16.4,9.8
"9565","20180313:0000",-43.493,172.537,"Christchurch Airport",224,"Christchurch",100012,"Canterbury",1010,14,14.9,2.8
"9566","20180314:0000",-43.493,172.537,"Christchurch Airport",224,"Christchurch",100012,"Canterbury",1010,3.1,12.9,10.8
"9567","20180315:0000",-43.493,172.537,"Christchurch Airport",224,"Christchurch",100012,"Canterbury",1010,1.8,16.25,3.8
"9568","20180316:0000",-43.493,172.537,"Christchurch Airport",224,"Christchurch",100012,"Canterbury",1010,9,18.1,4.3
"9569","20180317:0000",-43.493,172.537,"Christchurch Airport",224,"Christchurch",100012,"Canterbury",1010,5.7,12.35,0
"9570","20180318:0000",-43.493,172.537,"Christchurch Airport",224,"Christchurch",100012,"Canterbury",1010,11.3,14,10
"9571","20180319:0000",-43.493,172.537,"Christchurch Airport",224,"Christchurch",100012,"Canterbury",1010,13.1,17.8,3.7
"9572","20180320:0000",-43.493,172.537,"Christchurch Airport",224,"Christchurch",100012,"Canterbury",1010,17.4,19,11.4
"9573","20180321:0000",-43.493,172.537,"Christchurch Airport",224,"Christchurch",100012,"Canterbury",1010,8.1,19.2,4.2
"9574","20180322:0000",-43.493,172.537,"Christchurch Airport",224,"Christchurch",100012,"Canterbury",1010,24.8,10.7,0
"9575","20180323:0000",-43.493,172.537,"Christchurch Airport",224,"Christchurch",100012,"Canterbury",1010,2.4,10.3,0
"9576","20180324:0000",-43.493,172.537,"Christchurch Airport",224,"Christchurch",100012,"Canterbury",1010,2.2,13.7,3.3
"9577","20180325:0000",-43.493,172.537,"Christchurch Airport",224,"Christchurch",100012,"Canterbury",1010,2.2,16.7,7.2
"9578","20180326:0000",-43.493,172.537,"Christchurch Airport",224,"Christchurch",100012,"Canterbury",1010,2.3,17,9.5
"9579","20180327:0000",-43.493,172.537,"Christchurch Airport",224,"Christchurch",100012,"Canterbury",1010,8.3,16.65,2.6
"9580","20180328:0000",-43.493,172.537,"Christchurch Airport",224,"Christchurch",100012,"Canterbury",1010,5,15.55,9.4
"9581","20180329:0000",-43.493,172.537,"Christchurch Airport",224,"Christchurch",100012,"Canterbury",1010,7.7,16.1,9.6
"9582","20180330:0000",-43.493,172.537,"Christchurch Airport",224,"Christchurch",100012,"Canterbury",1010,3.5,12.75,8.6
"9583","20180331:0000",-43.493,172.537,"Christchurch Airport",224,"Christchurch",100012,"Canterbury",1010,8.8,18.2,NA
"9584","20180401:0000",-43.493,172.537,"Christchurch Airport",224,"Christchurch",100012,"Canterbury",1010,1.1,10.4,9.7
"9585","20180402:0000",-43.493,172.537,"Christchurch Airport",224,"Christchurch",100012,"Canterbury",1010,3.3,14,2.3
"9586","20180403:0000",-43.493,172.537,"Christchurch Airport",224,"Christchurch",100012,"Canterbury",1010,10.3,19.35,7
"9587","20180404:0000",-43.493,172.537,"Christchurch Airport",224,"Christchurch",100012,"Canterbury",1010,5.1,15,3
"9588","20180405:0000",-43.493,172.537,"Christchurch Airport",224,"Christchurch",100012,"Canterbury",1010,15.2,14.55,7.5
"9589","20180406:0000",-43.493,172.537,"Christchurch Airport",224,"Christchurch",100012,"Canterbury",1010,5.1,15.4,5.4
"9590","20180407:0000",-43.493,172.537,"Christchurch Airport",224,"Christchurch",100012,"Canterbury",1010,34.5,12.05,5.6
"9591","20180408:0000",-43.493,172.537,"Christchurch Airport",224,"Christchurch",100012,"Canterbury",1010,5.4,13.7,5.5
"9592","20180409:0000",-43.493,172.537,"Christchurch Airport",224,"Christchurch",100012,"Canterbury",1010,9.6,9.7,0
"9593","20180410:0000",-43.493,172.537,"Christchurch Airport",224,"Christchurch",100012,"Canterbury",1010,9.6,7.15,0
"9594","20180411:0000",-43.493,172.537,"Christchurch Airport",224,"Christchurch",100012,"Canterbury",1010,30.2,6.95,2.6
"9595","20180412:0000",-43.493,172.537,"Christchurch Airport",224,"Christchurch",100012,"Canterbury",1010,9,6.85,2.8
"9596","20180413:0000",-43.493,172.537,"Christchurch Airport",224,"Christchurch",100012,"Canterbury",1010,15.9,9.05,8.6
"9597","20180414:0000",-43.493,172.537,"Christchurch Airport",224,"Christchurch",100012,"Canterbury",1010,6.1,8.55,5.9
"9598","20180415:0000",-43.493,172.537,"Christchurch Airport",224,"Christchurch",100012,"Canterbury",1010,21.7,10.45,5.9
"9599","20180416:0000",-43.493,172.537,"Christchurch Airport",224,"Christchurch",100012,"Canterbury",1010,5.8,15.4,6.8
"9600","20180417:0000",-43.493,172.537,"Christchurch Airport",224,"Christchurch",100012,"Canterbury",1010,8.3,14.85,9.7
"9601","20180418:0000",-43.493,172.537,"Christchurch Airport",224,"Christchurch",100012,"Canterbury",1010,13.6,9.3,9.8
"9602","20180419:0000",-43.493,172.537,"Christchurch Airport",224,"Christchurch",100012,"Canterbury",1010,2.6,12,4.8
"9603","20180420:0000",-43.493,172.537,"Christchurch Airport",224,"Christchurch",100012,"Canterbury",1010,16.8,16.2,10.6
"9604","20180421:0000",-43.493,172.537,"Christchurch Airport",224,"Christchurch",100012,"Canterbury",1010,21.6,13.65,NA
"9605","20180422:0000",-43.493,172.537,"Christchurch Airport",224,"Christchurch",100012,"Canterbury",1010,1.9,9.55,10
"9606","20180423:0000",-43.493,172.537,"Christchurch Airport",224,"Christchurch",100012,"Canterbury",1010,4.8,7.65,9.2
"9607","20180424:0000",-43.493,172.537,"Christchurch Airport",224,"Christchurch",100012,"Canterbury",1010,4.7,10.95,8
"9608","20180425:0000",-43.493,172.537,"Christchurch Airport",224,"Christchurch",100012,"Canterbury",1010,5.4,10,6.8
"9609","20180426:0000",-43.493,172.537,"Christchurch Airport",224,"Christchurch",100012,"Canterbury",1010,3.6,13.05,8.1
"9610","20180427:0000",-43.493,172.537,"Christchurch Airport",224,"Christchurch",100012,"Canterbury",1010,17.2,14,1.8
"9611","20180428:0000",-43.493,172.537,"Christchurch Airport",224,"Christchurch",100012,"Canterbury",1010,8.8,11.35,0
"9612","20180429:0000",-43.493,172.537,"Christchurch Airport",224,"Christchurch",100012,"Canterbury",1010,20.9,10.85,0
"9613","20180430:0000",-43.493,172.537,"Christchurch Airport",224,"Christchurch",100012,"Canterbury",1010,5.5,8.5,0
"9614","20180501:0000",-43.493,172.537,"Christchurch Airport",224,"Christchurch",100012,"Canterbury",1010,6,11.95,7.6
"9615","20180502:0000",-43.493,172.537,"Christchurch Airport",224,"Christchurch",100012,"Canterbury",1010,1.4,11.25,7.4
"9616","20180503:0000",-43.493,172.537,"Christchurch Airport",224,"Christchurch",100012,"Canterbury",1010,4.3,9.05,6.6
"9617","20180504:0000",-43.493,172.537,"Christchurch Airport",224,"Christchurch",100012,"Canterbury",1010,8.5,10.15,3.9
"9618","20180505:0000",-43.493,172.537,"Christchurch Airport",224,"Christchurch",100012,"Canterbury",1010,5.3,12.6,2
"9619","20180506:0000",-43.493,172.537,"Christchurch Airport",224,"Christchurch",100012,"Canterbury",1010,3.9,14,8
"9620","20180507:0000",-43.493,172.537,"Christchurch Airport",224,"Christchurch",100012,"Canterbury",1010,4.7,11.7,3.6
"9621","20180508:0000",-43.493,172.537,"Christchurch Airport",224,"Christchurch",100012,"Canterbury",1010,10,12.75,1.7
"9622","20180509:0000",-43.493,172.537,"Christchurch Airport",224,"Christchurch",100012,"Canterbury",1010,5,13.25,9.2
"9623","20180510:0000",-43.493,172.537,"Christchurch Airport",224,"Christchurch",100012,"Canterbury",1010,6.1,11.95,4.9
"9624","20180511:0000",-43.493,172.537,"Christchurch Airport",224,"Christchurch",100012,"Canterbury",1010,9.2,11.65,5.4
"9625","20180512:0000",-43.493,172.537,"Christchurch Airport",224,"Christchurch",100012,"Canterbury",1010,18.1,11.8,0.9
"9626","20180513:0000",-43.493,172.537,"Christchurch Airport",224,"Christchurch",100012,"Canterbury",1010,7.3,8.55,0
"9627","20180514:0000",-43.493,172.537,"Christchurch Airport",224,"Christchurch",100012,"Canterbury",1010,2.6,10.3,0
"9628","20180515:0000",-43.493,172.537,"Christchurch Airport",224,"Christchurch",100012,"Canterbury",1010,7.5,10.85,0
"9629","20180516:0000",-43.493,172.537,"Christchurch Airport",224,"Christchurch",100012,"Canterbury",1010,2.1,8.2,0
"9630","20180517:0000",-43.493,172.537,"Christchurch Airport",224,"Christchurch",100012,"Canterbury",1010,2.4,8.9,6.9
"9631","20180518:0000",-43.493,172.537,"Christchurch Airport",224,"Christchurch",100012,"Canterbury",1010,4.4,11.65,8.6
"9632","20180519:0000",-43.493,172.537,"Christchurch Airport",224,"Christchurch",100012,"Canterbury",1010,4.7,11.25,7.9
"9633","20180520:0000",-43.493,172.537,"Christchurch Airport",224,"Christchurch",100012,"Canterbury",1010,4.4,10.25,3
"9634","20180521:0000",-43.493,172.537,"Christchurch Airport",224,"Christchurch",100012,"Canterbury",1010,14.1,10.3,7.1
"9635","20180522:0000",-43.493,172.537,"Christchurch Airport",224,"Christchurch",100012,"Canterbury",1010,18.7,8.45,0.5
"9636","20180523:0000",-43.493,172.537,"Christchurch Airport",224,"Christchurch",100012,"Canterbury",1010,6.5,7.2,7.1
"9637","20180524:0000",-43.493,172.537,"Christchurch Airport",224,"Christchurch",100012,"Canterbury",1010,9.3,6.6,7.6
"9638","20180525:0000",-43.493,172.537,"Christchurch Airport",224,"Christchurch",100012,"Canterbury",1010,7,4.4,6.5
"9639","20180526:0000",-43.493,172.537,"Christchurch Airport",224,"Christchurch",100012,"Canterbury",1010,4.7,6.85,0
"9640","20180527:0000",-43.493,172.537,"Christchurch Airport",224,"Christchurch",100012,"Canterbury",1010,10.5,8.05,4.4
"9641","20180528:0000",-43.493,172.537,"Christchurch Airport",224,"Christchurch",100012,"Canterbury",1010,25.9,5.45,1.6
"9642","20180529:0000",-43.493,172.537,"Christchurch Airport",224,"Christchurch",100012,"Canterbury",1010,7.5,5.85,1
"9643","20180530:0000",-43.493,172.537,"Christchurch Airport",224,"Christchurch",100012,"Canterbury",1010,4.8,5.25,6
"9644","20180531:0000",-43.493,172.537,"Christchurch Airport",224,"Christchurch",100012,"Canterbury",1010,7.4,6.2,2.2
"9645","20180601:0000",-43.493,172.537,"Christchurch Airport",224,"Christchurch",100012,"Canterbury",1010,5.2,7.95,0.8
"9646","20180602:0000",-43.493,172.537,"Christchurch Airport",224,"Christchurch",100012,"Canterbury",1010,6.4,6.65,0
"9647","20180603:0000",-43.493,172.537,"Christchurch Airport",224,"Christchurch",100012,"Canterbury",1010,7.1,8.05,NA
"9648","20180604:0000",-43.493,172.537,"Christchurch Airport",224,"Christchurch",100012,"Canterbury",1010,13.1,8.2,0
"9649","20180605:0000",-43.493,172.537,"Christchurch Airport",224,"Christchurch",100012,"Canterbury",1010,16,9.5,3.7
"9650","20180606:0000",-43.493,172.537,"Christchurch Airport",224,"Christchurch",100012,"Canterbury",1010,31.6,6.35,2.3
"9651","20180607:0000",-43.493,172.537,"Christchurch Airport",224,"Christchurch",100012,"Canterbury",1010,24.2,8,0
"9652","20180608:0000",-43.493,172.537,"Christchurch Airport",224,"Christchurch",100012,"Canterbury",1010,2.9,9.85,6.3
"9653","20180609:0000",-43.493,172.537,"Christchurch Airport",224,"Christchurch",100012,"Canterbury",1010,4,9.15,0.4
"9654","20180610:0000",-43.493,172.537,"Christchurch Airport",224,"Christchurch",100012,"Canterbury",1010,4.5,9.1,0
"9655","20180611:0000",-43.493,172.537,"Christchurch Airport",224,"Christchurch",100012,"Canterbury",1010,11.1,8.55,0
"9656","20180612:0000",-43.493,172.537,"Christchurch Airport",224,"Christchurch",100012,"Canterbury",1010,5.6,6.7,0
"9657","20180613:0000",-43.493,172.537,"Christchurch Airport",224,"Christchurch",100012,"Canterbury",1010,26.4,8,0
"9658","20180614:0000",-43.493,172.537,"Christchurch Airport",224,"Christchurch",100012,"Canterbury",1010,12.9,9.15,0
"9659","20180615:0000",-43.493,172.537,"Christchurch Airport",224,"Christchurch",100012,"Canterbury",1010,6.5,8.8,0
"9660","20180616:0000",-43.493,172.537,"Christchurch Airport",224,"Christchurch",100012,"Canterbury",1010,7.2,8.7,0.2
"9661","20180617:0000",-43.493,172.537,"Christchurch Airport",224,"Christchurch",100012,"Canterbury",1010,3.3,8.1,0.1
"9662","20180618:0000",-43.493,172.537,"Christchurch Airport",224,"Christchurch",100012,"Canterbury",1010,4.1,7.75,0
"9663","20180619:0000",-43.493,172.537,"Christchurch Airport",224,"Christchurch",100012,"Canterbury",1010,17,8.6,2.7
"9664","20180620:0000",-43.493,172.537,"Christchurch Airport",224,"Christchurch",100012,"Canterbury",1010,6.2,8.25,1.7
"9665","20180621:0000",-43.493,172.537,"Christchurch Airport",224,"Christchurch",100012,"Canterbury",1010,3.9,6.35,2.2
"9666","20180622:0000",-43.493,172.537,"Christchurch Airport",224,"Christchurch",100012,"Canterbury",1010,1.4,2.1,6.8
"9667","20180623:0000",-43.493,172.537,"Christchurch Airport",224,"Christchurch",100012,"Canterbury",1010,2.3,2.45,5.7
"9668","20180624:0000",-43.493,172.537,"Christchurch Airport",224,"Christchurch",100012,"Canterbury",1010,5.6,7.2,5.6
"9669","20180625:0000",-43.493,172.537,"Christchurch Airport",224,"Christchurch",100012,"Canterbury",1010,5.8,7.5,6.8
"9670","20180626:0000",-43.493,172.537,"Christchurch Airport",224,"Christchurch",100012,"Canterbury",1010,15,4.3,7.5
"9671","20180627:0000",-43.493,172.537,"Christchurch Airport",224,"Christchurch",100012,"Canterbury",1010,4,7,4.9
"9672","20180628:0000",-43.493,172.537,"Christchurch Airport",224,"Christchurch",100012,"Canterbury",1010,2.3,7.45,6.5
"9673","20180629:0000",-43.493,172.537,"Christchurch Airport",224,"Christchurch",100012,"Canterbury",1010,5,5.75,8.4
"9674","20180630:0000",-43.493,172.537,"Christchurch Airport",224,"Christchurch",100012,"Canterbury",1010,3.5,3.9,7.8
"9675","20180701:0000",-43.493,172.537,"Christchurch Airport",224,"Christchurch",100012,"Canterbury",1010,7.8,9.1,2.5
"9676","20180702:0000",-43.493,172.537,"Christchurch Airport",224,"Christchurch",100012,"Canterbury",1010,11.9,8.65,0.9
"9677","20180703:0000",-43.493,172.537,"Christchurch Airport",224,"Christchurch",100012,"Canterbury",1010,7.1,7.3,7.3
"9678","20180704:0000",-43.493,172.537,"Christchurch Airport",224,"Christchurch",100012,"Canterbury",1010,5.3,5.85,7
"9679","20180705:0000",-43.493,172.537,"Christchurch Airport",224,"Christchurch",100012,"Canterbury",1010,1.4,4.6,3.6
"9680","20180706:0000",-43.493,172.537,"Christchurch Airport",224,"Christchurch",100012,"Canterbury",1010,4.9,7.65,0.8
"9681","20180707:0000",-43.493,172.537,"Christchurch Airport",224,"Christchurch",100012,"Canterbury",1010,14.6,12.25,8.4
"9682","20180708:0000",-43.493,172.537,"Christchurch Airport",224,"Christchurch",100012,"Canterbury",1010,16.6,7.95,0
"9683","20180709:0000",-43.493,172.537,"Christchurch Airport",224,"Christchurch",100012,"Canterbury",1010,15.6,9.3,2.3
"9684","20180710:0000",-43.493,172.537,"Christchurch Airport",224,"Christchurch",100012,"Canterbury",1010,10.7,8.15,8.5
"9685","20180711:0000",-43.493,172.537,"Christchurch Airport",224,"Christchurch",100012,"Canterbury",1010,4.2,5.25,6.4
"9686","20180712:0000",-43.493,172.537,"Christchurch Airport",224,"Christchurch",100012,"Canterbury",1010,8.2,5.65,8.5
"9687","20180713:0000",-43.493,172.537,"Christchurch Airport",224,"Christchurch",100012,"Canterbury",1010,3,4.45,8.4
"9688","20180714:0000",-43.493,172.537,"Christchurch Airport",224,"Christchurch",100012,"Canterbury",1010,3,5,8
"9689","20180715:0000",-43.493,172.537,"Christchurch Airport",224,"Christchurch",100012,"Canterbury",1010,2.8,4.85,0
"9690","20180716:0000",-43.493,172.537,"Christchurch Airport",224,"Christchurch",100012,"Canterbury",1010,10.8,9.05,2.8
"9691","20180717:0000",-43.493,172.537,"Christchurch Airport",224,"Christchurch",100012,"Canterbury",1010,4.2,12.25,8.6
"9692","20180718:0000",-43.493,172.537,"Christchurch Airport",224,"Christchurch",100012,"Canterbury",1010,2.2,7.8,8.4
"9693","20180719:0000",-43.493,172.537,"Christchurch Airport",224,"Christchurch",100012,"Canterbury",1010,5.8,5.1,8.2
"9694","20180720:0000",-43.493,172.537,"Christchurch Airport",224,"Christchurch",100012,"Canterbury",1010,3.4,4.6,6.4
"9695","20180721:0000",-43.493,172.537,"Christchurch Airport",224,"Christchurch",100012,"Canterbury",1010,7.4,8.6,3
"9696","20180722:0000",-43.493,172.537,"Christchurch Airport",224,"Christchurch",100012,"Canterbury",1010,14.1,11.25,8.4
"9697","20180723:0000",-43.493,172.537,"Christchurch Airport",224,"Christchurch",100012,"Canterbury",1010,14.2,6.45,0.3
"9698","20180724:0000",-43.493,172.537,"Christchurch Airport",224,"Christchurch",100012,"Canterbury",1010,9.1,6.05,0.9
"9699","20180725:0000",-43.493,172.537,"Christchurch Airport",224,"Christchurch",100012,"Canterbury",1010,2.4,4.2,6.6
"9700","20180726:0000",-43.493,172.537,"Christchurch Airport",224,"Christchurch",100012,"Canterbury",1010,6.3,5.5,5.6
"9701","20180727:0000",-43.493,172.537,"Christchurch Airport",224,"Christchurch",100012,"Canterbury",1010,6.1,7.1,3.7
"9702","20180728:0000",-43.493,172.537,"Christchurch Airport",224,"Christchurch",100012,"Canterbury",1010,5.4,8.3,4.5
"9703","20180729:0000",-43.493,172.537,"Christchurch Airport",224,"Christchurch",100012,"Canterbury",1010,5.2,8.4,2.5
"9704","20180730:0000",-43.493,172.537,"Christchurch Airport",224,"Christchurch",100012,"Canterbury",1010,3.9,5.85,8.4
"9705","20180731:0000",-43.493,172.537,"Christchurch Airport",224,"Christchurch",100012,"Canterbury",1010,17.3,10.3,5.1
"9706","20180801:0000",-43.493,172.537,"Christchurch Airport",224,"Christchurch",100012,"Canterbury",1010,6.3,7.5,0.1
"9707","20180802:0000",-43.493,172.537,"Christchurch Airport",224,"Christchurch",100012,"Canterbury",1010,9.4,5.75,0
"9708","20180803:0000",-43.493,172.537,"Christchurch Airport",224,"Christchurch",100012,"Canterbury",1010,6.2,6.85,7.9
"9709","20180804:0000",-43.493,172.537,"Christchurch Airport",224,"Christchurch",100012,"Canterbury",1010,7,8.4,4.7
"9710","20180805:0000",-43.493,172.537,"Christchurch Airport",224,"Christchurch",100012,"Canterbury",1010,1,7.05,3
"9711","20180806:0000",-43.493,172.537,"Christchurch Airport",224,"Christchurch",100012,"Canterbury",1010,12.2,7.45,0.2
"9712","20180807:0000",-43.493,172.537,"Christchurch Airport",224,"Christchurch",100012,"Canterbury",1010,21.5,9.85,3.8
"9713","20180808:0000",-43.493,172.537,"Christchurch Airport",224,"Christchurch",100012,"Canterbury",1010,4.8,10.7,0.3
"9714","20180809:0000",-43.493,172.537,"Christchurch Airport",224,"Christchurch",100012,"Canterbury",1010,4.3,10.45,8.3
"9715","20180810:0000",-43.493,172.537,"Christchurch Airport",224,"Christchurch",100012,"Canterbury",1010,19.4,8.3,5.7
"9716","20180811:0000",-43.493,172.537,"Christchurch Airport",224,"Christchurch",100012,"Canterbury",1010,4.5,5.25,8.9
"9717","20180812:0000",-43.493,172.537,"Christchurch Airport",224,"Christchurch",100012,"Canterbury",1010,32,7.3,6.1
"9718","20180813:0000",-43.493,172.537,"Christchurch Airport",224,"Christchurch",100012,"Canterbury",1010,4.4,9.15,6.8
"9719","20180814:0000",-43.493,172.537,"Christchurch Airport",224,"Christchurch",100012,"Canterbury",1010,7,6.7,2.5
"9720","20180815:0000",-43.493,172.537,"Christchurch Airport",224,"Christchurch",100012,"Canterbury",1010,6,9.55,6.3
"9721","20180816:0000",-43.493,172.537,"Christchurch Airport",224,"Christchurch",100012,"Canterbury",1010,5.5,10.3,4.8
"9722","20180817:0000",-43.493,172.537,"Christchurch Airport",224,"Christchurch",100012,"Canterbury",1010,8.3,8.85,2.5
"9723","20180818:0000",-43.493,172.537,"Christchurch Airport",224,"Christchurch",100012,"Canterbury",1010,7.1,7.2,8.3
"9724","20180819:0000",-43.493,172.537,"Christchurch Airport",224,"Christchurch",100012,"Canterbury",1010,1.9,3.75,8.7
"9725","20180820:0000",-43.493,172.537,"Christchurch Airport",224,"Christchurch",100012,"Canterbury",1010,14.4,6.8,4.2
"9726","20180821:0000",-43.493,172.537,"Christchurch Airport",224,"Christchurch",100012,"Canterbury",1010,4.2,7.25,5
"9727","20180822:0000",-43.493,172.537,"Christchurch Airport",224,"Christchurch",100012,"Canterbury",1010,2.9,7.75,9.1
"9728","20180823:0000",-43.493,172.537,"Christchurch Airport",224,"Christchurch",100012,"Canterbury",1010,8.6,8.05,3.4
"9729","20180824:0000",-43.493,172.537,"Christchurch Airport",224,"Christchurch",100012,"Canterbury",1010,20.6,8.95,6.6
"9730","20180825:0000",-43.493,172.537,"Christchurch Airport",224,"Christchurch",100012,"Canterbury",1010,19.9,5.45,3.9
"9731","20180826:0000",-43.493,172.537,"Christchurch Airport",224,"Christchurch",100012,"Canterbury",1010,4.4,7.45,10
"9732","20180827:0000",-43.493,172.537,"Christchurch Airport",224,"Christchurch",100012,"Canterbury",1010,4.3,10.1,4.8
"9733","20180828:0000",-43.493,172.537,"Christchurch Airport",224,"Christchurch",100012,"Canterbury",1010,18.8,7.95,5.9
"9734","20180829:0000",-43.493,172.537,"Christchurch Airport",224,"Christchurch",100012,"Canterbury",1010,12.5,9.2,0
"9735","20180830:0000",-43.493,172.537,"Christchurch Airport",224,"Christchurch",100012,"Canterbury",1010,3,9,8.3
"9736","20180831:0000",-43.493,172.537,"Christchurch Airport",224,"Christchurch",100012,"Canterbury",1010,18.2,7.15,0
"9737","20180901:0000",-43.493,172.537,"Christchurch Airport",224,"Christchurch",100012,"Canterbury",1010,8.9,10.5,7
"9738","20180902:0000",-43.493,172.537,"Christchurch Airport",224,"Christchurch",100012,"Canterbury",1010,7.4,6.85,0
"9739","20180903:0000",-43.493,172.537,"Christchurch Airport",224,"Christchurch",100012,"Canterbury",1010,36.5,7.95,2.3
"9740","20180904:0000",-43.493,172.537,"Christchurch Airport",224,"Christchurch",100012,"Canterbury",1010,19.7,8.6,2.9
"9741","20180905:0000",-43.493,172.537,"Christchurch Airport",224,"Christchurch",100012,"Canterbury",1010,3.3,7.8,5.8
"9742","20180906:0000",-43.493,172.537,"Christchurch Airport",224,"Christchurch",100012,"Canterbury",1010,3.9,5.9,4.9
"9743","20180907:0000",-43.493,172.537,"Christchurch Airport",224,"Christchurch",100012,"Canterbury",1010,1.6,3.45,9.3
"9744","20180908:0000",-43.493,172.537,"Christchurch Airport",224,"Christchurch",100012,"Canterbury",1010,1.4,3.8,7.8
"9745","20180909:0000",-43.493,172.537,"Christchurch Airport",224,"Christchurch",100012,"Canterbury",1010,1.2,7.25,6.6
"9746","20180910:0000",-43.493,172.537,"Christchurch Airport",224,"Christchurch",100012,"Canterbury",1010,2.9,5.35,4.4
"9747","20180911:0000",-43.493,172.537,"Christchurch Airport",224,"Christchurch",100012,"Canterbury",1010,7.9,10.35,6.5
"9748","20180912:0000",-43.493,172.537,"Christchurch Airport",224,"Christchurch",100012,"Canterbury",1010,3.3,8.8,8.4
"9749","20180913:0000",-43.493,172.537,"Christchurch Airport",224,"Christchurch",100012,"Canterbury",1010,4.6,12,3.5
"9750","20180914:0000",-43.493,172.537,"Christchurch Airport",224,"Christchurch",100012,"Canterbury",1010,4.3,15.1,10.3
"9751","20180915:0000",-43.493,172.537,"Christchurch Airport",224,"Christchurch",100012,"Canterbury",1010,12,15.05,8.8
"9752","20180916:0000",-43.493,172.537,"Christchurch Airport",224,"Christchurch",100012,"Canterbury",1010,5.2,11.95,10
"9753","20180917:0000",-43.493,172.537,"Christchurch Airport",224,"Christchurch",100012,"Canterbury",1010,17.3,11.5,1.2
"9754","20180918:0000",-43.493,172.537,"Christchurch Airport",224,"Christchurch",100012,"Canterbury",1010,12.8,9.5,10
"9755","20180919:0000",-43.493,172.537,"Christchurch Airport",224,"Christchurch",100012,"Canterbury",1010,20.7,9.4,10.3
"9756","20180920:0000",-43.493,172.537,"Christchurch Airport",224,"Christchurch",100012,"Canterbury",1010,6,12.45,8.3
"9757","20180921:0000",-43.493,172.537,"Christchurch Airport",224,"Christchurch",100012,"Canterbury",1010,22.2,8.8,4
"9758","20180922:0000",-43.493,172.537,"Christchurch Airport",224,"Christchurch",100012,"Canterbury",1010,4.7,7.7,10
"9759","20180923:0000",-43.493,172.537,"Christchurch Airport",224,"Christchurch",100012,"Canterbury",1010,22.6,11.2,NA
"9760","20180924:0000",-43.493,172.537,"Christchurch Airport",224,"Christchurch",100012,"Canterbury",1010,4.7,10.1,1
"9761","20180925:0000",-43.493,172.537,"Christchurch Airport",224,"Christchurch",100012,"Canterbury",1010,26.6,9.3,8.1
"9762","20180926:0000",-43.493,172.537,"Christchurch Airport",224,"Christchurch",100012,"Canterbury",1010,22.7,6.3,4.9
"9763","20180927:0000",-43.493,172.537,"Christchurch Airport",224,"Christchurch",100012,"Canterbury",1010,7.3,9.95,9.9
"9764","20180928:0000",-43.493,172.537,"Christchurch Airport",224,"Christchurch",100012,"Canterbury",1010,1.3,6.75,10.6
"9765","20180929:0000",-43.493,172.537,"Christchurch Airport",224,"Christchurch",100012,"Canterbury",1010,7.1,9.75,8.7
"9766","20180930:0000",-43.493,172.537,"Christchurch Airport",224,"Christchurch",100012,"Canterbury",1010,13.9,12.55,0.1
"9767","20181001:0000",-43.493,172.537,"Christchurch Airport",224,"Christchurch",100012,"Canterbury",1010,14.6,11.55,7.5
"9768","20181002:0000",-43.493,172.537,"Christchurch Airport",224,"Christchurch",100012,"Canterbury",1010,6.1,8.4,5.4
"9769","20181003:0000",-43.493,172.537,"Christchurch Airport",224,"Christchurch",100012,"Canterbury",1010,10.2,10.1,8.1
"9770","20181004:0000",-43.493,172.537,"Christchurch Airport",224,"Christchurch",100012,"Canterbury",1010,4.6,11.2,8.2
"9771","20181005:0000",-43.493,172.537,"Christchurch Airport",224,"Christchurch",100012,"Canterbury",1010,14.7,9.75,0.9
"9772","20181006:0000",-43.493,172.537,"Christchurch Airport",224,"Christchurch",100012,"Canterbury",1010,9.3,7.2,10
"9773","20181007:0000",-43.493,172.537,"Christchurch Airport",224,"Christchurch",100012,"Canterbury",1010,16.6,10.25,8.3
"9774","20181008:0000",-43.493,172.537,"Christchurch Airport",224,"Christchurch",100012,"Canterbury",1010,9.3,10.7,5.6
"9775","20181009:0000",-43.493,172.537,"Christchurch Airport",224,"Christchurch",100012,"Canterbury",1010,4.4,9.35,10.8
"9776","20181010:0000",-43.493,172.537,"Christchurch Airport",224,"Christchurch",100012,"Canterbury",1010,21.2,11.45,1.8
"9777","20181011:0000",-43.493,172.537,"Christchurch Airport",224,"Christchurch",100012,"Canterbury",1010,1.5,9.8,0
"9778","20181012:0000",-43.493,172.537,"Christchurch Airport",224,"Christchurch",100012,"Canterbury",1010,19.5,7.4,0
"9779","20181013:0000",-43.493,172.537,"Christchurch Airport",224,"Christchurch",100012,"Canterbury",1010,11.7,7.7,7.4
"9780","20181014:0000",-43.493,172.537,"Christchurch Airport",224,"Christchurch",100012,"Canterbury",1010,18,9.05,8.2
"9781","20181015:0000",-43.493,172.537,"Christchurch Airport",224,"Christchurch",100012,"Canterbury",1010,4.4,6.35,3.6
"9782","20181016:0000",-43.493,172.537,"Christchurch Airport",224,"Christchurch",100012,"Canterbury",1010,9.4,7.95,11.2
"9783","20181017:0000",-43.493,172.537,"Christchurch Airport",224,"Christchurch",100012,"Canterbury",1010,3.7,13.7,2.7
"9784","20181018:0000",-43.493,172.537,"Christchurch Airport",224,"Christchurch",100012,"Canterbury",1010,19,13.5,8.8
"9785","20181019:0000",-43.493,172.537,"Christchurch Airport",224,"Christchurch",100012,"Canterbury",1010,15.3,15.25,12.7
"9786","20181020:0000",-43.493,172.537,"Christchurch Airport",224,"Christchurch",100012,"Canterbury",1010,2,15.4,11
"9787","20181021:0000",-43.493,172.537,"Christchurch Airport",224,"Christchurch",100012,"Canterbury",1010,8.2,15.55,12.1
"9788","20181022:0000",-43.493,172.537,"Christchurch Airport",224,"Christchurch",100012,"Canterbury",1010,7.1,12.55,10.6
"9789","20181023:0000",-43.493,172.537,"Christchurch Airport",224,"Christchurch",100012,"Canterbury",1010,8.1,16.5,10.3
"9790","20181024:0000",-43.493,172.537,"Christchurch Airport",224,"Christchurch",100012,"Canterbury",1010,15,16.25,9.5
"9791","20181025:0000",-43.493,172.537,"Christchurch Airport",224,"Christchurch",100012,"Canterbury",1010,21.9,13.65,0
"9792","20181026:0000",-43.493,172.537,"Christchurch Airport",224,"Christchurch",100012,"Canterbury",1010,4.5,10.9,5.7
"9793","20181027:0000",-43.493,172.537,"Christchurch Airport",224,"Christchurch",100012,"Canterbury",1010,5.8,11.7,11.5
"9794","20181028:0000",-43.493,172.537,"Christchurch Airport",224,"Christchurch",100012,"Canterbury",1010,16.7,10.05,5.5
"9795","20181029:0000",-43.493,172.537,"Christchurch Airport",224,"Christchurch",100012,"Canterbury",1010,8.3,12.1,0
"9796","20181030:0000",-43.493,172.537,"Christchurch Airport",224,"Christchurch",100012,"Canterbury",1010,19.8,11.3,1.6
"9797","20181031:0000",-43.493,172.537,"Christchurch Airport",224,"Christchurch",100012,"Canterbury",1010,4.9,9.1,9.5
"9798","20181101:0000",-43.493,172.537,"Christchurch Airport",224,"Christchurch",100012,"Canterbury",1010,19.7,10.65,10
"9799","20181102:0000",-43.493,172.537,"Christchurch Airport",224,"Christchurch",100012,"Canterbury",1010,3.5,9.4,9
"9800","20181103:0000",-43.493,172.537,"Christchurch Airport",224,"Christchurch",100012,"Canterbury",1010,24.2,19.05,7.3
"9801","20181104:0000",-43.493,172.537,"Christchurch Airport",224,"Christchurch",100012,"Canterbury",1010,13.6,14.55,10.7
"9802","20181105:0000",-43.493,172.537,"Christchurch Airport",224,"Christchurch",100012,"Canterbury",1010,8.7,15.25,12.6
"9803","20181106:0000",-43.493,172.537,"Christchurch Airport",224,"Christchurch",100012,"Canterbury",1010,1.5,12.75,12.4
"9804","20181107:0000",-43.493,172.537,"Christchurch Airport",224,"Christchurch",100012,"Canterbury",1010,1.6,15.1,6.9
"9805","20181108:0000",-43.493,172.537,"Christchurch Airport",224,"Christchurch",100012,"Canterbury",1010,21.1,20.95,2.9
"9806","20181109:0000",-43.493,172.537,"Christchurch Airport",224,"Christchurch",100012,"Canterbury",1010,14.9,9.3,0
"9807","20181110:0000",-43.493,172.537,"Christchurch Airport",224,"Christchurch",100012,"Canterbury",1010,2.7,8.7,11.2
"9808","20181111:0000",-43.493,172.537,"Christchurch Airport",224,"Christchurch",100012,"Canterbury",1010,10.8,11.45,12.1
"9809","20181112:0000",-43.493,172.537,"Christchurch Airport",224,"Christchurch",100012,"Canterbury",1010,9,15.4,9.9
"9810","20181113:0000",-43.493,172.537,"Christchurch Airport",224,"Christchurch",100012,"Canterbury",1010,11,13.3,9.6
"9811","20181114:0000",-43.493,172.537,"Christchurch Airport",224,"Christchurch",100012,"Canterbury",1010,22.4,14.3,9.8
"9812","20181115:0000",-43.493,172.537,"Christchurch Airport",224,"Christchurch",100012,"Canterbury",1010,7.4,17.8,9.9
"9813","20181116:0000",-43.493,172.537,"Christchurch Airport",224,"Christchurch",100012,"Canterbury",1010,4.4,15.75,9.1
"9814","20181117:0000",-43.493,172.537,"Christchurch Airport",224,"Christchurch",100012,"Canterbury",1010,21.2,15.05,3.2
"9815","20181118:0000",-43.493,172.537,"Christchurch Airport",224,"Christchurch",100012,"Canterbury",1010,8.9,14.05,10.2
"9816","20181119:0000",-43.493,172.537,"Christchurch Airport",224,"Christchurch",100012,"Canterbury",1010,5.4,8.25,6.8
"9817","20181120:0000",-43.493,172.537,"Christchurch Airport",224,"Christchurch",100012,"Canterbury",1010,10.8,7.8,1.6
"9818","20181121:0000",-43.493,172.537,"Christchurch Airport",224,"Christchurch",100012,"Canterbury",1010,11.9,10.8,12
"9819","20181122:0000",-43.493,172.537,"Christchurch Airport",224,"Christchurch",100012,"Canterbury",1010,6.8,11.8,13.9
"9820","20181123:0000",-43.493,172.537,"Christchurch Airport",224,"Christchurch",100012,"Canterbury",1010,4,12.7,3.5
"9821","20181124:0000",-43.493,172.537,"Christchurch Airport",224,"Christchurch",100012,"Canterbury",1010,5.4,14.85,0.1
"9822","20181125:0000",-43.493,172.537,"Christchurch Airport",224,"Christchurch",100012,"Canterbury",1010,24.2,15.1,0
"9823","20181126:0000",-43.493,172.537,"Christchurch Airport",224,"Christchurch",100012,"Canterbury",1010,14.5,12.9,0
"9824","20181127:0000",-43.493,172.537,"Christchurch Airport",224,"Christchurch",100012,"Canterbury",1010,7.1,13.05,1.5
"9825","20181128:0000",-43.493,172.537,"Christchurch Airport",224,"Christchurch",100012,"Canterbury",1010,11.5,13.75,0
"9826","20181129:0000",-43.493,172.537,"Christchurch Airport",224,"Christchurch",100012,"Canterbury",1010,18.4,13.25,11.9
"9827","20181130:0000",-43.493,172.537,"Christchurch Airport",224,"Christchurch",100012,"Canterbury",1010,24,14.95,4.4
"9828","20181201:0000",-43.493,172.537,"Christchurch Airport",224,"Christchurch",100012,"Canterbury",1010,18.2,17.05,6
"9829","20181202:0000",-43.493,172.537,"Christchurch Airport",224,"Christchurch",100012,"Canterbury",1010,13.8,16.35,0
"9830","20181203:0000",-43.493,172.537,"Christchurch Airport",224,"Christchurch",100012,"Canterbury",1010,22.1,16.95,3.3
"9831","20181204:0000",-43.493,172.537,"Christchurch Airport",224,"Christchurch",100012,"Canterbury",1010,20.1,20.2,9.6
"9832","20181205:0000",-43.493,172.537,"Christchurch Airport",224,"Christchurch",100012,"Canterbury",1010,19.5,16.25,3.5
"9833","20181206:0000",-43.493,172.537,"Christchurch Airport",224,"Christchurch",100012,"Canterbury",1010,13.5,12.8,9.8
"9834","20181207:0000",-43.493,172.537,"Christchurch Airport",224,"Christchurch",100012,"Canterbury",1010,5.3,12.25,12.8
"9835","20181208:0000",-43.493,172.537,"Christchurch Airport",224,"Christchurch",100012,"Canterbury",1010,8.5,16.15,4.6
"9836","20181209:0000",-43.493,172.537,"Christchurch Airport",224,"Christchurch",100012,"Canterbury",1010,10,18.45,7.6
"9837","20181210:0000",-43.493,172.537,"Christchurch Airport",224,"Christchurch",100012,"Canterbury",1010,24.7,14.6,0
"9838","20181211:0000",-43.493,172.537,"Christchurch Airport",224,"Christchurch",100012,"Canterbury",1010,17.7,13.4,0
"9839","20181212:0000",-43.493,172.537,"Christchurch Airport",224,"Christchurch",100012,"Canterbury",1010,14,14.65,0
"9840","20181213:0000",-43.493,172.537,"Christchurch Airport",224,"Christchurch",100012,"Canterbury",1010,10.5,16.05,0.1
"9841","20181214:0000",-43.493,172.537,"Christchurch Airport",224,"Christchurch",100012,"Canterbury",1010,18.5,17.55,2
"9842","20181215:0000",-43.493,172.537,"Christchurch Airport",224,"Christchurch",100012,"Canterbury",1010,8.3,17.25,8.9
"9843","20181216:0000",-43.493,172.537,"Christchurch Airport",224,"Christchurch",100012,"Canterbury",1010,10.7,16.85,0
"9844","20181217:0000",-43.493,172.537,"Christchurch Airport",224,"Christchurch",100012,"Canterbury",1010,10.9,19.3,13.4
"9845","20181218:0000",-43.493,172.537,"Christchurch Airport",224,"Christchurch",100012,"Canterbury",1010,10.7,19.5,0.2
"9846","20181219:0000",-43.493,172.537,"Christchurch Airport",224,"Christchurch",100012,"Canterbury",1010,16.8,14.1,0
"9847","20181220:0000",-43.493,172.537,"Christchurch Airport",224,"Christchurch",100012,"Canterbury",1010,6.1,11.9,0.1
"9848","20181221:0000",-43.493,172.537,"Christchurch Airport",224,"Christchurch",100012,"Canterbury",1010,10.6,12.6,5.9
"9849","20181222:0000",-43.493,172.537,"Christchurch Airport",224,"Christchurch",100012,"Canterbury",1010,3.9,14.35,7.1
"9850","20181223:0000",-43.493,172.537,"Christchurch Airport",224,"Christchurch",100012,"Canterbury",1010,10.6,13.65,6.6
"9851","20181224:0000",-43.493,172.537,"Christchurch Airport",224,"Christchurch",100012,"Canterbury",1010,21.6,13.2,13
"9852","20181225:0000",-43.493,172.537,"Christchurch Airport",224,"Christchurch",100012,"Canterbury",1010,19,17.65,3.7
"9853","20181226:0000",-43.493,172.537,"Christchurch Airport",224,"Christchurch",100012,"Canterbury",1010,22.3,15.95,0.2
"9854","20181227:0000",-43.493,172.537,"Christchurch Airport",224,"Christchurch",100012,"Canterbury",1010,7.1,14.15,9.1
"9855","20181228:0000",-43.493,172.537,"Christchurch Airport",224,"Christchurch",100012,"Canterbury",1010,13,16.55,9.9
"9856","20181229:0000",-43.493,172.537,"Christchurch Airport",224,"Christchurch",100012,"Canterbury",1010,12.7,20.9,8.7
"9857","20181230:0000",-43.493,172.537,"Christchurch Airport",224,"Christchurch",100012,"Canterbury",1010,5.5,20.7,0
"9858","20181231:0000",-43.493,172.537,"Christchurch Airport",224,"Christchurch",100012,"Canterbury",1010,17.7,17.3,9.6
"9859","20190101:0000",-43.493,172.537,"Christchurch Airport",224,"Christchurch",100012,"Canterbury",1010,6.8,19.5,3.4
"9860","20190102:0000",-43.493,172.537,"Christchurch Airport",224,"Christchurch",100012,"Canterbury",1010,7.4,22.2,10.7
"9861","20190103:0000",-43.493,172.537,"Christchurch Airport",224,"Christchurch",100012,"Canterbury",1010,6,21.05,9.8
"9862","20190104:0000",-43.493,172.537,"Christchurch Airport",224,"Christchurch",100012,"Canterbury",1010,6.8,17.35,12.6
"9863","20190105:0000",-43.493,172.537,"Christchurch Airport",224,"Christchurch",100012,"Canterbury",1010,23.4,21.55,12.3
"9864","20190106:0000",-43.493,172.537,"Christchurch Airport",224,"Christchurch",100012,"Canterbury",1010,34,20.95,8.1
"9865","20190107:0000",-43.493,172.537,"Christchurch Airport",224,"Christchurch",100012,"Canterbury",1010,16.6,17.15,9.7
"9866","20190108:0000",-43.493,172.537,"Christchurch Airport",224,"Christchurch",100012,"Canterbury",1010,12.3,16.85,7.3
"9867","20190109:0000",-43.493,172.537,"Christchurch Airport",224,"Christchurch",100012,"Canterbury",1010,31.6,22.3,10.2
"9868","20190110:0000",-43.493,172.537,"Christchurch Airport",224,"Christchurch",100012,"Canterbury",1010,12,23.15,12.7
"9869","20190111:0000",-43.493,172.537,"Christchurch Airport",224,"Christchurch",100012,"Canterbury",1010,20,17.15,5.4
"9870","20190112:0000",-43.493,172.537,"Christchurch Airport",224,"Christchurch",100012,"Canterbury",1010,4.4,15.25,0.8
"9871","20190113:0000",-43.493,172.537,"Christchurch Airport",224,"Christchurch",100012,"Canterbury",1010,12.6,20.05,5.9
"9872","20190114:0000",-43.493,172.537,"Christchurch Airport",224,"Christchurch",100012,"Canterbury",1010,29,14.1,2.7
"9873","20190115:0000",-43.493,172.537,"Christchurch Airport",224,"Christchurch",100012,"Canterbury",1010,13.2,14.65,5
"9874","20190116:0000",-43.493,172.537,"Christchurch Airport",224,"Christchurch",100012,"Canterbury",1010,7.1,14.3,13.2
"9875","20190117:0000",-43.493,172.537,"Christchurch Airport",224,"Christchurch",100012,"Canterbury",1010,17.9,18.25,8.5
"9876","20190118:0000",-43.493,172.537,"Christchurch Airport",224,"Christchurch",100012,"Canterbury",1010,13.2,18.15,1.5
"9877","20190119:0000",-43.493,172.537,"Christchurch Airport",224,"Christchurch",100012,"Canterbury",1010,23.2,23.65,5.6
"9878","20190120:0000",-43.493,172.537,"Christchurch Airport",224,"Christchurch",100012,"Canterbury",1010,8.9,19.1,14.2
"9879","20190121:0000",-43.493,172.537,"Christchurch Airport",224,"Christchurch",100012,"Canterbury",1010,10.1,19.25,7
"9880","20190122:0000",-43.493,172.537,"Christchurch Airport",224,"Christchurch",100012,"Canterbury",1010,8.6,21,10.3
"9881","20190123:0000",-43.493,172.537,"Christchurch Airport",224,"Christchurch",100012,"Canterbury",1010,29,23.95,10.7
"9882","20190124:0000",-43.493,172.537,"Christchurch Airport",224,"Christchurch",100012,"Canterbury",1010,6.7,13.25,12.8
"9883","20190125:0000",-43.493,172.537,"Christchurch Airport",224,"Christchurch",100012,"Canterbury",1010,1.4,14,3.9
"9884","20190126:0000",-43.493,172.537,"Christchurch Airport",224,"Christchurch",100012,"Canterbury",1010,9.5,20.25,2.8
"9885","20190127:0000",-43.493,172.537,"Christchurch Airport",224,"Christchurch",100012,"Canterbury",1010,8,23.35,12.4
"9886","20190128:0000",-43.493,172.537,"Christchurch Airport",224,"Christchurch",100012,"Canterbury",1010,32.1,22.15,9.6
"9887","20190129:0000",-43.493,172.537,"Christchurch Airport",224,"Christchurch",100012,"Canterbury",1010,19.2,18.05,3.4
"9888","20190130:0000",-43.493,172.537,"Christchurch Airport",224,"Christchurch",100012,"Canterbury",1010,2.6,23.8,9.3
"9889","20190131:0000",-43.493,172.537,"Christchurch Airport",224,"Christchurch",100012,"Canterbury",1010,12,20.75,9
"9890","20190201:0000",-43.493,172.537,"Christchurch Airport",224,"Christchurch",100012,"Canterbury",1010,4.4,21.4,1
"9891","20190202:0000",-43.493,172.537,"Christchurch Airport",224,"Christchurch",100012,"Canterbury",1010,4.2,12.5,13
"9892","20190203:0000",-43.493,172.537,"Christchurch Airport",224,"Christchurch",100012,"Canterbury",1010,8.9,15.9,13.3
"9893","20190204:0000",-43.493,172.537,"Christchurch Airport",224,"Christchurch",100012,"Canterbury",1010,6.5,21.25,12.1
"9894","20190205:0000",-43.493,172.537,"Christchurch Airport",224,"Christchurch",100012,"Canterbury",1010,4,21.45,8.5
"9895","20190206:0000",-43.493,172.537,"Christchurch Airport",224,"Christchurch",100012,"Canterbury",1010,23.1,14.1,0
"9896","20190207:0000",-43.493,172.537,"Christchurch Airport",224,"Christchurch",100012,"Canterbury",1010,2.2,10.95,7.1
"9897","20190208:0000",-43.493,172.537,"Christchurch Airport",224,"Christchurch",100012,"Canterbury",1010,11.6,14.8,13.2
"9898","20190209:0000",-43.493,172.537,"Christchurch Airport",224,"Christchurch",100012,"Canterbury",1010,6,20.15,12.7
"9899","20190210:0000",-43.493,172.537,"Christchurch Airport",224,"Christchurch",100012,"Canterbury",1010,7.5,19.1,12.9
"9900","20190211:0000",-43.493,172.537,"Christchurch Airport",224,"Christchurch",100012,"Canterbury",1010,5.6,19,12
"9901","20190212:0000",-43.493,172.537,"Christchurch Airport",224,"Christchurch",100012,"Canterbury",1010,12.9,22.3,11.2
"9902","20190213:0000",-43.493,172.537,"Christchurch Airport",224,"Christchurch",100012,"Canterbury",1010,8.4,20.1,7.7
"9903","20190214:0000",-43.493,172.537,"Christchurch Airport",224,"Christchurch",100012,"Canterbury",1010,19.3,24.75,7.5
"9904","20190215:0000",-43.493,172.537,"Christchurch Airport",224,"Christchurch",100012,"Canterbury",1010,8.6,18.6,11.7
"9905","20190216:0000",-43.493,172.537,"Christchurch Airport",224,"Christchurch",100012,"Canterbury",1010,16.3,14.05,3.5
"9906","20190217:0000",-43.493,172.537,"Christchurch Airport",224,"Christchurch",100012,"Canterbury",1010,6.9,14.25,10.7
"9907","20190218:0000",-43.493,172.537,"Christchurch Airport",224,"Christchurch",100012,"Canterbury",1010,1.4,17.4,10.7
"9908","20190219:0000",-43.493,172.537,"Christchurch Airport",224,"Christchurch",100012,"Canterbury",1010,9.1,19.55,5.8
"9909","20190220:0000",-43.493,172.537,"Christchurch Airport",224,"Christchurch",100012,"Canterbury",1010,5.9,23.05,10.7
"9910","20190221:0000",-43.493,172.537,"Christchurch Airport",224,"Christchurch",100012,"Canterbury",1010,13.8,24,9.7
"9911","20190222:0000",-43.493,172.537,"Christchurch Airport",224,"Christchurch",100012,"Canterbury",1010,18.2,23.5,10.5
"9912","20190223:0000",-43.493,172.537,"Christchurch Airport",224,"Christchurch",100012,"Canterbury",1010,4.6,12.9,8
"9913","20190224:0000",-43.493,172.537,"Christchurch Airport",224,"Christchurch",100012,"Canterbury",1010,19.6,14,3
"9914","20190225:0000",-43.493,172.537,"Christchurch Airport",224,"Christchurch",100012,"Canterbury",1010,12.8,12.5,5.2
"9915","20190226:0000",-43.493,172.537,"Christchurch Airport",224,"Christchurch",100012,"Canterbury",1010,6.1,14,12.1
"9916","20190227:0000",-43.493,172.537,"Christchurch Airport",224,"Christchurch",100012,"Canterbury",1010,13.9,18.9,5.9
"9917","20190228:0000",-43.493,172.537,"Christchurch Airport",224,"Christchurch",100012,"Canterbury",1010,16.2,11.75,8.2
"9918","20190301:0000",-43.493,172.537,"Christchurch Airport",224,"Christchurch",100012,"Canterbury",1010,3.7,12.3,12.6
"9919","20190302:0000",-43.493,172.537,"Christchurch Airport",224,"Christchurch",100012,"Canterbury",1010,6.6,14.1,10.5
"9920","20190303:0000",-43.493,172.537,"Christchurch Airport",224,"Christchurch",100012,"Canterbury",1010,3.4,14.8,11.8
"9921","20190304:0000",-43.493,172.537,"Christchurch Airport",224,"Christchurch",100012,"Canterbury",1010,17.7,17.2,8.7
"9922","20190305:0000",-43.493,172.537,"Christchurch Airport",224,"Christchurch",100012,"Canterbury",1010,4.9,18.6,11.9
"9923","20190306:0000",-43.493,172.537,"Christchurch Airport",224,"Christchurch",100012,"Canterbury",1010,7.4,19.3,10.5
"9924","20190307:0000",-43.493,172.537,"Christchurch Airport",224,"Christchurch",100012,"Canterbury",1010,6.6,19.8,7.3
"9925","20190308:0000",-43.493,172.537,"Christchurch Airport",224,"Christchurch",100012,"Canterbury",1010,20,12.7,0
"9926","20190309:0000",-43.493,172.537,"Christchurch Airport",224,"Christchurch",100012,"Canterbury",1010,9.3,14.35,1.2
"9927","20190310:0000",-43.493,172.537,"Christchurch Airport",224,"Christchurch",100012,"Canterbury",1010,13.5,14.35,0
"9928","20190311:0000",-43.493,172.537,"Christchurch Airport",224,"Christchurch",100012,"Canterbury",1010,13.4,15.9,2.6
"9929","20190312:0000",-43.493,172.537,"Christchurch Airport",224,"Christchurch",100012,"Canterbury",1010,5.9,22.5,11.4
"9930","20190313:0000",-43.493,172.537,"Christchurch Airport",224,"Christchurch",100012,"Canterbury",1010,2.2,19.55,8.1
"9931","20190314:0000",-43.493,172.537,"Christchurch Airport",224,"Christchurch",100012,"Canterbury",1010,5,15.5,0
"9932","20190315:0000",-43.493,172.537,"Christchurch Airport",224,"Christchurch",100012,"Canterbury",1010,7.9,16.3,0.7
"9933","20190316:0000",-43.493,172.537,"Christchurch Airport",224,"Christchurch",100012,"Canterbury",1010,5,18,2.8
"9934","20190317:0000",-43.493,172.537,"Christchurch Airport",224,"Christchurch",100012,"Canterbury",1010,2.3,14.15,0.4
"9935","20190318:0000",-43.493,172.537,"Christchurch Airport",224,"Christchurch",100012,"Canterbury",1010,6.8,15,0
"9936","20190319:0000",-43.493,172.537,"Christchurch Airport",224,"Christchurch",100012,"Canterbury",1010,3,18,3.9
"9937","20190320:0000",-43.493,172.537,"Christchurch Airport",224,"Christchurch",100012,"Canterbury",1010,9.5,18.05,1.7
"9938","20190321:0000",-43.493,172.537,"Christchurch Airport",224,"Christchurch",100012,"Canterbury",1010,14.5,16.75,8.7
"9939","20190322:0000",-43.493,172.537,"Christchurch Airport",224,"Christchurch",100012,"Canterbury",1010,17.7,18.25,8.1
"9940","20190323:0000",-43.493,172.537,"Christchurch Airport",224,"Christchurch",100012,"Canterbury",1010,1.5,17.4,5
"9941","20190324:0000",-43.493,172.537,"Christchurch Airport",224,"Christchurch",100012,"Canterbury",1010,12.1,18.25,7.7
"9942","20190325:0000",-43.493,172.537,"Christchurch Airport",224,"Christchurch",100012,"Canterbury",1010,4.3,19.75,2.6
"9943","20190326:0000",-43.493,172.537,"Christchurch Airport",224,"Christchurch",100012,"Canterbury",1010,23.4,20.15,0
"9944","20190327:0000",-43.493,172.537,"Christchurch Airport",224,"Christchurch",100012,"Canterbury",1010,6.7,20.85,3.7
"9945","20190328:0000",-43.493,172.537,"Christchurch Airport",224,"Christchurch",100012,"Canterbury",1010,3.3,15,5.1
"9946","20190329:0000",-43.493,172.537,"Christchurch Airport",224,"Christchurch",100012,"Canterbury",1010,7.3,13.4,10.2
"9947","20190330:0000",-43.493,172.537,"Christchurch Airport",224,"Christchurch",100012,"Canterbury",1010,8.9,15.1,8
"9948","20190331:0000",-43.493,172.537,"Christchurch Airport",224,"Christchurch",100012,"Canterbury",1010,21.5,16.9,7.6
"9949","20190401:0000",-43.493,172.537,"Christchurch Airport",224,"Christchurch",100012,"Canterbury",1010,28.7,20.65,10.7
"9950","20190402:0000",-43.493,172.537,"Christchurch Airport",224,"Christchurch",100012,"Canterbury",1010,7.2,11,3.6
"9951","20190403:0000",-43.493,172.537,"Christchurch Airport",224,"Christchurch",100012,"Canterbury",1010,1.9,12.05,6.9
"9952","20190404:0000",-43.493,172.537,"Christchurch Airport",224,"Christchurch",100012,"Canterbury",1010,3,11.1,9.1
"9953","20190405:0000",-43.493,172.537,"Christchurch Airport",224,"Christchurch",100012,"Canterbury",1010,21.7,9.15,1.3
"9954","20190406:0000",-43.493,172.537,"Christchurch Airport",224,"Christchurch",100012,"Canterbury",1010,12.2,8.95,2.3
"9955","20190407:0000",-43.493,172.537,"Christchurch Airport",224,"Christchurch",100012,"Canterbury",1010,16.8,9.2,0.3
"9956","20190408:0000",-43.493,172.537,"Christchurch Airport",224,"Christchurch",100012,"Canterbury",1010,2.8,12,7.9
"9957","20190409:0000",-43.493,172.537,"Christchurch Airport",224,"Christchurch",100012,"Canterbury",1010,5.7,10.8,8
"9958","20190410:0000",-43.493,172.537,"Christchurch Airport",224,"Christchurch",100012,"Canterbury",1010,7.4,17.8,5.4
"9959","20190411:0000",-43.493,172.537,"Christchurch Airport",224,"Christchurch",100012,"Canterbury",1010,13.7,12.5,0
"9960","20190412:0000",-43.493,172.537,"Christchurch Airport",224,"Christchurch",100012,"Canterbury",1010,22.5,10.85,4.3
"9961","20190413:0000",-43.493,172.537,"Christchurch Airport",224,"Christchurch",100012,"Canterbury",1010,5.6,10.85,9
"9962","20190414:0000",-43.493,172.537,"Christchurch Airport",224,"Christchurch",100012,"Canterbury",1010,1.8,9.05,3.1
"9963","20190415:0000",-43.493,172.537,"Christchurch Airport",224,"Christchurch",100012,"Canterbury",1010,8.2,12.05,5.1
"9964","20190416:0000",-43.493,172.537,"Christchurch Airport",224,"Christchurch",100012,"Canterbury",1010,13.3,11.15,4.6
"9965","20190417:0000",-43.493,172.537,"Christchurch Airport",224,"Christchurch",100012,"Canterbury",1010,1,8.1,9.6
"9966","20190418:0000",-43.493,172.537,"Christchurch Airport",224,"Christchurch",100012,"Canterbury",1010,2.9,7.65,4.8
"9967","20190419:0000",-43.493,172.537,"Christchurch Airport",224,"Christchurch",100012,"Canterbury",1010,8.3,12.25,5.4
"9968","20190420:0000",-43.493,172.537,"Christchurch Airport",224,"Christchurch",100012,"Canterbury",1010,4.5,11.8,0.7
"9969","20190421:0000",-43.493,172.537,"Christchurch Airport",224,"Christchurch",100012,"Canterbury",1010,15.9,11,0
"9970","20190422:0000",-43.493,172.537,"Christchurch Airport",224,"Christchurch",100012,"Canterbury",1010,9.2,12.6,0.4
"9971","20190423:0000",-43.493,172.537,"Christchurch Airport",224,"Christchurch",100012,"Canterbury",1010,16.7,11.35,8.6
"9972","20190424:0000",-43.493,172.537,"Christchurch Airport",224,"Christchurch",100012,"Canterbury",1010,3.3,10.15,0
"9973","20190425:0000",-43.493,172.537,"Christchurch Airport",224,"Christchurch",100012,"Canterbury",1010,5.3,13.35,8
"9974","20190426:0000",-43.493,172.537,"Christchurch Airport",224,"Christchurch",100012,"Canterbury",1010,8.2,13.1,7.1
"9975","20190427:0000",-43.493,172.537,"Christchurch Airport",224,"Christchurch",100012,"Canterbury",1010,21.1,17.6,6.2
"9976","20190428:0000",-43.493,172.537,"Christchurch Airport",224,"Christchurch",100012,"Canterbury",1010,4.7,11.2,4.5
"9977","20190429:0000",-43.493,172.537,"Christchurch Airport",224,"Christchurch",100012,"Canterbury",1010,10.4,11,1.8
"9978","20190430:0000",-43.493,172.537,"Christchurch Airport",224,"Christchurch",100012,"Canterbury",1010,2.4,8.45,9.6
"9979","20190501:0000",-43.493,172.537,"Christchurch Airport",224,"Christchurch",100012,"Canterbury",1010,1.8,9.05,9.2
"9980","20190502:0000",-43.493,172.537,"Christchurch Airport",224,"Christchurch",100012,"Canterbury",1010,5.4,11.35,6.8
"9981","20190503:0000",-43.493,172.537,"Christchurch Airport",224,"Christchurch",100012,"Canterbury",1010,3.5,12.85,9.1
"9982","20190504:0000",-43.493,172.537,"Christchurch Airport",224,"Christchurch",100012,"Canterbury",1010,19.2,13.3,5.9
"9983","20190505:0000",-43.493,172.537,"Christchurch Airport",224,"Christchurch",100012,"Canterbury",1010,7.3,12,1.5
"9984","20190506:0000",-43.493,172.537,"Christchurch Airport",224,"Christchurch",100012,"Canterbury",1010,6.3,11.9,4.1
"9985","20190507:0000",-43.493,172.537,"Christchurch Airport",224,"Christchurch",100012,"Canterbury",1010,12.6,12.7,0
"9986","20190508:0000",-43.493,172.537,"Christchurch Airport",224,"Christchurch",100012,"Canterbury",1010,7.7,12.05,1.5
"9987","20190509:0000",-43.493,172.537,"Christchurch Airport",224,"Christchurch",100012,"Canterbury",1010,4.9,14.1,1.5
"9988","20190510:0000",-43.493,172.537,"Christchurch Airport",224,"Christchurch",100012,"Canterbury",1010,3.9,13.55,8.9
"9989","20190511:0000",-43.493,172.537,"Christchurch Airport",224,"Christchurch",100012,"Canterbury",1010,2,9.15,0
"9990","20190512:0000",-43.493,172.537,"Christchurch Airport",224,"Christchurch",100012,"Canterbury",1010,2.3,13.25,0.7
"9991","20190513:0000",-43.493,172.537,"Christchurch Airport",224,"Christchurch",100012,"Canterbury",1010,17.2,10.9,8.8
"9992","20190514:0000",-43.493,172.537,"Christchurch Airport",224,"Christchurch",100012,"Canterbury",1010,5.8,8.9,4.1
"9993","20190515:0000",-43.493,172.537,"Christchurch Airport",224,"Christchurch",100012,"Canterbury",1010,9.5,10.85,6.7
"9994","20190516:0000",-43.493,172.537,"Christchurch Airport",224,"Christchurch",100012,"Canterbury",1010,1.8,9.6,2.5
"9995","20190517:0000",-43.493,172.537,"Christchurch Airport",224,"Christchurch",100012,"Canterbury",1010,8.6,6.1,9.2
"9996","20190518:0000",-43.493,172.537,"Christchurch Airport",224,"Christchurch",100012,"Canterbury",1010,4.2,7.35,2.3
"9997","20190519:0000",-43.493,172.537,"Christchurch Airport",224,"Christchurch",100012,"Canterbury",1010,14.1,6.7,3.4
"9998","20190520:0000",-43.493,172.537,"Christchurch Airport",224,"Christchurch",100012,"Canterbury",1010,4.9,6.9,8.2
"9999","20190521:0000",-43.493,172.537,"Christchurch Airport",224,"Christchurch",100012,"Canterbury",1010,6.2,7.2,9
"10000","20190522:0000",-43.493,172.537,"Christchurch Airport",224,"Christchurch",100012,"Canterbury",1010,6.7,6.75,1.4
"10001","20190523:0000",-43.493,172.537,"Christchurch Airport",224,"Christchurch",100012,"Canterbury",1010,3.1,8.3,7.6
"10002","20190524:0000",-43.493,172.537,"Christchurch Airport",224,"Christchurch",100012,"Canterbury",1010,7.9,8.8,6.1
"10003","20190525:0000",-43.493,172.537,"Christchurch Airport",224,"Christchurch",100012,"Canterbury",1010,5,5.8,3.6
"10004","20190526:0000",-43.493,172.537,"Christchurch Airport",224,"Christchurch",100012,"Canterbury",1010,3.1,10.55,6.9
"10005","20190527:0000",-43.493,172.537,"Christchurch Airport",224,"Christchurch",100012,"Canterbury",1010,6.2,9.8,0.7
"10006","20190528:0000",-43.493,172.537,"Christchurch Airport",224,"Christchurch",100012,"Canterbury",1010,14.2,12.85,0
"10007","20190529:0000",-43.493,172.537,"Christchurch Airport",224,"Christchurch",100012,"Canterbury",1010,5.1,12.3,8.5
"10008","20190530:0000",-43.493,172.537,"Christchurch Airport",224,"Christchurch",100012,"Canterbury",1010,18.8,14.45,4.8
"10009","20190531:0000",-43.493,172.537,"Christchurch Airport",224,"Christchurch",100012,"Canterbury",1010,15.7,9.15,4.5
"10010","20190601:0000",-43.493,172.537,"Christchurch Airport",224,"Christchurch",100012,"Canterbury",1010,33.6,7.1,0
"10011","20190602:0000",-43.493,172.537,"Christchurch Airport",224,"Christchurch",100012,"Canterbury",1010,26.3,6.3,3.2
"10012","20190603:0000",-43.493,172.537,"Christchurch Airport",224,"Christchurch",100012,"Canterbury",1010,2.5,4.45,7.4
"10013","20190604:0000",-43.493,172.537,"Christchurch Airport",224,"Christchurch",100012,"Canterbury",1010,12.7,4.6,0.1
"10014","20190605:0000",-43.493,172.537,"Christchurch Airport",224,"Christchurch",100012,"Canterbury",1010,5.8,2.05,1.9
"10015","20190606:0000",-43.493,172.537,"Christchurch Airport",224,"Christchurch",100012,"Canterbury",1010,6,4.95,2.3
"10016","20190607:0000",-43.493,172.537,"Christchurch Airport",224,"Christchurch",100012,"Canterbury",1010,27.7,6.5,5.5
"10017","20190608:0000",-43.493,172.537,"Christchurch Airport",224,"Christchurch",100012,"Canterbury",1010,27.2,8.8,4.2
"10018","20190609:0000",-43.493,172.537,"Christchurch Airport",224,"Christchurch",100012,"Canterbury",1010,5.7,4.85,4.2
"10019","20190610:0000",-43.493,172.537,"Christchurch Airport",224,"Christchurch",100012,"Canterbury",1010,3.8,7.25,6.4
"10020","20190611:0000",-43.493,172.537,"Christchurch Airport",224,"Christchurch",100012,"Canterbury",1010,4.8,9.05,0.1
"10021","20190612:0000",-43.493,172.537,"Christchurch Airport",224,"Christchurch",100012,"Canterbury",1010,2,8.6,0.8
"10022","20190613:0000",-43.493,172.537,"Christchurch Airport",224,"Christchurch",100012,"Canterbury",1010,5.5,11.35,4.5
"10023","20190614:0000",-43.493,172.537,"Christchurch Airport",224,"Christchurch",100012,"Canterbury",1010,16,10.45,0.2
"10024","20190615:0000",-43.493,172.537,"Christchurch Airport",224,"Christchurch",100012,"Canterbury",1010,15.9,10.65,0
"10025","20190616:0000",-43.493,172.537,"Christchurch Airport",224,"Christchurch",100012,"Canterbury",1010,6.7,4.5,3.3
"10026","20190617:0000",-43.493,172.537,"Christchurch Airport",224,"Christchurch",100012,"Canterbury",1010,3.9,4.45,5
"10027","20190618:0000",-43.493,172.537,"Christchurch Airport",224,"Christchurch",100012,"Canterbury",1010,12,6,7
"10028","20190619:0000",-43.493,172.537,"Christchurch Airport",224,"Christchurch",100012,"Canterbury",1010,4.7,3.65,7.6
"10029","20190620:0000",-43.493,172.537,"Christchurch Airport",224,"Christchurch",100012,"Canterbury",1010,10.1,2.95,3.9
"10030","20190621:0000",-43.493,172.537,"Christchurch Airport",224,"Christchurch",100012,"Canterbury",1010,7.1,9.3,8.5
"10031","20190622:0000",-43.493,172.537,"Christchurch Airport",224,"Christchurch",100012,"Canterbury",1010,6.4,5.8,7
"10032","20190623:0000",-43.493,172.537,"Christchurch Airport",224,"Christchurch",100012,"Canterbury",1010,3.8,3.4,0.1
"10033","20190624:0000",-43.493,172.537,"Christchurch Airport",224,"Christchurch",100012,"Canterbury",1010,13.6,5.3,8.2
"10034","20190625:0000",-43.493,172.537,"Christchurch Airport",224,"Christchurch",100012,"Canterbury",1010,1.4,5.1,7.8
"10035","20190626:0000",-43.493,172.537,"Christchurch Airport",224,"Christchurch",100012,"Canterbury",1010,0.6,4.95,8.5
"10036","20190627:0000",-43.493,172.537,"Christchurch Airport",224,"Christchurch",100012,"Canterbury",1010,4.5,4.15,7.3
"10037","20190628:0000",-43.493,172.537,"Christchurch Airport",224,"Christchurch",100012,"Canterbury",1010,3.6,3.95,6.9
"10038","20190629:0000",-43.493,172.537,"Christchurch Airport",224,"Christchurch",100012,"Canterbury",1010,4.7,4.35,8.2
"10039","20190630:0000",-43.493,172.537,"Christchurch Airport",224,"Christchurch",100012,"Canterbury",1010,3.8,4.8,7.8
"10040","20190701:0000",-43.493,172.537,"Christchurch Airport",224,"Christchurch",100012,"Canterbury",1010,2.2,5.15,0.1
"10041","20190702:0000",-43.493,172.537,"Christchurch Airport",224,"Christchurch",100012,"Canterbury",1010,3.6,7.95,2.7
"10042","20190703:0000",-43.493,172.537,"Christchurch Airport",224,"Christchurch",100012,"Canterbury",1010,13.4,11.2,4
"10043","20190704:0000",-43.493,172.537,"Christchurch Airport",224,"Christchurch",100012,"Canterbury",1010,18.3,7.45,4.8
"10044","20190705:0000",-43.493,172.537,"Christchurch Airport",224,"Christchurch",100012,"Canterbury",1010,16.7,6.8,0.5
"10045","20190706:0000",-43.493,172.537,"Christchurch Airport",224,"Christchurch",100012,"Canterbury",1010,18.4,8.5,2.1
"10046","20190707:0000",-43.493,172.537,"Christchurch Airport",224,"Christchurch",100012,"Canterbury",1010,5.2,4.05,8.1
"10047","20190708:0000",-43.493,172.537,"Christchurch Airport",224,"Christchurch",100012,"Canterbury",1010,3,3.9,5.8
"10048","20190709:0000",-43.493,172.537,"Christchurch Airport",224,"Christchurch",100012,"Canterbury",1010,4.3,7.65,6.7
"10049","20190710:0000",-43.493,172.537,"Christchurch Airport",224,"Christchurch",100012,"Canterbury",1010,7,8.45,2.7
"10050","20190711:0000",-43.493,172.537,"Christchurch Airport",224,"Christchurch",100012,"Canterbury",1010,3,8.8,6.7
"10051","20190712:0000",-43.493,172.537,"Christchurch Airport",224,"Christchurch",100012,"Canterbury",1010,11.3,7,0.4
"10052","20190713:0000",-43.493,172.537,"Christchurch Airport",224,"Christchurch",100012,"Canterbury",1010,3.7,9.05,6.1
"10053","20190714:0000",-43.493,172.537,"Christchurch Airport",224,"Christchurch",100012,"Canterbury",1010,14.9,8.95,1.4
"10054","20190715:0000",-43.493,172.537,"Christchurch Airport",224,"Christchurch",100012,"Canterbury",1010,1.9,5.45,5.4
"10055","20190716:0000",-43.493,172.537,"Christchurch Airport",224,"Christchurch",100012,"Canterbury",1010,8.7,7.6,3.7
"10056","20190717:0000",-43.493,172.537,"Christchurch Airport",224,"Christchurch",100012,"Canterbury",1010,11.6,5.6,1.1
"10057","20190718:0000",-43.493,172.537,"Christchurch Airport",224,"Christchurch",100012,"Canterbury",1010,3.3,5,7.1
"10058","20190719:0000",-43.493,172.537,"Christchurch Airport",224,"Christchurch",100012,"Canterbury",1010,11.8,4.4,0
"10059","20190720:0000",-43.493,172.537,"Christchurch Airport",224,"Christchurch",100012,"Canterbury",1010,22.8,8.7,0
"10060","20190721:0000",-43.493,172.537,"Christchurch Airport",224,"Christchurch",100012,"Canterbury",1010,32.8,9.75,0.3
"10061","20190722:0000",-43.493,172.537,"Christchurch Airport",224,"Christchurch",100012,"Canterbury",1010,2.5,7.2,0.3
"10062","20190723:0000",-43.493,172.537,"Christchurch Airport",224,"Christchurch",100012,"Canterbury",1010,4.7,8.85,0
"10063","20190724:0000",-43.493,172.537,"Christchurch Airport",224,"Christchurch",100012,"Canterbury",1010,3.7,10.3,3.8
"10064","20190725:0000",-43.493,172.537,"Christchurch Airport",224,"Christchurch",100012,"Canterbury",1010,4.5,6.7,6.8
"10065","20190726:0000",-43.493,172.537,"Christchurch Airport",224,"Christchurch",100012,"Canterbury",1010,1.1,6.6,5.4
"10066","20190727:0000",-43.493,172.537,"Christchurch Airport",224,"Christchurch",100012,"Canterbury",1010,1.4,8.65,7.3
"10067","20190728:0000",-43.493,172.537,"Christchurch Airport",224,"Christchurch",100012,"Canterbury",1010,4.6,7.55,2.3
"10068","20190729:0000",-43.493,172.537,"Christchurch Airport",224,"Christchurch",100012,"Canterbury",1010,4.3,9.25,6.8
"10069","20190730:0000",-43.493,172.537,"Christchurch Airport",224,"Christchurch",100012,"Canterbury",1010,6.7,11.8,3.9
"10070","20190731:0000",-43.493,172.537,"Christchurch Airport",224,"Christchurch",100012,"Canterbury",1010,37.9,7.25,3.4
"10071","20190801:0000",-43.493,172.537,"Christchurch Airport",224,"Christchurch",100012,"Canterbury",1010,29.4,7.55,4.8
"10072","20190802:0000",-43.493,172.537,"Christchurch Airport",224,"Christchurch",100012,"Canterbury",1010,9.3,4.75,3.7
"10073","20190803:0000",-43.493,172.537,"Christchurch Airport",224,"Christchurch",100012,"Canterbury",1010,8.2,8.65,9
"10074","20190804:0000",-43.493,172.537,"Christchurch Airport",224,"Christchurch",100012,"Canterbury",1010,5.4,4.55,3.8
"10075","20190805:0000",-43.493,172.537,"Christchurch Airport",224,"Christchurch",100012,"Canterbury",1010,7.6,4.85,8.7
"10076","20190806:0000",-43.493,172.537,"Christchurch Airport",224,"Christchurch",100012,"Canterbury",1010,5,5.05,9.4
"10077","20190807:0000",-43.493,172.537,"Christchurch Airport",224,"Christchurch",100012,"Canterbury",1010,3.2,6.45,9.3
"10078","20190808:0000",-43.493,172.537,"Christchurch Airport",224,"Christchurch",100012,"Canterbury",1010,2.8,6.8,9.2
"10079","20190809:0000",-43.493,172.537,"Christchurch Airport",224,"Christchurch",100012,"Canterbury",1010,11.6,8.65,7.3
"10080","20190810:0000",-43.493,172.537,"Christchurch Airport",224,"Christchurch",100012,"Canterbury",1010,22.7,7.7,0
"10081","20190811:0000",-43.493,172.537,"Christchurch Airport",224,"Christchurch",100012,"Canterbury",1010,15.9,6.5,2.5
"10082","20190812:0000",-43.493,172.537,"Christchurch Airport",224,"Christchurch",100012,"Canterbury",1010,7.8,6.8,4.8
"10083","20190813:0000",-43.493,172.537,"Christchurch Airport",224,"Christchurch",100012,"Canterbury",1010,5.1,7.4,9.9
"10084","20190814:0000",-43.493,172.537,"Christchurch Airport",224,"Christchurch",100012,"Canterbury",1010,10.4,7,8.7
"10085","20190815:0000",-43.493,172.537,"Christchurch Airport",224,"Christchurch",100012,"Canterbury",1010,5,4.9,10
"10086","20190816:0000",-43.493,172.537,"Christchurch Airport",224,"Christchurch",100012,"Canterbury",1010,7.2,7.5,0.7
"10087","20190817:0000",-43.493,172.537,"Christchurch Airport",224,"Christchurch",100012,"Canterbury",1010,13.3,6.1,0.1
"10088","20190818:0000",-43.493,172.537,"Christchurch Airport",224,"Christchurch",100012,"Canterbury",1010,6.2,5.4,8.7
"10089","20190819:0000",-43.493,172.537,"Christchurch Airport",224,"Christchurch",100012,"Canterbury",1010,9.8,4.7,10.1
"10090","20190820:0000",-43.493,172.537,"Christchurch Airport",224,"Christchurch",100012,"Canterbury",1010,14.3,5.7,0.3
"10091","20190821:0000",-43.493,172.537,"Christchurch Airport",224,"Christchurch",100012,"Canterbury",1010,10.9,10.2,8.2
"10092","20190822:0000",-43.493,172.537,"Christchurch Airport",224,"Christchurch",100012,"Canterbury",1010,6.3,9,5.2
"10093","20190823:0000",-43.493,172.537,"Christchurch Airport",224,"Christchurch",100012,"Canterbury",1010,5.6,8.75,6.6
"10094","20190824:0000",-43.493,172.537,"Christchurch Airport",224,"Christchurch",100012,"Canterbury",1010,5.9,8.6,9.8
"10095","20190825:0000",-43.493,172.537,"Christchurch Airport",224,"Christchurch",100012,"Canterbury",1010,1.7,8.55,6.7
"10096","20190826:0000",-43.493,172.537,"Christchurch Airport",224,"Christchurch",100012,"Canterbury",1010,10,9.15,4.3
"10097","20190827:0000",-43.493,172.537,"Christchurch Airport",224,"Christchurch",100012,"Canterbury",1010,4.2,7.6,10
"10098","20190828:0000",-43.493,172.537,"Christchurch Airport",224,"Christchurch",100012,"Canterbury",1010,3.2,6.85,9.5
"10099","20190829:0000",-43.493,172.537,"Christchurch Airport",224,"Christchurch",100012,"Canterbury",1010,4.6,10.35,6.2
"10100","20190830:0000",-43.493,172.537,"Christchurch Airport",224,"Christchurch",100012,"Canterbury",1010,2.2,6.95,9
"10101","20190831:0000",-43.493,172.537,"Christchurch Airport",224,"Christchurch",100012,"Canterbury",1010,2.7,8,8.6
"10102","20190901:0000",-43.493,172.537,"Christchurch Airport",224,"Christchurch",100012,"Canterbury",1010,2.9,10.05,10.5
"10103","20190902:0000",-43.493,172.537,"Christchurch Airport",224,"Christchurch",100012,"Canterbury",1010,7.8,8.65,10.7
"10104","20190903:0000",-43.493,172.537,"Christchurch Airport",224,"Christchurch",100012,"Canterbury",1010,6.9,9.45,7.3
"10105","20190904:0000",-43.493,172.537,"Christchurch Airport",224,"Christchurch",100012,"Canterbury",1010,24.6,8.8,0
"10106","20190905:0000",-43.493,172.537,"Christchurch Airport",224,"Christchurch",100012,"Canterbury",1010,21.3,9.8,0
"10107","20190906:0000",-43.493,172.537,"Christchurch Airport",224,"Christchurch",100012,"Canterbury",1010,26.1,8.25,0
"10108","20190907:0000",-43.493,172.537,"Christchurch Airport",224,"Christchurch",100012,"Canterbury",1010,13.7,7.1,9.8
"10109","20190908:0000",-43.493,172.537,"Christchurch Airport",224,"Christchurch",100012,"Canterbury",1010,9.2,2.3,0.7
"10110","20190909:0000",-43.493,172.537,"Christchurch Airport",224,"Christchurch",100012,"Canterbury",1010,7.3,5.7,3.2
"10111","20190910:0000",-43.493,172.537,"Christchurch Airport",224,"Christchurch",100012,"Canterbury",1010,12.8,5.75,10.2
"10112","20190911:0000",-43.493,172.537,"Christchurch Airport",224,"Christchurch",100012,"Canterbury",1010,15.4,5.9,7.3
"10113","20190912:0000",-43.493,172.537,"Christchurch Airport",224,"Christchurch",100012,"Canterbury",1010,3.6,9.1,8.4
"10114","20190913:0000",-43.493,172.537,"Christchurch Airport",224,"Christchurch",100012,"Canterbury",1010,19,13.95,2.2
"10115","20190914:0000",-43.493,172.537,"Christchurch Airport",224,"Christchurch",100012,"Canterbury",1010,12.1,7.65,0
"10116","20190915:0000",-43.493,172.537,"Christchurch Airport",224,"Christchurch",100012,"Canterbury",1010,17.1,10.7,6.5
"10117","20190916:0000",-43.493,172.537,"Christchurch Airport",224,"Christchurch",100012,"Canterbury",1010,7.5,12.4,9.3
"10118","20190917:0000",-43.493,172.537,"Christchurch Airport",224,"Christchurch",100012,"Canterbury",1010,18.3,14.15,9.3
"10119","20190918:0000",-43.493,172.537,"Christchurch Airport",224,"Christchurch",100012,"Canterbury",1010,4.2,6.45,11.6
"10120","20190919:0000",-43.493,172.537,"Christchurch Airport",224,"Christchurch",100012,"Canterbury",1010,6.4,6.85,10.3
"10121","20190920:0000",-43.493,172.537,"Christchurch Airport",224,"Christchurch",100012,"Canterbury",1010,12.6,7.55,6.8
"10122","20190921:0000",-43.493,172.537,"Christchurch Airport",224,"Christchurch",100012,"Canterbury",1010,9.4,10.55,9.8
"10123","20190922:0000",-43.493,172.537,"Christchurch Airport",224,"Christchurch",100012,"Canterbury",1010,7.5,11.9,3.4
"10124","20190923:0000",-43.493,172.537,"Christchurch Airport",224,"Christchurch",100012,"Canterbury",1010,32.9,11.95,2.7
"10125","20190924:0000",-43.493,172.537,"Christchurch Airport",224,"Christchurch",100012,"Canterbury",1010,5.3,9.85,7.9
"10126","20190925:0000",-43.493,172.537,"Christchurch Airport",224,"Christchurch",100012,"Canterbury",1010,7.8,7.25,4.5
"10127","20190926:0000",-43.493,172.537,"Christchurch Airport",224,"Christchurch",100012,"Canterbury",1010,14.2,9.45,11.4
"10128","20190927:0000",-43.493,172.537,"Christchurch Airport",224,"Christchurch",100012,"Canterbury",1010,2.9,10.15,7.3
"10129","20190928:0000",-43.493,172.537,"Christchurch Airport",224,"Christchurch",100012,"Canterbury",1010,18.2,10.65,2.5
"10130","20190929:0000",-43.493,172.537,"Christchurch Airport",224,"Christchurch",100012,"Canterbury",1010,4.9,15.5,11
"10131","20190930:0000",-43.493,172.537,"Christchurch Airport",224,"Christchurch",100012,"Canterbury",1010,12.1,14.8,1.3
"10132","20191001:0000",-43.493,172.537,"Christchurch Airport",224,"Christchurch",100012,"Canterbury",1010,12.4,7.5,7.5
"10133","20191002:0000",-43.493,172.537,"Christchurch Airport",224,"Christchurch",100012,"Canterbury",1010,6.2,6.65,6.5
"10134","20191003:0000",-43.493,172.537,"Christchurch Airport",224,"Christchurch",100012,"Canterbury",1010,6.1,6.65,5.7
"10135","20191004:0000",-43.493,172.537,"Christchurch Airport",224,"Christchurch",100012,"Canterbury",1010,5.2,6.2,10.6
"10136","20191005:0000",-43.493,172.537,"Christchurch Airport",224,"Christchurch",100012,"Canterbury",1010,41,7.15,0.5
"10137","20191006:0000",-43.493,172.537,"Christchurch Airport",224,"Christchurch",100012,"Canterbury",1010,4.1,6.05,10.6
"10138","20191007:0000",-43.493,172.537,"Christchurch Airport",224,"Christchurch",100012,"Canterbury",1010,10.4,10.5,11.3
"10139","20191008:0000",-43.493,172.537,"Christchurch Airport",224,"Christchurch",100012,"Canterbury",1010,6.4,13.8,5.5
"10140","20191009:0000",-43.493,172.537,"Christchurch Airport",224,"Christchurch",100012,"Canterbury",1010,12.4,16.35,3.7
"10141","20191010:0000",-43.493,172.537,"Christchurch Airport",224,"Christchurch",100012,"Canterbury",1010,5.9,15.9,1.4
"10142","20191011:0000",-43.493,172.537,"Christchurch Airport",224,"Christchurch",100012,"Canterbury",1010,7.5,12.35,1.5
"10143","20191012:0000",-43.493,172.537,"Christchurch Airport",224,"Christchurch",100012,"Canterbury",1010,15.6,10.05,6.7
"10144","20191013:0000",-43.493,172.537,"Christchurch Airport",224,"Christchurch",100012,"Canterbury",1010,13.2,10.15,5.2
"10145","20191014:0000",-43.493,172.537,"Christchurch Airport",224,"Christchurch",100012,"Canterbury",1010,13.5,10.8,3
"10146","20191015:0000",-43.493,172.537,"Christchurch Airport",224,"Christchurch",100012,"Canterbury",1010,22.7,11.85,4.2
"10147","20191016:0000",-43.493,172.537,"Christchurch Airport",224,"Christchurch",100012,"Canterbury",1010,11.2,11.9,3.4
"10148","20191017:0000",-43.493,172.537,"Christchurch Airport",224,"Christchurch",100012,"Canterbury",1010,9.2,11.55,6
"10149","20191018:0000",-43.493,172.537,"Christchurch Airport",224,"Christchurch",100012,"Canterbury",1010,5.8,9.1,0
"10150","20191019:0000",-43.493,172.537,"Christchurch Airport",224,"Christchurch",100012,"Canterbury",1010,10.2,11.25,11.5
"10151","20191020:0000",-43.493,172.537,"Christchurch Airport",224,"Christchurch",100012,"Canterbury",1010,11.8,13.1,10.2
"10152","20191021:0000",-43.493,172.537,"Christchurch Airport",224,"Christchurch",100012,"Canterbury",1010,12.4,13.35,4.9
"10153","20191022:0000",-43.493,172.537,"Christchurch Airport",224,"Christchurch",100012,"Canterbury",1010,7.3,9.65,5.6
"10154","20191023:0000",-43.493,172.537,"Christchurch Airport",224,"Christchurch",100012,"Canterbury",1010,18.5,9.75,9.7
"10155","20191024:0000",-43.493,172.537,"Christchurch Airport",224,"Christchurch",100012,"Canterbury",1010,10.2,9.9,5.3
"10156","20191025:0000",-43.493,172.537,"Christchurch Airport",224,"Christchurch",100012,"Canterbury",1010,8.8,6.55,8.6
"10157","20191026:0000",-43.493,172.537,"Christchurch Airport",224,"Christchurch",100012,"Canterbury",1010,19.3,13.2,12.5
"10158","20191027:0000",-43.493,172.537,"Christchurch Airport",224,"Christchurch",100012,"Canterbury",1010,28.3,15.5,4.8
"10159","20191028:0000",-43.493,172.537,"Christchurch Airport",224,"Christchurch",100012,"Canterbury",1010,5.5,13.75,12
"10160","20191029:0000",-43.493,172.537,"Christchurch Airport",224,"Christchurch",100012,"Canterbury",1010,15.5,11.6,8.7
"10161","20191030:0000",-43.493,172.537,"Christchurch Airport",224,"Christchurch",100012,"Canterbury",1010,8.3,11.25,7.6
"10162","20191031:0000",-43.493,172.537,"Christchurch Airport",224,"Christchurch",100012,"Canterbury",1010,6.1,7.6,6.6
"10163","20191101:0000",-43.493,172.537,"Christchurch Airport",224,"Christchurch",100012,"Canterbury",1010,5.4,8.55,12.2
"10164","20191102:0000",-43.493,172.537,"Christchurch Airport",224,"Christchurch",100012,"Canterbury",1010,8.1,14.5,12.8
"10165","20191103:0000",-43.493,172.537,"Christchurch Airport",224,"Christchurch",100012,"Canterbury",1010,4.7,20.6,13.5
"10166","20191104:0000",-43.493,172.537,"Christchurch Airport",224,"Christchurch",100012,"Canterbury",1010,9,16.95,13.1
"10167","20191105:0000",-43.493,172.537,"Christchurch Airport",224,"Christchurch",100012,"Canterbury",1010,6.9,14.65,3.7
"10168","20191106:0000",-43.493,172.537,"Christchurch Airport",224,"Christchurch",100012,"Canterbury",1010,18.9,13.55,0
"10169","20191107:0000",-43.493,172.537,"Christchurch Airport",224,"Christchurch",100012,"Canterbury",1010,6.6,17.65,3.6
"10170","20191108:0000",-43.493,172.537,"Christchurch Airport",224,"Christchurch",100012,"Canterbury",1010,22.2,21.5,7.6
"10171","20191109:0000",-43.493,172.537,"Christchurch Airport",224,"Christchurch",100012,"Canterbury",1010,22.4,21.35,0
"10172","20191110:0000",-43.493,172.537,"Christchurch Airport",224,"Christchurch",100012,"Canterbury",1010,12.4,16.4,0.9
"10173","20191111:0000",-43.493,172.537,"Christchurch Airport",224,"Christchurch",100012,"Canterbury",1010,23.2,10.4,0.8
"10174","20191112:0000",-43.493,172.537,"Christchurch Airport",224,"Christchurch",100012,"Canterbury",1010,9.3,12.4,10
"10175","20191113:0000",-43.493,172.537,"Christchurch Airport",224,"Christchurch",100012,"Canterbury",1010,13.6,12.7,1.2
"10176","20191114:0000",-43.493,172.537,"Christchurch Airport",224,"Christchurch",100012,"Canterbury",1010,26,14.2,8.2
"10177","20191115:0000",-43.493,172.537,"Christchurch Airport",224,"Christchurch",100012,"Canterbury",1010,3.9,12.9,11.5
"10178","20191116:0000",-43.493,172.537,"Christchurch Airport",224,"Christchurch",100012,"Canterbury",1010,8.9,18,11.7
"10179","20191117:0000",-43.493,172.537,"Christchurch Airport",224,"Christchurch",100012,"Canterbury",1010,17.7,14.25,14.3
"10180","20191118:0000",-43.493,172.537,"Christchurch Airport",224,"Christchurch",100012,"Canterbury",1010,19.5,13.5,7.3
"10181","20191119:0000",-43.493,172.537,"Christchurch Airport",224,"Christchurch",100012,"Canterbury",1010,10.4,12.25,5.7
"10182","20191120:0000",-43.493,172.537,"Christchurch Airport",224,"Christchurch",100012,"Canterbury",1010,21.2,12.25,5.7
"10183","20191121:0000",-43.493,172.537,"Christchurch Airport",224,"Christchurch",100012,"Canterbury",1010,7.1,9.95,13.3
"10184","20191122:0000",-43.493,172.537,"Christchurch Airport",224,"Christchurch",100012,"Canterbury",1010,15.1,15.7,4.2
"10185","20191123:0000",-43.493,172.537,"Christchurch Airport",224,"Christchurch",100012,"Canterbury",1010,16,16.15,1.6
"10186","20191124:0000",-43.493,172.537,"Christchurch Airport",224,"Christchurch",100012,"Canterbury",1010,14.5,21.15,6.2
"10187","20191125:0000",-43.493,172.537,"Christchurch Airport",224,"Christchurch",100012,"Canterbury",1010,23.5,12.65,14.2
"10188","20191126:0000",-43.493,172.537,"Christchurch Airport",224,"Christchurch",100012,"Canterbury",1010,15.1,17,8.5
"10189","20191127:0000",-43.493,172.537,"Christchurch Airport",224,"Christchurch",100012,"Canterbury",1010,20.3,18.65,6.9
"10190","20191128:0000",-43.493,172.537,"Christchurch Airport",224,"Christchurch",100012,"Canterbury",1010,15.8,24.6,12.3
"10191","20191129:0000",-43.493,172.537,"Christchurch Airport",224,"Christchurch",100012,"Canterbury",1010,29.8,15.3,4.4
"10192","20191130:0000",-43.493,172.537,"Christchurch Airport",224,"Christchurch",100012,"Canterbury",1010,26.2,15.8,4.6
"10193","20191201:0000",-43.493,172.537,"Christchurch Airport",224,"Christchurch",100012,"Canterbury",1010,6.7,16.55,3.2
"10194","20191202:0000",-43.493,172.537,"Christchurch Airport",224,"Christchurch",100012,"Canterbury",1010,8.8,17.85,1.6
"10195","20191203:0000",-43.493,172.537,"Christchurch Airport",224,"Christchurch",100012,"Canterbury",1010,31.6,21.5,9.6
"10196","20191204:0000",-43.493,172.537,"Christchurch Airport",224,"Christchurch",100012,"Canterbury",1010,22.9,17.75,11.5
"10197","20191205:0000",-43.493,172.537,"Christchurch Airport",224,"Christchurch",100012,"Canterbury",1010,12.3,16.75,12.7
"10198","20191206:0000",-43.493,172.537,"Christchurch Airport",224,"Christchurch",100012,"Canterbury",1010,20.7,18.35,13.9
"10199","20191207:0000",-43.493,172.537,"Christchurch Airport",224,"Christchurch",100012,"Canterbury",1010,18.9,21.35,8.3
"10200","20191208:0000",-43.493,172.537,"Christchurch Airport",224,"Christchurch",100012,"Canterbury",1010,9.8,18.5,9.3
"10201","20191209:0000",-43.493,172.537,"Christchurch Airport",224,"Christchurch",100012,"Canterbury",1010,8.4,12.55,13.7
"10202","20191210:0000",-43.493,172.537,"Christchurch Airport",224,"Christchurch",100012,"Canterbury",1010,16,11.5,12.1
"10203","20191211:0000",-43.493,172.537,"Christchurch Airport",224,"Christchurch",100012,"Canterbury",1010,8,18.7,11.2
"10204","20191212:0000",-43.493,172.537,"Christchurch Airport",224,"Christchurch",100012,"Canterbury",1010,7.5,14.8,10.6
"10205","20191213:0000",-43.493,172.537,"Christchurch Airport",224,"Christchurch",100012,"Canterbury",1010,28.3,20.3,6.6
"10206","20191214:0000",-43.493,172.537,"Christchurch Airport",224,"Christchurch",100012,"Canterbury",1010,2.8,16.95,8.8
"10207","20191215:0000",-43.493,172.537,"Christchurch Airport",224,"Christchurch",100012,"Canterbury",1010,8.6,15.25,8.3
"10208","20191216:0000",-43.493,172.537,"Christchurch Airport",224,"Christchurch",100012,"Canterbury",1010,7.8,14.6,2.3
"10209","20191217:0000",-43.493,172.537,"Christchurch Airport",224,"Christchurch",100012,"Canterbury",1010,17.3,14.4,0.3
"10210","20191218:0000",-43.493,172.537,"Christchurch Airport",224,"Christchurch",100012,"Canterbury",1010,29.1,13,9.1
"10211","20191219:0000",-43.493,172.537,"Christchurch Airport",224,"Christchurch",100012,"Canterbury",1010,5.9,15.45,5.7
"10212","20191220:0000",-43.493,172.537,"Christchurch Airport",224,"Christchurch",100012,"Canterbury",1010,25.1,17.3,6.1
"10213","20191221:0000",-43.493,172.537,"Christchurch Airport",224,"Christchurch",100012,"Canterbury",1010,14.4,13.3,12.9
"10214","20191222:0000",-43.493,172.537,"Christchurch Airport",224,"Christchurch",100012,"Canterbury",1010,19.3,15.25,8.4
"10215","20191223:0000",-43.493,172.537,"Christchurch Airport",224,"Christchurch",100012,"Canterbury",1010,16.3,15.05,7.2
"10216","20191224:0000",-43.493,172.537,"Christchurch Airport",224,"Christchurch",100012,"Canterbury",1010,17.5,13.95,9.6
"10217","20191225:0000",-43.493,172.537,"Christchurch Airport",224,"Christchurch",100012,"Canterbury",1010,15.9,15.05,0.8
"10218","20191226:0000",-43.493,172.537,"Christchurch Airport",224,"Christchurch",100012,"Canterbury",1010,16.8,14.6,8.5
"10219","20191227:0000",-43.493,172.537,"Christchurch Airport",224,"Christchurch",100012,"Canterbury",1010,7.7,16,11.4
"10220","20191228:0000",-43.493,172.537,"Christchurch Airport",224,"Christchurch",100012,"Canterbury",1010,5.4,13.05,11.6
"10221","20191229:0000",-43.493,172.537,"Christchurch Airport",224,"Christchurch",100012,"Canterbury",1010,14.2,13.85,13.7
"10222","20191230:0000",-43.493,172.537,"Christchurch Airport",224,"Christchurch",100012,"Canterbury",1010,20,15.9,1.7
"10223","20191231:0000",-43.493,172.537,"Christchurch Airport",224,"Christchurch",100012,"Canterbury",1010,15.9,16.55,7.5
"10224","20200101:0000",-43.493,172.537,"Christchurch Airport",224,"Christchurch",100012,"Canterbury",1010,4.7,21.3,1.8
"10225","20200102:0000",-43.493,172.537,"Christchurch Airport",224,"Christchurch",100012,"Canterbury",1010,8.8,17.8,8.1
"10226","20200103:0000",-43.493,172.537,"Christchurch Airport",224,"Christchurch",100012,"Canterbury",1010,8.4,15.45,0.8
"10227","20200104:0000",-43.493,172.537,"Christchurch Airport",224,"Christchurch",100012,"Canterbury",1010,7.4,13.05,11.5
"10228","20200105:0000",-43.493,172.537,"Christchurch Airport",224,"Christchurch",100012,"Canterbury",1010,19.4,18.1,8
"10229","20200106:0000",-43.493,172.537,"Christchurch Airport",224,"Christchurch",100012,"Canterbury",1010,8.4,15.9,5.7
"10230","20200107:0000",-43.493,172.537,"Christchurch Airport",224,"Christchurch",100012,"Canterbury",1010,34.5,14.45,10.7
"10231","20200108:0000",-43.493,172.537,"Christchurch Airport",224,"Christchurch",100012,"Canterbury",1010,6.2,14.15,4.6
"10232","20200109:0000",-43.493,172.537,"Christchurch Airport",224,"Christchurch",100012,"Canterbury",1010,7.7,16.55,8.7
"10233","20200110:0000",-43.493,172.537,"Christchurch Airport",224,"Christchurch",100012,"Canterbury",1010,13.4,15.3,5.7
"10234","20200111:0000",-43.493,172.537,"Christchurch Airport",224,"Christchurch",100012,"Canterbury",1010,19.2,21.45,2.9
"10235","20200112:0000",-43.493,172.537,"Christchurch Airport",224,"Christchurch",100012,"Canterbury",1010,28.4,24,11.2
"10236","20200113:0000",-43.493,172.537,"Christchurch Airport",224,"Christchurch",100012,"Canterbury",1010,5.6,15.1,4.2
"10237","20200114:0000",-43.493,172.537,"Christchurch Airport",224,"Christchurch",100012,"Canterbury",1010,3,12.75,13.9
"10238","20200115:0000",-43.493,172.537,"Christchurch Airport",224,"Christchurch",100012,"Canterbury",1010,3.2,11.9,11.8
"10239","20200116:0000",-43.493,172.537,"Christchurch Airport",224,"Christchurch",100012,"Canterbury",1010,2.8,11.35,11.6
"10240","20200117:0000",-43.493,172.537,"Christchurch Airport",224,"Christchurch",100012,"Canterbury",1010,17.8,15.85,11.5
"10241","20200118:0000",-43.493,172.537,"Christchurch Airport",224,"Christchurch",100012,"Canterbury",1010,24.3,15.35,12.9
"10242","20200119:0000",-43.493,172.537,"Christchurch Airport",224,"Christchurch",100012,"Canterbury",1010,5.3,13.25,10.8
"10243","20200120:0000",-43.493,172.537,"Christchurch Airport",224,"Christchurch",100012,"Canterbury",1010,6,16.65,6.3
"10244","20200121:0000",-43.493,172.537,"Christchurch Airport",224,"Christchurch",100012,"Canterbury",1010,9.7,18.2,6.1
"10245","20200122:0000",-43.493,172.537,"Christchurch Airport",224,"Christchurch",100012,"Canterbury",1010,14.3,19.6,5.6
"10246","20200123:0000",-43.493,172.537,"Christchurch Airport",224,"Christchurch",100012,"Canterbury",1010,2.2,18.5,7.8
"10247","20200124:0000",-43.493,172.537,"Christchurch Airport",224,"Christchurch",100012,"Canterbury",1010,21.8,17.65,11.8
"10248","20200125:0000",-43.493,172.537,"Christchurch Airport",224,"Christchurch",100012,"Canterbury",1010,11.9,22.55,4.6
"10249","20200126:0000",-43.493,172.537,"Christchurch Airport",224,"Christchurch",100012,"Canterbury",1010,12,20.3,8.5
"10250","20200127:0000",-43.493,172.537,"Christchurch Airport",224,"Christchurch",100012,"Canterbury",1010,10.4,22.9,2
"10251","20200128:0000",-43.493,172.537,"Christchurch Airport",224,"Christchurch",100012,"Canterbury",1010,17.9,20.05,6.7
"10252","20200129:0000",-43.493,172.537,"Christchurch Airport",224,"Christchurch",100012,"Canterbury",1010,9.8,23.85,3.6
"10253","20200130:0000",-43.493,172.537,"Christchurch Airport",224,"Christchurch",100012,"Canterbury",1010,5,19.4,8.7
"10254","20200131:0000",-43.493,172.537,"Christchurch Airport",224,"Christchurch",100012,"Canterbury",1010,21.6,17.7,9.7
"10255","20200201:0000",-43.493,172.537,"Christchurch Airport",224,"Christchurch",100012,"Canterbury",1010,25.3,20.7,2.2
"10256","20200202:0000",-43.493,172.537,"Christchurch Airport",224,"Christchurch",100012,"Canterbury",1010,32,26.2,2.3
"10257","20200203:0000",-43.493,172.537,"Christchurch Airport",224,"Christchurch",100012,"Canterbury",1010,25.1,25.1,0.9
"10258","20200204:0000",-43.493,172.537,"Christchurch Airport",224,"Christchurch",100012,"Canterbury",1010,25.5,24.5,4.4
"10259","20200205:0000",-43.493,172.537,"Christchurch Airport",224,"Christchurch",100012,"Canterbury",1010,11.4,13.3,3.6
"10260","20200206:0000",-43.493,172.537,"Christchurch Airport",224,"Christchurch",100012,"Canterbury",1010,2.4,15.2,8.3
"10261","20200207:0000",-43.493,172.537,"Christchurch Airport",224,"Christchurch",100012,"Canterbury",1010,7.3,15.3,10.4
"10262","20200208:0000",-43.493,172.537,"Christchurch Airport",224,"Christchurch",100012,"Canterbury",1010,16.6,13.5,2.1
"10263","20200209:0000",-43.493,172.537,"Christchurch Airport",224,"Christchurch",100012,"Canterbury",1010,6.3,12.7,13.6
"10264","20200210:0000",-43.493,172.537,"Christchurch Airport",224,"Christchurch",100012,"Canterbury",1010,7.9,15.45,13.1
"10265","20200211:0000",-43.493,172.537,"Christchurch Airport",224,"Christchurch",100012,"Canterbury",1010,12.1,15.7,13
"10266","20200212:0000",-43.493,172.537,"Christchurch Airport",224,"Christchurch",100012,"Canterbury",1010,14.3,16.3,7.6
"10267","20200213:0000",-43.493,172.537,"Christchurch Airport",224,"Christchurch",100012,"Canterbury",1010,14.1,20.55,5.2
"10268","20200214:0000",-43.493,172.537,"Christchurch Airport",224,"Christchurch",100012,"Canterbury",1010,2.1,13.6,0
"10269","20200215:0000",-43.493,172.537,"Christchurch Airport",224,"Christchurch",100012,"Canterbury",1010,27.3,16.75,2.9
"10270","20200216:0000",-43.493,172.537,"Christchurch Airport",224,"Christchurch",100012,"Canterbury",1010,12.6,21.15,1.5
"10271","20200217:0000",-43.493,172.537,"Christchurch Airport",224,"Christchurch",100012,"Canterbury",1010,9.6,26.25,7.5
"10272","20200218:0000",-43.493,172.537,"Christchurch Airport",224,"Christchurch",100012,"Canterbury",1010,15.7,19.9,6.8
"10273","20200219:0000",-43.493,172.537,"Christchurch Airport",224,"Christchurch",100012,"Canterbury",1010,13.7,18.15,7.3
"10274","20200220:0000",-43.493,172.537,"Christchurch Airport",224,"Christchurch",100012,"Canterbury",1010,4.8,14.95,3
"10275","20200221:0000",-43.493,172.537,"Christchurch Airport",224,"Christchurch",100012,"Canterbury",1010,18,23.9,3.9
"10276","20200222:0000",-43.493,172.537,"Christchurch Airport",224,"Christchurch",100012,"Canterbury",1010,2,16.15,1.7
"10277","20200223:0000",-43.493,172.537,"Christchurch Airport",224,"Christchurch",100012,"Canterbury",1010,2.1,14.2,12.9
"10278","20200224:0000",-43.493,172.537,"Christchurch Airport",224,"Christchurch",100012,"Canterbury",1010,16.3,15.9,12.8
"10279","20200225:0000",-43.493,172.537,"Christchurch Airport",224,"Christchurch",100012,"Canterbury",1010,7.5,17,0.7
"10280","20200226:0000",-43.493,172.537,"Christchurch Airport",224,"Christchurch",100012,"Canterbury",1010,12.8,17.65,3.5
"10281","20200227:0000",-43.493,172.537,"Christchurch Airport",224,"Christchurch",100012,"Canterbury",1010,6.8,19.25,4.4
"10282","20200228:0000",-43.493,172.537,"Christchurch Airport",224,"Christchurch",100012,"Canterbury",1010,9.9,20.65,3.6
"10283","20200229:0000",-43.493,172.537,"Christchurch Airport",224,"Christchurch",100012,"Canterbury",1010,28.5,16.2,5.8
"10284","20200301:0000",-43.493,172.537,"Christchurch Airport",224,"Christchurch",100012,"Canterbury",1010,9.7,14.8,9.5
"10285","20200302:0000",-43.493,172.537,"Christchurch Airport",224,"Christchurch",100012,"Canterbury",1010,30.2,18.55,3.6
"10286","20200303:0000",-43.493,172.537,"Christchurch Airport",224,"Christchurch",100012,"Canterbury",1010,12.7,22.35,4.6
"10287","20200304:0000",-43.493,172.537,"Christchurch Airport",224,"Christchurch",100012,"Canterbury",1010,25.9,14,2.8
"10288","20200305:0000",-43.493,172.537,"Christchurch Airport",224,"Christchurch",100012,"Canterbury",1010,0.6,9.45,11.6
"10289","20200306:0000",-43.493,172.537,"Christchurch Airport",224,"Christchurch",100012,"Canterbury",1010,12.7,13.1,10.6
"10290","20200307:0000",-43.493,172.537,"Christchurch Airport",224,"Christchurch",100012,"Canterbury",1010,22.1,17.5,9.1
"10291","20200308:0000",-43.493,172.537,"Christchurch Airport",224,"Christchurch",100012,"Canterbury",1010,18.5,16.35,4.3
"10292","20200309:0000",-43.493,172.537,"Christchurch Airport",224,"Christchurch",100012,"Canterbury",1010,10.2,21.8,1.5
"10293","20200310:0000",-43.493,172.537,"Christchurch Airport",224,"Christchurch",100012,"Canterbury",1010,22,15.4,0.1
"10294","20200311:0000",-43.493,172.537,"Christchurch Airport",224,"Christchurch",100012,"Canterbury",1010,11.7,12.3,0
"10295","20200312:0000",-43.493,172.537,"Christchurch Airport",224,"Christchurch",100012,"Canterbury",1010,4.9,15.55,8.1
"10296","20200313:0000",-43.493,172.537,"Christchurch Airport",224,"Christchurch",100012,"Canterbury",1010,6.8,12.65,6.5
"10297","20200314:0000",-43.493,172.537,"Christchurch Airport",224,"Christchurch",100012,"Canterbury",1010,23.3,15.5,5.6
"10298","20200315:0000",-43.493,172.537,"Christchurch Airport",224,"Christchurch",100012,"Canterbury",1010,2.1,17,3.2
"10299","20200316:0000",-43.493,172.537,"Christchurch Airport",224,"Christchurch",100012,"Canterbury",1010,8.3,15.7,9.6
"10300","20200317:0000",-43.493,172.537,"Christchurch Airport",224,"Christchurch",100012,"Canterbury",1010,15.2,11.7,4.7
"10301","20200318:0000",-43.493,172.537,"Christchurch Airport",224,"Christchurch",100012,"Canterbury",1010,2,7.75,11.7
"10302","20200319:0000",-43.493,172.537,"Christchurch Airport",224,"Christchurch",100012,"Canterbury",1010,5,15.1,9.8
"10303","20200320:0000",-43.493,172.537,"Christchurch Airport",224,"Christchurch",100012,"Canterbury",1010,25.1,10.3,1.4
"10304","20200321:0000",-43.493,172.537,"Christchurch Airport",224,"Christchurch",100012,"Canterbury",1010,12.3,12.75,0
"10305","20200322:0000",-43.493,172.537,"Christchurch Airport",224,"Christchurch",100012,"Canterbury",1010,3.5,17.15,10.6
"10306","20200323:0000",-43.493,172.537,"Christchurch Airport",224,"Christchurch",100012,"Canterbury",1010,15.9,14.8,3.6
"10307","20200324:0000",-43.493,172.537,"Christchurch Airport",224,"Christchurch",100012,"Canterbury",1010,15.4,8.9,0.5
"10308","20200325:0000",-43.493,172.537,"Christchurch Airport",224,"Christchurch",100012,"Canterbury",1010,6.3,9.7,10.3
"10309","20200326:0000",-43.493,172.537,"Christchurch Airport",224,"Christchurch",100012,"Canterbury",1010,0.9,14.6,7.5
"10310","20200327:0000",-43.493,172.537,"Christchurch Airport",224,"Christchurch",100012,"Canterbury",1010,30.1,10.4,0
"10311","20200328:0000",-43.493,172.537,"Christchurch Airport",224,"Christchurch",100012,"Canterbury",1010,10,11.8,0.3
"10312","20200329:0000",-43.493,172.537,"Christchurch Airport",224,"Christchurch",100012,"Canterbury",1010,12.2,9.85,0
"10313","20200330:0000",-43.493,172.537,"Christchurch Airport",224,"Christchurch",100012,"Canterbury",1010,9.7,12,0
"10314","20200331:0000",-43.493,172.537,"Christchurch Airport",224,"Christchurch",100012,"Canterbury",1010,12.1,14.6,5.9
"10315","20200401:0000",-43.493,172.537,"Christchurch Airport",224,"Christchurch",100012,"Canterbury",1010,5.7,15.45,9.1
"10316","20200402:0000",-43.493,172.537,"Christchurch Airport",224,"Christchurch",100012,"Canterbury",1010,9,14.7,5.2
"10317","20200403:0000",-43.493,172.537,"Christchurch Airport",224,"Christchurch",100012,"Canterbury",1010,3,12.6,5.3
"10318","20200404:0000",-43.493,172.537,"Christchurch Airport",224,"Christchurch",100012,"Canterbury",1010,16.3,14.3,4.1
"10319","20200405:0000",-43.493,172.537,"Christchurch Airport",224,"Christchurch",100012,"Canterbury",1010,24.7,15.6,10.4
"10320","20200406:0000",-43.493,172.537,"Christchurch Airport",224,"Christchurch",100012,"Canterbury",1010,13.4,16.35,1
"10321","20200407:0000",-43.493,172.537,"Christchurch Airport",224,"Christchurch",100012,"Canterbury",1010,11.1,18.15,5.4
"10322","20200408:0000",-43.493,172.537,"Christchurch Airport",224,"Christchurch",100012,"Canterbury",1010,3.2,13.5,8.9
"10323","20200409:0000",-43.493,172.537,"Christchurch Airport",224,"Christchurch",100012,"Canterbury",1010,10.4,12.75,5.2
"10324","20200410:0000",-43.493,172.537,"Christchurch Airport",224,"Christchurch",100012,"Canterbury",1010,2.4,11.45,9.5
"10325","20200411:0000",-43.493,172.537,"Christchurch Airport",224,"Christchurch",100012,"Canterbury",1010,21.3,13.9,9.1
"10326","20200412:0000",-43.493,172.537,"Christchurch Airport",224,"Christchurch",100012,"Canterbury",1010,7.8,14.05,1.9
"10327","20200413:0000",-43.493,172.537,"Christchurch Airport",224,"Christchurch",100012,"Canterbury",1010,22.4,15.05,9.3
"10328","20200414:0000",-43.493,172.537,"Christchurch Airport",224,"Christchurch",100012,"Canterbury",1010,24.6,9.25,8
"10329","20200415:0000",-43.493,172.537,"Christchurch Airport",224,"Christchurch",100012,"Canterbury",1010,16,8.95,6.5
"10330","20200416:0000",-43.493,172.537,"Christchurch Airport",224,"Christchurch",100012,"Canterbury",1010,2.7,10.15,7.8
"10331","20200417:0000",-43.493,172.537,"Christchurch Airport",224,"Christchurch",100012,"Canterbury",1010,1.7,9.75,0.6
"10332","20200418:0000",-43.493,172.537,"Christchurch Airport",224,"Christchurch",100012,"Canterbury",1010,10.9,13.9,5.3
"10333","20200419:0000",-43.493,172.537,"Christchurch Airport",224,"Christchurch",100012,"Canterbury",1010,9,11.2,10.3
"10334","20200420:0000",-43.493,172.537,"Christchurch Airport",224,"Christchurch",100012,"Canterbury",1010,11.9,12.2,6
"10335","20200421:0000",-43.493,172.537,"Christchurch Airport",224,"Christchurch",100012,"Canterbury",1010,1.8,8.55,9.5
"10336","20200422:0000",-43.493,172.537,"Christchurch Airport",224,"Christchurch",100012,"Canterbury",1010,6.2,13.85,8.4
"10337","20200423:0000",-43.493,172.537,"Christchurch Airport",224,"Christchurch",100012,"Canterbury",1010,4.1,9.65,0.8
"10338","20200424:0000",-43.493,172.537,"Christchurch Airport",224,"Christchurch",100012,"Canterbury",1010,1.7,11.2,9.7
"10339","20200425:0000",-43.493,172.537,"Christchurch Airport",224,"Christchurch",100012,"Canterbury",1010,12.7,15.5,8
"10340","20200426:0000",-43.493,172.537,"Christchurch Airport",224,"Christchurch",100012,"Canterbury",1010,12.6,12.15,4.1
"10341","20200427:0000",-43.493,172.537,"Christchurch Airport",224,"Christchurch",100012,"Canterbury",1010,42.3,15.6,3
"10342","20200428:0000",-43.493,172.537,"Christchurch Airport",224,"Christchurch",100012,"Canterbury",1010,5.7,10.35,10
"10343","20200429:0000",-43.493,172.537,"Christchurch Airport",224,"Christchurch",100012,"Canterbury",1010,9,9.45,8.1
"10344","20200430:0000",-43.493,172.537,"Christchurch Airport",224,"Christchurch",100012,"Canterbury",1010,4.7,12.05,8.9
"10345","20200501:0000",-43.493,172.537,"Christchurch Airport",224,"Christchurch",100012,"Canterbury",1010,4.8,11.95,6
"10346","20200502:0000",-43.493,172.537,"Christchurch Airport",224,"Christchurch",100012,"Canterbury",1010,5.2,11.5,2.7
"10347","20200503:0000",-43.493,172.537,"Christchurch Airport",224,"Christchurch",100012,"Canterbury",1010,24.8,16.45,7.7
"10348","20200504:0000",-43.493,172.537,"Christchurch Airport",224,"Christchurch",100012,"Canterbury",1010,10.7,12.45,1.9
"10349","20200505:0000",-43.493,172.537,"Christchurch Airport",224,"Christchurch",100012,"Canterbury",1010,20.6,9.15,3.4
"10350","20200506:0000",-43.493,172.537,"Christchurch Airport",224,"Christchurch",100012,"Canterbury",1010,3.8,8.8,5.3
"10351","20200507:0000",-43.493,172.537,"Christchurch Airport",224,"Christchurch",100012,"Canterbury",1010,1.7,10.2,7.4
"10352","20200508:0000",-43.493,172.537,"Christchurch Airport",224,"Christchurch",100012,"Canterbury",1010,5.3,9.7,5.4
"10353","20200509:0000",-43.493,172.537,"Christchurch Airport",224,"Christchurch",100012,"Canterbury",1010,0.9,10.3,6.9
"10354","20200510:0000",-43.493,172.537,"Christchurch Airport",224,"Christchurch",100012,"Canterbury",1010,12.6,11.75,3.4
"10355","20200511:0000",-43.493,172.537,"Christchurch Airport",224,"Christchurch",100012,"Canterbury",1010,7.8,11.95,7.9
"10356","20200512:0000",-43.493,172.537,"Christchurch Airport",224,"Christchurch",100012,"Canterbury",1010,14.9,12.45,0.6
"10357","20200513:0000",-43.493,172.537,"Christchurch Airport",224,"Christchurch",100012,"Canterbury",1010,2.3,9.9,0.6
"10358","20200514:0000",-43.493,172.537,"Christchurch Airport",224,"Christchurch",100012,"Canterbury",1010,6.4,10.9,4.2
"10359","20200515:0000",-43.493,172.537,"Christchurch Airport",224,"Christchurch",100012,"Canterbury",1010,16.3,9.45,3.1
"10360","20200516:0000",-43.493,172.537,"Christchurch Airport",224,"Christchurch",100012,"Canterbury",1010,3.1,8.7,4.3
"10361","20200517:0000",-43.493,172.537,"Christchurch Airport",224,"Christchurch",100012,"Canterbury",1010,1.7,5.6,9
"10362","20200518:0000",-43.493,172.537,"Christchurch Airport",224,"Christchurch",100012,"Canterbury",1010,6.2,7.2,4
"10363","20200519:0000",-43.493,172.537,"Christchurch Airport",224,"Christchurch",100012,"Canterbury",1010,5.7,7.85,8.3
"10364","20200520:0000",-43.493,172.537,"Christchurch Airport",224,"Christchurch",100012,"Canterbury",1010,4.9,4.95,3
"10365","20200521:0000",-43.493,172.537,"Christchurch Airport",224,"Christchurch",100012,"Canterbury",1010,7.3,9.8,8.5
"10366","20200522:0000",-43.493,172.537,"Christchurch Airport",224,"Christchurch",100012,"Canterbury",1010,6.3,12.1,3.6
"10367","20200523:0000",-43.493,172.537,"Christchurch Airport",224,"Christchurch",100012,"Canterbury",1010,7.5,7.9,0.9
"10368","20200524:0000",-43.493,172.537,"Christchurch Airport",224,"Christchurch",100012,"Canterbury",1010,2.9,9.2,0
"10369","20200525:0000",-43.493,172.537,"Christchurch Airport",224,"Christchurch",100012,"Canterbury",1010,15.2,9.35,0
"10370","20200526:0000",-43.493,172.537,"Christchurch Airport",224,"Christchurch",100012,"Canterbury",1010,8.4,9.8,3.2
"10371","20200527:0000",-43.493,172.537,"Christchurch Airport",224,"Christchurch",100012,"Canterbury",1010,1.6,6.95,9
"10372","20200528:0000",-43.493,172.537,"Christchurch Airport",224,"Christchurch",100012,"Canterbury",1010,1.9,5.2,5.1
"10373","20200529:0000",-43.493,172.537,"Christchurch Airport",224,"Christchurch",100012,"Canterbury",1010,9.3,7.8,0.2
"10374","20200530:0000",-43.493,172.537,"Christchurch Airport",224,"Christchurch",100012,"Canterbury",1010,2.4,6.95,7.7
"10375","20200531:0000",-43.493,172.537,"Christchurch Airport",224,"Christchurch",100012,"Canterbury",1010,5.3,5.1,8.5
"10376","20200601:0000",-43.493,172.537,"Christchurch Airport",224,"Christchurch",100012,"Canterbury",1010,12.9,7.35,0
"10377","20200602:0000",-43.493,172.537,"Christchurch Airport",224,"Christchurch",100012,"Canterbury",1010,2.2,10.9,3
"10378","20200603:0000",-43.493,172.537,"Christchurch Airport",224,"Christchurch",100012,"Canterbury",1010,17.5,10.1,0.6
"10379","20200604:0000",-43.493,172.537,"Christchurch Airport",224,"Christchurch",100012,"Canterbury",1010,19.5,9.15,0
"10380","20200605:0000",-43.493,172.537,"Christchurch Airport",224,"Christchurch",100012,"Canterbury",1010,16.4,6.8,1.5
"10381","20200606:0000",-43.493,172.537,"Christchurch Airport",224,"Christchurch",100012,"Canterbury",1010,3.7,2.7,0.8
"10382","20200607:0000",-43.493,172.537,"Christchurch Airport",224,"Christchurch",100012,"Canterbury",1010,3.7,3.65,6.6
"10383","20200608:0000",-43.493,172.537,"Christchurch Airport",224,"Christchurch",100012,"Canterbury",1010,2.4,5.95,8.8
"10384","20200609:0000",-43.493,172.537,"Christchurch Airport",224,"Christchurch",100012,"Canterbury",1010,3.2,7.35,8.2
"10385","20200610:0000",-43.493,172.537,"Christchurch Airport",224,"Christchurch",100012,"Canterbury",1010,5.7,7.05,8.4
"10386","20200611:0000",-43.493,172.537,"Christchurch Airport",224,"Christchurch",100012,"Canterbury",1010,2.4,7.15,3
"10387","20200612:0000",-43.493,172.537,"Christchurch Airport",224,"Christchurch",100012,"Canterbury",1010,22.5,5.35,0.4
"10388","20200613:0000",-43.493,172.537,"Christchurch Airport",224,"Christchurch",100012,"Canterbury",1010,1.6,4.15,7.3
"10389","20200614:0000",-43.493,172.537,"Christchurch Airport",224,"Christchurch",100012,"Canterbury",1010,3,2.6,8.2
"10390","20200615:0000",-43.493,172.537,"Christchurch Airport",224,"Christchurch",100012,"Canterbury",1010,10,6.65,1
"10391","20200616:0000",-43.493,172.537,"Christchurch Airport",224,"Christchurch",100012,"Canterbury",1010,7.4,13.2,7.7
"10392","20200617:0000",-43.493,172.537,"Christchurch Airport",224,"Christchurch",100012,"Canterbury",1010,2,11.8,4.4
"10393","20200618:0000",-43.493,172.537,"Christchurch Airport",224,"Christchurch",100012,"Canterbury",1010,16.9,6.65,0
"10394","20200619:0000",-43.493,172.537,"Christchurch Airport",224,"Christchurch",100012,"Canterbury",1010,25.5,6.4,0
"10395","20200620:0000",-43.493,172.537,"Christchurch Airport",224,"Christchurch",100012,"Canterbury",1010,15.3,5.5,0.6
"10396","20200621:0000",-43.493,172.537,"Christchurch Airport",224,"Christchurch",100012,"Canterbury",1010,4.8,7.45,2.6
"10397","20200622:0000",-43.493,172.537,"Christchurch Airport",224,"Christchurch",100012,"Canterbury",1010,1.1,7.6,0.1
"10398","20200623:0000",-43.493,172.537,"Christchurch Airport",224,"Christchurch",100012,"Canterbury",1010,4.2,7.5,0
"10399","20200624:0000",-43.493,172.537,"Christchurch Airport",224,"Christchurch",100012,"Canterbury",1010,14.6,7.05,0
"10400","20200625:0000",-43.493,172.537,"Christchurch Airport",224,"Christchurch",100012,"Canterbury",1010,6,8.2,0
"10401","20200626:0000",-43.493,172.537,"Christchurch Airport",224,"Christchurch",100012,"Canterbury",1010,14.6,9.55,0
"10402","20200627:0000",-43.493,172.537,"Christchurch Airport",224,"Christchurch",100012,"Canterbury",1010,24.8,10.9,0
"10403","20200628:0000",-43.493,172.537,"Christchurch Airport",224,"Christchurch",100012,"Canterbury",1010,10.9,9.5,0
"10404","20200629:0000",-43.493,172.537,"Christchurch Airport",224,"Christchurch",100012,"Canterbury",1010,30,7.5,0
"10405","20200630:0000",-43.493,172.537,"Christchurch Airport",224,"Christchurch",100012,"Canterbury",1010,15.9,7.65,2.7
"10406","20200701:0000",-43.493,172.537,"Christchurch Airport",224,"Christchurch",100012,"Canterbury",1010,27.8,5.2,0.3
"10407","20200702:0000",-43.493,172.537,"Christchurch Airport",224,"Christchurch",100012,"Canterbury",1010,15.6,6.35,1.3
"10408","20200703:0000",-43.493,172.537,"Christchurch Airport",224,"Christchurch",100012,"Canterbury",1010,2.7,3.9,7.7
"10409","20200704:0000",-43.493,172.537,"Christchurch Airport",224,"Christchurch",100012,"Canterbury",1010,14.5,5.3,1.1
"10410","20200705:0000",-43.493,172.537,"Christchurch Airport",224,"Christchurch",100012,"Canterbury",1010,13.6,11.2,3
"10411","20200706:0000",-43.493,172.537,"Christchurch Airport",224,"Christchurch",100012,"Canterbury",1010,6.7,8.55,0.8
"10412","20200707:0000",-43.493,172.537,"Christchurch Airport",224,"Christchurch",100012,"Canterbury",1010,12.8,4.65,0.9
"10413","20200708:0000",-43.493,172.537,"Christchurch Airport",224,"Christchurch",100012,"Canterbury",1010,21.9,5.05,4
"10414","20200709:0000",-43.493,172.537,"Christchurch Airport",224,"Christchurch",100012,"Canterbury",1010,21.8,6.2,2.5
"10415","20200710:0000",-43.493,172.537,"Christchurch Airport",224,"Christchurch",100012,"Canterbury",1010,2.7,5.1,NA
"10416","20200711:0000",-43.493,172.537,"Christchurch Airport",224,"Christchurch",100012,"Canterbury",1010,1.5,5,7
"10417","20200712:0000",-43.493,172.537,"Christchurch Airport",224,"Christchurch",100012,"Canterbury",1010,8.2,7.8,4.2
"10418","20200713:0000",-43.493,172.537,"Christchurch Airport",224,"Christchurch",100012,"Canterbury",1010,3.1,6.7,8.4
"10419","20200714:0000",-43.493,172.537,"Christchurch Airport",224,"Christchurch",100012,"Canterbury",1010,1.5,3.55,8
"10420","20200715:0000",-43.493,172.537,"Christchurch Airport",224,"Christchurch",100012,"Canterbury",1010,5,2.45,1.3
"10421","20200716:0000",-43.493,172.537,"Christchurch Airport",224,"Christchurch",100012,"Canterbury",1010,2.9,3.65,1.5
"10422","20200717:0000",-43.493,172.537,"Christchurch Airport",224,"Christchurch",100012,"Canterbury",1010,1.9,4.3,2.1
"10423","20200718:0000",-43.493,172.537,"Christchurch Airport",224,"Christchurch",100012,"Canterbury",1010,7,4.95,0
"10424","20200719:0000",-43.493,172.537,"Christchurch Airport",224,"Christchurch",100012,"Canterbury",1010,6.5,8.4,2.3
"10425","20200720:0000",-43.493,172.537,"Christchurch Airport",224,"Christchurch",100012,"Canterbury",1010,14.7,11.15,4.2
"10426","20200721:0000",-43.493,172.537,"Christchurch Airport",224,"Christchurch",100012,"Canterbury",1010,7.3,13,6.3
"10427","20200722:0000",-43.493,172.537,"Christchurch Airport",224,"Christchurch",100012,"Canterbury",1010,24.2,7.95,4.7
"10428","20200723:0000",-43.493,172.537,"Christchurch Airport",224,"Christchurch",100012,"Canterbury",1010,7.8,6.3,2.7
"10429","20200724:0000",-43.493,172.537,"Christchurch Airport",224,"Christchurch",100012,"Canterbury",1010,2.3,4.55,8.4
"10430","20200725:0000",-43.493,172.537,"Christchurch Airport",224,"Christchurch",100012,"Canterbury",1010,3.9,4.4,9
"10431","20200726:0000",-43.493,172.537,"Christchurch Airport",224,"Christchurch",100012,"Canterbury",1010,2.4,6.35,9.3
"10432","20200727:0000",-43.493,172.537,"Christchurch Airport",224,"Christchurch",100012,"Canterbury",1010,4.2,4.8,8.1
"10433","20200728:0000",-43.493,172.537,"Christchurch Airport",224,"Christchurch",100012,"Canterbury",1010,8.4,3.85,2.4
"10434","20200729:0000",-43.493,172.537,"Christchurch Airport",224,"Christchurch",100012,"Canterbury",1010,6.5,6.4,2.3
"10435","20200730:0000",-43.493,172.537,"Christchurch Airport",224,"Christchurch",100012,"Canterbury",1010,11.4,9.9,4
"10436","20200731:0000",-43.493,172.537,"Christchurch Airport",224,"Christchurch",100012,"Canterbury",1010,9.9,10.1,1.3
"10437","20200801:0000",-43.493,172.537,"Christchurch Airport",224,"Christchurch",100012,"Canterbury",1010,15.8,11.05,1.2
"10438","20200802:0000",-43.493,172.537,"Christchurch Airport",224,"Christchurch",100012,"Canterbury",1010,13.5,10.95,1.4
"10439","20200803:0000",-43.493,172.537,"Christchurch Airport",224,"Christchurch",100012,"Canterbury",1010,8,11,2.2
"10440","20200804:0000",-43.493,172.537,"Christchurch Airport",224,"Christchurch",100012,"Canterbury",1010,4.7,7.5,1.1
"10441","20200805:0000",-43.493,172.537,"Christchurch Airport",224,"Christchurch",100012,"Canterbury",1010,14.6,6.9,4.3
"10442","20200806:0000",-43.493,172.537,"Christchurch Airport",224,"Christchurch",100012,"Canterbury",1010,26.5,8.6,1.8
"10443","20200807:0000",-43.493,172.537,"Christchurch Airport",224,"Christchurch",100012,"Canterbury",1010,7,9.35,8.7
"10444","20200808:0000",-43.493,172.537,"Christchurch Airport",224,"Christchurch",100012,"Canterbury",1010,13.7,8.1,4.3
"10445","20200809:0000",-43.493,172.537,"Christchurch Airport",224,"Christchurch",100012,"Canterbury",1010,3.8,5.95,9.7
"10446","20200810:0000",-43.493,172.537,"Christchurch Airport",224,"Christchurch",100012,"Canterbury",1010,3.9,9.1,9.9
"10447","20200811:0000",-43.493,172.537,"Christchurch Airport",224,"Christchurch",100012,"Canterbury",1010,4.5,5.3,9.1
"10448","20200812:0000",-43.493,172.537,"Christchurch Airport",224,"Christchurch",100012,"Canterbury",1010,4.5,6.05,4.3
"10449","20200813:0000",-43.493,172.537,"Christchurch Airport",224,"Christchurch",100012,"Canterbury",1010,2,5.95,8.1
"10450","20200814:0000",-43.493,172.537,"Christchurch Airport",224,"Christchurch",100012,"Canterbury",1010,2,6.3,4.5
"10451","20200815:0000",-43.493,172.537,"Christchurch Airport",224,"Christchurch",100012,"Canterbury",1010,1.7,3.7,9.3
"10452","20200816:0000",-43.493,172.537,"Christchurch Airport",224,"Christchurch",100012,"Canterbury",1010,6.4,4.6,9.8
"10453","20200817:0000",-43.493,172.537,"Christchurch Airport",224,"Christchurch",100012,"Canterbury",1010,3.5,3.1,9.5
"10454","20200818:0000",-43.493,172.537,"Christchurch Airport",224,"Christchurch",100012,"Canterbury",1010,16.1,6.5,6.9
"10455","20200819:0000",-43.493,172.537,"Christchurch Airport",224,"Christchurch",100012,"Canterbury",1010,24.3,10.4,0.1
"10456","20200820:0000",-43.493,172.537,"Christchurch Airport",224,"Christchurch",100012,"Canterbury",1010,5.9,10.25,7
"10457","20200821:0000",-43.493,172.537,"Christchurch Airport",224,"Christchurch",100012,"Canterbury",1010,13.5,8.45,0
"10458","20200822:0000",-43.493,172.537,"Christchurch Airport",224,"Christchurch",100012,"Canterbury",1010,2.1,10.35,3.9
"10459","20200823:0000",-43.493,172.537,"Christchurch Airport",224,"Christchurch",100012,"Canterbury",1010,11.6,10.1,2.1
"10460","20200824:0000",-43.493,172.537,"Christchurch Airport",224,"Christchurch",100012,"Canterbury",1010,7.5,12,4.9
"10461","20200825:0000",-43.493,172.537,"Christchurch Airport",224,"Christchurch",100012,"Canterbury",1010,7.5,10.45,3.4
"10462","20200826:0000",-43.493,172.537,"Christchurch Airport",224,"Christchurch",100012,"Canterbury",1010,11.9,7.4,10.2
"10463","20200827:0000",-43.493,172.537,"Christchurch Airport",224,"Christchurch",100012,"Canterbury",1010,10.1,7.55,6.8
"10464","20200828:0000",-43.493,172.537,"Christchurch Airport",224,"Christchurch",100012,"Canterbury",1010,7.7,8.15,8.4
"10465","20200829:0000",-43.493,172.537,"Christchurch Airport",224,"Christchurch",100012,"Canterbury",1010,6.5,11.3,8.9
"10466","20200830:0000",-43.493,172.537,"Christchurch Airport",224,"Christchurch",100012,"Canterbury",1010,6.5,13.55,10.6
"10467","20200831:0000",-43.493,172.537,"Christchurch Airport",224,"Christchurch",100012,"Canterbury",1010,3.9,11.55,5.4
"10468","20200901:0000",-43.493,172.537,"Christchurch Airport",224,"Christchurch",100012,"Canterbury",1010,24.8,5.05,0.4
"10469","20200902:0000",-43.493,172.537,"Christchurch Airport",224,"Christchurch",100012,"Canterbury",1010,8.6,6.05,8.5
"10470","20200903:0000",-43.493,172.537,"Christchurch Airport",224,"Christchurch",100012,"Canterbury",1010,1.4,5.4,10.8
"10471","20200904:0000",-43.493,172.537,"Christchurch Airport",224,"Christchurch",100012,"Canterbury",1010,5,8.15,9.4
"10472","20200905:0000",-43.493,172.537,"Christchurch Airport",224,"Christchurch",100012,"Canterbury",1010,7.2,11.5,3
"10473","20200906:0000",-43.493,172.537,"Christchurch Airport",224,"Christchurch",100012,"Canterbury",1010,2.7,13.45,3.3
"10474","20200907:0000",-43.493,172.537,"Christchurch Airport",224,"Christchurch",100012,"Canterbury",1010,11,9.45,9.3
"10475","20200908:0000",-43.493,172.537,"Christchurch Airport",224,"Christchurch",100012,"Canterbury",1010,6,7.7,11
"10476","20200909:0000",-43.493,172.537,"Christchurch Airport",224,"Christchurch",100012,"Canterbury",1010,2.7,11.1,8.9
"10477","20200910:0000",-43.493,172.537,"Christchurch Airport",224,"Christchurch",100012,"Canterbury",1010,10.4,8.8,1.5
"10478","20200911:0000",-43.493,172.537,"Christchurch Airport",224,"Christchurch",100012,"Canterbury",1010,20.5,7.45,7.9
"10479","20200912:0000",-43.493,172.537,"Christchurch Airport",224,"Christchurch",100012,"Canterbury",1010,8.6,4,10.5
"10480","20200913:0000",-43.493,172.537,"Christchurch Airport",224,"Christchurch",100012,"Canterbury",1010,3.2,8.7,1.1
"10481","20200914:0000",-43.493,172.537,"Christchurch Airport",224,"Christchurch",100012,"Canterbury",1010,14.6,13,10.2
"10482","20200915:0000",-43.493,172.537,"Christchurch Airport",224,"Christchurch",100012,"Canterbury",1010,35,12.35,9.6
"10483","20200916:0000",-43.493,172.537,"Christchurch Airport",224,"Christchurch",100012,"Canterbury",1010,8,8.4,11.5
"10484","20200917:0000",-43.493,172.537,"Christchurch Airport",224,"Christchurch",100012,"Canterbury",1010,20.9,15.5,8.9
"10485","20200918:0000",-43.493,172.537,"Christchurch Airport",224,"Christchurch",100012,"Canterbury",1010,4.3,9.4,10.7
"10486","20200919:0000",-43.493,172.537,"Christchurch Airport",224,"Christchurch",100012,"Canterbury",1010,2.2,8.3,9
"10487","20200920:0000",-43.493,172.537,"Christchurch Airport",224,"Christchurch",100012,"Canterbury",1010,14.5,9.3,11.5
"10488","20200921:0000",-43.493,172.537,"Christchurch Airport",224,"Christchurch",100012,"Canterbury",1010,2.9,10.5,11.5
"10489","20200922:0000",-43.493,172.537,"Christchurch Airport",224,"Christchurch",100012,"Canterbury",1010,0.9,10.5,9
"10490","20200923:0000",-43.493,172.537,"Christchurch Airport",224,"Christchurch",100012,"Canterbury",1010,6.7,18.65,7.7
"10491","20200924:0000",-43.493,172.537,"Christchurch Airport",224,"Christchurch",100012,"Canterbury",1010,8.8,13.4,11.9
"10492","20200925:0000",-43.493,172.537,"Christchurch Airport",224,"Christchurch",100012,"Canterbury",1010,12.6,13.7,11
"10493","20200926:0000",-43.493,172.537,"Christchurch Airport",224,"Christchurch",100012,"Canterbury",1010,17.2,12.05,8
"10494","20200927:0000",-43.493,172.537,"Christchurch Airport",224,"Christchurch",100012,"Canterbury",1010,20.1,15.9,10.8
"10495","20200928:0000",-43.493,172.537,"Christchurch Airport",224,"Christchurch",100012,"Canterbury",1010,18.9,9.25,10.3
"10496","20200929:0000",-43.493,172.537,"Christchurch Airport",224,"Christchurch",100012,"Canterbury",1010,12.8,4.4,11.1
"10497","20200930:0000",-43.493,172.537,"Christchurch Airport",224,"Christchurch",100012,"Canterbury",1010,1.5,4.75,11.3
"10498","20201001:0000",-43.493,172.537,"Christchurch Airport",224,"Christchurch",100012,"Canterbury",1010,2.7,8.25,12
"10499","20201002:0000",-43.493,172.537,"Christchurch Airport",224,"Christchurch",100012,"Canterbury",1010,4.1,11.25,12
"10500","20201003:0000",-43.493,172.537,"Christchurch Airport",224,"Christchurch",100012,"Canterbury",1010,11.3,17.05,8.8
"10501","20201004:0000",-43.493,172.537,"Christchurch Airport",224,"Christchurch",100012,"Canterbury",1010,29.3,20.4,9.7
"10502","20201005:0000",-43.493,172.537,"Christchurch Airport",224,"Christchurch",100012,"Canterbury",1010,6.6,15.2,3.6
"10503","20201006:0000",-43.493,172.537,"Christchurch Airport",224,"Christchurch",100012,"Canterbury",1010,26.7,16.45,5.9
"10504","20201007:0000",-43.493,172.537,"Christchurch Airport",224,"Christchurch",100012,"Canterbury",1010,8.2,12.05,9.3
"10505","20201008:0000",-43.493,172.537,"Christchurch Airport",224,"Christchurch",100012,"Canterbury",1010,5.5,8,0.3
"10506","20201009:0000",-43.493,172.537,"Christchurch Airport",224,"Christchurch",100012,"Canterbury",1010,4.4,7.9,12.3
"10507","20201010:0000",-43.493,172.537,"Christchurch Airport",224,"Christchurch",100012,"Canterbury",1010,10.9,8.75,3.9
"10508","20201011:0000",-43.493,172.537,"Christchurch Airport",224,"Christchurch",100012,"Canterbury",1010,22.6,16.15,3.9
"10509","20201012:0000",-43.493,172.537,"Christchurch Airport",224,"Christchurch",100012,"Canterbury",1010,6.6,16.2,4.8
"10510","20201013:0000",-43.493,172.537,"Christchurch Airport",224,"Christchurch",100012,"Canterbury",1010,9.1,14.45,8.6
"10511","20201014:0000",-43.493,172.537,"Christchurch Airport",224,"Christchurch",100012,"Canterbury",1010,20.6,10.6,0
"10512","20201015:0000",-43.493,172.537,"Christchurch Airport",224,"Christchurch",100012,"Canterbury",1010,16.9,7.4,5.6
"10513","20201016:0000",-43.493,172.537,"Christchurch Airport",224,"Christchurch",100012,"Canterbury",1010,25.5,8.65,10.6
"10514","20201017:0000",-43.493,172.537,"Christchurch Airport",224,"Christchurch",100012,"Canterbury",1010,15.4,10.5,4.9
"10515","20201018:0000",-43.493,172.537,"Christchurch Airport",224,"Christchurch",100012,"Canterbury",1010,3.8,11.9,11.4
"10516","20201019:0000",-43.493,172.537,"Christchurch Airport",224,"Christchurch",100012,"Canterbury",1010,2.8,16.2,5.2
"10517","20201020:0000",-43.493,172.537,"Christchurch Airport",224,"Christchurch",100012,"Canterbury",1010,15.6,9.5,9.6
"10518","20201021:0000",-43.493,172.537,"Christchurch Airport",224,"Christchurch",100012,"Canterbury",1010,9.8,13.55,11.5
"10519","20201022:0000",-43.493,172.537,"Christchurch Airport",224,"Christchurch",100012,"Canterbury",1010,7.5,11.45,8.7
"10520","20201023:0000",-43.493,172.537,"Christchurch Airport",224,"Christchurch",100012,"Canterbury",1010,6.5,11.35,9.9
"10521","20201024:0000",-43.493,172.537,"Christchurch Airport",224,"Christchurch",100012,"Canterbury",1010,5.9,17.05,12.9
"10522","20201025:0000",-43.493,172.537,"Christchurch Airport",224,"Christchurch",100012,"Canterbury",1010,4.8,17.4,3.2
"10523","20201026:0000",-43.493,172.537,"Christchurch Airport",224,"Christchurch",100012,"Canterbury",1010,20.6,11.7,0
"10524","20201027:0000",-43.493,172.537,"Christchurch Airport",224,"Christchurch",100012,"Canterbury",1010,5.8,10.25,0.8
"10525","20201028:0000",-43.493,172.537,"Christchurch Airport",224,"Christchurch",100012,"Canterbury",1010,7.2,9.9,10.3
"10526","20201029:0000",-43.493,172.537,"Christchurch Airport",224,"Christchurch",100012,"Canterbury",1010,10.5,11.9,0
"10527","20201030:0000",-43.493,172.537,"Christchurch Airport",224,"Christchurch",100012,"Canterbury",1010,24.1,18.2,9.3
"10528","20201031:0000",-43.493,172.537,"Christchurch Airport",224,"Christchurch",100012,"Canterbury",1010,13.8,20.2,6.9
"10529","20201101:0000",-43.493,172.537,"Christchurch Airport",224,"Christchurch",100012,"Canterbury",1010,15.2,12.15,10.9
"10530","20201102:0000",-43.493,172.537,"Christchurch Airport",224,"Christchurch",100012,"Canterbury",1010,6.5,13,2
"10531","20201103:0000",-43.493,172.537,"Christchurch Airport",224,"Christchurch",100012,"Canterbury",1010,21.5,12,0
"10532","20201104:0000",-43.493,172.537,"Christchurch Airport",224,"Christchurch",100012,"Canterbury",1010,6.6,16.6,13.2
"10533","20201105:0000",-43.493,172.537,"Christchurch Airport",224,"Christchurch",100012,"Canterbury",1010,15,21.65,10
"10534","20201106:0000",-43.493,172.537,"Christchurch Airport",224,"Christchurch",100012,"Canterbury",1010,17.1,13.8,0
"10535","20201107:0000",-43.493,172.537,"Christchurch Airport",224,"Christchurch",100012,"Canterbury",1010,18,14.5,0.7
"10536","20201108:0000",-43.493,172.537,"Christchurch Airport",224,"Christchurch",100012,"Canterbury",1010,38.7,9.9,1.4
"10537","20201109:0000",-43.493,172.537,"Christchurch Airport",224,"Christchurch",100012,"Canterbury",1010,8.9,9.95,3.1
"10538","20201110:0000",-43.493,172.537,"Christchurch Airport",224,"Christchurch",100012,"Canterbury",1010,9.8,10.4,1.1
"10539","20201111:0000",-43.493,172.537,"Christchurch Airport",224,"Christchurch",100012,"Canterbury",1010,5.4,12.1,6.8
"10540","20201112:0000",-43.493,172.537,"Christchurch Airport",224,"Christchurch",100012,"Canterbury",1010,8.3,10.8,12.8
"10541","20201113:0000",-43.493,172.537,"Christchurch Airport",224,"Christchurch",100012,"Canterbury",1010,6.5,17.65,14.1
"10542","20201114:0000",-43.493,172.537,"Christchurch Airport",224,"Christchurch",100012,"Canterbury",1010,9.7,17.2,13.4
"10543","20201115:0000",-43.493,172.537,"Christchurch Airport",224,"Christchurch",100012,"Canterbury",1010,5.1,17.05,13.5
"10544","20201116:0000",-43.493,172.537,"Christchurch Airport",224,"Christchurch",100012,"Canterbury",1010,10.9,20.2,11.4
"10545","20201117:0000",-43.493,172.537,"Christchurch Airport",224,"Christchurch",100012,"Canterbury",1010,21.6,18.5,4.1
"10546","20201118:0000",-43.493,172.537,"Christchurch Airport",224,"Christchurch",100012,"Canterbury",1010,12.3,14.45,0
"10547","20201119:0000",-43.493,172.537,"Christchurch Airport",224,"Christchurch",100012,"Canterbury",1010,12.8,12.85,5.9
"10548","20201120:0000",-43.493,172.537,"Christchurch Airport",224,"Christchurch",100012,"Canterbury",1010,5.4,12.95,6.3
"10549","20201121:0000",-43.493,172.537,"Christchurch Airport",224,"Christchurch",100012,"Canterbury",1010,31.7,17.1,7.2
"10550","20201122:0000",-43.493,172.537,"Christchurch Airport",224,"Christchurch",100012,"Canterbury",1010,39.9,11.5,4.1
"10551","20201123:0000",-43.493,172.537,"Christchurch Airport",224,"Christchurch",100012,"Canterbury",1010,7.8,8.9,3.7
"10552","20201124:0000",-43.493,172.537,"Christchurch Airport",224,"Christchurch",100012,"Canterbury",1010,21.9,10.85,7.5
"10553","20201125:0000",-43.493,172.537,"Christchurch Airport",224,"Christchurch",100012,"Canterbury",1010,13.5,14.75,1.2
"10554","20201126:0000",-43.493,172.537,"Christchurch Airport",224,"Christchurch",100012,"Canterbury",1010,16.7,15.45,4.5
"10555","20201127:0000",-43.493,172.537,"Christchurch Airport",224,"Christchurch",100012,"Canterbury",1010,9,17.75,3.8
"10556","20201128:0000",-43.493,172.537,"Christchurch Airport",224,"Christchurch",100012,"Canterbury",1010,9.3,11.85,9.2
"10557","20201129:0000",-43.493,172.537,"Christchurch Airport",224,"Christchurch",100012,"Canterbury",1010,21.9,12.6,8.6
"10558","20201130:0000",-43.493,172.537,"Christchurch Airport",224,"Christchurch",100012,"Canterbury",1010,23.3,12.4,0
"10559","20201201:0000",-43.493,172.537,"Christchurch Airport",224,"Christchurch",100012,"Canterbury",1010,15.2,12.3,10.2
"10560","20201202:0000",-43.493,172.537,"Christchurch Airport",224,"Christchurch",100012,"Canterbury",1010,17.6,16.15,4.2
"10561","20201203:0000",-43.493,172.537,"Christchurch Airport",224,"Christchurch",100012,"Canterbury",1010,13,17.7,14.8
"10562","20201204:0000",-43.493,172.537,"Christchurch Airport",224,"Christchurch",100012,"Canterbury",1010,7.3,14.75,8.4
"10563","20201205:0000",-43.493,172.537,"Christchurch Airport",224,"Christchurch",100012,"Canterbury",1010,9.8,14.45,8.1
"10564","20201206:0000",-43.493,172.537,"Christchurch Airport",224,"Christchurch",100012,"Canterbury",1010,5.5,14.65,7
"10565","20201207:0000",-43.493,172.537,"Christchurch Airport",224,"Christchurch",100012,"Canterbury",1010,12.7,21.35,12.3
"10566","20201208:0000",-43.493,172.537,"Christchurch Airport",224,"Christchurch",100012,"Canterbury",1010,20.5,20.5,3.2
"10567","20201209:0000",-43.493,172.537,"Christchurch Airport",224,"Christchurch",100012,"Canterbury",1010,4.3,18.4,6.9
"10568","20201210:0000",-43.493,172.537,"Christchurch Airport",224,"Christchurch",100012,"Canterbury",1010,22.3,17.95,8.7
"10569","20201211:0000",-43.493,172.537,"Christchurch Airport",224,"Christchurch",100012,"Canterbury",1010,8.4,16.55,10.7
"10570","20201212:0000",-43.493,172.537,"Christchurch Airport",224,"Christchurch",100012,"Canterbury",1010,14.9,14.2,14.2
"10571","20201213:0000",-43.493,172.537,"Christchurch Airport",224,"Christchurch",100012,"Canterbury",1010,9.4,11.8,9.6
"10572","20201214:0000",-43.493,172.537,"Christchurch Airport",224,"Christchurch",100012,"Canterbury",1010,3.3,13.5,9.7
"10573","20201215:0000",-43.493,172.537,"Christchurch Airport",224,"Christchurch",100012,"Canterbury",1010,11.8,15.05,14.9
"10574","20201216:0000",-43.493,172.537,"Christchurch Airport",224,"Christchurch",100012,"Canterbury",1010,15.4,17.9,11.2
"10575","20201217:0000",-43.493,172.537,"Christchurch Airport",224,"Christchurch",100012,"Canterbury",1010,20,14.6,0
"10576","20201218:0000",-43.493,172.537,"Christchurch Airport",224,"Christchurch",100012,"Canterbury",1010,28.1,16.9,9.5
"10577","20201219:0000",-43.493,172.537,"Christchurch Airport",224,"Christchurch",100012,"Canterbury",1010,6.6,19.75,6.7
"10578","20201220:0000",-43.493,172.537,"Christchurch Airport",224,"Christchurch",100012,"Canterbury",1010,26.2,18.5,2.1
"10579","20201221:0000",-43.493,172.537,"Christchurch Airport",224,"Christchurch",100012,"Canterbury",1010,14.5,13.7,0
"10580","20201222:0000",-43.493,172.537,"Christchurch Airport",224,"Christchurch",100012,"Canterbury",1010,16.4,18.35,9.6
"10581","20201223:0000",-43.493,172.537,"Christchurch Airport",224,"Christchurch",100012,"Canterbury",1010,7.4,17.6,0
"10582","20201224:0000",-43.493,172.537,"Christchurch Airport",224,"Christchurch",100012,"Canterbury",1010,7.3,15.9,3.7
"10583","20201225:0000",-43.493,172.537,"Christchurch Airport",224,"Christchurch",100012,"Canterbury",1010,2.4,13.55,1
"10584","20180101:0000",-43.531,172.619,"Christchurch Central",2081,"Christchurch",100012,"Canterbury",1010,NA,18.2,NA
"10585","20180102:0000",-43.531,172.619,"Christchurch Central",2081,"Christchurch",100012,"Canterbury",1010,NA,21.1,NA
"10586","20180103:0000",-43.531,172.619,"Christchurch Central",2081,"Christchurch",100012,"Canterbury",1010,NA,21.65,NA
"10587","20180104:0000",-43.531,172.619,"Christchurch Central",2081,"Christchurch",100012,"Canterbury",1010,NA,21.1,NA
"10588","20180105:0000",-43.531,172.619,"Christchurch Central",2081,"Christchurch",100012,"Canterbury",1010,NA,16.6,NA
"10589","20180106:0000",-43.531,172.619,"Christchurch Central",2081,"Christchurch",100012,"Canterbury",1010,NA,15.6,NA
"10590","20180107:0000",-43.531,172.619,"Christchurch Central",2081,"Christchurch",100012,"Canterbury",1010,NA,17.2,NA
"10591","20180108:0000",-43.531,172.619,"Christchurch Central",2081,"Christchurch",100012,"Canterbury",1010,NA,18.55,NA
"10592","20180109:0000",-43.531,172.619,"Christchurch Central",2081,"Christchurch",100012,"Canterbury",1010,NA,21.1,NA
"10593","20180110:0000",-43.531,172.619,"Christchurch Central",2081,"Christchurch",100012,"Canterbury",1010,NA,15.75,NA
"10594","20180111:0000",-43.531,172.619,"Christchurch Central",2081,"Christchurch",100012,"Canterbury",1010,NA,13.25,NA
"10595","20180112:0000",-43.531,172.619,"Christchurch Central",2081,"Christchurch",100012,"Canterbury",1010,NA,13.4,NA
"10596","20180113:0000",-43.531,172.619,"Christchurch Central",2081,"Christchurch",100012,"Canterbury",1010,NA,17.2,NA
"10597","20180114:0000",-43.531,172.619,"Christchurch Central",2081,"Christchurch",100012,"Canterbury",1010,NA,21.65,NA
"10598","20180115:0000",-43.531,172.619,"Christchurch Central",2081,"Christchurch",100012,"Canterbury",1010,NA,20.9,NA
"10599","20180116:0000",-43.531,172.619,"Christchurch Central",2081,"Christchurch",100012,"Canterbury",1010,NA,21.5,NA
"10600","20180117:0000",-43.531,172.619,"Christchurch Central",2081,"Christchurch",100012,"Canterbury",1010,NA,20.6,NA
"10601","20180118:0000",-43.531,172.619,"Christchurch Central",2081,"Christchurch",100012,"Canterbury",1010,NA,23.25,NA
"10602","20180119:0000",-43.531,172.619,"Christchurch Central",2081,"Christchurch",100012,"Canterbury",1010,NA,20.95,NA
"10603","20180120:0000",-43.531,172.619,"Christchurch Central",2081,"Christchurch",100012,"Canterbury",1010,NA,24.4,NA
"10604","20180121:0000",-43.531,172.619,"Christchurch Central",2081,"Christchurch",100012,"Canterbury",1010,NA,20.5,NA
"10605","20180122:0000",-43.531,172.619,"Christchurch Central",2081,"Christchurch",100012,"Canterbury",1010,NA,22.5,NA
"10606","20180123:0000",-43.531,172.619,"Christchurch Central",2081,"Christchurch",100012,"Canterbury",1010,NA,21.45,NA
"10607","20180124:0000",-43.531,172.619,"Christchurch Central",2081,"Christchurch",100012,"Canterbury",1010,NA,23.95,NA
"10608","20180125:0000",-43.531,172.619,"Christchurch Central",2081,"Christchurch",100012,"Canterbury",1010,NA,22.25,NA
"10609","20180126:0000",-43.531,172.619,"Christchurch Central",2081,"Christchurch",100012,"Canterbury",1010,NA,20.7,NA
"10610","20180127:0000",-43.531,172.619,"Christchurch Central",2081,"Christchurch",100012,"Canterbury",1010,NA,20.8,NA
"10611","20180128:0000",-43.531,172.619,"Christchurch Central",2081,"Christchurch",100012,"Canterbury",1010,NA,23.35,NA
"10612","20180129:0000",-43.531,172.619,"Christchurch Central",2081,"Christchurch",100012,"Canterbury",1010,NA,20.55,NA
"10613","20180130:0000",-43.531,172.619,"Christchurch Central",2081,"Christchurch",100012,"Canterbury",1010,NA,24.1,NA
"10614","20180131:0000",-43.531,172.619,"Christchurch Central",2081,"Christchurch",100012,"Canterbury",1010,NA,22.55,NA
"10615","20180201:0000",-43.531,172.619,"Christchurch Central",2081,"Christchurch",100012,"Canterbury",1010,NA,26.35,NA
"10616","20180202:0000",-43.531,172.619,"Christchurch Central",2081,"Christchurch",100012,"Canterbury",1010,NA,13.7,NA
"10617","20180203:0000",-43.531,172.619,"Christchurch Central",2081,"Christchurch",100012,"Canterbury",1010,NA,14.2,NA
"10618","20180204:0000",-43.531,172.619,"Christchurch Central",2081,"Christchurch",100012,"Canterbury",1010,NA,15.8,NA
"10619","20180205:0000",-43.531,172.619,"Christchurch Central",2081,"Christchurch",100012,"Canterbury",1010,NA,19.8,NA
"10620","20180206:0000",-43.531,172.619,"Christchurch Central",2081,"Christchurch",100012,"Canterbury",1010,NA,14.25,NA
"10621","20180207:0000",-43.531,172.619,"Christchurch Central",2081,"Christchurch",100012,"Canterbury",1010,NA,15.5,NA
"10622","20180208:0000",-43.531,172.619,"Christchurch Central",2081,"Christchurch",100012,"Canterbury",1010,NA,15.45,NA
"10623","20180209:0000",-43.531,172.619,"Christchurch Central",2081,"Christchurch",100012,"Canterbury",1010,NA,18.7,NA
"10624","20180210:0000",-43.531,172.619,"Christchurch Central",2081,"Christchurch",100012,"Canterbury",1010,NA,19.35,NA
"10625","20180211:0000",-43.531,172.619,"Christchurch Central",2081,"Christchurch",100012,"Canterbury",1010,NA,18.3,NA
"10626","20180212:0000",-43.531,172.619,"Christchurch Central",2081,"Christchurch",100012,"Canterbury",1010,NA,22.1,NA
"10627","20180213:0000",-43.531,172.619,"Christchurch Central",2081,"Christchurch",100012,"Canterbury",1010,NA,21.2,NA
"10628","20180214:0000",-43.531,172.619,"Christchurch Central",2081,"Christchurch",100012,"Canterbury",1010,NA,18.4,NA
"10629","20180215:0000",-43.531,172.619,"Christchurch Central",2081,"Christchurch",100012,"Canterbury",1010,NA,20.2,NA
"10630","20180216:0000",-43.531,172.619,"Christchurch Central",2081,"Christchurch",100012,"Canterbury",1010,NA,21.85,NA
"10631","20180217:0000",-43.531,172.619,"Christchurch Central",2081,"Christchurch",100012,"Canterbury",1010,NA,21.9,NA
"10632","20180218:0000",-43.531,172.619,"Christchurch Central",2081,"Christchurch",100012,"Canterbury",1010,NA,20.9,NA
"10633","20180219:0000",-43.531,172.619,"Christchurch Central",2081,"Christchurch",100012,"Canterbury",1010,NA,19.9,NA
"10634","20180220:0000",-43.531,172.619,"Christchurch Central",2081,"Christchurch",100012,"Canterbury",1010,NA,12.85,NA
"10635","20180221:0000",-43.531,172.619,"Christchurch Central",2081,"Christchurch",100012,"Canterbury",1010,NA,12.55,NA
"10636","20180222:0000",-43.531,172.619,"Christchurch Central",2081,"Christchurch",100012,"Canterbury",1010,NA,13.15,NA
"10637","20180223:0000",-43.531,172.619,"Christchurch Central",2081,"Christchurch",100012,"Canterbury",1010,NA,15.15,NA
"10638","20180224:0000",-43.531,172.619,"Christchurch Central",2081,"Christchurch",100012,"Canterbury",1010,NA,16.4,NA
"10639","20180225:0000",-43.531,172.619,"Christchurch Central",2081,"Christchurch",100012,"Canterbury",1010,NA,19.45,NA
"10640","20180226:0000",-43.531,172.619,"Christchurch Central",2081,"Christchurch",100012,"Canterbury",1010,NA,14.75,NA
"10641","20180227:0000",-43.531,172.619,"Christchurch Central",2081,"Christchurch",100012,"Canterbury",1010,NA,13.8,NA
"10642","20180228:0000",-43.531,172.619,"Christchurch Central",2081,"Christchurch",100012,"Canterbury",1010,NA,16.65,NA
"10643","20180301:0000",-43.531,172.619,"Christchurch Central",2081,"Christchurch",100012,"Canterbury",1010,NA,19.6,NA
"10644","20180302:0000",-43.531,172.619,"Christchurch Central",2081,"Christchurch",100012,"Canterbury",1010,NA,19.75,NA
"10645","20180303:0000",-43.531,172.619,"Christchurch Central",2081,"Christchurch",100012,"Canterbury",1010,NA,20.25,NA
"10646","20180304:0000",-43.531,172.619,"Christchurch Central",2081,"Christchurch",100012,"Canterbury",1010,NA,20.95,NA
"10647","20180305:0000",-43.531,172.619,"Christchurch Central",2081,"Christchurch",100012,"Canterbury",1010,NA,20,NA
"10648","20180306:0000",-43.531,172.619,"Christchurch Central",2081,"Christchurch",100012,"Canterbury",1010,NA,16.65,NA
"10649","20180307:0000",-43.531,172.619,"Christchurch Central",2081,"Christchurch",100012,"Canterbury",1010,NA,14.15,NA
"10650","20180308:0000",-43.531,172.619,"Christchurch Central",2081,"Christchurch",100012,"Canterbury",1010,NA,14.05,NA
"10651","20180309:0000",-43.531,172.619,"Christchurch Central",2081,"Christchurch",100012,"Canterbury",1010,NA,13.25,NA
"10652","20180310:0000",-43.531,172.619,"Christchurch Central",2081,"Christchurch",100012,"Canterbury",1010,NA,14,NA
"10653","20180311:0000",-43.531,172.619,"Christchurch Central",2081,"Christchurch",100012,"Canterbury",1010,NA,13.45,NA
"10654","20180312:0000",-43.531,172.619,"Christchurch Central",2081,"Christchurch",100012,"Canterbury",1010,NA,17.75,NA
"10655","20180313:0000",-43.531,172.619,"Christchurch Central",2081,"Christchurch",100012,"Canterbury",1010,NA,16.2,NA
"10656","20180314:0000",-43.531,172.619,"Christchurch Central",2081,"Christchurch",100012,"Canterbury",1010,NA,17,NA
"10657","20180315:0000",-43.531,172.619,"Christchurch Central",2081,"Christchurch",100012,"Canterbury",1010,NA,17.35,NA
"10658","20180316:0000",-43.531,172.619,"Christchurch Central",2081,"Christchurch",100012,"Canterbury",1010,NA,17.9,NA
"10659","20180317:0000",-43.531,172.619,"Christchurch Central",2081,"Christchurch",100012,"Canterbury",1010,NA,12.7,NA
"10660","20180318:0000",-43.531,172.619,"Christchurch Central",2081,"Christchurch",100012,"Canterbury",1010,NA,15.8,NA
"10661","20180319:0000",-43.531,172.619,"Christchurch Central",2081,"Christchurch",100012,"Canterbury",1010,NA,18.75,NA
"10662","20180320:0000",-43.531,172.619,"Christchurch Central",2081,"Christchurch",100012,"Canterbury",1010,NA,19.35,NA
"10663","20180321:0000",-43.531,172.619,"Christchurch Central",2081,"Christchurch",100012,"Canterbury",1010,NA,19.55,NA
"10664","20180322:0000",-43.531,172.619,"Christchurch Central",2081,"Christchurch",100012,"Canterbury",1010,NA,10.4,NA
"10665","20180323:0000",-43.531,172.619,"Christchurch Central",2081,"Christchurch",100012,"Canterbury",1010,NA,10.6,NA
"10666","20180324:0000",-43.531,172.619,"Christchurch Central",2081,"Christchurch",100012,"Canterbury",1010,NA,14.05,NA
"10667","20180325:0000",-43.531,172.619,"Christchurch Central",2081,"Christchurch",100012,"Canterbury",1010,NA,17.65,NA
"10668","20180326:0000",-43.531,172.619,"Christchurch Central",2081,"Christchurch",100012,"Canterbury",1010,NA,18,NA
"10669","20180327:0000",-43.531,172.619,"Christchurch Central",2081,"Christchurch",100012,"Canterbury",1010,NA,17.75,NA
"10670","20180328:0000",-43.531,172.619,"Christchurch Central",2081,"Christchurch",100012,"Canterbury",1010,NA,16.35,NA
"10671","20180329:0000",-43.531,172.619,"Christchurch Central",2081,"Christchurch",100012,"Canterbury",1010,NA,15.8,NA
"10672","20180330:0000",-43.531,172.619,"Christchurch Central",2081,"Christchurch",100012,"Canterbury",1010,NA,14.3,NA
"10673","20180331:0000",-43.531,172.619,"Christchurch Central",2081,"Christchurch",100012,"Canterbury",1010,NA,18.65,NA
"10674","20180401:0000",-43.531,172.619,"Christchurch Central",2081,"Christchurch",100012,"Canterbury",1010,NA,12.95,NA
"10675","20180402:0000",-43.531,172.619,"Christchurch Central",2081,"Christchurch",100012,"Canterbury",1010,NA,14.8,NA
"10676","20180403:0000",-43.531,172.619,"Christchurch Central",2081,"Christchurch",100012,"Canterbury",1010,NA,18.7,NA
"10677","20180404:0000",-43.531,172.619,"Christchurch Central",2081,"Christchurch",100012,"Canterbury",1010,NA,16.3,NA
"10678","20180405:0000",-43.531,172.619,"Christchurch Central",2081,"Christchurch",100012,"Canterbury",1010,NA,14.3,NA
"10679","20180406:0000",-43.531,172.619,"Christchurch Central",2081,"Christchurch",100012,"Canterbury",1010,NA,18.25,NA
"10680","20180407:0000",-43.531,172.619,"Christchurch Central",2081,"Christchurch",100012,"Canterbury",1010,NA,13.65,NA
"10681","20180408:0000",-43.531,172.619,"Christchurch Central",2081,"Christchurch",100012,"Canterbury",1010,NA,13.65,NA
"10682","20180409:0000",-43.531,172.619,"Christchurch Central",2081,"Christchurch",100012,"Canterbury",1010,NA,10.65,NA
"10683","20180410:0000",-43.531,172.619,"Christchurch Central",2081,"Christchurch",100012,"Canterbury",1010,NA,6.75,NA
"10684","20180411:0000",-43.531,172.619,"Christchurch Central",2081,"Christchurch",100012,"Canterbury",1010,NA,7.2,NA
"10685","20180412:0000",-43.531,172.619,"Christchurch Central",2081,"Christchurch",100012,"Canterbury",1010,NA,8,NA
"10686","20180413:0000",-43.531,172.619,"Christchurch Central",2081,"Christchurch",100012,"Canterbury",1010,NA,9.65,NA
"10687","20180414:0000",-43.531,172.619,"Christchurch Central",2081,"Christchurch",100012,"Canterbury",1010,NA,9.75,NA
"10688","20180415:0000",-43.531,172.619,"Christchurch Central",2081,"Christchurch",100012,"Canterbury",1010,NA,11.1,NA
"10689","20180416:0000",-43.531,172.619,"Christchurch Central",2081,"Christchurch",100012,"Canterbury",1010,NA,16.75,NA
"10690","20180417:0000",-43.531,172.619,"Christchurch Central",2081,"Christchurch",100012,"Canterbury",1010,NA,14.45,NA
"10691","20180418:0000",-43.531,172.619,"Christchurch Central",2081,"Christchurch",100012,"Canterbury",1010,NA,10.55,NA
"10692","20180419:0000",-43.531,172.619,"Christchurch Central",2081,"Christchurch",100012,"Canterbury",1010,NA,13.2,NA
"10693","20180420:0000",-43.531,172.619,"Christchurch Central",2081,"Christchurch",100012,"Canterbury",1010,NA,15.15,NA
"10694","20180421:0000",-43.531,172.619,"Christchurch Central",2081,"Christchurch",100012,"Canterbury",1010,NA,12.9,NA
"10695","20180422:0000",-43.531,172.619,"Christchurch Central",2081,"Christchurch",100012,"Canterbury",1010,NA,10.25,NA
"10696","20180423:0000",-43.531,172.619,"Christchurch Central",2081,"Christchurch",100012,"Canterbury",1010,NA,9.85,NA
"10697","20180424:0000",-43.531,172.619,"Christchurch Central",2081,"Christchurch",100012,"Canterbury",1010,NA,13.25,NA
"10698","20180425:0000",-43.531,172.619,"Christchurch Central",2081,"Christchurch",100012,"Canterbury",1010,NA,11.8,NA
"10699","20180426:0000",-43.531,172.619,"Christchurch Central",2081,"Christchurch",100012,"Canterbury",1010,NA,13.8,NA
"10700","20180427:0000",-43.531,172.619,"Christchurch Central",2081,"Christchurch",100012,"Canterbury",1010,NA,14.1,NA
"10701","20180428:0000",-43.531,172.619,"Christchurch Central",2081,"Christchurch",100012,"Canterbury",1010,NA,11.65,NA
"10702","20180429:0000",-43.531,172.619,"Christchurch Central",2081,"Christchurch",100012,"Canterbury",1010,NA,10.65,NA
"10703","20180430:0000",-43.531,172.619,"Christchurch Central",2081,"Christchurch",100012,"Canterbury",1010,NA,9.35,NA
"10704","20180501:0000",-43.531,172.619,"Christchurch Central",2081,"Christchurch",100012,"Canterbury",1010,NA,12.4,NA
"10705","20180502:0000",-43.531,172.619,"Christchurch Central",2081,"Christchurch",100012,"Canterbury",1010,NA,12.1,NA
"10706","20180503:0000",-43.531,172.619,"Christchurch Central",2081,"Christchurch",100012,"Canterbury",1010,NA,10.65,NA
"10707","20180504:0000",-43.531,172.619,"Christchurch Central",2081,"Christchurch",100012,"Canterbury",1010,NA,12.2,NA
"10708","20180505:0000",-43.531,172.619,"Christchurch Central",2081,"Christchurch",100012,"Canterbury",1010,NA,14.7,NA
"10709","20180506:0000",-43.531,172.619,"Christchurch Central",2081,"Christchurch",100012,"Canterbury",1010,NA,14.8,NA
"10710","20180507:0000",-43.531,172.619,"Christchurch Central",2081,"Christchurch",100012,"Canterbury",1010,NA,12.9,NA
"10711","20180508:0000",-43.531,172.619,"Christchurch Central",2081,"Christchurch",100012,"Canterbury",1010,NA,13.2,NA
"10712","20180509:0000",-43.531,172.619,"Christchurch Central",2081,"Christchurch",100012,"Canterbury",1010,NA,12.95,NA
"10713","20180510:0000",-43.531,172.619,"Christchurch Central",2081,"Christchurch",100012,"Canterbury",1010,NA,14.3,NA
"10714","20180511:0000",-43.531,172.619,"Christchurch Central",2081,"Christchurch",100012,"Canterbury",1010,NA,12.5,NA
"10715","20180512:0000",-43.531,172.619,"Christchurch Central",2081,"Christchurch",100012,"Canterbury",1010,NA,12.5,NA
"10716","20180513:0000",-43.531,172.619,"Christchurch Central",2081,"Christchurch",100012,"Canterbury",1010,NA,11.05,NA
"10717","20180514:0000",-43.531,172.619,"Christchurch Central",2081,"Christchurch",100012,"Canterbury",1010,NA,11.25,NA
"10718","20180515:0000",-43.531,172.619,"Christchurch Central",2081,"Christchurch",100012,"Canterbury",1010,NA,11.35,NA
"10719","20180516:0000",-43.531,172.619,"Christchurch Central",2081,"Christchurch",100012,"Canterbury",1010,NA,9,NA
"10720","20180517:0000",-43.531,172.619,"Christchurch Central",2081,"Christchurch",100012,"Canterbury",1010,NA,9.9,NA
"10721","20180518:0000",-43.531,172.619,"Christchurch Central",2081,"Christchurch",100012,"Canterbury",1010,NA,12.65,NA
"10722","20180519:0000",-43.531,172.619,"Christchurch Central",2081,"Christchurch",100012,"Canterbury",1010,NA,12.65,NA
"10723","20180520:0000",-43.531,172.619,"Christchurch Central",2081,"Christchurch",100012,"Canterbury",1010,NA,10.95,NA
"10724","20180521:0000",-43.531,172.619,"Christchurch Central",2081,"Christchurch",100012,"Canterbury",1010,NA,10.45,NA
"10725","20180522:0000",-43.531,172.619,"Christchurch Central",2081,"Christchurch",100012,"Canterbury",1010,NA,9.25,NA
"10726","20180523:0000",-43.531,172.619,"Christchurch Central",2081,"Christchurch",100012,"Canterbury",1010,NA,7.95,NA
"10727","20180524:0000",-43.531,172.619,"Christchurch Central",2081,"Christchurch",100012,"Canterbury",1010,NA,7.45,NA
"10728","20180525:0000",-43.531,172.619,"Christchurch Central",2081,"Christchurch",100012,"Canterbury",1010,NA,5.65,NA
"10729","20180526:0000",-43.531,172.619,"Christchurch Central",2081,"Christchurch",100012,"Canterbury",1010,NA,7.4,NA
"10730","20180527:0000",-43.531,172.619,"Christchurch Central",2081,"Christchurch",100012,"Canterbury",1010,NA,7.3,NA
"10731","20180528:0000",-43.531,172.619,"Christchurch Central",2081,"Christchurch",100012,"Canterbury",1010,NA,6.35,NA
"10732","20180529:0000",-43.531,172.619,"Christchurch Central",2081,"Christchurch",100012,"Canterbury",1010,NA,5.65,NA
"10733","20180530:0000",-43.531,172.619,"Christchurch Central",2081,"Christchurch",100012,"Canterbury",1010,NA,6,NA
"10734","20180531:0000",-43.531,172.619,"Christchurch Central",2081,"Christchurch",100012,"Canterbury",1010,NA,6.4,NA
"10735","20180601:0000",-43.531,172.619,"Christchurch Central",2081,"Christchurch",100012,"Canterbury",1010,NA,8.35,NA
"10736","20180602:0000",-43.531,172.619,"Christchurch Central",2081,"Christchurch",100012,"Canterbury",1010,NA,7.8,NA
"10737","20180603:0000",-43.531,172.619,"Christchurch Central",2081,"Christchurch",100012,"Canterbury",1010,NA,8.3,NA
"10738","20180604:0000",-43.531,172.619,"Christchurch Central",2081,"Christchurch",100012,"Canterbury",1010,NA,8.65,NA
"10739","20180605:0000",-43.531,172.619,"Christchurch Central",2081,"Christchurch",100012,"Canterbury",1010,NA,10.05,NA
"10740","20180606:0000",-43.531,172.619,"Christchurch Central",2081,"Christchurch",100012,"Canterbury",1010,NA,5.5,NA
"10741","20180607:0000",-43.531,172.619,"Christchurch Central",2081,"Christchurch",100012,"Canterbury",1010,NA,8.3,NA
"10742","20180608:0000",-43.531,172.619,"Christchurch Central",2081,"Christchurch",100012,"Canterbury",1010,NA,10.2,NA
"10743","20180609:0000",-43.531,172.619,"Christchurch Central",2081,"Christchurch",100012,"Canterbury",1010,NA,8.8,NA
"10744","20180610:0000",-43.531,172.619,"Christchurch Central",2081,"Christchurch",100012,"Canterbury",1010,NA,10.05,NA
"10745","20180611:0000",-43.531,172.619,"Christchurch Central",2081,"Christchurch",100012,"Canterbury",1010,NA,8.5,NA
"10746","20180612:0000",-43.531,172.619,"Christchurch Central",2081,"Christchurch",100012,"Canterbury",1010,NA,6.9,NA
"10747","20180613:0000",-43.531,172.619,"Christchurch Central",2081,"Christchurch",100012,"Canterbury",1010,NA,8,NA
"10748","20180614:0000",-43.531,172.619,"Christchurch Central",2081,"Christchurch",100012,"Canterbury",1010,NA,9.25,NA
"10749","20180615:0000",-43.531,172.619,"Christchurch Central",2081,"Christchurch",100012,"Canterbury",1010,NA,9.1,NA
"10750","20180616:0000",-43.531,172.619,"Christchurch Central",2081,"Christchurch",100012,"Canterbury",1010,NA,9.1,NA
"10751","20180617:0000",-43.531,172.619,"Christchurch Central",2081,"Christchurch",100012,"Canterbury",1010,NA,8.6,NA
"10752","20180618:0000",-43.531,172.619,"Christchurch Central",2081,"Christchurch",100012,"Canterbury",1010,NA,8.45,NA
"10753","20180619:0000",-43.531,172.619,"Christchurch Central",2081,"Christchurch",100012,"Canterbury",1010,NA,8.85,NA
"10754","20180620:0000",-43.531,172.619,"Christchurch Central",2081,"Christchurch",100012,"Canterbury",1010,NA,8.35,NA
"10755","20180621:0000",-43.531,172.619,"Christchurch Central",2081,"Christchurch",100012,"Canterbury",1010,NA,6.75,NA
"10756","20180622:0000",-43.531,172.619,"Christchurch Central",2081,"Christchurch",100012,"Canterbury",1010,NA,4.1,NA
"10757","20180623:0000",-43.531,172.619,"Christchurch Central",2081,"Christchurch",100012,"Canterbury",1010,NA,3.85,NA
"10758","20180624:0000",-43.531,172.619,"Christchurch Central",2081,"Christchurch",100012,"Canterbury",1010,NA,7.55,NA
"10759","20180625:0000",-43.531,172.619,"Christchurch Central",2081,"Christchurch",100012,"Canterbury",1010,NA,7.95,NA
"10760","20180626:0000",-43.531,172.619,"Christchurch Central",2081,"Christchurch",100012,"Canterbury",1010,NA,5.05,NA
"10761","20180627:0000",-43.531,172.619,"Christchurch Central",2081,"Christchurch",100012,"Canterbury",1010,NA,7.3,NA
"10762","20180628:0000",-43.531,172.619,"Christchurch Central",2081,"Christchurch",100012,"Canterbury",1010,NA,10.2,NA
"10763","20180629:0000",-43.531,172.619,"Christchurch Central",2081,"Christchurch",100012,"Canterbury",1010,NA,6.4,NA
"10764","20180630:0000",-43.531,172.619,"Christchurch Central",2081,"Christchurch",100012,"Canterbury",1010,NA,5.75,NA
"10765","20180701:0000",-43.531,172.619,"Christchurch Central",2081,"Christchurch",100012,"Canterbury",1010,NA,8.05,NA
"10766","20180702:0000",-43.531,172.619,"Christchurch Central",2081,"Christchurch",100012,"Canterbury",1010,NA,9.25,NA
"10767","20180703:0000",-43.531,172.619,"Christchurch Central",2081,"Christchurch",100012,"Canterbury",1010,NA,8.45,NA
"10768","20180704:0000",-43.531,172.619,"Christchurch Central",2081,"Christchurch",100012,"Canterbury",1010,NA,10.25,NA
"10769","20180705:0000",-43.531,172.619,"Christchurch Central",2081,"Christchurch",100012,"Canterbury",1010,NA,5.85,NA
"10770","20180706:0000",-43.531,172.619,"Christchurch Central",2081,"Christchurch",100012,"Canterbury",1010,NA,9.05,NA
"10771","20180707:0000",-43.531,172.619,"Christchurch Central",2081,"Christchurch",100012,"Canterbury",1010,NA,12.85,NA
"10772","20180708:0000",-43.531,172.619,"Christchurch Central",2081,"Christchurch",100012,"Canterbury",1010,NA,9.6,NA
"10773","20180709:0000",-43.531,172.619,"Christchurch Central",2081,"Christchurch",100012,"Canterbury",1010,NA,10.55,NA
"10774","20180710:0000",-43.531,172.619,"Christchurch Central",2081,"Christchurch",100012,"Canterbury",1010,NA,7.8,NA
"10775","20180711:0000",-43.531,172.619,"Christchurch Central",2081,"Christchurch",100012,"Canterbury",1010,NA,6,NA
"10776","20180712:0000",-43.531,172.619,"Christchurch Central",2081,"Christchurch",100012,"Canterbury",1010,NA,6.7,NA
"10777","20180713:0000",-43.531,172.619,"Christchurch Central",2081,"Christchurch",100012,"Canterbury",1010,NA,6.5,NA
"10778","20180714:0000",-43.531,172.619,"Christchurch Central",2081,"Christchurch",100012,"Canterbury",1010,NA,5.55,NA
"10779","20180715:0000",-43.531,172.619,"Christchurch Central",2081,"Christchurch",100012,"Canterbury",1010,NA,5.9,NA
"10780","20180716:0000",-43.531,172.619,"Christchurch Central",2081,"Christchurch",100012,"Canterbury",1010,NA,9.3,NA
"10781","20180717:0000",-43.531,172.619,"Christchurch Central",2081,"Christchurch",100012,"Canterbury",1010,NA,11.45,NA
"10782","20180718:0000",-43.531,172.619,"Christchurch Central",2081,"Christchurch",100012,"Canterbury",1010,NA,8.15,NA
"10783","20180719:0000",-43.531,172.619,"Christchurch Central",2081,"Christchurch",100012,"Canterbury",1010,NA,6.8,NA
"10784","20180720:0000",-43.531,172.619,"Christchurch Central",2081,"Christchurch",100012,"Canterbury",1010,NA,5.95,NA
"10785","20180721:0000",-43.531,172.619,"Christchurch Central",2081,"Christchurch",100012,"Canterbury",1010,NA,8.55,NA
"10786","20180722:0000",-43.531,172.619,"Christchurch Central",2081,"Christchurch",100012,"Canterbury",1010,NA,10.95,NA
"10787","20180723:0000",-43.531,172.619,"Christchurch Central",2081,"Christchurch",100012,"Canterbury",1010,NA,6.45,NA
"10788","20180724:0000",-43.531,172.619,"Christchurch Central",2081,"Christchurch",100012,"Canterbury",1010,NA,6.55,NA
"10789","20180725:0000",-43.531,172.619,"Christchurch Central",2081,"Christchurch",100012,"Canterbury",1010,NA,5.6,NA
"10790","20180726:0000",-43.531,172.619,"Christchurch Central",2081,"Christchurch",100012,"Canterbury",1010,NA,6.25,NA
"10791","20180727:0000",-43.531,172.619,"Christchurch Central",2081,"Christchurch",100012,"Canterbury",1010,NA,9.55,NA
"10792","20180728:0000",-43.531,172.619,"Christchurch Central",2081,"Christchurch",100012,"Canterbury",1010,NA,8.65,NA
"10793","20180729:0000",-43.531,172.619,"Christchurch Central",2081,"Christchurch",100012,"Canterbury",1010,NA,7.3,NA
"10794","20180730:0000",-43.531,172.619,"Christchurch Central",2081,"Christchurch",100012,"Canterbury",1010,NA,7.75,NA
"10795","20180731:0000",-43.531,172.619,"Christchurch Central",2081,"Christchurch",100012,"Canterbury",1010,NA,10.85,NA
"10796","20180801:0000",-43.531,172.619,"Christchurch Central",2081,"Christchurch",100012,"Canterbury",1010,NA,8.7,NA
"10797","20180802:0000",-43.531,172.619,"Christchurch Central",2081,"Christchurch",100012,"Canterbury",1010,NA,7.05,NA
"10798","20180803:0000",-43.531,172.619,"Christchurch Central",2081,"Christchurch",100012,"Canterbury",1010,NA,7.95,NA
"10799","20180804:0000",-43.531,172.619,"Christchurch Central",2081,"Christchurch",100012,"Canterbury",1010,NA,8.9,NA
"10800","20180805:0000",-43.531,172.619,"Christchurch Central",2081,"Christchurch",100012,"Canterbury",1010,NA,8.4,NA
"10801","20180806:0000",-43.531,172.619,"Christchurch Central",2081,"Christchurch",100012,"Canterbury",1010,NA,8.15,NA
"10802","20180807:0000",-43.531,172.619,"Christchurch Central",2081,"Christchurch",100012,"Canterbury",1010,NA,10.1,NA
"10803","20180808:0000",-43.531,172.619,"Christchurch Central",2081,"Christchurch",100012,"Canterbury",1010,NA,11.05,NA
"10804","20180809:0000",-43.531,172.619,"Christchurch Central",2081,"Christchurch",100012,"Canterbury",1010,NA,11.25,NA
"10805","20180810:0000",-43.531,172.619,"Christchurch Central",2081,"Christchurch",100012,"Canterbury",1010,NA,10.15,NA
"10806","20180811:0000",-43.531,172.619,"Christchurch Central",2081,"Christchurch",100012,"Canterbury",1010,NA,6.9,NA
"10807","20180812:0000",-43.531,172.619,"Christchurch Central",2081,"Christchurch",100012,"Canterbury",1010,NA,9.45,NA
"10808","20180813:0000",-43.531,172.619,"Christchurch Central",2081,"Christchurch",100012,"Canterbury",1010,NA,10.3,NA
"10809","20180814:0000",-43.531,172.619,"Christchurch Central",2081,"Christchurch",100012,"Canterbury",1010,NA,8.45,NA
"10810","20180815:0000",-43.531,172.619,"Christchurch Central",2081,"Christchurch",100012,"Canterbury",1010,NA,11.1,NA
"10811","20180816:0000",-43.531,172.619,"Christchurch Central",2081,"Christchurch",100012,"Canterbury",1010,NA,13.25,NA
"10812","20180817:0000",-43.531,172.619,"Christchurch Central",2081,"Christchurch",100012,"Canterbury",1010,NA,10.05,NA
"10813","20180818:0000",-43.531,172.619,"Christchurch Central",2081,"Christchurch",100012,"Canterbury",1010,NA,8,NA
"10814","20180819:0000",-43.531,172.619,"Christchurch Central",2081,"Christchurch",100012,"Canterbury",1010,NA,4.95,NA
"10815","20180820:0000",-43.531,172.619,"Christchurch Central",2081,"Christchurch",100012,"Canterbury",1010,NA,6.55,NA
"10816","20180821:0000",-43.531,172.619,"Christchurch Central",2081,"Christchurch",100012,"Canterbury",1010,NA,8.4,NA
"10817","20180822:0000",-43.531,172.619,"Christchurch Central",2081,"Christchurch",100012,"Canterbury",1010,NA,9.95,NA
"10818","20180823:0000",-43.531,172.619,"Christchurch Central",2081,"Christchurch",100012,"Canterbury",1010,NA,8.95,NA
"10819","20180824:0000",-43.531,172.619,"Christchurch Central",2081,"Christchurch",100012,"Canterbury",1010,NA,9.45,NA
"10820","20180825:0000",-43.531,172.619,"Christchurch Central",2081,"Christchurch",100012,"Canterbury",1010,NA,7.35,NA
"10821","20180826:0000",-43.531,172.619,"Christchurch Central",2081,"Christchurch",100012,"Canterbury",1010,NA,9.35,NA
"10822","20180827:0000",-43.531,172.619,"Christchurch Central",2081,"Christchurch",100012,"Canterbury",1010,NA,10,NA
"10823","20180828:0000",-43.531,172.619,"Christchurch Central",2081,"Christchurch",100012,"Canterbury",1010,NA,9.3,NA
"10824","20180829:0000",-43.531,172.619,"Christchurch Central",2081,"Christchurch",100012,"Canterbury",1010,NA,9.9,NA
"10825","20180830:0000",-43.531,172.619,"Christchurch Central",2081,"Christchurch",100012,"Canterbury",1010,NA,10.2,NA
"10826","20180831:0000",-43.531,172.619,"Christchurch Central",2081,"Christchurch",100012,"Canterbury",1010,NA,8.35,NA
"10827","20180901:0000",-43.531,172.619,"Christchurch Central",2081,"Christchurch",100012,"Canterbury",1010,NA,11.55,NA
"10828","20180902:0000",-43.531,172.619,"Christchurch Central",2081,"Christchurch",100012,"Canterbury",1010,NA,8.75,NA
"10829","20180903:0000",-43.531,172.619,"Christchurch Central",2081,"Christchurch",100012,"Canterbury",1010,NA,8.25,NA
"10830","20180904:0000",-43.531,172.619,"Christchurch Central",2081,"Christchurch",100012,"Canterbury",1010,NA,8.6,NA
"10831","20180905:0000",-43.531,172.619,"Christchurch Central",2081,"Christchurch",100012,"Canterbury",1010,NA,8.2,NA
"10832","20180906:0000",-43.531,172.619,"Christchurch Central",2081,"Christchurch",100012,"Canterbury",1010,NA,7.7,NA
"10833","20180907:0000",-43.531,172.619,"Christchurch Central",2081,"Christchurch",100012,"Canterbury",1010,NA,5.3,NA
"10834","20180908:0000",-43.531,172.619,"Christchurch Central",2081,"Christchurch",100012,"Canterbury",1010,NA,6.7,NA
"10835","20180909:0000",-43.531,172.619,"Christchurch Central",2081,"Christchurch",100012,"Canterbury",1010,NA,7.8,NA
"10836","20180910:0000",-43.531,172.619,"Christchurch Central",2081,"Christchurch",100012,"Canterbury",1010,NA,7.7,NA
"10837","20180911:0000",-43.531,172.619,"Christchurch Central",2081,"Christchurch",100012,"Canterbury",1010,NA,10.85,NA
"10838","20180912:0000",-43.531,172.619,"Christchurch Central",2081,"Christchurch",100012,"Canterbury",1010,NA,10.3,NA
"10839","20180913:0000",-43.531,172.619,"Christchurch Central",2081,"Christchurch",100012,"Canterbury",1010,NA,13.35,NA
"10840","20180914:0000",-43.531,172.619,"Christchurch Central",2081,"Christchurch",100012,"Canterbury",1010,NA,16.15,NA
"10841","20180915:0000",-43.531,172.619,"Christchurch Central",2081,"Christchurch",100012,"Canterbury",1010,NA,15.25,NA
"10842","20180916:0000",-43.531,172.619,"Christchurch Central",2081,"Christchurch",100012,"Canterbury",1010,NA,13.95,NA
"10843","20180917:0000",-43.531,172.619,"Christchurch Central",2081,"Christchurch",100012,"Canterbury",1010,NA,12.3,NA
"10844","20180918:0000",-43.531,172.619,"Christchurch Central",2081,"Christchurch",100012,"Canterbury",1010,NA,10.75,NA
"10845","20180919:0000",-43.531,172.619,"Christchurch Central",2081,"Christchurch",100012,"Canterbury",1010,NA,11.95,NA
"10846","20180920:0000",-43.531,172.619,"Christchurch Central",2081,"Christchurch",100012,"Canterbury",1010,NA,14.35,NA
"10847","20180921:0000",-43.531,172.619,"Christchurch Central",2081,"Christchurch",100012,"Canterbury",1010,NA,11.85,NA
"10848","20180922:0000",-43.531,172.619,"Christchurch Central",2081,"Christchurch",100012,"Canterbury",1010,NA,12.3,NA
"10849","20180923:0000",-43.531,172.619,"Christchurch Central",2081,"Christchurch",100012,"Canterbury",1010,NA,12.35,NA
"10850","20180924:0000",-43.531,172.619,"Christchurch Central",2081,"Christchurch",100012,"Canterbury",1010,NA,11.15,NA
"10851","20180925:0000",-43.531,172.619,"Christchurch Central",2081,"Christchurch",100012,"Canterbury",1010,NA,9.9,NA
"10852","20180926:0000",-43.531,172.619,"Christchurch Central",2081,"Christchurch",100012,"Canterbury",1010,NA,9.6,NA
"10853","20180927:0000",-43.531,172.619,"Christchurch Central",2081,"Christchurch",100012,"Canterbury",1010,NA,10.5,NA
"10854","20180928:0000",-43.531,172.619,"Christchurch Central",2081,"Christchurch",100012,"Canterbury",1010,NA,11.5,NA
"10855","20180929:0000",-43.531,172.619,"Christchurch Central",2081,"Christchurch",100012,"Canterbury",1010,NA,14.8,NA
"10856","20180930:0000",-43.531,172.619,"Christchurch Central",2081,"Christchurch",100012,"Canterbury",1010,NA,12.05,NA
"10857","20181001:0000",-43.531,172.619,"Christchurch Central",2081,"Christchurch",100012,"Canterbury",1010,NA,11.85,NA
"10858","20181002:0000",-43.531,172.619,"Christchurch Central",2081,"Christchurch",100012,"Canterbury",1010,NA,10.55,NA
"10859","20181003:0000",-43.531,172.619,"Christchurch Central",2081,"Christchurch",100012,"Canterbury",1010,NA,10.65,NA
"10860","20181004:0000",-43.531,172.619,"Christchurch Central",2081,"Christchurch",100012,"Canterbury",1010,NA,12.2,NA
"10861","20181005:0000",-43.531,172.619,"Christchurch Central",2081,"Christchurch",100012,"Canterbury",1010,NA,8.65,NA
"10862","20181006:0000",-43.531,172.619,"Christchurch Central",2081,"Christchurch",100012,"Canterbury",1010,NA,9.6,NA
"10863","20181007:0000",-43.531,172.619,"Christchurch Central",2081,"Christchurch",100012,"Canterbury",1010,NA,12,NA
"10864","20181008:0000",-43.531,172.619,"Christchurch Central",2081,"Christchurch",100012,"Canterbury",1010,NA,12.6,NA
"10865","20181009:0000",-43.531,172.619,"Christchurch Central",2081,"Christchurch",100012,"Canterbury",1010,NA,10.05,NA
"10866","20181010:0000",-43.531,172.619,"Christchurch Central",2081,"Christchurch",100012,"Canterbury",1010,NA,13.1,NA
"10867","20181011:0000",-43.531,172.619,"Christchurch Central",2081,"Christchurch",100012,"Canterbury",1010,NA,10.6,NA
"10868","20181012:0000",-43.531,172.619,"Christchurch Central",2081,"Christchurch",100012,"Canterbury",1010,NA,7.4,NA
"10869","20181013:0000",-43.531,172.619,"Christchurch Central",2081,"Christchurch",100012,"Canterbury",1010,NA,8.4,NA
"10870","20181014:0000",-43.531,172.619,"Christchurch Central",2081,"Christchurch",100012,"Canterbury",1010,NA,9.65,NA
"10871","20181015:0000",-43.531,172.619,"Christchurch Central",2081,"Christchurch",100012,"Canterbury",1010,NA,7.9,NA
"10872","20181016:0000",-43.531,172.619,"Christchurch Central",2081,"Christchurch",100012,"Canterbury",1010,NA,9.8,NA
"10873","20181017:0000",-43.531,172.619,"Christchurch Central",2081,"Christchurch",100012,"Canterbury",1010,NA,14.15,NA
"10874","20181018:0000",-43.531,172.619,"Christchurch Central",2081,"Christchurch",100012,"Canterbury",1010,NA,14.1,NA
"10875","20181019:0000",-43.531,172.619,"Christchurch Central",2081,"Christchurch",100012,"Canterbury",1010,NA,17.05,NA
"10876","20181020:0000",-43.531,172.619,"Christchurch Central",2081,"Christchurch",100012,"Canterbury",1010,NA,16.9,NA
"10877","20181021:0000",-43.531,172.619,"Christchurch Central",2081,"Christchurch",100012,"Canterbury",1010,NA,16.2,NA
"10878","20181022:0000",-43.531,172.619,"Christchurch Central",2081,"Christchurch",100012,"Canterbury",1010,NA,14.4,NA
"10879","20181023:0000",-43.531,172.619,"Christchurch Central",2081,"Christchurch",100012,"Canterbury",1010,NA,15.75,NA
"10880","20181024:0000",-43.531,172.619,"Christchurch Central",2081,"Christchurch",100012,"Canterbury",1010,NA,17.1,NA
"10881","20181025:0000",-43.531,172.619,"Christchurch Central",2081,"Christchurch",100012,"Canterbury",1010,NA,14.95,NA
"10882","20181026:0000",-43.531,172.619,"Christchurch Central",2081,"Christchurch",100012,"Canterbury",1010,NA,11.1,NA
"10883","20181027:0000",-43.531,172.619,"Christchurch Central",2081,"Christchurch",100012,"Canterbury",1010,NA,14.05,NA
"10884","20181028:0000",-43.531,172.619,"Christchurch Central",2081,"Christchurch",100012,"Canterbury",1010,NA,12.05,NA
"10885","20181029:0000",-43.531,172.619,"Christchurch Central",2081,"Christchurch",100012,"Canterbury",1010,NA,12.65,NA
"10886","20181030:0000",-43.531,172.619,"Christchurch Central",2081,"Christchurch",100012,"Canterbury",1010,NA,11.3,NA
"10887","20181031:0000",-43.531,172.619,"Christchurch Central",2081,"Christchurch",100012,"Canterbury",1010,NA,9.5,NA
"10888","20181101:0000",-43.531,172.619,"Christchurch Central",2081,"Christchurch",100012,"Canterbury",1010,NA,11.15,NA
"10889","20181102:0000",-43.531,172.619,"Christchurch Central",2081,"Christchurch",100012,"Canterbury",1010,NA,10.2,NA
"10890","20181103:0000",-43.531,172.619,"Christchurch Central",2081,"Christchurch",100012,"Canterbury",1010,NA,19.45,NA
"10891","20181104:0000",-43.531,172.619,"Christchurch Central",2081,"Christchurch",100012,"Canterbury",1010,NA,15.1,NA
"10892","20181105:0000",-43.531,172.619,"Christchurch Central",2081,"Christchurch",100012,"Canterbury",1010,NA,16.5,NA
"10893","20181106:0000",-43.531,172.619,"Christchurch Central",2081,"Christchurch",100012,"Canterbury",1010,NA,14.6,NA
"10894","20181107:0000",-43.531,172.619,"Christchurch Central",2081,"Christchurch",100012,"Canterbury",1010,NA,16.55,NA
"10895","20181108:0000",-43.531,172.619,"Christchurch Central",2081,"Christchurch",100012,"Canterbury",1010,NA,21.5,NA
"10896","20181109:0000",-43.531,172.619,"Christchurch Central",2081,"Christchurch",100012,"Canterbury",1010,NA,11.3,NA
"10897","20181110:0000",-43.531,172.619,"Christchurch Central",2081,"Christchurch",100012,"Canterbury",1010,NA,10.9,NA
"10898","20181111:0000",-43.531,172.619,"Christchurch Central",2081,"Christchurch",100012,"Canterbury",1010,NA,13.05,NA
"10899","20181112:0000",-43.531,172.619,"Christchurch Central",2081,"Christchurch",100012,"Canterbury",1010,NA,16.25,NA
"10900","20181113:0000",-43.531,172.619,"Christchurch Central",2081,"Christchurch",100012,"Canterbury",1010,NA,15.1,NA
"10901","20181114:0000",-43.531,172.619,"Christchurch Central",2081,"Christchurch",100012,"Canterbury",1010,NA,15.2,NA
"10902","20181115:0000",-43.531,172.619,"Christchurch Central",2081,"Christchurch",100012,"Canterbury",1010,NA,18.2,NA
"10903","20181116:0000",-43.531,172.619,"Christchurch Central",2081,"Christchurch",100012,"Canterbury",1010,NA,16.9,NA
"10904","20181117:0000",-43.531,172.619,"Christchurch Central",2081,"Christchurch",100012,"Canterbury",1010,NA,15.75,NA
"10905","20181118:0000",-43.531,172.619,"Christchurch Central",2081,"Christchurch",100012,"Canterbury",1010,NA,15.45,NA
"10906","20181119:0000",-43.531,172.619,"Christchurch Central",2081,"Christchurch",100012,"Canterbury",1010,NA,8.65,NA
"10907","20181120:0000",-43.531,172.619,"Christchurch Central",2081,"Christchurch",100012,"Canterbury",1010,NA,8.3,NA
"10908","20181121:0000",-43.531,172.619,"Christchurch Central",2081,"Christchurch",100012,"Canterbury",1010,NA,11.1,NA
"10909","20181122:0000",-43.531,172.619,"Christchurch Central",2081,"Christchurch",100012,"Canterbury",1010,NA,NA,NA
"10910","20181123:0000",-43.531,172.619,"Christchurch Central",2081,"Christchurch",100012,"Canterbury",1010,NA,14.1,NA
"10911","20181124:0000",-43.531,172.619,"Christchurch Central",2081,"Christchurch",100012,"Canterbury",1010,NA,15.7,NA
"10912","20181125:0000",-43.531,172.619,"Christchurch Central",2081,"Christchurch",100012,"Canterbury",1010,NA,15.05,NA
"10913","20181126:0000",-43.531,172.619,"Christchurch Central",2081,"Christchurch",100012,"Canterbury",1010,NA,13.55,NA
"10914","20181127:0000",-43.531,172.619,"Christchurch Central",2081,"Christchurch",100012,"Canterbury",1010,NA,13.35,NA
"10915","20181128:0000",-43.531,172.619,"Christchurch Central",2081,"Christchurch",100012,"Canterbury",1010,NA,14.05,NA
"10916","20181129:0000",-43.531,172.619,"Christchurch Central",2081,"Christchurch",100012,"Canterbury",1010,NA,13.85,NA
"10917","20181130:0000",-43.531,172.619,"Christchurch Central",2081,"Christchurch",100012,"Canterbury",1010,NA,15.75,NA
"10918","20181201:0000",-43.531,172.619,"Christchurch Central",2081,"Christchurch",100012,"Canterbury",1010,NA,17.35,NA
"10919","20181202:0000",-43.531,172.619,"Christchurch Central",2081,"Christchurch",100012,"Canterbury",1010,NA,16.05,NA
"10920","20181203:0000",-43.531,172.619,"Christchurch Central",2081,"Christchurch",100012,"Canterbury",1010,NA,16.85,NA
"10921","20181204:0000",-43.531,172.619,"Christchurch Central",2081,"Christchurch",100012,"Canterbury",1010,NA,20.4,NA
"10922","20181205:0000",-43.531,172.619,"Christchurch Central",2081,"Christchurch",100012,"Canterbury",1010,NA,16.95,NA
"10923","20181206:0000",-43.531,172.619,"Christchurch Central",2081,"Christchurch",100012,"Canterbury",1010,NA,13,NA
"10924","20181207:0000",-43.531,172.619,"Christchurch Central",2081,"Christchurch",100012,"Canterbury",1010,NA,13.25,NA
"10925","20181208:0000",-43.531,172.619,"Christchurch Central",2081,"Christchurch",100012,"Canterbury",1010,NA,16.95,NA
"10926","20181209:0000",-43.531,172.619,"Christchurch Central",2081,"Christchurch",100012,"Canterbury",1010,NA,19.1,NA
"10927","20181210:0000",-43.531,172.619,"Christchurch Central",2081,"Christchurch",100012,"Canterbury",1010,NA,14.8,NA
"10928","20181211:0000",-43.531,172.619,"Christchurch Central",2081,"Christchurch",100012,"Canterbury",1010,NA,13.9,NA
"10929","20181212:0000",-43.531,172.619,"Christchurch Central",2081,"Christchurch",100012,"Canterbury",1010,NA,15.6,NA
"10930","20181213:0000",-43.531,172.619,"Christchurch Central",2081,"Christchurch",100012,"Canterbury",1010,NA,16.3,NA
"10931","20181214:0000",-43.531,172.619,"Christchurch Central",2081,"Christchurch",100012,"Canterbury",1010,NA,17.45,NA
"10932","20181215:0000",-43.531,172.619,"Christchurch Central",2081,"Christchurch",100012,"Canterbury",1010,NA,18.55,NA
"10933","20181216:0000",-43.531,172.619,"Christchurch Central",2081,"Christchurch",100012,"Canterbury",1010,NA,17.6,NA
"10934","20181217:0000",-43.531,172.619,"Christchurch Central",2081,"Christchurch",100012,"Canterbury",1010,NA,19.5,NA
"10935","20181218:0000",-43.531,172.619,"Christchurch Central",2081,"Christchurch",100012,"Canterbury",1010,NA,18.6,NA
"10936","20181219:0000",-43.531,172.619,"Christchurch Central",2081,"Christchurch",100012,"Canterbury",1010,NA,14.7,NA
"10937","20181220:0000",-43.531,172.619,"Christchurch Central",2081,"Christchurch",100012,"Canterbury",1010,NA,11.95,NA
"10938","20181221:0000",-43.531,172.619,"Christchurch Central",2081,"Christchurch",100012,"Canterbury",1010,NA,13.7,NA
"10939","20181222:0000",-43.531,172.619,"Christchurch Central",2081,"Christchurch",100012,"Canterbury",1010,NA,15.1,NA
"10940","20181223:0000",-43.531,172.619,"Christchurch Central",2081,"Christchurch",100012,"Canterbury",1010,NA,14.25,NA
"10941","20181224:0000",-43.531,172.619,"Christchurch Central",2081,"Christchurch",100012,"Canterbury",1010,NA,14,NA
"10942","20181225:0000",-43.531,172.619,"Christchurch Central",2081,"Christchurch",100012,"Canterbury",1010,NA,17.6,NA
"10943","20181226:0000",-43.531,172.619,"Christchurch Central",2081,"Christchurch",100012,"Canterbury",1010,NA,16.45,NA
"10944","20181227:0000",-43.531,172.619,"Christchurch Central",2081,"Christchurch",100012,"Canterbury",1010,NA,15.7,NA
"10945","20181228:0000",-43.531,172.619,"Christchurch Central",2081,"Christchurch",100012,"Canterbury",1010,NA,16.85,NA
"10946","20181229:0000",-43.531,172.619,"Christchurch Central",2081,"Christchurch",100012,"Canterbury",1010,NA,21.6,NA
"10947","20181230:0000",-43.531,172.619,"Christchurch Central",2081,"Christchurch",100012,"Canterbury",1010,NA,21.25,NA
"10948","20181231:0000",-43.531,172.619,"Christchurch Central",2081,"Christchurch",100012,"Canterbury",1010,NA,18.25,NA
"10949","20190101:0000",-43.531,172.619,"Christchurch Central",2081,"Christchurch",100012,"Canterbury",1010,NA,21.05,NA
"10950","20190102:0000",-43.531,172.619,"Christchurch Central",2081,"Christchurch",100012,"Canterbury",1010,NA,22.9,NA
"10951","20190103:0000",-43.531,172.619,"Christchurch Central",2081,"Christchurch",100012,"Canterbury",1010,NA,22.2,NA
"10952","20190104:0000",-43.531,172.619,"Christchurch Central",2081,"Christchurch",100012,"Canterbury",1010,NA,19.6,NA
"10953","20190105:0000",-43.531,172.619,"Christchurch Central",2081,"Christchurch",100012,"Canterbury",1010,NA,21.45,NA
"10954","20190106:0000",-43.531,172.619,"Christchurch Central",2081,"Christchurch",100012,"Canterbury",1010,NA,21.45,NA
"10955","20190107:0000",-43.531,172.619,"Christchurch Central",2081,"Christchurch",100012,"Canterbury",1010,NA,17.85,NA
"10956","20190108:0000",-43.531,172.619,"Christchurch Central",2081,"Christchurch",100012,"Canterbury",1010,NA,18.95,NA
"10957","20190109:0000",-43.531,172.619,"Christchurch Central",2081,"Christchurch",100012,"Canterbury",1010,NA,22.05,NA
"10958","20190110:0000",-43.531,172.619,"Christchurch Central",2081,"Christchurch",100012,"Canterbury",1010,NA,23.2,NA
"10959","20190111:0000",-43.531,172.619,"Christchurch Central",2081,"Christchurch",100012,"Canterbury",1010,NA,18.35,NA
"10960","20190112:0000",-43.531,172.619,"Christchurch Central",2081,"Christchurch",100012,"Canterbury",1010,NA,15.2,NA
"10961","20190113:0000",-43.531,172.619,"Christchurch Central",2081,"Christchurch",100012,"Canterbury",1010,NA,20.6,NA
"10962","20190114:0000",-43.531,172.619,"Christchurch Central",2081,"Christchurch",100012,"Canterbury",1010,NA,14.45,NA
"10963","20190115:0000",-43.531,172.619,"Christchurch Central",2081,"Christchurch",100012,"Canterbury",1010,NA,15.3,NA
"10964","20190116:0000",-43.531,172.619,"Christchurch Central",2081,"Christchurch",100012,"Canterbury",1010,NA,14.85,NA
"10965","20190117:0000",-43.531,172.619,"Christchurch Central",2081,"Christchurch",100012,"Canterbury",1010,NA,18.3,NA
"10966","20190118:0000",-43.531,172.619,"Christchurch Central",2081,"Christchurch",100012,"Canterbury",1010,NA,18.7,NA
"10967","20190119:0000",-43.531,172.619,"Christchurch Central",2081,"Christchurch",100012,"Canterbury",1010,NA,24.05,NA
"10968","20190120:0000",-43.531,172.619,"Christchurch Central",2081,"Christchurch",100012,"Canterbury",1010,NA,18.65,NA
"10969","20190121:0000",-43.531,172.619,"Christchurch Central",2081,"Christchurch",100012,"Canterbury",1010,NA,19.4,NA
"10970","20190122:0000",-43.531,172.619,"Christchurch Central",2081,"Christchurch",100012,"Canterbury",1010,NA,21.8,NA
"10971","20190123:0000",-43.531,172.619,"Christchurch Central",2081,"Christchurch",100012,"Canterbury",1010,NA,24.65,NA
"10972","20190124:0000",-43.531,172.619,"Christchurch Central",2081,"Christchurch",100012,"Canterbury",1010,NA,13.25,NA
"10973","20190125:0000",-43.531,172.619,"Christchurch Central",2081,"Christchurch",100012,"Canterbury",1010,NA,14.9,NA
"10974","20190126:0000",-43.531,172.619,"Christchurch Central",2081,"Christchurch",100012,"Canterbury",1010,NA,19.8,NA
"10975","20190127:0000",-43.531,172.619,"Christchurch Central",2081,"Christchurch",100012,"Canterbury",1010,NA,23.5,NA
"10976","20190128:0000",-43.531,172.619,"Christchurch Central",2081,"Christchurch",100012,"Canterbury",1010,NA,21.95,NA
"10977","20190129:0000",-43.531,172.619,"Christchurch Central",2081,"Christchurch",100012,"Canterbury",1010,NA,19.55,NA
"10978","20190130:0000",-43.531,172.619,"Christchurch Central",2081,"Christchurch",100012,"Canterbury",1010,NA,18.4,NA
"10979","20190131:0000",-43.531,172.619,"Christchurch Central",2081,"Christchurch",100012,"Canterbury",1010,NA,21.25,NA
"10980","20190201:0000",-43.531,172.619,"Christchurch Central",2081,"Christchurch",100012,"Canterbury",1010,NA,21.5,NA
"10981","20190202:0000",-43.531,172.619,"Christchurch Central",2081,"Christchurch",100012,"Canterbury",1010,NA,14.95,NA
"10982","20190203:0000",-43.531,172.619,"Christchurch Central",2081,"Christchurch",100012,"Canterbury",1010,NA,18.5,NA
"10983","20190204:0000",-43.531,172.619,"Christchurch Central",2081,"Christchurch",100012,"Canterbury",1010,NA,22.3,NA
"10984","20190205:0000",-43.531,172.619,"Christchurch Central",2081,"Christchurch",100012,"Canterbury",1010,NA,22.5,NA
"10985","20190206:0000",-43.531,172.619,"Christchurch Central",2081,"Christchurch",100012,"Canterbury",1010,NA,15.3,NA
"10986","20190207:0000",-43.531,172.619,"Christchurch Central",2081,"Christchurch",100012,"Canterbury",1010,NA,13.35,NA
"10987","20190208:0000",-43.531,172.619,"Christchurch Central",2081,"Christchurch",100012,"Canterbury",1010,NA,17.7,NA
"10988","20190209:0000",-43.531,172.619,"Christchurch Central",2081,"Christchurch",100012,"Canterbury",1010,NA,21.15,NA
"10989","20190210:0000",-43.531,172.619,"Christchurch Central",2081,"Christchurch",100012,"Canterbury",1010,NA,20.65,NA
"10990","20190211:0000",-43.531,172.619,"Christchurch Central",2081,"Christchurch",100012,"Canterbury",1010,NA,21,NA
"10991","20190212:0000",-43.531,172.619,"Christchurch Central",2081,"Christchurch",100012,"Canterbury",1010,NA,23.45,NA
"10992","20190213:0000",-43.531,172.619,"Christchurch Central",2081,"Christchurch",100012,"Canterbury",1010,NA,20.6,NA
"10993","20190214:0000",-43.531,172.619,"Christchurch Central",2081,"Christchurch",100012,"Canterbury",1010,NA,24.05,NA
"10994","20190215:0000",-43.531,172.619,"Christchurch Central",2081,"Christchurch",100012,"Canterbury",1010,NA,19.25,NA
"10995","20190216:0000",-43.531,172.619,"Christchurch Central",2081,"Christchurch",100012,"Canterbury",1010,NA,14.8,NA
"10996","20190217:0000",-43.531,172.619,"Christchurch Central",2081,"Christchurch",100012,"Canterbury",1010,NA,16.2,NA
"10997","20190218:0000",-43.531,172.619,"Christchurch Central",2081,"Christchurch",100012,"Canterbury",1010,NA,18.55,NA
"10998","20190219:0000",-43.531,172.619,"Christchurch Central",2081,"Christchurch",100012,"Canterbury",1010,NA,19.2,NA
"10999","20190220:0000",-43.531,172.619,"Christchurch Central",2081,"Christchurch",100012,"Canterbury",1010,NA,22.25,NA
"11000","20190221:0000",-43.531,172.619,"Christchurch Central",2081,"Christchurch",100012,"Canterbury",1010,NA,22.35,NA
"11001","20190222:0000",-43.531,172.619,"Christchurch Central",2081,"Christchurch",100012,"Canterbury",1010,NA,23.7,NA
"11002","20190223:0000",-43.531,172.619,"Christchurch Central",2081,"Christchurch",100012,"Canterbury",1010,NA,15.3,NA
"11003","20190224:0000",-43.531,172.619,"Christchurch Central",2081,"Christchurch",100012,"Canterbury",1010,NA,14.05,NA
"11004","20190225:0000",-43.531,172.619,"Christchurch Central",2081,"Christchurch",100012,"Canterbury",1010,NA,13.15,NA
"11005","20190226:0000",-43.531,172.619,"Christchurch Central",2081,"Christchurch",100012,"Canterbury",1010,NA,15.6,NA
"11006","20190227:0000",-43.531,172.619,"Christchurch Central",2081,"Christchurch",100012,"Canterbury",1010,NA,19.25,NA
"11007","20190228:0000",-43.531,172.619,"Christchurch Central",2081,"Christchurch",100012,"Canterbury",1010,NA,12.15,NA
"11008","20190301:0000",-43.531,172.619,"Christchurch Central",2081,"Christchurch",100012,"Canterbury",1010,NA,13.5,NA
"11009","20190302:0000",-43.531,172.619,"Christchurch Central",2081,"Christchurch",100012,"Canterbury",1010,NA,15.05,NA
"11010","20190303:0000",-43.531,172.619,"Christchurch Central",2081,"Christchurch",100012,"Canterbury",1010,NA,16.15,NA
"11011","20190304:0000",-43.531,172.619,"Christchurch Central",2081,"Christchurch",100012,"Canterbury",1010,NA,17.95,NA
"11012","20190305:0000",-43.531,172.619,"Christchurch Central",2081,"Christchurch",100012,"Canterbury",1010,NA,19.95,NA
"11013","20190306:0000",-43.531,172.619,"Christchurch Central",2081,"Christchurch",100012,"Canterbury",1010,NA,19.85,NA
"11014","20190307:0000",-43.531,172.619,"Christchurch Central",2081,"Christchurch",100012,"Canterbury",1010,NA,20.55,NA
"11015","20190308:0000",-43.531,172.619,"Christchurch Central",2081,"Christchurch",100012,"Canterbury",1010,NA,NA,NA
"11016","20190309:0000",-43.531,172.619,"Christchurch Central",2081,"Christchurch",100012,"Canterbury",1010,NA,14.3,NA
"11017","20190310:0000",-43.531,172.619,"Christchurch Central",2081,"Christchurch",100012,"Canterbury",1010,NA,14.7,NA
"11018","20190311:0000",-43.531,172.619,"Christchurch Central",2081,"Christchurch",100012,"Canterbury",1010,NA,16.2,NA
"11019","20190312:0000",-43.531,172.619,"Christchurch Central",2081,"Christchurch",100012,"Canterbury",1010,NA,22.7,NA
"11020","20190313:0000",-43.531,172.619,"Christchurch Central",2081,"Christchurch",100012,"Canterbury",1010,NA,20.05,NA
"11021","20190314:0000",-43.531,172.619,"Christchurch Central",2081,"Christchurch",100012,"Canterbury",1010,NA,15.85,NA
"11022","20190315:0000",-43.531,172.619,"Christchurch Central",2081,"Christchurch",100012,"Canterbury",1010,NA,16.85,NA
"11023","20190316:0000",-43.531,172.619,"Christchurch Central",2081,"Christchurch",100012,"Canterbury",1010,NA,18.3,NA
"11024","20190317:0000",-43.531,172.619,"Christchurch Central",2081,"Christchurch",100012,"Canterbury",1010,NA,13.7,NA
"11025","20190318:0000",-43.531,172.619,"Christchurch Central",2081,"Christchurch",100012,"Canterbury",1010,NA,15.3,NA
"11026","20190319:0000",-43.531,172.619,"Christchurch Central",2081,"Christchurch",100012,"Canterbury",1010,NA,18.6,NA
"11027","20190320:0000",-43.531,172.619,"Christchurch Central",2081,"Christchurch",100012,"Canterbury",1010,NA,18.6,NA
"11028","20190321:0000",-43.531,172.619,"Christchurch Central",2081,"Christchurch",100012,"Canterbury",1010,NA,17.5,NA
"11029","20190322:0000",-43.531,172.619,"Christchurch Central",2081,"Christchurch",100012,"Canterbury",1010,NA,18.1,NA
"11030","20190323:0000",-43.531,172.619,"Christchurch Central",2081,"Christchurch",100012,"Canterbury",1010,NA,17,NA
"11031","20190324:0000",-43.531,172.619,"Christchurch Central",2081,"Christchurch",100012,"Canterbury",1010,NA,18.7,NA
"11032","20190325:0000",-43.531,172.619,"Christchurch Central",2081,"Christchurch",100012,"Canterbury",1010,NA,20.8,NA
"11033","20190326:0000",-43.531,172.619,"Christchurch Central",2081,"Christchurch",100012,"Canterbury",1010,NA,19.7,NA
"11034","20190327:0000",-43.531,172.619,"Christchurch Central",2081,"Christchurch",100012,"Canterbury",1010,NA,21.05,NA
"11035","20190328:0000",-43.531,172.619,"Christchurch Central",2081,"Christchurch",100012,"Canterbury",1010,NA,15.45,NA
"11036","20190329:0000",-43.531,172.619,"Christchurch Central",2081,"Christchurch",100012,"Canterbury",1010,NA,13.75,NA
"11037","20190330:0000",-43.531,172.619,"Christchurch Central",2081,"Christchurch",100012,"Canterbury",1010,NA,16.55,NA
"11038","20190331:0000",-43.531,172.619,"Christchurch Central",2081,"Christchurch",100012,"Canterbury",1010,NA,18.3,NA
"11039","20190401:0000",-43.531,172.619,"Christchurch Central",2081,"Christchurch",100012,"Canterbury",1010,NA,21.35,NA
"11040","20190402:0000",-43.531,172.619,"Christchurch Central",2081,"Christchurch",100012,"Canterbury",1010,NA,12.4,NA
"11041","20190403:0000",-43.531,172.619,"Christchurch Central",2081,"Christchurch",100012,"Canterbury",1010,NA,12.7,NA
"11042","20190404:0000",-43.531,172.619,"Christchurch Central",2081,"Christchurch",100012,"Canterbury",1010,NA,12.3,NA
"11043","20190405:0000",-43.531,172.619,"Christchurch Central",2081,"Christchurch",100012,"Canterbury",1010,NA,9.95,NA
"11044","20190406:0000",-43.531,172.619,"Christchurch Central",2081,"Christchurch",100012,"Canterbury",1010,NA,9.2,NA
"11045","20190407:0000",-43.531,172.619,"Christchurch Central",2081,"Christchurch",100012,"Canterbury",1010,NA,9.1,NA
"11046","20190408:0000",-43.531,172.619,"Christchurch Central",2081,"Christchurch",100012,"Canterbury",1010,NA,12.6,NA
"11047","20190409:0000",-43.531,172.619,"Christchurch Central",2081,"Christchurch",100012,"Canterbury",1010,NA,13.3,NA
"11048","20190410:0000",-43.531,172.619,"Christchurch Central",2081,"Christchurch",100012,"Canterbury",1010,NA,19.9,NA
"11049","20190411:0000",-43.531,172.619,"Christchurch Central",2081,"Christchurch",100012,"Canterbury",1010,NA,13.05,NA
"11050","20190412:0000",-43.531,172.619,"Christchurch Central",2081,"Christchurch",100012,"Canterbury",1010,NA,11.4,NA
"11051","20190413:0000",-43.531,172.619,"Christchurch Central",2081,"Christchurch",100012,"Canterbury",1010,NA,12.2,NA
"11052","20190414:0000",-43.531,172.619,"Christchurch Central",2081,"Christchurch",100012,"Canterbury",1010,NA,10.35,NA
"11053","20190415:0000",-43.531,172.619,"Christchurch Central",2081,"Christchurch",100012,"Canterbury",1010,NA,11.5,NA
"11054","20190416:0000",-43.531,172.619,"Christchurch Central",2081,"Christchurch",100012,"Canterbury",1010,NA,12.45,NA
"11055","20190417:0000",-43.531,172.619,"Christchurch Central",2081,"Christchurch",100012,"Canterbury",1010,NA,9.85,NA
"11056","20190418:0000",-43.531,172.619,"Christchurch Central",2081,"Christchurch",100012,"Canterbury",1010,NA,10.05,NA
"11057","20190419:0000",-43.531,172.619,"Christchurch Central",2081,"Christchurch",100012,"Canterbury",1010,NA,12.75,NA
"11058","20190420:0000",-43.531,172.619,"Christchurch Central",2081,"Christchurch",100012,"Canterbury",1010,NA,12.25,NA
"11059","20190421:0000",-43.531,172.619,"Christchurch Central",2081,"Christchurch",100012,"Canterbury",1010,NA,12.9,NA
"11060","20190422:0000",-43.531,172.619,"Christchurch Central",2081,"Christchurch",100012,"Canterbury",1010,NA,13.15,NA
"11061","20190423:0000",-43.531,172.619,"Christchurch Central",2081,"Christchurch",100012,"Canterbury",1010,NA,12.45,NA
"11062","20190424:0000",-43.531,172.619,"Christchurch Central",2081,"Christchurch",100012,"Canterbury",1010,NA,12.7,NA
"11063","20190425:0000",-43.531,172.619,"Christchurch Central",2081,"Christchurch",100012,"Canterbury",1010,NA,13.65,NA
"11064","20190426:0000",-43.531,172.619,"Christchurch Central",2081,"Christchurch",100012,"Canterbury",1010,NA,14.65,NA
"11065","20190427:0000",-43.531,172.619,"Christchurch Central",2081,"Christchurch",100012,"Canterbury",1010,NA,18.7,NA
"11066","20190428:0000",-43.531,172.619,"Christchurch Central",2081,"Christchurch",100012,"Canterbury",1010,NA,14,NA
"11067","20190429:0000",-43.531,172.619,"Christchurch Central",2081,"Christchurch",100012,"Canterbury",1010,NA,11.65,NA
"11068","20190430:0000",-43.531,172.619,"Christchurch Central",2081,"Christchurch",100012,"Canterbury",1010,NA,9.15,NA
"11069","20190501:0000",-43.531,172.619,"Christchurch Central",2081,"Christchurch",100012,"Canterbury",1010,NA,9.75,NA
"11070","20190502:0000",-43.531,172.619,"Christchurch Central",2081,"Christchurch",100012,"Canterbury",1010,NA,13.25,NA
"11071","20190503:0000",-43.531,172.619,"Christchurch Central",2081,"Christchurch",100012,"Canterbury",1010,NA,12.9,NA
"11072","20190504:0000",-43.531,172.619,"Christchurch Central",2081,"Christchurch",100012,"Canterbury",1010,NA,15.05,NA
"11073","20190505:0000",-43.531,172.619,"Christchurch Central",2081,"Christchurch",100012,"Canterbury",1010,NA,13.1,NA
"11074","20190506:0000",-43.531,172.619,"Christchurch Central",2081,"Christchurch",100012,"Canterbury",1010,NA,11.7,NA
"11075","20190507:0000",-43.531,172.619,"Christchurch Central",2081,"Christchurch",100012,"Canterbury",1010,NA,13.3,NA
"11076","20190508:0000",-43.531,172.619,"Christchurch Central",2081,"Christchurch",100012,"Canterbury",1010,NA,13.8,NA
"11077","20190509:0000",-43.531,172.619,"Christchurch Central",2081,"Christchurch",100012,"Canterbury",1010,NA,16.35,NA
"11078","20190510:0000",-43.531,172.619,"Christchurch Central",2081,"Christchurch",100012,"Canterbury",1010,NA,15.25,NA
"11079","20190511:0000",-43.531,172.619,"Christchurch Central",2081,"Christchurch",100012,"Canterbury",1010,NA,10.25,NA
"11080","20190512:0000",-43.531,172.619,"Christchurch Central",2081,"Christchurch",100012,"Canterbury",1010,NA,13.1,NA
"11081","20190513:0000",-43.531,172.619,"Christchurch Central",2081,"Christchurch",100012,"Canterbury",1010,NA,12.05,NA
"11082","20190514:0000",-43.531,172.619,"Christchurch Central",2081,"Christchurch",100012,"Canterbury",1010,NA,9.4,NA
"11083","20190515:0000",-43.531,172.619,"Christchurch Central",2081,"Christchurch",100012,"Canterbury",1010,NA,12.15,NA
"11084","20190516:0000",-43.531,172.619,"Christchurch Central",2081,"Christchurch",100012,"Canterbury",1010,NA,9.65,NA
"11085","20190517:0000",-43.531,172.619,"Christchurch Central",2081,"Christchurch",100012,"Canterbury",1010,NA,6.9,NA
"11086","20190518:0000",-43.531,172.619,"Christchurch Central",2081,"Christchurch",100012,"Canterbury",1010,NA,6.95,NA
"11087","20190519:0000",-43.531,172.619,"Christchurch Central",2081,"Christchurch",100012,"Canterbury",1010,NA,8.55,NA
"11088","20190520:0000",-43.531,172.619,"Christchurch Central",2081,"Christchurch",100012,"Canterbury",1010,NA,8.6,NA
"11089","20190521:0000",-43.531,172.619,"Christchurch Central",2081,"Christchurch",100012,"Canterbury",1010,NA,9.3,NA
"11090","20190522:0000",-43.531,172.619,"Christchurch Central",2081,"Christchurch",100012,"Canterbury",1010,NA,9.3,NA
"11091","20190523:0000",-43.531,172.619,"Christchurch Central",2081,"Christchurch",100012,"Canterbury",1010,NA,9.75,NA
"11092","20190524:0000",-43.531,172.619,"Christchurch Central",2081,"Christchurch",100012,"Canterbury",1010,NA,10.35,NA
"11093","20190525:0000",-43.531,172.619,"Christchurch Central",2081,"Christchurch",100012,"Canterbury",1010,NA,9.15,NA
"11094","20190526:0000",-43.531,172.619,"Christchurch Central",2081,"Christchurch",100012,"Canterbury",1010,NA,12.2,NA
"11095","20190527:0000",-43.531,172.619,"Christchurch Central",2081,"Christchurch",100012,"Canterbury",1010,NA,10.8,NA
"11096","20190528:0000",-43.531,172.619,"Christchurch Central",2081,"Christchurch",100012,"Canterbury",1010,NA,13.4,NA
"11097","20190529:0000",-43.531,172.619,"Christchurch Central",2081,"Christchurch",100012,"Canterbury",1010,NA,13.9,NA
"11098","20190530:0000",-43.531,172.619,"Christchurch Central",2081,"Christchurch",100012,"Canterbury",1010,NA,14.85,NA
"11099","20190531:0000",-43.531,172.619,"Christchurch Central",2081,"Christchurch",100012,"Canterbury",1010,NA,10.3,NA
"11100","20190601:0000",-43.531,172.619,"Christchurch Central",2081,"Christchurch",100012,"Canterbury",1010,NA,7.4,NA
"11101","20190602:0000",-43.531,172.619,"Christchurch Central",2081,"Christchurch",100012,"Canterbury",1010,NA,6.15,NA
"11102","20190603:0000",-43.531,172.619,"Christchurch Central",2081,"Christchurch",100012,"Canterbury",1010,NA,5.25,NA
"11103","20190604:0000",-43.531,172.619,"Christchurch Central",2081,"Christchurch",100012,"Canterbury",1010,NA,4.9,NA
"11104","20190605:0000",-43.531,172.619,"Christchurch Central",2081,"Christchurch",100012,"Canterbury",1010,NA,3.85,NA
"11105","20190606:0000",-43.531,172.619,"Christchurch Central",2081,"Christchurch",100012,"Canterbury",1010,NA,4.7,NA
"11106","20190607:0000",-43.531,172.619,"Christchurch Central",2081,"Christchurch",100012,"Canterbury",1010,NA,7.55,NA
"11107","20190608:0000",-43.531,172.619,"Christchurch Central",2081,"Christchurch",100012,"Canterbury",1010,NA,9,NA
"11108","20190609:0000",-43.531,172.619,"Christchurch Central",2081,"Christchurch",100012,"Canterbury",1010,NA,5.7,NA
"11109","20190610:0000",-43.531,172.619,"Christchurch Central",2081,"Christchurch",100012,"Canterbury",1010,NA,7.8,NA
"11110","20190611:0000",-43.531,172.619,"Christchurch Central",2081,"Christchurch",100012,"Canterbury",1010,NA,10.35,NA
"11111","20190612:0000",-43.531,172.619,"Christchurch Central",2081,"Christchurch",100012,"Canterbury",1010,NA,10,NA
"11112","20190613:0000",-43.531,172.619,"Christchurch Central",2081,"Christchurch",100012,"Canterbury",1010,NA,11.8,NA
"11113","20190614:0000",-43.531,172.619,"Christchurch Central",2081,"Christchurch",100012,"Canterbury",1010,NA,11.8,NA
"11114","20190615:0000",-43.531,172.619,"Christchurch Central",2081,"Christchurch",100012,"Canterbury",1010,NA,10.55,NA
"11115","20190616:0000",-43.531,172.619,"Christchurch Central",2081,"Christchurch",100012,"Canterbury",1010,NA,7.7,NA
"11116","20190617:0000",-43.531,172.619,"Christchurch Central",2081,"Christchurch",100012,"Canterbury",1010,NA,6.2,NA
"11117","20190618:0000",-43.531,172.619,"Christchurch Central",2081,"Christchurch",100012,"Canterbury",1010,NA,6.75,NA
"11118","20190619:0000",-43.531,172.619,"Christchurch Central",2081,"Christchurch",100012,"Canterbury",1010,NA,5.85,NA
"11119","20190620:0000",-43.531,172.619,"Christchurch Central",2081,"Christchurch",100012,"Canterbury",1010,NA,4.9,NA
"11120","20190621:0000",-43.531,172.619,"Christchurch Central",2081,"Christchurch",100012,"Canterbury",1010,NA,9.45,NA
"11121","20190622:0000",-43.531,172.619,"Christchurch Central",2081,"Christchurch",100012,"Canterbury",1010,NA,7.65,NA
"11122","20190623:0000",-43.531,172.619,"Christchurch Central",2081,"Christchurch",100012,"Canterbury",1010,NA,4.95,NA
"11123","20190624:0000",-43.531,172.619,"Christchurch Central",2081,"Christchurch",100012,"Canterbury",1010,NA,7.2,NA
"11124","20190625:0000",-43.531,172.619,"Christchurch Central",2081,"Christchurch",100012,"Canterbury",1010,NA,6.75,NA
"11125","20190626:0000",-43.531,172.619,"Christchurch Central",2081,"Christchurch",100012,"Canterbury",1010,NA,6.2,NA
"11126","20190627:0000",-43.531,172.619,"Christchurch Central",2081,"Christchurch",100012,"Canterbury",1010,NA,5.65,NA
"11127","20190628:0000",-43.531,172.619,"Christchurch Central",2081,"Christchurch",100012,"Canterbury",1010,NA,6.1,NA
"11128","20190629:0000",-43.531,172.619,"Christchurch Central",2081,"Christchurch",100012,"Canterbury",1010,NA,6.95,NA
"11129","20190630:0000",-43.531,172.619,"Christchurch Central",2081,"Christchurch",100012,"Canterbury",1010,NA,5.95,NA
"11130","20190701:0000",-43.531,172.619,"Christchurch Central",2081,"Christchurch",100012,"Canterbury",1010,NA,5,NA
"11131","20190702:0000",-43.531,172.619,"Christchurch Central",2081,"Christchurch",100012,"Canterbury",1010,NA,8.5,NA
"11132","20190703:0000",-43.531,172.619,"Christchurch Central",2081,"Christchurch",100012,"Canterbury",1010,NA,14.55,NA
"11133","20190704:0000",-43.531,172.619,"Christchurch Central",2081,"Christchurch",100012,"Canterbury",1010,NA,8.3,NA
"11134","20190705:0000",-43.531,172.619,"Christchurch Central",2081,"Christchurch",100012,"Canterbury",1010,NA,6.4,NA
"11135","20190706:0000",-43.531,172.619,"Christchurch Central",2081,"Christchurch",100012,"Canterbury",1010,NA,7.85,NA
"11136","20190707:0000",-43.531,172.619,"Christchurch Central",2081,"Christchurch",100012,"Canterbury",1010,NA,2.3,NA
"11137","20190708:0000",-43.531,172.619,"Christchurch Central",2081,"Christchurch",100012,"Canterbury",1010,NA,5.4,NA
"11138","20190709:0000",-43.531,172.619,"Christchurch Central",2081,"Christchurch",100012,"Canterbury",1010,NA,9.4,NA
"11139","20190710:0000",-43.531,172.619,"Christchurch Central",2081,"Christchurch",100012,"Canterbury",1010,NA,12.65,NA
"11140","20190711:0000",-43.531,172.619,"Christchurch Central",2081,"Christchurch",100012,"Canterbury",1010,NA,8.85,NA
"11141","20190712:0000",-43.531,172.619,"Christchurch Central",2081,"Christchurch",100012,"Canterbury",1010,NA,8.45,NA
"11142","20190713:0000",-43.531,172.619,"Christchurch Central",2081,"Christchurch",100012,"Canterbury",1010,NA,5.95,NA
"11143","20190714:0000",-43.531,172.619,"Christchurch Central",2081,"Christchurch",100012,"Canterbury",1010,NA,7.2,NA
"11144","20190715:0000",-43.531,172.619,"Christchurch Central",2081,"Christchurch",100012,"Canterbury",1010,NA,7.7,NA
"11145","20190716:0000",-43.531,172.619,"Christchurch Central",2081,"Christchurch",100012,"Canterbury",1010,NA,8.55,NA
"11146","20190717:0000",-43.531,172.619,"Christchurch Central",2081,"Christchurch",100012,"Canterbury",1010,NA,6.05,NA
"11147","20190718:0000",-43.531,172.619,"Christchurch Central",2081,"Christchurch",100012,"Canterbury",1010,NA,4.75,NA
"11148","20190719:0000",-43.531,172.619,"Christchurch Central",2081,"Christchurch",100012,"Canterbury",1010,NA,4.6,NA
"11149","20190720:0000",-43.531,172.619,"Christchurch Central",2081,"Christchurch",100012,"Canterbury",1010,NA,8.75,NA
"11150","20190721:0000",-43.531,172.619,"Christchurch Central",2081,"Christchurch",100012,"Canterbury",1010,NA,9.5,NA
"11151","20190722:0000",-43.531,172.619,"Christchurch Central",2081,"Christchurch",100012,"Canterbury",1010,NA,9.1,NA
"11152","20190723:0000",-43.531,172.619,"Christchurch Central",2081,"Christchurch",100012,"Canterbury",1010,NA,9.1,NA
"11153","20190724:0000",-43.531,172.619,"Christchurch Central",2081,"Christchurch",100012,"Canterbury",1010,NA,9.5,NA
"11154","20190725:0000",-43.531,172.619,"Christchurch Central",2081,"Christchurch",100012,"Canterbury",1010,NA,9.4,NA
"11155","20190726:0000",-43.531,172.619,"Christchurch Central",2081,"Christchurch",100012,"Canterbury",1010,NA,8.75,NA
"11156","20190727:0000",-43.531,172.619,"Christchurch Central",2081,"Christchurch",100012,"Canterbury",1010,NA,10.55,NA
"11157","20190728:0000",-43.531,172.619,"Christchurch Central",2081,"Christchurch",100012,"Canterbury",1010,NA,9.6,NA
"11158","20190729:0000",-43.531,172.619,"Christchurch Central",2081,"Christchurch",100012,"Canterbury",1010,NA,9.5,NA
"11159","20190730:0000",-43.531,172.619,"Christchurch Central",2081,"Christchurch",100012,"Canterbury",1010,NA,10.85,NA
"11160","20190731:0000",-43.531,172.619,"Christchurch Central",2081,"Christchurch",100012,"Canterbury",1010,NA,7.95,NA
"11161","20190801:0000",-43.531,172.619,"Christchurch Central",2081,"Christchurch",100012,"Canterbury",1010,NA,7.75,NA
"11162","20190802:0000",-43.531,172.619,"Christchurch Central",2081,"Christchurch",100012,"Canterbury",1010,NA,6.85,NA
"11163","20190803:0000",-43.531,172.619,"Christchurch Central",2081,"Christchurch",100012,"Canterbury",1010,NA,8.8,NA
"11164","20190804:0000",-43.531,172.619,"Christchurch Central",2081,"Christchurch",100012,"Canterbury",1010,NA,5.3,NA
"11165","20190805:0000",-43.531,172.619,"Christchurch Central",2081,"Christchurch",100012,"Canterbury",1010,NA,4.8,NA
"11166","20190806:0000",-43.531,172.619,"Christchurch Central",2081,"Christchurch",100012,"Canterbury",1010,NA,6.3,NA
"11167","20190807:0000",-43.531,172.619,"Christchurch Central",2081,"Christchurch",100012,"Canterbury",1010,NA,8.45,NA
"11168","20190808:0000",-43.531,172.619,"Christchurch Central",2081,"Christchurch",100012,"Canterbury",1010,NA,7.3,NA
"11169","20190809:0000",-43.531,172.619,"Christchurch Central",2081,"Christchurch",100012,"Canterbury",1010,NA,9.2,NA
"11170","20190810:0000",-43.531,172.619,"Christchurch Central",2081,"Christchurch",100012,"Canterbury",1010,NA,5.95,NA
"11171","20190811:0000",-43.531,172.619,"Christchurch Central",2081,"Christchurch",100012,"Canterbury",1010,NA,7.5,NA
"11172","20190812:0000",-43.531,172.619,"Christchurch Central",2081,"Christchurch",100012,"Canterbury",1010,NA,6.1,NA
"11173","20190813:0000",-43.531,172.619,"Christchurch Central",2081,"Christchurch",100012,"Canterbury",1010,NA,8.75,NA
"11174","20190814:0000",-43.531,172.619,"Christchurch Central",2081,"Christchurch",100012,"Canterbury",1010,NA,7.15,NA
"11175","20190815:0000",-43.531,172.619,"Christchurch Central",2081,"Christchurch",100012,"Canterbury",1010,NA,5.75,NA
"11176","20190816:0000",-43.531,172.619,"Christchurch Central",2081,"Christchurch",100012,"Canterbury",1010,NA,8.95,NA
"11177","20190817:0000",-43.531,172.619,"Christchurch Central",2081,"Christchurch",100012,"Canterbury",1010,NA,7.15,NA
"11178","20190818:0000",-43.531,172.619,"Christchurch Central",2081,"Christchurch",100012,"Canterbury",1010,NA,6.3,NA
"11179","20190819:0000",-43.531,172.619,"Christchurch Central",2081,"Christchurch",100012,"Canterbury",1010,NA,6.4,NA
"11180","20190820:0000",-43.531,172.619,"Christchurch Central",2081,"Christchurch",100012,"Canterbury",1010,NA,8.2,NA
"11181","20190821:0000",-43.531,172.619,"Christchurch Central",2081,"Christchurch",100012,"Canterbury",1010,NA,10.75,NA
"11182","20190822:0000",-43.531,172.619,"Christchurch Central",2081,"Christchurch",100012,"Canterbury",1010,NA,11.5,NA
"11183","20190823:0000",-43.531,172.619,"Christchurch Central",2081,"Christchurch",100012,"Canterbury",1010,NA,9.45,NA
"11184","20190824:0000",-43.531,172.619,"Christchurch Central",2081,"Christchurch",100012,"Canterbury",1010,NA,9.35,NA
"11185","20190825:0000",-43.531,172.619,"Christchurch Central",2081,"Christchurch",100012,"Canterbury",1010,NA,11.25,NA
"11186","20190826:0000",-43.531,172.619,"Christchurch Central",2081,"Christchurch",100012,"Canterbury",1010,NA,9.6,NA
"11187","20190827:0000",-43.531,172.619,"Christchurch Central",2081,"Christchurch",100012,"Canterbury",1010,NA,7.6,NA
"11188","20190828:0000",-43.531,172.619,"Christchurch Central",2081,"Christchurch",100012,"Canterbury",1010,NA,8.8,NA
"11189","20190829:0000",-43.531,172.619,"Christchurch Central",2081,"Christchurch",100012,"Canterbury",1010,NA,10.55,NA
"11190","20190830:0000",-43.531,172.619,"Christchurch Central",2081,"Christchurch",100012,"Canterbury",1010,NA,9.2,NA
"11191","20190831:0000",-43.531,172.619,"Christchurch Central",2081,"Christchurch",100012,"Canterbury",1010,NA,10.95,NA
"11192","20190901:0000",-43.531,172.619,"Christchurch Central",2081,"Christchurch",100012,"Canterbury",1010,NA,12.3,NA
"11193","20190902:0000",-43.531,172.619,"Christchurch Central",2081,"Christchurch",100012,"Canterbury",1010,NA,9.9,NA
"11194","20190903:0000",-43.531,172.619,"Christchurch Central",2081,"Christchurch",100012,"Canterbury",1010,NA,10.5,NA
"11195","20190904:0000",-43.531,172.619,"Christchurch Central",2081,"Christchurch",100012,"Canterbury",1010,NA,9.25,NA
"11196","20190905:0000",-43.531,172.619,"Christchurch Central",2081,"Christchurch",100012,"Canterbury",1010,NA,9.75,NA
"11197","20190906:0000",-43.531,172.619,"Christchurch Central",2081,"Christchurch",100012,"Canterbury",1010,NA,8.05,NA
"11198","20190907:0000",-43.531,172.619,"Christchurch Central",2081,"Christchurch",100012,"Canterbury",1010,NA,7.95,NA
"11199","20190908:0000",-43.531,172.619,"Christchurch Central",2081,"Christchurch",100012,"Canterbury",1010,NA,5.15,NA
"11200","20190909:0000",-43.531,172.619,"Christchurch Central",2081,"Christchurch",100012,"Canterbury",1010,NA,6.9,NA
"11201","20190910:0000",-43.531,172.619,"Christchurch Central",2081,"Christchurch",100012,"Canterbury",1010,NA,7.2,NA
"11202","20190911:0000",-43.531,172.619,"Christchurch Central",2081,"Christchurch",100012,"Canterbury",1010,NA,8.15,NA
"11203","20190912:0000",-43.531,172.619,"Christchurch Central",2081,"Christchurch",100012,"Canterbury",1010,NA,11.05,NA
"11204","20190913:0000",-43.531,172.619,"Christchurch Central",2081,"Christchurch",100012,"Canterbury",1010,NA,13.3,NA
"11205","20190914:0000",-43.531,172.619,"Christchurch Central",2081,"Christchurch",100012,"Canterbury",1010,NA,8,NA
"11206","20190915:0000",-43.531,172.619,"Christchurch Central",2081,"Christchurch",100012,"Canterbury",1010,NA,11,NA
"11207","20190916:0000",-43.531,172.619,"Christchurch Central",2081,"Christchurch",100012,"Canterbury",1010,NA,12.35,NA
"11208","20190917:0000",-43.531,172.619,"Christchurch Central",2081,"Christchurch",100012,"Canterbury",1010,NA,13.4,NA
"11209","20190918:0000",-43.531,172.619,"Christchurch Central",2081,"Christchurch",100012,"Canterbury",1010,NA,9,NA
"11210","20190919:0000",-43.531,172.619,"Christchurch Central",2081,"Christchurch",100012,"Canterbury",1010,NA,8.6,NA
"11211","20190920:0000",-43.531,172.619,"Christchurch Central",2081,"Christchurch",100012,"Canterbury",1010,NA,9.95,NA
"11212","20190921:0000",-43.531,172.619,"Christchurch Central",2081,"Christchurch",100012,"Canterbury",1010,NA,11.2,NA
"11213","20190922:0000",-43.531,172.619,"Christchurch Central",2081,"Christchurch",100012,"Canterbury",1010,NA,11.6,NA
"11214","20190923:0000",-43.531,172.619,"Christchurch Central",2081,"Christchurch",100012,"Canterbury",1010,NA,13,NA
"11215","20190924:0000",-43.531,172.619,"Christchurch Central",2081,"Christchurch",100012,"Canterbury",1010,NA,12.2,NA
"11216","20190925:0000",-43.531,172.619,"Christchurch Central",2081,"Christchurch",100012,"Canterbury",1010,NA,8.8,NA
"11217","20190926:0000",-43.531,172.619,"Christchurch Central",2081,"Christchurch",100012,"Canterbury",1010,NA,9.1,NA
"11218","20190927:0000",-43.531,172.619,"Christchurch Central",2081,"Christchurch",100012,"Canterbury",1010,NA,11.5,NA
"11219","20190928:0000",-43.531,172.619,"Christchurch Central",2081,"Christchurch",100012,"Canterbury",1010,NA,12.8,NA
"11220","20190929:0000",-43.531,172.619,"Christchurch Central",2081,"Christchurch",100012,"Canterbury",1010,NA,16,NA
"11221","20190930:0000",-43.531,172.619,"Christchurch Central",2081,"Christchurch",100012,"Canterbury",1010,NA,15.05,NA
"11222","20191001:0000",-43.531,172.619,"Christchurch Central",2081,"Christchurch",100012,"Canterbury",1010,NA,8.2,NA
"11223","20191002:0000",-43.531,172.619,"Christchurch Central",2081,"Christchurch",100012,"Canterbury",1010,NA,7.7,NA
"11224","20191003:0000",-43.531,172.619,"Christchurch Central",2081,"Christchurch",100012,"Canterbury",1010,NA,8.3,NA
"11225","20191004:0000",-43.531,172.619,"Christchurch Central",2081,"Christchurch",100012,"Canterbury",1010,NA,5.05,NA
"11226","20191005:0000",-43.531,172.619,"Christchurch Central",2081,"Christchurch",100012,"Canterbury",1010,NA,9.3,NA
"11227","20191006:0000",-43.531,172.619,"Christchurch Central",2081,"Christchurch",100012,"Canterbury",1010,NA,7.85,NA
"11228","20191007:0000",-43.531,172.619,"Christchurch Central",2081,"Christchurch",100012,"Canterbury",1010,NA,12.8,NA
"11229","20191008:0000",-43.531,172.619,"Christchurch Central",2081,"Christchurch",100012,"Canterbury",1010,NA,15.15,NA
"11230","20191009:0000",-43.531,172.619,"Christchurch Central",2081,"Christchurch",100012,"Canterbury",1010,NA,17,NA
"11231","20191010:0000",-43.531,172.619,"Christchurch Central",2081,"Christchurch",100012,"Canterbury",1010,NA,16.45,NA
"11232","20191011:0000",-43.531,172.619,"Christchurch Central",2081,"Christchurch",100012,"Canterbury",1010,NA,13.35,NA
"11233","20191012:0000",-43.531,172.619,"Christchurch Central",2081,"Christchurch",100012,"Canterbury",1010,NA,11.5,NA
"11234","20191013:0000",-43.531,172.619,"Christchurch Central",2081,"Christchurch",100012,"Canterbury",1010,NA,11.75,NA
"11235","20191014:0000",-43.531,172.619,"Christchurch Central",2081,"Christchurch",100012,"Canterbury",1010,NA,11.25,NA
"11236","20191015:0000",-43.531,172.619,"Christchurch Central",2081,"Christchurch",100012,"Canterbury",1010,NA,12.65,NA
"11237","20191016:0000",-43.531,172.619,"Christchurch Central",2081,"Christchurch",100012,"Canterbury",1010,NA,12.65,NA
"11238","20191017:0000",-43.531,172.619,"Christchurch Central",2081,"Christchurch",100012,"Canterbury",1010,NA,10.9,NA
"11239","20191018:0000",-43.531,172.619,"Christchurch Central",2081,"Christchurch",100012,"Canterbury",1010,NA,9.65,NA
"11240","20191019:0000",-43.531,172.619,"Christchurch Central",2081,"Christchurch",100012,"Canterbury",1010,NA,13.2,NA
"11241","20191020:0000",-43.531,172.619,"Christchurch Central",2081,"Christchurch",100012,"Canterbury",1010,NA,13.25,NA
"11242","20191021:0000",-43.531,172.619,"Christchurch Central",2081,"Christchurch",100012,"Canterbury",1010,NA,13.8,NA
"11243","20191022:0000",-43.531,172.619,"Christchurch Central",2081,"Christchurch",100012,"Canterbury",1010,NA,9.45,NA
"11244","20191023:0000",-43.531,172.619,"Christchurch Central",2081,"Christchurch",100012,"Canterbury",1010,NA,9.5,NA
"11245","20191024:0000",-43.531,172.619,"Christchurch Central",2081,"Christchurch",100012,"Canterbury",1010,NA,10.45,NA
"11246","20191025:0000",-43.531,172.619,"Christchurch Central",2081,"Christchurch",100012,"Canterbury",1010,NA,8.25,NA
"11247","20191026:0000",-43.531,172.619,"Christchurch Central",2081,"Christchurch",100012,"Canterbury",1010,NA,13.6,NA
"11248","20191027:0000",-43.531,172.619,"Christchurch Central",2081,"Christchurch",100012,"Canterbury",1010,NA,17,NA
"11249","20191028:0000",-43.531,172.619,"Christchurch Central",2081,"Christchurch",100012,"Canterbury",1010,NA,14.9,NA
"11250","20191029:0000",-43.531,172.619,"Christchurch Central",2081,"Christchurch",100012,"Canterbury",1010,NA,12,NA
"11251","20191030:0000",-43.531,172.619,"Christchurch Central",2081,"Christchurch",100012,"Canterbury",1010,NA,12.85,NA
"11252","20191031:0000",-43.531,172.619,"Christchurch Central",2081,"Christchurch",100012,"Canterbury",1010,NA,9.55,NA
"11253","20191101:0000",-43.531,172.619,"Christchurch Central",2081,"Christchurch",100012,"Canterbury",1010,NA,10.5,NA
"11254","20191102:0000",-43.531,172.619,"Christchurch Central",2081,"Christchurch",100012,"Canterbury",1010,NA,14.5,NA
"11255","20191103:0000",-43.531,172.619,"Christchurch Central",2081,"Christchurch",100012,"Canterbury",1010,NA,21.75,NA
"11256","20191104:0000",-43.531,172.619,"Christchurch Central",2081,"Christchurch",100012,"Canterbury",1010,NA,18.55,NA
"11257","20191105:0000",-43.531,172.619,"Christchurch Central",2081,"Christchurch",100012,"Canterbury",1010,NA,16.6,NA
"11258","20191106:0000",-43.531,172.619,"Christchurch Central",2081,"Christchurch",100012,"Canterbury",1010,NA,14.65,NA
"11259","20191107:0000",-43.531,172.619,"Christchurch Central",2081,"Christchurch",100012,"Canterbury",1010,NA,18.95,NA
"11260","20191108:0000",-43.531,172.619,"Christchurch Central",2081,"Christchurch",100012,"Canterbury",1010,NA,22.25,NA
"11261","20191109:0000",-43.531,172.619,"Christchurch Central",2081,"Christchurch",100012,"Canterbury",1010,NA,20.7,NA
"11262","20191110:0000",-43.531,172.619,"Christchurch Central",2081,"Christchurch",100012,"Canterbury",1010,NA,17.5,NA
"11263","20191111:0000",-43.531,172.619,"Christchurch Central",2081,"Christchurch",100012,"Canterbury",1010,NA,10.75,NA
"11264","20191112:0000",-43.531,172.619,"Christchurch Central",2081,"Christchurch",100012,"Canterbury",1010,NA,12.9,NA
"11265","20191113:0000",-43.531,172.619,"Christchurch Central",2081,"Christchurch",100012,"Canterbury",1010,NA,15.2,NA
"11266","20191114:0000",-43.531,172.619,"Christchurch Central",2081,"Christchurch",100012,"Canterbury",1010,NA,15,NA
"11267","20191115:0000",-43.531,172.619,"Christchurch Central",2081,"Christchurch",100012,"Canterbury",1010,NA,13.85,NA
"11268","20191116:0000",-43.531,172.619,"Christchurch Central",2081,"Christchurch",100012,"Canterbury",1010,NA,17.65,NA
"11269","20191117:0000",-43.531,172.619,"Christchurch Central",2081,"Christchurch",100012,"Canterbury",1010,NA,15.7,NA
"11270","20191118:0000",-43.531,172.619,"Christchurch Central",2081,"Christchurch",100012,"Canterbury",1010,NA,14.4,NA
"11271","20191119:0000",-43.531,172.619,"Christchurch Central",2081,"Christchurch",100012,"Canterbury",1010,NA,12.9,NA
"11272","20191120:0000",-43.531,172.619,"Christchurch Central",2081,"Christchurch",100012,"Canterbury",1010,NA,12.85,NA
"11273","20191121:0000",-43.531,172.619,"Christchurch Central",2081,"Christchurch",100012,"Canterbury",1010,NA,12,NA
"11274","20191122:0000",-43.531,172.619,"Christchurch Central",2081,"Christchurch",100012,"Canterbury",1010,NA,17.15,NA
"11275","20191123:0000",-43.531,172.619,"Christchurch Central",2081,"Christchurch",100012,"Canterbury",1010,NA,16.6,NA
"11276","20191124:0000",-43.531,172.619,"Christchurch Central",2081,"Christchurch",100012,"Canterbury",1010,NA,21.25,NA
"11277","20191125:0000",-43.531,172.619,"Christchurch Central",2081,"Christchurch",100012,"Canterbury",1010,NA,14,NA
"11278","20191126:0000",-43.531,172.619,"Christchurch Central",2081,"Christchurch",100012,"Canterbury",1010,NA,16.05,NA
"11279","20191127:0000",-43.531,172.619,"Christchurch Central",2081,"Christchurch",100012,"Canterbury",1010,NA,17.9,NA
"11280","20191128:0000",-43.531,172.619,"Christchurch Central",2081,"Christchurch",100012,"Canterbury",1010,NA,24.7,NA
"11281","20191129:0000",-43.531,172.619,"Christchurch Central",2081,"Christchurch",100012,"Canterbury",1010,NA,15.95,NA
"11282","20191130:0000",-43.531,172.619,"Christchurch Central",2081,"Christchurch",100012,"Canterbury",1010,NA,16.05,NA
"11283","20191201:0000",-43.531,172.619,"Christchurch Central",2081,"Christchurch",100012,"Canterbury",1010,NA,18.45,NA
"11284","20191202:0000",-43.531,172.619,"Christchurch Central",2081,"Christchurch",100012,"Canterbury",1010,NA,18.2,NA
"11285","20191203:0000",-43.531,172.619,"Christchurch Central",2081,"Christchurch",100012,"Canterbury",1010,NA,20.75,NA
"11286","20191204:0000",-43.531,172.619,"Christchurch Central",2081,"Christchurch",100012,"Canterbury",1010,NA,18.2,NA
"11287","20191205:0000",-43.531,172.619,"Christchurch Central",2081,"Christchurch",100012,"Canterbury",1010,NA,17,NA
"11288","20191206:0000",-43.531,172.619,"Christchurch Central",2081,"Christchurch",100012,"Canterbury",1010,NA,18.8,NA
"11289","20191207:0000",-43.531,172.619,"Christchurch Central",2081,"Christchurch",100012,"Canterbury",1010,NA,21.8,NA
"11290","20191208:0000",-43.531,172.619,"Christchurch Central",2081,"Christchurch",100012,"Canterbury",1010,NA,19.55,NA
"11291","20191209:0000",-43.531,172.619,"Christchurch Central",2081,"Christchurch",100012,"Canterbury",1010,NA,14.4,NA
"11292","20191210:0000",-43.531,172.619,"Christchurch Central",2081,"Christchurch",100012,"Canterbury",1010,NA,13.85,NA
"11293","20191211:0000",-43.531,172.619,"Christchurch Central",2081,"Christchurch",100012,"Canterbury",1010,NA,18.9,NA
"11294","20191212:0000",-43.531,172.619,"Christchurch Central",2081,"Christchurch",100012,"Canterbury",1010,NA,16.45,NA
"11295","20191213:0000",-43.531,172.619,"Christchurch Central",2081,"Christchurch",100012,"Canterbury",1010,NA,19.45,NA
"11296","20191214:0000",-43.531,172.619,"Christchurch Central",2081,"Christchurch",100012,"Canterbury",1010,NA,17.55,NA
"11297","20191215:0000",-43.531,172.619,"Christchurch Central",2081,"Christchurch",100012,"Canterbury",1010,NA,17.3,NA
"11298","20191216:0000",-43.531,172.619,"Christchurch Central",2081,"Christchurch",100012,"Canterbury",1010,NA,15.15,NA
"11299","20191217:0000",-43.531,172.619,"Christchurch Central",2081,"Christchurch",100012,"Canterbury",1010,NA,14.25,NA
"11300","20191218:0000",-43.531,172.619,"Christchurch Central",2081,"Christchurch",100012,"Canterbury",1010,NA,13.35,NA
"11301","20191219:0000",-43.531,172.619,"Christchurch Central",2081,"Christchurch",100012,"Canterbury",1010,NA,15.8,NA
"11302","20191220:0000",-43.531,172.619,"Christchurch Central",2081,"Christchurch",100012,"Canterbury",1010,NA,17.35,NA
"11303","20191221:0000",-43.531,172.619,"Christchurch Central",2081,"Christchurch",100012,"Canterbury",1010,NA,13.05,NA
"11304","20191222:0000",-43.531,172.619,"Christchurch Central",2081,"Christchurch",100012,"Canterbury",1010,NA,16.05,NA
"11305","20191223:0000",-43.531,172.619,"Christchurch Central",2081,"Christchurch",100012,"Canterbury",1010,NA,15,NA
"11306","20191224:0000",-43.531,172.619,"Christchurch Central",2081,"Christchurch",100012,"Canterbury",1010,NA,14.5,NA
"11307","20191225:0000",-43.531,172.619,"Christchurch Central",2081,"Christchurch",100012,"Canterbury",1010,NA,16.05,NA
"11308","20191226:0000",-43.531,172.619,"Christchurch Central",2081,"Christchurch",100012,"Canterbury",1010,NA,16.45,NA
"11309","20191227:0000",-43.531,172.619,"Christchurch Central",2081,"Christchurch",100012,"Canterbury",1010,NA,17.55,NA
"11310","20191228:0000",-43.531,172.619,"Christchurch Central",2081,"Christchurch",100012,"Canterbury",1010,NA,14.7,NA
"11311","20191229:0000",-43.531,172.619,"Christchurch Central",2081,"Christchurch",100012,"Canterbury",1010,NA,14.3,NA
"11312","20191230:0000",-43.531,172.619,"Christchurch Central",2081,"Christchurch",100012,"Canterbury",1010,NA,16.1,NA
"11313","20191231:0000",-43.531,172.619,"Christchurch Central",2081,"Christchurch",100012,"Canterbury",1010,NA,16.95,NA
"11314","20200101:0000",-43.531,172.619,"Christchurch Central",2081,"Christchurch",100012,"Canterbury",1010,NA,21.9,NA
"11315","20200102:0000",-43.531,172.619,"Christchurch Central",2081,"Christchurch",100012,"Canterbury",1010,NA,18.1,NA
"11316","20200103:0000",-43.531,172.619,"Christchurch Central",2081,"Christchurch",100012,"Canterbury",1010,NA,16.3,NA
"11317","20200104:0000",-43.531,172.619,"Christchurch Central",2081,"Christchurch",100012,"Canterbury",1010,NA,14.15,NA
"11318","20200105:0000",-43.531,172.619,"Christchurch Central",2081,"Christchurch",100012,"Canterbury",1010,NA,18.3,NA
"11319","20200106:0000",-43.531,172.619,"Christchurch Central",2081,"Christchurch",100012,"Canterbury",1010,NA,16.6,NA
"11320","20200107:0000",-43.531,172.619,"Christchurch Central",2081,"Christchurch",100012,"Canterbury",1010,NA,15.1,NA
"11321","20200108:0000",-43.531,172.619,"Christchurch Central",2081,"Christchurch",100012,"Canterbury",1010,NA,14.55,NA
"11322","20200109:0000",-43.531,172.619,"Christchurch Central",2081,"Christchurch",100012,"Canterbury",1010,NA,17.9,NA
"11323","20200110:0000",-43.531,172.619,"Christchurch Central",2081,"Christchurch",100012,"Canterbury",1010,NA,16.05,NA
"11324","20200111:0000",-43.531,172.619,"Christchurch Central",2081,"Christchurch",100012,"Canterbury",1010,NA,20.75,NA
"11325","20200112:0000",-43.531,172.619,"Christchurch Central",2081,"Christchurch",100012,"Canterbury",1010,NA,24,NA
"11326","20200113:0000",-43.531,172.619,"Christchurch Central",2081,"Christchurch",100012,"Canterbury",1010,NA,16,NA
"11327","20200114:0000",-43.531,172.619,"Christchurch Central",2081,"Christchurch",100012,"Canterbury",1010,NA,14.1,NA
"11328","20200115:0000",-43.531,172.619,"Christchurch Central",2081,"Christchurch",100012,"Canterbury",1010,NA,13.7,NA
"11329","20200116:0000",-43.531,172.619,"Christchurch Central",2081,"Christchurch",100012,"Canterbury",1010,NA,13.7,NA
"11330","20200117:0000",-43.531,172.619,"Christchurch Central",2081,"Christchurch",100012,"Canterbury",1010,NA,17.2,NA
"11331","20200118:0000",-43.531,172.619,"Christchurch Central",2081,"Christchurch",100012,"Canterbury",1010,NA,17.15,NA
"11332","20200119:0000",-43.531,172.619,"Christchurch Central",2081,"Christchurch",100012,"Canterbury",1010,NA,16.3,NA
"11333","20200120:0000",-43.531,172.619,"Christchurch Central",2081,"Christchurch",100012,"Canterbury",1010,NA,18.3,NA
"11334","20200121:0000",-43.531,172.619,"Christchurch Central",2081,"Christchurch",100012,"Canterbury",1010,NA,19.05,NA
"11335","20200122:0000",-43.531,172.619,"Christchurch Central",2081,"Christchurch",100012,"Canterbury",1010,NA,19.85,NA
"11336","20200123:0000",-43.531,172.619,"Christchurch Central",2081,"Christchurch",100012,"Canterbury",1010,NA,19.95,NA
"11337","20200124:0000",-43.531,172.619,"Christchurch Central",2081,"Christchurch",100012,"Canterbury",1010,NA,18.65,NA
"11338","20200125:0000",-43.531,172.619,"Christchurch Central",2081,"Christchurch",100012,"Canterbury",1010,NA,22.3,NA
"11339","20200126:0000",-43.531,172.619,"Christchurch Central",2081,"Christchurch",100012,"Canterbury",1010,NA,20.55,NA
"11340","20200127:0000",-43.531,172.619,"Christchurch Central",2081,"Christchurch",100012,"Canterbury",1010,NA,21.9,NA
"11341","20200128:0000",-43.531,172.619,"Christchurch Central",2081,"Christchurch",100012,"Canterbury",1010,NA,20.65,NA
"11342","20200129:0000",-43.531,172.619,"Christchurch Central",2081,"Christchurch",100012,"Canterbury",1010,NA,23.65,NA
"11343","20200130:0000",-43.531,172.619,"Christchurch Central",2081,"Christchurch",100012,"Canterbury",1010,NA,19.1,NA
"11344","20200131:0000",-43.531,172.619,"Christchurch Central",2081,"Christchurch",100012,"Canterbury",1010,NA,18.3,NA
"11345","20200201:0000",-43.531,172.619,"Christchurch Central",2081,"Christchurch",100012,"Canterbury",1010,NA,20.85,NA
"11346","20200202:0000",-43.531,172.619,"Christchurch Central",2081,"Christchurch",100012,"Canterbury",1010,NA,26.5,NA
"11347","20200203:0000",-43.531,172.619,"Christchurch Central",2081,"Christchurch",100012,"Canterbury",1010,NA,24.05,NA
"11348","20200204:0000",-43.531,172.619,"Christchurch Central",2081,"Christchurch",100012,"Canterbury",1010,NA,24.3,NA
"11349","20200205:0000",-43.531,172.619,"Christchurch Central",2081,"Christchurch",100012,"Canterbury",1010,NA,13.95,NA
"11350","20200206:0000",-43.531,172.619,"Christchurch Central",2081,"Christchurch",100012,"Canterbury",1010,NA,17.15,NA
"11351","20200207:0000",-43.531,172.619,"Christchurch Central",2081,"Christchurch",100012,"Canterbury",1010,NA,15.95,NA
"11352","20200208:0000",-43.531,172.619,"Christchurch Central",2081,"Christchurch",100012,"Canterbury",1010,NA,14.65,NA
"11353","20200209:0000",-43.531,172.619,"Christchurch Central",2081,"Christchurch",100012,"Canterbury",1010,NA,15.2,NA
"11354","20200210:0000",-43.531,172.619,"Christchurch Central",2081,"Christchurch",100012,"Canterbury",1010,NA,15.3,NA
"11355","20200211:0000",-43.531,172.619,"Christchurch Central",2081,"Christchurch",100012,"Canterbury",1010,NA,17.25,NA
"11356","20200212:0000",-43.531,172.619,"Christchurch Central",2081,"Christchurch",100012,"Canterbury",1010,NA,16.8,NA
"11357","20200213:0000",-43.531,172.619,"Christchurch Central",2081,"Christchurch",100012,"Canterbury",1010,NA,20.25,NA
"11358","20200214:0000",-43.531,172.619,"Christchurch Central",2081,"Christchurch",100012,"Canterbury",1010,NA,14.6,NA
"11359","20200215:0000",-43.531,172.619,"Christchurch Central",2081,"Christchurch",100012,"Canterbury",1010,NA,16.85,NA
"11360","20200216:0000",-43.531,172.619,"Christchurch Central",2081,"Christchurch",100012,"Canterbury",1010,NA,21.1,NA
"11361","20200217:0000",-43.531,172.619,"Christchurch Central",2081,"Christchurch",100012,"Canterbury",1010,NA,26.1,NA
"11362","20200218:0000",-43.531,172.619,"Christchurch Central",2081,"Christchurch",100012,"Canterbury",1010,NA,20.65,NA
"11363","20200219:0000",-43.531,172.619,"Christchurch Central",2081,"Christchurch",100012,"Canterbury",1010,NA,19.7,NA
"11364","20200220:0000",-43.531,172.619,"Christchurch Central",2081,"Christchurch",100012,"Canterbury",1010,NA,16.75,NA
"11365","20200221:0000",-43.531,172.619,"Christchurch Central",2081,"Christchurch",100012,"Canterbury",1010,NA,22.65,NA
"11366","20200222:0000",-43.531,172.619,"Christchurch Central",2081,"Christchurch",100012,"Canterbury",1010,NA,17.2,NA
"11367","20200223:0000",-43.531,172.619,"Christchurch Central",2081,"Christchurch",100012,"Canterbury",1010,NA,15.45,NA
"11368","20200224:0000",-43.531,172.619,"Christchurch Central",2081,"Christchurch",100012,"Canterbury",1010,NA,15.85,NA
"11369","20200225:0000",-43.531,172.619,"Christchurch Central",2081,"Christchurch",100012,"Canterbury",1010,NA,17,NA
"11370","20200226:0000",-43.531,172.619,"Christchurch Central",2081,"Christchurch",100012,"Canterbury",1010,NA,18.55,NA
"11371","20200227:0000",-43.531,172.619,"Christchurch Central",2081,"Christchurch",100012,"Canterbury",1010,NA,20.7,NA
"11372","20200228:0000",-43.531,172.619,"Christchurch Central",2081,"Christchurch",100012,"Canterbury",1010,NA,21.35,NA
"11373","20200229:0000",-43.531,172.619,"Christchurch Central",2081,"Christchurch",100012,"Canterbury",1010,NA,17.3,NA
"11374","20200301:0000",-43.531,172.619,"Christchurch Central",2081,"Christchurch",100012,"Canterbury",1010,NA,17.5,NA
"11375","20200302:0000",-43.531,172.619,"Christchurch Central",2081,"Christchurch",100012,"Canterbury",1010,NA,18.45,NA
"11376","20200303:0000",-43.531,172.619,"Christchurch Central",2081,"Christchurch",100012,"Canterbury",1010,NA,22.55,NA
"11377","20200304:0000",-43.531,172.619,"Christchurch Central",2081,"Christchurch",100012,"Canterbury",1010,NA,15.15,NA
"11378","20200305:0000",-43.531,172.619,"Christchurch Central",2081,"Christchurch",100012,"Canterbury",1010,NA,12.05,NA
"11379","20200306:0000",-43.531,172.619,"Christchurch Central",2081,"Christchurch",100012,"Canterbury",1010,NA,13.5,NA
"11380","20200307:0000",-43.531,172.619,"Christchurch Central",2081,"Christchurch",100012,"Canterbury",1010,NA,17.3,NA
"11381","20200308:0000",-43.531,172.619,"Christchurch Central",2081,"Christchurch",100012,"Canterbury",1010,NA,17.65,NA
"11382","20200309:0000",-43.531,172.619,"Christchurch Central",2081,"Christchurch",100012,"Canterbury",1010,NA,21.6,NA
"11383","20200310:0000",-43.531,172.619,"Christchurch Central",2081,"Christchurch",100012,"Canterbury",1010,NA,15.7,NA
"11384","20200311:0000",-43.531,172.619,"Christchurch Central",2081,"Christchurch",100012,"Canterbury",1010,NA,13.5,NA
"11385","20200312:0000",-43.531,172.619,"Christchurch Central",2081,"Christchurch",100012,"Canterbury",1010,NA,16.25,NA
"11386","20200313:0000",-43.531,172.619,"Christchurch Central",2081,"Christchurch",100012,"Canterbury",1010,NA,14.7,NA
"11387","20200314:0000",-43.531,172.619,"Christchurch Central",2081,"Christchurch",100012,"Canterbury",1010,NA,16.7,NA
"11388","20200315:0000",-43.531,172.619,"Christchurch Central",2081,"Christchurch",100012,"Canterbury",1010,NA,16.1,NA
"11389","20200316:0000",-43.531,172.619,"Christchurch Central",2081,"Christchurch",100012,"Canterbury",1010,NA,17.4,NA
"11390","20200317:0000",-43.531,172.619,"Christchurch Central",2081,"Christchurch",100012,"Canterbury",1010,NA,13.25,NA
"11391","20200318:0000",-43.531,172.619,"Christchurch Central",2081,"Christchurch",100012,"Canterbury",1010,NA,9.9,NA
"11392","20200319:0000",-43.531,172.619,"Christchurch Central",2081,"Christchurch",100012,"Canterbury",1010,NA,15.4,NA
"11393","20200320:0000",-43.531,172.619,"Christchurch Central",2081,"Christchurch",100012,"Canterbury",1010,NA,11.35,NA
"11394","20200321:0000",-43.531,172.619,"Christchurch Central",2081,"Christchurch",100012,"Canterbury",1010,NA,12.15,NA
"11395","20200322:0000",-43.531,172.619,"Christchurch Central",2081,"Christchurch",100012,"Canterbury",1010,NA,18.15,NA
"11396","20200323:0000",-43.531,172.619,"Christchurch Central",2081,"Christchurch",100012,"Canterbury",1010,NA,14.75,NA
"11397","20200324:0000",-43.531,172.619,"Christchurch Central",2081,"Christchurch",100012,"Canterbury",1010,NA,7.4,NA
"11398","20200325:0000",-43.531,172.619,"Christchurch Central",2081,"Christchurch",100012,"Canterbury",1010,NA,11.25,NA
"11399","20200326:0000",-43.531,172.619,"Christchurch Central",2081,"Christchurch",100012,"Canterbury",1010,NA,14.7,NA
"11400","20200327:0000",-43.531,172.619,"Christchurch Central",2081,"Christchurch",100012,"Canterbury",1010,NA,11.5,NA
"11401","20200328:0000",-43.531,172.619,"Christchurch Central",2081,"Christchurch",100012,"Canterbury",1010,NA,13.1,NA
"11402","20200329:0000",-43.531,172.619,"Christchurch Central",2081,"Christchurch",100012,"Canterbury",1010,NA,10.55,NA
"11403","20200330:0000",-43.531,172.619,"Christchurch Central",2081,"Christchurch",100012,"Canterbury",1010,NA,12.25,NA
"11404","20200331:0000",-43.531,172.619,"Christchurch Central",2081,"Christchurch",100012,"Canterbury",1010,NA,15,NA
"11405","20200401:0000",-43.531,172.619,"Christchurch Central",2081,"Christchurch",100012,"Canterbury",1010,NA,16.4,NA
"11406","20200402:0000",-43.531,172.619,"Christchurch Central",2081,"Christchurch",100012,"Canterbury",1010,NA,16,NA
"11407","20200403:0000",-43.531,172.619,"Christchurch Central",2081,"Christchurch",100012,"Canterbury",1010,NA,13.75,NA
"11408","20200404:0000",-43.531,172.619,"Christchurch Central",2081,"Christchurch",100012,"Canterbury",1010,NA,13.6,NA
"11409","20200405:0000",-43.531,172.619,"Christchurch Central",2081,"Christchurch",100012,"Canterbury",1010,NA,15.85,NA
"11410","20200406:0000",-43.531,172.619,"Christchurch Central",2081,"Christchurch",100012,"Canterbury",1010,NA,16.35,NA
"11411","20200407:0000",-43.531,172.619,"Christchurch Central",2081,"Christchurch",100012,"Canterbury",1010,NA,14.6,NA
"11412","20200408:0000",-43.531,172.619,"Christchurch Central",2081,"Christchurch",100012,"Canterbury",1010,NA,14.45,NA
"11413","20200409:0000",-43.531,172.619,"Christchurch Central",2081,"Christchurch",100012,"Canterbury",1010,NA,12.4,NA
"11414","20200410:0000",-43.531,172.619,"Christchurch Central",2081,"Christchurch",100012,"Canterbury",1010,NA,12.3,NA
"11415","20200411:0000",-43.531,172.619,"Christchurch Central",2081,"Christchurch",100012,"Canterbury",1010,NA,14.5,NA
"11416","20200412:0000",-43.531,172.619,"Christchurch Central",2081,"Christchurch",100012,"Canterbury",1010,NA,14.65,NA
"11417","20200413:0000",-43.531,172.619,"Christchurch Central",2081,"Christchurch",100012,"Canterbury",1010,NA,15.7,NA
"11418","20200414:0000",-43.531,172.619,"Christchurch Central",2081,"Christchurch",100012,"Canterbury",1010,NA,8.75,NA
"11419","20200415:0000",-43.531,172.619,"Christchurch Central",2081,"Christchurch",100012,"Canterbury",1010,NA,9.9,NA
"11420","20200416:0000",-43.531,172.619,"Christchurch Central",2081,"Christchurch",100012,"Canterbury",1010,NA,10.9,NA
"11421","20200417:0000",-43.531,172.619,"Christchurch Central",2081,"Christchurch",100012,"Canterbury",1010,NA,11.45,NA
"11422","20200418:0000",-43.531,172.619,"Christchurch Central",2081,"Christchurch",100012,"Canterbury",1010,NA,15.2,NA
"11423","20200419:0000",-43.531,172.619,"Christchurch Central",2081,"Christchurch",100012,"Canterbury",1010,NA,13,NA
"11424","20200420:0000",-43.531,172.619,"Christchurch Central",2081,"Christchurch",100012,"Canterbury",1010,NA,13.2,NA
"11425","20200421:0000",-43.531,172.619,"Christchurch Central",2081,"Christchurch",100012,"Canterbury",1010,NA,10.3,NA
"11426","20200422:0000",-43.531,172.619,"Christchurch Central",2081,"Christchurch",100012,"Canterbury",1010,NA,13.3,NA
"11427","20200423:0000",-43.531,172.619,"Christchurch Central",2081,"Christchurch",100012,"Canterbury",1010,NA,11.2,NA
"11428","20200424:0000",-43.531,172.619,"Christchurch Central",2081,"Christchurch",100012,"Canterbury",1010,NA,12.25,NA
"11429","20200425:0000",-43.531,172.619,"Christchurch Central",2081,"Christchurch",100012,"Canterbury",1010,NA,16.1,NA
"11430","20200426:0000",-43.531,172.619,"Christchurch Central",2081,"Christchurch",100012,"Canterbury",1010,NA,12.8,NA
"11431","20200427:0000",-43.531,172.619,"Christchurch Central",2081,"Christchurch",100012,"Canterbury",1010,NA,16.25,NA
"11432","20200428:0000",-43.531,172.619,"Christchurch Central",2081,"Christchurch",100012,"Canterbury",1010,NA,12.15,NA
"11433","20200429:0000",-43.531,172.619,"Christchurch Central",2081,"Christchurch",100012,"Canterbury",1010,NA,13.8,NA
"11434","20200430:0000",-43.531,172.619,"Christchurch Central",2081,"Christchurch",100012,"Canterbury",1010,NA,14.5,NA
"11435","20200501:0000",-43.531,172.619,"Christchurch Central",2081,"Christchurch",100012,"Canterbury",1010,NA,13.75,NA
"11436","20200502:0000",-43.531,172.619,"Christchurch Central",2081,"Christchurch",100012,"Canterbury",1010,NA,12.45,NA
"11437","20200503:0000",-43.531,172.619,"Christchurch Central",2081,"Christchurch",100012,"Canterbury",1010,NA,17.8,NA
"11438","20200504:0000",-43.531,172.619,"Christchurch Central",2081,"Christchurch",100012,"Canterbury",1010,NA,13.55,NA
"11439","20200505:0000",-43.531,172.619,"Christchurch Central",2081,"Christchurch",100012,"Canterbury",1010,NA,9.55,NA
"11440","20200506:0000",-43.531,172.619,"Christchurch Central",2081,"Christchurch",100012,"Canterbury",1010,NA,9,NA
"11441","20200507:0000",-43.531,172.619,"Christchurch Central",2081,"Christchurch",100012,"Canterbury",1010,NA,12.85,NA
"11442","20200508:0000",-43.531,172.619,"Christchurch Central",2081,"Christchurch",100012,"Canterbury",1010,NA,10.2,NA
"11443","20200509:0000",-43.531,172.619,"Christchurch Central",2081,"Christchurch",100012,"Canterbury",1010,NA,13.05,NA
"11444","20200510:0000",-43.531,172.619,"Christchurch Central",2081,"Christchurch",100012,"Canterbury",1010,NA,13.8,NA
"11445","20200511:0000",-43.531,172.619,"Christchurch Central",2081,"Christchurch",100012,"Canterbury",1010,NA,12.95,NA
"11446","20200512:0000",-43.531,172.619,"Christchurch Central",2081,"Christchurch",100012,"Canterbury",1010,NA,12.75,NA
"11447","20200513:0000",-43.531,172.619,"Christchurch Central",2081,"Christchurch",100012,"Canterbury",1010,NA,10.6,NA
"11448","20200514:0000",-43.531,172.619,"Christchurch Central",2081,"Christchurch",100012,"Canterbury",1010,NA,11.3,NA
"11449","20200515:0000",-43.531,172.619,"Christchurch Central",2081,"Christchurch",100012,"Canterbury",1010,NA,11.6,NA
"11450","20200516:0000",-43.531,172.619,"Christchurch Central",2081,"Christchurch",100012,"Canterbury",1010,NA,10.1,NA
"11451","20200517:0000",-43.531,172.619,"Christchurch Central",2081,"Christchurch",100012,"Canterbury",1010,NA,7.25,NA
"11452","20200518:0000",-43.531,172.619,"Christchurch Central",2081,"Christchurch",100012,"Canterbury",1010,NA,7.55,NA
"11453","20200519:0000",-43.531,172.619,"Christchurch Central",2081,"Christchurch",100012,"Canterbury",1010,NA,9.85,NA
"11454","20200520:0000",-43.531,172.619,"Christchurch Central",2081,"Christchurch",100012,"Canterbury",1010,NA,6.8,NA
"11455","20200521:0000",-43.531,172.619,"Christchurch Central",2081,"Christchurch",100012,"Canterbury",1010,NA,11.15,NA
"11456","20200522:0000",-43.531,172.619,"Christchurch Central",2081,"Christchurch",100012,"Canterbury",1010,NA,12.35,NA
"11457","20200523:0000",-43.531,172.619,"Christchurch Central",2081,"Christchurch",100012,"Canterbury",1010,NA,9.05,NA
"11458","20200524:0000",-43.531,172.619,"Christchurch Central",2081,"Christchurch",100012,"Canterbury",1010,NA,9.7,NA
"11459","20200525:0000",-43.531,172.619,"Christchurch Central",2081,"Christchurch",100012,"Canterbury",1010,NA,10.75,NA
"11460","20200526:0000",-43.531,172.619,"Christchurch Central",2081,"Christchurch",100012,"Canterbury",1010,NA,10.85,NA
"11461","20200527:0000",-43.531,172.619,"Christchurch Central",2081,"Christchurch",100012,"Canterbury",1010,NA,8.2,NA
"11462","20200528:0000",-43.531,172.619,"Christchurch Central",2081,"Christchurch",100012,"Canterbury",1010,NA,6.85,NA
"11463","20200529:0000",-43.531,172.619,"Christchurch Central",2081,"Christchurch",100012,"Canterbury",1010,NA,8.2,NA
"11464","20200530:0000",-43.531,172.619,"Christchurch Central",2081,"Christchurch",100012,"Canterbury",1010,NA,7.95,NA
"11465","20200531:0000",-43.531,172.619,"Christchurch Central",2081,"Christchurch",100012,"Canterbury",1010,NA,7.4,NA
"11466","20200601:0000",-43.531,172.619,"Christchurch Central",2081,"Christchurch",100012,"Canterbury",1010,NA,9.5,NA
"11467","20200602:0000",-43.531,172.619,"Christchurch Central",2081,"Christchurch",100012,"Canterbury",1010,NA,11.25,NA
"11468","20200603:0000",-43.531,172.619,"Christchurch Central",2081,"Christchurch",100012,"Canterbury",1010,NA,11.15,NA
"11469","20200604:0000",-43.531,172.619,"Christchurch Central",2081,"Christchurch",100012,"Canterbury",1010,NA,11.3,NA
"11470","20200605:0000",-43.531,172.619,"Christchurch Central",2081,"Christchurch",100012,"Canterbury",1010,NA,8.25,NA
"11471","20200606:0000",-43.531,172.619,"Christchurch Central",2081,"Christchurch",100012,"Canterbury",1010,NA,4.75,NA
"11472","20200607:0000",-43.531,172.619,"Christchurch Central",2081,"Christchurch",100012,"Canterbury",1010,NA,3.65,NA
"11473","20200608:0000",-43.531,172.619,"Christchurch Central",2081,"Christchurch",100012,"Canterbury",1010,NA,5.85,NA
"11474","20200609:0000",-43.531,172.619,"Christchurch Central",2081,"Christchurch",100012,"Canterbury",1010,NA,8.2,NA
"11475","20200610:0000",-43.531,172.619,"Christchurch Central",2081,"Christchurch",100012,"Canterbury",1010,NA,9.2,NA
"11476","20200611:0000",-43.531,172.619,"Christchurch Central",2081,"Christchurch",100012,"Canterbury",1010,NA,8.6,NA
"11477","20200612:0000",-43.531,172.619,"Christchurch Central",2081,"Christchurch",100012,"Canterbury",1010,NA,9.1,NA
"11478","20200613:0000",-43.531,172.619,"Christchurch Central",2081,"Christchurch",100012,"Canterbury",1010,NA,5.35,NA
"11479","20200614:0000",-43.531,172.619,"Christchurch Central",2081,"Christchurch",100012,"Canterbury",1010,NA,5.5,NA
"11480","20200615:0000",-43.531,172.619,"Christchurch Central",2081,"Christchurch",100012,"Canterbury",1010,NA,6.1,NA
"11481","20200616:0000",-43.531,172.619,"Christchurch Central",2081,"Christchurch",100012,"Canterbury",1010,NA,9.1,NA
"11482","20200617:0000",-43.531,172.619,"Christchurch Central",2081,"Christchurch",100012,"Canterbury",1010,NA,13.75,NA
"11483","20200618:0000",-43.531,172.619,"Christchurch Central",2081,"Christchurch",100012,"Canterbury",1010,NA,13.9,NA
"11484","20200619:0000",-43.531,172.619,"Christchurch Central",2081,"Christchurch",100012,"Canterbury",1010,NA,6.1,NA
"11485","20200620:0000",-43.531,172.619,"Christchurch Central",2081,"Christchurch",100012,"Canterbury",1010,NA,6.15,NA
"11486","20200621:0000",-43.531,172.619,"Christchurch Central",2081,"Christchurch",100012,"Canterbury",1010,NA,7.3,NA
"11487","20200622:0000",-43.531,172.619,"Christchurch Central",2081,"Christchurch",100012,"Canterbury",1010,NA,8.55,NA
"11488","20200623:0000",-43.531,172.619,"Christchurch Central",2081,"Christchurch",100012,"Canterbury",1010,NA,8.15,NA
"11489","20200624:0000",-43.531,172.619,"Christchurch Central",2081,"Christchurch",100012,"Canterbury",1010,NA,8.25,NA
"11490","20200625:0000",-43.531,172.619,"Christchurch Central",2081,"Christchurch",100012,"Canterbury",1010,NA,7.8,NA
"11491","20200626:0000",-43.531,172.619,"Christchurch Central",2081,"Christchurch",100012,"Canterbury",1010,NA,9,NA
"11492","20200627:0000",-43.531,172.619,"Christchurch Central",2081,"Christchurch",100012,"Canterbury",1010,NA,10.15,NA
"11493","20200628:0000",-43.531,172.619,"Christchurch Central",2081,"Christchurch",100012,"Canterbury",1010,NA,10.65,NA
"11494","20200629:0000",-43.531,172.619,"Christchurch Central",2081,"Christchurch",100012,"Canterbury",1010,NA,8.2,NA
"11495","20200630:0000",-43.531,172.619,"Christchurch Central",2081,"Christchurch",100012,"Canterbury",1010,NA,6.75,NA
"11496","20200701:0000",-43.531,172.619,"Christchurch Central",2081,"Christchurch",100012,"Canterbury",1010,NA,6.85,NA
"11497","20200702:0000",-43.531,172.619,"Christchurch Central",2081,"Christchurch",100012,"Canterbury",1010,NA,7.5,NA
"11498","20200703:0000",-43.531,172.619,"Christchurch Central",2081,"Christchurch",100012,"Canterbury",1010,NA,6.25,NA
"11499","20200704:0000",-43.531,172.619,"Christchurch Central",2081,"Christchurch",100012,"Canterbury",1010,NA,6.5,NA
"11500","20200705:0000",-43.531,172.619,"Christchurch Central",2081,"Christchurch",100012,"Canterbury",1010,NA,11.85,NA
"11501","20200706:0000",-43.531,172.619,"Christchurch Central",2081,"Christchurch",100012,"Canterbury",1010,NA,9.75,NA
"11502","20200707:0000",-43.531,172.619,"Christchurch Central",2081,"Christchurch",100012,"Canterbury",1010,NA,6.9,NA
"11503","20200708:0000",-43.531,172.619,"Christchurch Central",2081,"Christchurch",100012,"Canterbury",1010,NA,6.6,NA
"11504","20200709:0000",-43.531,172.619,"Christchurch Central",2081,"Christchurch",100012,"Canterbury",1010,NA,6.6,NA
"11505","20200710:0000",-43.531,172.619,"Christchurch Central",2081,"Christchurch",100012,"Canterbury",1010,NA,6.9,NA
"11506","20200711:0000",-43.531,172.619,"Christchurch Central",2081,"Christchurch",100012,"Canterbury",1010,NA,5.05,NA
"11507","20200712:0000",-43.531,172.619,"Christchurch Central",2081,"Christchurch",100012,"Canterbury",1010,NA,8.7,NA
"11508","20200713:0000",-43.531,172.619,"Christchurch Central",2081,"Christchurch",100012,"Canterbury",1010,NA,6.95,NA
"11509","20200714:0000",-43.531,172.619,"Christchurch Central",2081,"Christchurch",100012,"Canterbury",1010,NA,4.5,NA
"11510","20200715:0000",-43.531,172.619,"Christchurch Central",2081,"Christchurch",100012,"Canterbury",1010,NA,4.2,NA
"11511","20200716:0000",-43.531,172.619,"Christchurch Central",2081,"Christchurch",100012,"Canterbury",1010,NA,4.45,NA
"11512","20200717:0000",-43.531,172.619,"Christchurch Central",2081,"Christchurch",100012,"Canterbury",1010,NA,5.4,NA
"11513","20200718:0000",-43.531,172.619,"Christchurch Central",2081,"Christchurch",100012,"Canterbury",1010,NA,7.3,NA
"11514","20200719:0000",-43.531,172.619,"Christchurch Central",2081,"Christchurch",100012,"Canterbury",1010,NA,9.3,NA
"11515","20200720:0000",-43.531,172.619,"Christchurch Central",2081,"Christchurch",100012,"Canterbury",1010,NA,11.3,NA
"11516","20200721:0000",-43.531,172.619,"Christchurch Central",2081,"Christchurch",100012,"Canterbury",1010,NA,13.7,NA
"11517","20200722:0000",-43.531,172.619,"Christchurch Central",2081,"Christchurch",100012,"Canterbury",1010,NA,8.1,NA
"11518","20200723:0000",-43.531,172.619,"Christchurch Central",2081,"Christchurch",100012,"Canterbury",1010,NA,6.65,NA
"11519","20200724:0000",-43.531,172.619,"Christchurch Central",2081,"Christchurch",100012,"Canterbury",1010,NA,5.4,NA
"11520","20200725:0000",-43.531,172.619,"Christchurch Central",2081,"Christchurch",100012,"Canterbury",1010,NA,6.15,NA
"11521","20200726:0000",-43.531,172.619,"Christchurch Central",2081,"Christchurch",100012,"Canterbury",1010,NA,7.55,NA
"11522","20200727:0000",-43.531,172.619,"Christchurch Central",2081,"Christchurch",100012,"Canterbury",1010,NA,6.55,NA
"11523","20200728:0000",-43.531,172.619,"Christchurch Central",2081,"Christchurch",100012,"Canterbury",1010,NA,5.65,NA
"11524","20200729:0000",-43.531,172.619,"Christchurch Central",2081,"Christchurch",100012,"Canterbury",1010,NA,7,NA
"11525","20200730:0000",-43.531,172.619,"Christchurch Central",2081,"Christchurch",100012,"Canterbury",1010,NA,10.5,NA
"11526","20200731:0000",-43.531,172.619,"Christchurch Central",2081,"Christchurch",100012,"Canterbury",1010,NA,11.35,NA
"11527","20200801:0000",-43.531,172.619,"Christchurch Central",2081,"Christchurch",100012,"Canterbury",1010,NA,8.95,NA
"11528","20200802:0000",-43.531,172.619,"Christchurch Central",2081,"Christchurch",100012,"Canterbury",1010,NA,12.05,NA
"11529","20200803:0000",-43.531,172.619,"Christchurch Central",2081,"Christchurch",100012,"Canterbury",1010,NA,11.25,NA
"11530","20200804:0000",-43.531,172.619,"Christchurch Central",2081,"Christchurch",100012,"Canterbury",1010,NA,9.45,NA
"11531","20200805:0000",-43.531,172.619,"Christchurch Central",2081,"Christchurch",100012,"Canterbury",1010,NA,7.5,NA
"11532","20200806:0000",-43.531,172.619,"Christchurch Central",2081,"Christchurch",100012,"Canterbury",1010,NA,9.95,NA
"11533","20200807:0000",-43.531,172.619,"Christchurch Central",2081,"Christchurch",100012,"Canterbury",1010,NA,10.15,NA
"11534","20200808:0000",-43.531,172.619,"Christchurch Central",2081,"Christchurch",100012,"Canterbury",1010,NA,8.8,NA
"11535","20200809:0000",-43.531,172.619,"Christchurch Central",2081,"Christchurch",100012,"Canterbury",1010,NA,8.7,NA
"11536","20200810:0000",-43.531,172.619,"Christchurch Central",2081,"Christchurch",100012,"Canterbury",1010,NA,10.15,NA
"11537","20200811:0000",-43.531,172.619,"Christchurch Central",2081,"Christchurch",100012,"Canterbury",1010,NA,7.1,NA
"11538","20200812:0000",-43.531,172.619,"Christchurch Central",2081,"Christchurch",100012,"Canterbury",1010,NA,7.55,NA
"11539","20200813:0000",-43.531,172.619,"Christchurch Central",2081,"Christchurch",100012,"Canterbury",1010,NA,8.05,NA
"11540","20200814:0000",-43.531,172.619,"Christchurch Central",2081,"Christchurch",100012,"Canterbury",1010,NA,7.7,NA
"11541","20200815:0000",-43.531,172.619,"Christchurch Central",2081,"Christchurch",100012,"Canterbury",1010,NA,6.05,NA
"11542","20200816:0000",-43.531,172.619,"Christchurch Central",2081,"Christchurch",100012,"Canterbury",1010,NA,6.95,NA
"11543","20200817:0000",-43.531,172.619,"Christchurch Central",2081,"Christchurch",100012,"Canterbury",1010,NA,5.25,NA
"11544","20200818:0000",-43.531,172.619,"Christchurch Central",2081,"Christchurch",100012,"Canterbury",1010,NA,5.1,NA
"11545","20200819:0000",-43.531,172.619,"Christchurch Central",2081,"Christchurch",100012,"Canterbury",1010,NA,11.15,NA
"11546","20200820:0000",-43.531,172.619,"Christchurch Central",2081,"Christchurch",100012,"Canterbury",1010,NA,12.25,NA
"11547","20200821:0000",-43.531,172.619,"Christchurch Central",2081,"Christchurch",100012,"Canterbury",1010,NA,8.55,NA
"11548","20200822:0000",-43.531,172.619,"Christchurch Central",2081,"Christchurch",100012,"Canterbury",1010,NA,10.2,NA
"11549","20200823:0000",-43.531,172.619,"Christchurch Central",2081,"Christchurch",100012,"Canterbury",1010,NA,10.2,NA
"11550","20200824:0000",-43.531,172.619,"Christchurch Central",2081,"Christchurch",100012,"Canterbury",1010,NA,13,NA
"11551","20200825:0000",-43.531,172.619,"Christchurch Central",2081,"Christchurch",100012,"Canterbury",1010,NA,9.85,NA
"11552","20200826:0000",-43.531,172.619,"Christchurch Central",2081,"Christchurch",100012,"Canterbury",1010,NA,7.85,NA
"11553","20200827:0000",-43.531,172.619,"Christchurch Central",2081,"Christchurch",100012,"Canterbury",1010,NA,7.05,NA
"11554","20200828:0000",-43.531,172.619,"Christchurch Central",2081,"Christchurch",100012,"Canterbury",1010,NA,9.1,NA
"11555","20200829:0000",-43.531,172.619,"Christchurch Central",2081,"Christchurch",100012,"Canterbury",1010,NA,10.75,NA
"11556","20200830:0000",-43.531,172.619,"Christchurch Central",2081,"Christchurch",100012,"Canterbury",1010,NA,13.9,NA
"11557","20200831:0000",-43.531,172.619,"Christchurch Central",2081,"Christchurch",100012,"Canterbury",1010,NA,12.35,NA
"11558","20200901:0000",-43.531,172.619,"Christchurch Central",2081,"Christchurch",100012,"Canterbury",1010,NA,5.95,NA
"11559","20200902:0000",-43.531,172.619,"Christchurch Central",2081,"Christchurch",100012,"Canterbury",1010,NA,6.75,NA
"11560","20200903:0000",-43.531,172.619,"Christchurch Central",2081,"Christchurch",100012,"Canterbury",1010,NA,6.8,NA
"11561","20200904:0000",-43.531,172.619,"Christchurch Central",2081,"Christchurch",100012,"Canterbury",1010,NA,10.1,NA
"11562","20200905:0000",-43.531,172.619,"Christchurch Central",2081,"Christchurch",100012,"Canterbury",1010,NA,12.25,NA
"11563","20200906:0000",-43.531,172.619,"Christchurch Central",2081,"Christchurch",100012,"Canterbury",1010,NA,14.45,NA
"11564","20200907:0000",-43.531,172.619,"Christchurch Central",2081,"Christchurch",100012,"Canterbury",1010,NA,9.85,NA
"11565","20200908:0000",-43.531,172.619,"Christchurch Central",2081,"Christchurch",100012,"Canterbury",1010,NA,10.4,NA
"11566","20200909:0000",-43.531,172.619,"Christchurch Central",2081,"Christchurch",100012,"Canterbury",1010,NA,13.55,NA
"11567","20200910:0000",-43.531,172.619,"Christchurch Central",2081,"Christchurch",100012,"Canterbury",1010,NA,9.85,NA
"11568","20200911:0000",-43.531,172.619,"Christchurch Central",2081,"Christchurch",100012,"Canterbury",1010,NA,8.05,NA
"11569","20200912:0000",-43.531,172.619,"Christchurch Central",2081,"Christchurch",100012,"Canterbury",1010,NA,6.7,NA
"11570","20200913:0000",-43.531,172.619,"Christchurch Central",2081,"Christchurch",100012,"Canterbury",1010,NA,10.9,NA
"11571","20200914:0000",-43.531,172.619,"Christchurch Central",2081,"Christchurch",100012,"Canterbury",1010,NA,13.75,NA
"11572","20200915:0000",-43.531,172.619,"Christchurch Central",2081,"Christchurch",100012,"Canterbury",1010,NA,12.4,NA
"11573","20200916:0000",-43.531,172.619,"Christchurch Central",2081,"Christchurch",100012,"Canterbury",1010,NA,9.8,NA
"11574","20200917:0000",-43.531,172.619,"Christchurch Central",2081,"Christchurch",100012,"Canterbury",1010,NA,15.85,NA
"11575","20200918:0000",-43.531,172.619,"Christchurch Central",2081,"Christchurch",100012,"Canterbury",1010,NA,10.5,NA
"11576","20200919:0000",-43.531,172.619,"Christchurch Central",2081,"Christchurch",100012,"Canterbury",1010,NA,10.25,NA
"11577","20200920:0000",-43.531,172.619,"Christchurch Central",2081,"Christchurch",100012,"Canterbury",1010,NA,10.3,NA
"11578","20200921:0000",-43.531,172.619,"Christchurch Central",2081,"Christchurch",100012,"Canterbury",1010,NA,11.75,NA
"11579","20200922:0000",-43.531,172.619,"Christchurch Central",2081,"Christchurch",100012,"Canterbury",1010,NA,12.75,NA
"11580","20200923:0000",-43.531,172.619,"Christchurch Central",2081,"Christchurch",100012,"Canterbury",1010,NA,18.2,NA
"11581","20200924:0000",-43.531,172.619,"Christchurch Central",2081,"Christchurch",100012,"Canterbury",1010,NA,15.25,NA
"11582","20200925:0000",-43.531,172.619,"Christchurch Central",2081,"Christchurch",100012,"Canterbury",1010,NA,15.45,NA
"11583","20200926:0000",-43.531,172.619,"Christchurch Central",2081,"Christchurch",100012,"Canterbury",1010,NA,13.8,NA
"11584","20200927:0000",-43.531,172.619,"Christchurch Central",2081,"Christchurch",100012,"Canterbury",1010,NA,11.55,NA
"11585","20200928:0000",-43.531,172.619,"Christchurch Central",2081,"Christchurch",100012,"Canterbury",1010,NA,10.3,NA
"11586","20200929:0000",-43.531,172.619,"Christchurch Central",2081,"Christchurch",100012,"Canterbury",1010,NA,5.15,NA
"11587","20200930:0000",-43.531,172.619,"Christchurch Central",2081,"Christchurch",100012,"Canterbury",1010,NA,6.7,NA
"11588","20201001:0000",-43.531,172.619,"Christchurch Central",2081,"Christchurch",100012,"Canterbury",1010,NA,8.7,NA
"11589","20201002:0000",-43.531,172.619,"Christchurch Central",2081,"Christchurch",100012,"Canterbury",1010,NA,13.35,NA
"11590","20201003:0000",-43.531,172.619,"Christchurch Central",2081,"Christchurch",100012,"Canterbury",1010,NA,17.65,NA
"11591","20201004:0000",-43.531,172.619,"Christchurch Central",2081,"Christchurch",100012,"Canterbury",1010,NA,19.6,NA
"11592","20201005:0000",-43.531,172.619,"Christchurch Central",2081,"Christchurch",100012,"Canterbury",1010,NA,17.1,NA
"11593","20201006:0000",-43.531,172.619,"Christchurch Central",2081,"Christchurch",100012,"Canterbury",1010,NA,17.2,NA
"11594","20201007:0000",-43.531,172.619,"Christchurch Central",2081,"Christchurch",100012,"Canterbury",1010,NA,14.1,NA
"11595","20201008:0000",-43.531,172.619,"Christchurch Central",2081,"Christchurch",100012,"Canterbury",1010,NA,8.4,NA
"11596","20201009:0000",-43.531,172.619,"Christchurch Central",2081,"Christchurch",100012,"Canterbury",1010,NA,7.95,NA
"11597","20201010:0000",-43.531,172.619,"Christchurch Central",2081,"Christchurch",100012,"Canterbury",1010,NA,10.4,NA
"11598","20201011:0000",-43.531,172.619,"Christchurch Central",2081,"Christchurch",100012,"Canterbury",1010,NA,17.55,NA
"11599","20201012:0000",-43.531,172.619,"Christchurch Central",2081,"Christchurch",100012,"Canterbury",1010,NA,16.6,NA
"11600","20201013:0000",-43.531,172.619,"Christchurch Central",2081,"Christchurch",100012,"Canterbury",1010,NA,15.4,NA
"11601","20201014:0000",-43.531,172.619,"Christchurch Central",2081,"Christchurch",100012,"Canterbury",1010,NA,11.25,NA
"11602","20201015:0000",-43.531,172.619,"Christchurch Central",2081,"Christchurch",100012,"Canterbury",1010,NA,7.65,NA
"11603","20201016:0000",-43.531,172.619,"Christchurch Central",2081,"Christchurch",100012,"Canterbury",1010,NA,8.9,NA
"11604","20201017:0000",-43.531,172.619,"Christchurch Central",2081,"Christchurch",100012,"Canterbury",1010,NA,11.65,NA
"11605","20201018:0000",-43.531,172.619,"Christchurch Central",2081,"Christchurch",100012,"Canterbury",1010,NA,14.2,NA
"11606","20201019:0000",-43.531,172.619,"Christchurch Central",2081,"Christchurch",100012,"Canterbury",1010,NA,17.3,NA
"11607","20201020:0000",-43.531,172.619,"Christchurch Central",2081,"Christchurch",100012,"Canterbury",1010,NA,11.4,NA
"11608","20201021:0000",-43.531,172.619,"Christchurch Central",2081,"Christchurch",100012,"Canterbury",1010,NA,15.05,NA
"11609","20201022:0000",-43.531,172.619,"Christchurch Central",2081,"Christchurch",100012,"Canterbury",1010,NA,12.45,NA
"11610","20201023:0000",-43.531,172.619,"Christchurch Central",2081,"Christchurch",100012,"Canterbury",1010,NA,13.55,NA
"11611","20201024:0000",-43.531,172.619,"Christchurch Central",2081,"Christchurch",100012,"Canterbury",1010,NA,16.45,NA
"11612","20201025:0000",-43.531,172.619,"Christchurch Central",2081,"Christchurch",100012,"Canterbury",1010,NA,19,NA
"11613","20201026:0000",-43.531,172.619,"Christchurch Central",2081,"Christchurch",100012,"Canterbury",1010,NA,13.1,NA
"11614","20201027:0000",-43.531,172.619,"Christchurch Central",2081,"Christchurch",100012,"Canterbury",1010,NA,10.6,NA
"11615","20201028:0000",-43.531,172.619,"Christchurch Central",2081,"Christchurch",100012,"Canterbury",1010,NA,11.1,NA
"11616","20201029:0000",-43.531,172.619,"Christchurch Central",2081,"Christchurch",100012,"Canterbury",1010,NA,12.3,NA
"11617","20201030:0000",-43.531,172.619,"Christchurch Central",2081,"Christchurch",100012,"Canterbury",1010,NA,17.65,NA
"11618","20201031:0000",-43.531,172.619,"Christchurch Central",2081,"Christchurch",100012,"Canterbury",1010,NA,19.9,NA
"11619","20201101:0000",-43.531,172.619,"Christchurch Central",2081,"Christchurch",100012,"Canterbury",1010,NA,13.25,NA
"11620","20201102:0000",-43.531,172.619,"Christchurch Central",2081,"Christchurch",100012,"Canterbury",1010,NA,14.2,NA
"11621","20201103:0000",-43.531,172.619,"Christchurch Central",2081,"Christchurch",100012,"Canterbury",1010,NA,12.95,NA
"11622","20201104:0000",-43.531,172.619,"Christchurch Central",2081,"Christchurch",100012,"Canterbury",1010,NA,16.15,NA
"11623","20201105:0000",-43.531,172.619,"Christchurch Central",2081,"Christchurch",100012,"Canterbury",1010,NA,21.15,NA
"11624","20201106:0000",-43.531,172.619,"Christchurch Central",2081,"Christchurch",100012,"Canterbury",1010,NA,14.05,NA
"11625","20201107:0000",-43.531,172.619,"Christchurch Central",2081,"Christchurch",100012,"Canterbury",1010,NA,14.8,NA
"11626","20201108:0000",-43.531,172.619,"Christchurch Central",2081,"Christchurch",100012,"Canterbury",1010,NA,10.2,NA
"11627","20201109:0000",-43.531,172.619,"Christchurch Central",2081,"Christchurch",100012,"Canterbury",1010,NA,10.65,NA
"11628","20201110:0000",-43.531,172.619,"Christchurch Central",2081,"Christchurch",100012,"Canterbury",1010,NA,10.95,NA
"11629","20201111:0000",-43.531,172.619,"Christchurch Central",2081,"Christchurch",100012,"Canterbury",1010,NA,13.2,NA
"11630","20201112:0000",-43.531,172.619,"Christchurch Central",2081,"Christchurch",100012,"Canterbury",1010,NA,12.15,NA
"11631","20201113:0000",-43.531,172.619,"Christchurch Central",2081,"Christchurch",100012,"Canterbury",1010,NA,18.8,NA
"11632","20201114:0000",-43.531,172.619,"Christchurch Central",2081,"Christchurch",100012,"Canterbury",1010,NA,19.6,NA
"11633","20201115:0000",-43.531,172.619,"Christchurch Central",2081,"Christchurch",100012,"Canterbury",1010,NA,18.45,NA
"11634","20201116:0000",-43.531,172.619,"Christchurch Central",2081,"Christchurch",100012,"Canterbury",1010,NA,21.35,NA
"11635","20201117:0000",-43.531,172.619,"Christchurch Central",2081,"Christchurch",100012,"Canterbury",1010,NA,19.2,NA
"11636","20201118:0000",-43.531,172.619,"Christchurch Central",2081,"Christchurch",100012,"Canterbury",1010,NA,15.95,NA
"11637","20201119:0000",-43.531,172.619,"Christchurch Central",2081,"Christchurch",100012,"Canterbury",1010,NA,13.7,NA
"11638","20201120:0000",-43.531,172.619,"Christchurch Central",2081,"Christchurch",100012,"Canterbury",1010,NA,14.4,NA
"11639","20201121:0000",-43.531,172.619,"Christchurch Central",2081,"Christchurch",100012,"Canterbury",1010,NA,18.65,NA
"11640","20201122:0000",-43.531,172.619,"Christchurch Central",2081,"Christchurch",100012,"Canterbury",1010,NA,12.65,NA
"11641","20201123:0000",-43.531,172.619,"Christchurch Central",2081,"Christchurch",100012,"Canterbury",1010,NA,9.9,NA
"11642","20201124:0000",-43.531,172.619,"Christchurch Central",2081,"Christchurch",100012,"Canterbury",1010,NA,12.45,NA
"11643","20201125:0000",-43.531,172.619,"Christchurch Central",2081,"Christchurch",100012,"Canterbury",1010,NA,15.2,NA
"11644","20201126:0000",-43.531,172.619,"Christchurch Central",2081,"Christchurch",100012,"Canterbury",1010,NA,15.75,NA
"11645","20201127:0000",-43.531,172.619,"Christchurch Central",2081,"Christchurch",100012,"Canterbury",1010,NA,17.45,NA
"11646","20201128:0000",-43.531,172.619,"Christchurch Central",2081,"Christchurch",100012,"Canterbury",1010,NA,12.2,NA
"11647","20201129:0000",-43.531,172.619,"Christchurch Central",2081,"Christchurch",100012,"Canterbury",1010,NA,14.8,NA
"11648","20201130:0000",-43.531,172.619,"Christchurch Central",2081,"Christchurch",100012,"Canterbury",1010,NA,12.9,NA
"11649","20201201:0000",-43.531,172.619,"Christchurch Central",2081,"Christchurch",100012,"Canterbury",1010,NA,13.8,NA
"11650","20201202:0000",-43.531,172.619,"Christchurch Central",2081,"Christchurch",100012,"Canterbury",1010,NA,18.2,NA
"11651","20201203:0000",-43.531,172.619,"Christchurch Central",2081,"Christchurch",100012,"Canterbury",1010,NA,18.35,NA
"11652","20201204:0000",-43.531,172.619,"Christchurch Central",2081,"Christchurch",100012,"Canterbury",1010,NA,16.25,NA
"11653","20201205:0000",-43.531,172.619,"Christchurch Central",2081,"Christchurch",100012,"Canterbury",1010,NA,15.95,NA
"11654","20201206:0000",-43.531,172.619,"Christchurch Central",2081,"Christchurch",100012,"Canterbury",1010,NA,14.8,NA
"11655","20201207:0000",-43.531,172.619,"Christchurch Central",2081,"Christchurch",100012,"Canterbury",1010,NA,21.75,NA
"11656","20201208:0000",-43.531,172.619,"Christchurch Central",2081,"Christchurch",100012,"Canterbury",1010,NA,21.05,NA
"11657","20201209:0000",-43.531,172.619,"Christchurch Central",2081,"Christchurch",100012,"Canterbury",1010,NA,19.1,NA
"11658","20201210:0000",-43.531,172.619,"Christchurch Central",2081,"Christchurch",100012,"Canterbury",1010,NA,19.25,NA
"11659","20201211:0000",-43.531,172.619,"Christchurch Central",2081,"Christchurch",100012,"Canterbury",1010,NA,17,NA
"11660","20201212:0000",-43.531,172.619,"Christchurch Central",2081,"Christchurch",100012,"Canterbury",1010,NA,15.35,NA
"11661","20201213:0000",-43.531,172.619,"Christchurch Central",2081,"Christchurch",100012,"Canterbury",1010,NA,14.35,NA
"11662","20201214:0000",-43.531,172.619,"Christchurch Central",2081,"Christchurch",100012,"Canterbury",1010,NA,15.25,NA
"11663","20201215:0000",-43.531,172.619,"Christchurch Central",2081,"Christchurch",100012,"Canterbury",1010,NA,16.75,NA
"11664","20201216:0000",-43.531,172.619,"Christchurch Central",2081,"Christchurch",100012,"Canterbury",1010,NA,18.8,NA
"11665","20201217:0000",-43.531,172.619,"Christchurch Central",2081,"Christchurch",100012,"Canterbury",1010,NA,17.2,NA
"11666","20201218:0000",-43.531,172.619,"Christchurch Central",2081,"Christchurch",100012,"Canterbury",1010,NA,17.45,NA
"11667","20201219:0000",-43.531,172.619,"Christchurch Central",2081,"Christchurch",100012,"Canterbury",1010,NA,21.85,NA
"11668","20201220:0000",-43.531,172.619,"Christchurch Central",2081,"Christchurch",100012,"Canterbury",1010,NA,18.85,NA
"11669","20201221:0000",-43.531,172.619,"Christchurch Central",2081,"Christchurch",100012,"Canterbury",1010,NA,13.45,NA
"11670","20201222:0000",-43.531,172.619,"Christchurch Central",2081,"Christchurch",100012,"Canterbury",1010,NA,19.25,NA
"11671","20201223:0000",-43.531,172.619,"Christchurch Central",2081,"Christchurch",100012,"Canterbury",1010,NA,18.35,NA
"11672","20201224:0000",-43.531,172.619,"Christchurch Central",2081,"Christchurch",100012,"Canterbury",1010,NA,17.6,NA
"11673","20201225:0000",-43.531,172.619,"Christchurch Central",2081,"Christchurch",100012,"Canterbury",1010,NA,14.15,NA
"11674",NA,-43.53074,172.60769,"Riccarton",1394,"Christchurch",100012,"Canterbury",1010,NA,NA,NA
"11675",NA,-43.154,171.714,"Craigieburn Forest Park",2345,NA,0,"Canterbury",1010,NA,NA,NA
"11676","20180101:0000",-43.63312,172.72808,"Diamond Harbour",289,NA,0,"Canterbury",1010,4.7,16.4,10.5
"11677","20180102:0000",-43.63312,172.72808,"Diamond Harbour",289,NA,0,"Canterbury",1010,6.5,18.65,8.4
"11678","20180103:0000",-43.63312,172.72808,"Diamond Harbour",289,NA,0,"Canterbury",1010,4.7,19.85,10.3
"11679","20180104:0000",-43.63312,172.72808,"Diamond Harbour",289,NA,0,"Canterbury",1010,4,20.15,6.3
"11680","20180105:0000",-43.63312,172.72808,"Diamond Harbour",289,NA,0,"Canterbury",1010,31.7,16.1,0
"11681","20180106:0000",-43.63312,172.72808,"Diamond Harbour",289,NA,0,"Canterbury",1010,27,14.1,12.2
"11682","20180107:0000",-43.63312,172.72808,"Diamond Harbour",289,NA,0,"Canterbury",1010,7.6,15.45,9.7
"11683","20180108:0000",-43.63312,172.72808,"Diamond Harbour",289,NA,0,"Canterbury",1010,7.2,16.7,13.5
"11684","20180109:0000",-43.63312,172.72808,"Diamond Harbour",289,NA,0,"Canterbury",1010,2.9,19.75,4
"11685","20180110:0000",-43.63312,172.72808,"Diamond Harbour",289,NA,0,"Canterbury",1010,14.4,15,0
"11686","20180111:0000",-43.63312,172.72808,"Diamond Harbour",289,NA,0,"Canterbury",1010,2.5,12.3,0
"11687","20180112:0000",-43.63312,172.72808,"Diamond Harbour",289,NA,0,"Canterbury",1010,10.1,13,0.3
"11688","20180113:0000",-43.63312,172.72808,"Diamond Harbour",289,NA,0,"Canterbury",1010,27.4,17.6,6.3
"11689","20180114:0000",-43.63312,172.72808,"Diamond Harbour",289,NA,0,"Canterbury",1010,10.1,20.8,14
"11690","20180115:0000",-43.63312,172.72808,"Diamond Harbour",289,NA,0,"Canterbury",1010,25.9,18.6,13
"11691","20180116:0000",-43.63312,172.72808,"Diamond Harbour",289,NA,0,"Canterbury",1010,18,19.6,13.9
"11692","20180117:0000",-43.63312,172.72808,"Diamond Harbour",289,NA,0,"Canterbury",1010,14,21.15,6
"11693","20180118:0000",-43.63312,172.72808,"Diamond Harbour",289,NA,0,"Canterbury",1010,6.5,22.7,12.1
"11694","20180119:0000",-43.63312,172.72808,"Diamond Harbour",289,NA,0,"Canterbury",1010,3.2,20.2,11.7
"11695","20180120:0000",-43.63312,172.72808,"Diamond Harbour",289,NA,0,"Canterbury",1010,5,22,12.7
"11696","20180121:0000",-43.63312,172.72808,"Diamond Harbour",289,NA,0,"Canterbury",1010,2.9,18.5,3.6
"11697","20180122:0000",-43.63312,172.72808,"Diamond Harbour",289,NA,0,"Canterbury",1010,2.9,20.45,7.2
"11698","20180123:0000",-43.63312,172.72808,"Diamond Harbour",289,NA,0,"Canterbury",1010,10.4,20.4,10.5
"11699","20180124:0000",-43.63312,172.72808,"Diamond Harbour",289,NA,0,"Canterbury",1010,4.7,23.2,12.5
"11700","20180125:0000",-43.63312,172.72808,"Diamond Harbour",289,NA,0,"Canterbury",1010,9.4,21.55,10.9
"11701","20180126:0000",-43.63312,172.72808,"Diamond Harbour",289,NA,0,"Canterbury",1010,1.4,18.6,5.8
"11702","20180127:0000",-43.63312,172.72808,"Diamond Harbour",289,NA,0,"Canterbury",1010,21.2,18.55,9
"11703","20180128:0000",-43.63312,172.72808,"Diamond Harbour",289,NA,0,"Canterbury",1010,4.3,20.75,9.1
"11704","20180129:0000",-43.63312,172.72808,"Diamond Harbour",289,NA,0,"Canterbury",1010,23,19.85,8
"11705","20180130:0000",-43.63312,172.72808,"Diamond Harbour",289,NA,0,"Canterbury",1010,4.3,22.6,11.1
"11706","20180131:0000",-43.63312,172.72808,"Diamond Harbour",289,NA,0,"Canterbury",1010,6.1,23.7,7.8
"11707","20180201:0000",-43.63312,172.72808,"Diamond Harbour",289,NA,0,"Canterbury",1010,33.5,25.75,6.9
"11708","20180202:0000",-43.63312,172.72808,"Diamond Harbour",289,NA,0,"Canterbury",1010,13.3,13.2,2.4
"11709","20180203:0000",-43.63312,172.72808,"Diamond Harbour",289,NA,0,"Canterbury",1010,5,12.95,6.2
"11710","20180204:0000",-43.63312,172.72808,"Diamond Harbour",289,NA,0,"Canterbury",1010,24.1,15.5,10.1
"11711","20180205:0000",-43.63312,172.72808,"Diamond Harbour",289,NA,0,"Canterbury",1010,5.4,19.8,5.6
"11712","20180206:0000",-43.63312,172.72808,"Diamond Harbour",289,NA,0,"Canterbury",1010,9.7,13.05,2.2
"11713","20180207:0000",-43.63312,172.72808,"Diamond Harbour",289,NA,0,"Canterbury",1010,7.6,14.55,11.1
"11714","20180208:0000",-43.63312,172.72808,"Diamond Harbour",289,NA,0,"Canterbury",1010,17.3,15.85,12.8
"11715","20180209:0000",-43.63312,172.72808,"Diamond Harbour",289,NA,0,"Canterbury",1010,24.1,17.85,12.6
"11716","20180210:0000",-43.63312,172.72808,"Diamond Harbour",289,NA,0,"Canterbury",1010,3.6,18,4.9
"11717","20180211:0000",-43.63312,172.72808,"Diamond Harbour",289,NA,0,"Canterbury",1010,19.4,18.9,0
"11718","20180212:0000",-43.63312,172.72808,"Diamond Harbour",289,NA,0,"Canterbury",1010,2.5,21.1,12.8
"11719","20180213:0000",-43.63312,172.72808,"Diamond Harbour",289,NA,0,"Canterbury",1010,4.7,22.5,10.3
"11720","20180214:0000",-43.63312,172.72808,"Diamond Harbour",289,NA,0,"Canterbury",1010,14.4,17.3,2.1
"11721","20180215:0000",-43.63312,172.72808,"Diamond Harbour",289,NA,0,"Canterbury",1010,19.4,19.6,9.9
"11722","20180216:0000",-43.63312,172.72808,"Diamond Harbour",289,NA,0,"Canterbury",1010,10.4,21.15,8.2
"11723","20180217:0000",-43.63312,172.72808,"Diamond Harbour",289,NA,0,"Canterbury",1010,11.5,22.15,7
"11724","20180218:0000",-43.63312,172.72808,"Diamond Harbour",289,NA,0,"Canterbury",1010,11.2,19.9,9.2
"11725","20180219:0000",-43.63312,172.72808,"Diamond Harbour",289,NA,0,"Canterbury",1010,4.7,21.3,8.1
"11726","20180220:0000",-43.63312,172.72808,"Diamond Harbour",289,NA,0,"Canterbury",1010,6.5,12.55,0
"11727","20180221:0000",-43.63312,172.72808,"Diamond Harbour",289,NA,0,"Canterbury",1010,15.5,11.4,1
"11728","20180222:0000",-43.63312,172.72808,"Diamond Harbour",289,NA,0,"Canterbury",1010,7.2,13,8.6
"11729","20180223:0000",-43.63312,172.72808,"Diamond Harbour",289,NA,0,"Canterbury",1010,5,13.85,12.3
"11730","20180224:0000",-43.63312,172.72808,"Diamond Harbour",289,NA,0,"Canterbury",1010,11.5,16.8,12
"11731","20180225:0000",-43.63312,172.72808,"Diamond Harbour",289,NA,0,"Canterbury",1010,11.2,19.6,3.7
"11732","20180226:0000",-43.63312,172.72808,"Diamond Harbour",289,NA,0,"Canterbury",1010,8.3,13.75,8.5
"11733","20180227:0000",-43.63312,172.72808,"Diamond Harbour",289,NA,0,"Canterbury",1010,6.1,13.15,0.8
"11734","20180228:0000",-43.63312,172.72808,"Diamond Harbour",289,NA,0,"Canterbury",1010,20.2,16.7,2.2
"11735","20180301:0000",-43.63312,172.72808,"Diamond Harbour",289,NA,0,"Canterbury",1010,6.5,19.15,8.5
"11736","20180302:0000",-43.63312,172.72808,"Diamond Harbour",289,NA,0,"Canterbury",1010,4,19.85,0.3
"11737","20180303:0000",-43.63312,172.72808,"Diamond Harbour",289,NA,0,"Canterbury",1010,10.1,18.5,10.4
"11738","20180304:0000",-43.63312,172.72808,"Diamond Harbour",289,NA,0,"Canterbury",1010,3.6,19.4,11.4
"11739","20180305:0000",-43.63312,172.72808,"Diamond Harbour",289,NA,0,"Canterbury",1010,15.8,18.6,10.5
"11740","20180306:0000",-43.63312,172.72808,"Diamond Harbour",289,NA,0,"Canterbury",1010,3.6,16.05,0
"11741","20180307:0000",-43.63312,172.72808,"Diamond Harbour",289,NA,0,"Canterbury",1010,1.8,14.2,4
"11742","20180308:0000",-43.63312,172.72808,"Diamond Harbour",289,NA,0,"Canterbury",1010,1.8,13.4,10
"11743","20180309:0000",-43.63312,172.72808,"Diamond Harbour",289,NA,0,"Canterbury",1010,4.7,13.5,2.8
"11744","20180310:0000",-43.63312,172.72808,"Diamond Harbour",289,NA,0,"Canterbury",1010,2.5,12.15,11.9
"11745","20180311:0000",-43.63312,172.72808,"Diamond Harbour",289,NA,0,"Canterbury",1010,11.5,12.95,11.6
"11746","20180312:0000",-43.63312,172.72808,"Diamond Harbour",289,NA,0,"Canterbury",1010,4,16.9,11.7
"11747","20180313:0000",-43.63312,172.72808,"Diamond Harbour",289,NA,0,"Canterbury",1010,5.4,16.85,2.5
"11748","20180314:0000",-43.63312,172.72808,"Diamond Harbour",289,NA,0,"Canterbury",1010,2.5,14,11.4
"11749","20180315:0000",-43.63312,172.72808,"Diamond Harbour",289,NA,0,"Canterbury",1010,10.8,17.15,4.7
"11750","20180316:0000",-43.63312,172.72808,"Diamond Harbour",289,NA,0,"Canterbury",1010,7.6,19.15,5.9
"11751","20180317:0000",-43.63312,172.72808,"Diamond Harbour",289,NA,0,"Canterbury",1010,1.4,12.1,1.9
"11752","20180318:0000",-43.63312,172.72808,"Diamond Harbour",289,NA,0,"Canterbury",1010,35.3,14.2,4.7
"11753","20180319:0000",-43.63312,172.72808,"Diamond Harbour",289,NA,0,"Canterbury",1010,26.6,17.05,7.7
"11754","20180320:0000",-43.63312,172.72808,"Diamond Harbour",289,NA,0,"Canterbury",1010,13,18,11.5
"11755","20180321:0000",-43.63312,172.72808,"Diamond Harbour",289,NA,0,"Canterbury",1010,2.9,17.85,6.9
"11756","20180322:0000",-43.63312,172.72808,"Diamond Harbour",289,NA,0,"Canterbury",1010,17.6,10.05,0.2
"11757","20180323:0000",-43.63312,172.72808,"Diamond Harbour",289,NA,0,"Canterbury",1010,5,9.7,0.1
"11758","20180324:0000",-43.63312,172.72808,"Diamond Harbour",289,NA,0,"Canterbury",1010,4,12.15,0.2
"11759","20180325:0000",-43.63312,172.72808,"Diamond Harbour",289,NA,0,"Canterbury",1010,6.1,16.45,9.5
"11760","20180326:0000",-43.63312,172.72808,"Diamond Harbour",289,NA,0,"Canterbury",1010,5.8,16.95,9.9
"11761","20180327:0000",-43.63312,172.72808,"Diamond Harbour",289,NA,0,"Canterbury",1010,14,18.9,4.1
"11762","20180328:0000",-43.63312,172.72808,"Diamond Harbour",289,NA,0,"Canterbury",1010,4,17.5,10.3
"11763","20180329:0000",-43.63312,172.72808,"Diamond Harbour",289,NA,0,"Canterbury",1010,4.3,15.8,4.5
"11764","20180330:0000",-43.63312,172.72808,"Diamond Harbour",289,NA,0,"Canterbury",1010,6.8,13.9,10.9
"11765","20180331:0000",-43.63312,172.72808,"Diamond Harbour",289,NA,0,"Canterbury",1010,11.9,19.6,7.4
"11766","20180401:0000",-43.63312,172.72808,"Diamond Harbour",289,NA,0,"Canterbury",1010,14.4,13.55,9.2
"11767","20180402:0000",-43.63312,172.72808,"Diamond Harbour",289,NA,0,"Canterbury",1010,3.6,15.7,5.2
"11768","20180403:0000",-43.63312,172.72808,"Diamond Harbour",289,NA,0,"Canterbury",1010,6.1,19.9,8
"11769","20180404:0000",-43.63312,172.72808,"Diamond Harbour",289,NA,0,"Canterbury",1010,4.3,16.35,4.8
"11770","20180405:0000",-43.63312,172.72808,"Diamond Harbour",289,NA,0,"Canterbury",1010,17.3,15.1,7.5
"11771","20180406:0000",-43.63312,172.72808,"Diamond Harbour",289,NA,0,"Canterbury",1010,7.6,17.4,6.8
"11772","20180407:0000",-43.63312,172.72808,"Diamond Harbour",289,NA,0,"Canterbury",1010,7.6,12.9,7.1
"11773","20180408:0000",-43.63312,172.72808,"Diamond Harbour",289,NA,0,"Canterbury",1010,17.3,12.55,6.5
"11774","20180409:0000",-43.63312,172.72808,"Diamond Harbour",289,NA,0,"Canterbury",1010,6.8,10.3,0
"11775","20180410:0000",-43.63312,172.72808,"Diamond Harbour",289,NA,0,"Canterbury",1010,13,6.25,0.1
"11776","20180411:0000",-43.63312,172.72808,"Diamond Harbour",289,NA,0,"Canterbury",1010,12.2,6.9,4.3
"11777","20180412:0000",-43.63312,172.72808,"Diamond Harbour",289,NA,0,"Canterbury",1010,13.7,7.65,2.1
"11778","20180413:0000",-43.63312,172.72808,"Diamond Harbour",289,NA,0,"Canterbury",1010,10.4,9.65,8.8
"11779","20180414:0000",-43.63312,172.72808,"Diamond Harbour",289,NA,0,"Canterbury",1010,5,8.8,8.2
"11780","20180415:0000",-43.63312,172.72808,"Diamond Harbour",289,NA,0,"Canterbury",1010,40,11.45,1.2
"11781","20180416:0000",-43.63312,172.72808,"Diamond Harbour",289,NA,0,"Canterbury",1010,7.9,15.4,6.6
"11782","20180417:0000",-43.63312,172.72808,"Diamond Harbour",289,NA,0,"Canterbury",1010,16.6,15.35,9.2
"11783","20180418:0000",-43.63312,172.72808,"Diamond Harbour",289,NA,0,"Canterbury",1010,12.6,10.65,10.2
"11784","20180419:0000",-43.63312,172.72808,"Diamond Harbour",289,NA,0,"Canterbury",1010,1.8,13.35,7.3
"11785","20180420:0000",-43.63312,172.72808,"Diamond Harbour",289,NA,0,"Canterbury",1010,6.5,16.65,10
"11786","20180421:0000",-43.63312,172.72808,"Diamond Harbour",289,NA,0,"Canterbury",1010,19.1,12.85,10.1
"11787","20180422:0000",-43.63312,172.72808,"Diamond Harbour",289,NA,0,"Canterbury",1010,7.6,10.6,9.7
"11788","20180423:0000",-43.63312,172.72808,"Diamond Harbour",289,NA,0,"Canterbury",1010,13,11.05,9.8
"11789","20180424:0000",-43.63312,172.72808,"Diamond Harbour",289,NA,0,"Canterbury",1010,7.2,13.8,9.3
"11790","20180425:0000",-43.63312,172.72808,"Diamond Harbour",289,NA,0,"Canterbury",1010,3.6,12.6,8.3
"11791","20180426:0000",-43.63312,172.72808,"Diamond Harbour",289,NA,0,"Canterbury",1010,2.5,14,9.3
"11792","20180427:0000",-43.63312,172.72808,"Diamond Harbour",289,NA,0,"Canterbury",1010,25.9,15.5,5
"11793","20180428:0000",-43.63312,172.72808,"Diamond Harbour",289,NA,0,"Canterbury",1010,3.6,11.95,0
"11794","20180429:0000",-43.63312,172.72808,"Diamond Harbour",289,NA,0,"Canterbury",1010,12.2,10.35,0
"11795","20180430:0000",-43.63312,172.72808,"Diamond Harbour",289,NA,0,"Canterbury",1010,8.6,9.45,0.2
"11796","20180501:0000",-43.63312,172.72808,"Diamond Harbour",289,NA,0,"Canterbury",1010,2.5,10.85,9.7
"11797","20180502:0000",-43.63312,172.72808,"Diamond Harbour",289,NA,0,"Canterbury",1010,7.9,11.45,8.7
"11798","20180503:0000",-43.63312,172.72808,"Diamond Harbour",289,NA,0,"Canterbury",1010,15.5,10.7,8.6
"11799","20180504:0000",-43.63312,172.72808,"Diamond Harbour",289,NA,0,"Canterbury",1010,24.1,12.8,3.9
"11800","20180505:0000",-43.63312,172.72808,"Diamond Harbour",289,NA,0,"Canterbury",1010,8.6,13.75,6.9
"11801","20180506:0000",-43.63312,172.72808,"Diamond Harbour",289,NA,0,"Canterbury",1010,2.2,14.4,8.7
"11802","20180507:0000",-43.63312,172.72808,"Diamond Harbour",289,NA,0,"Canterbury",1010,6.1,13,7.5
"11803","20180508:0000",-43.63312,172.72808,"Diamond Harbour",289,NA,0,"Canterbury",1010,7.6,15.5,2.8
"11804","20180509:0000",-43.63312,172.72808,"Diamond Harbour",289,NA,0,"Canterbury",1010,2.9,15.65,9.4
"11805","20180510:0000",-43.63312,172.72808,"Diamond Harbour",289,NA,0,"Canterbury",1010,5.4,13.95,4.7
"11806","20180511:0000",-43.63312,172.72808,"Diamond Harbour",289,NA,0,"Canterbury",1010,10.1,14.45,6
"11807","20180512:0000",-43.63312,172.72808,"Diamond Harbour",289,NA,0,"Canterbury",1010,8.3,11.4,3.4
"11808","20180513:0000",-43.63312,172.72808,"Diamond Harbour",289,NA,0,"Canterbury",1010,27.7,9.7,0
"11809","20180514:0000",-43.63312,172.72808,"Diamond Harbour",289,NA,0,"Canterbury",1010,1.1,10.05,2.9
"11810","20180515:0000",-43.63312,172.72808,"Diamond Harbour",289,NA,0,"Canterbury",1010,16.9,11.2,0
"11811","20180516:0000",-43.63312,172.72808,"Diamond Harbour",289,NA,0,"Canterbury",1010,4.3,8.35,0
"11812","20180517:0000",-43.63312,172.72808,"Diamond Harbour",289,NA,0,"Canterbury",1010,4.7,9.65,7.2
"11813","20180518:0000",-43.63312,172.72808,"Diamond Harbour",289,NA,0,"Canterbury",1010,4.7,12.15,8.9
"11814","20180519:0000",-43.63312,172.72808,"Diamond Harbour",289,NA,0,"Canterbury",1010,6.1,12.95,9
"11815","20180520:0000",-43.63312,172.72808,"Diamond Harbour",289,NA,0,"Canterbury",1010,10.1,12.7,4.5
"11816","20180521:0000",-43.63312,172.72808,"Diamond Harbour",289,NA,0,"Canterbury",1010,6.8,9.6,7.1
"11817","20180522:0000",-43.63312,172.72808,"Diamond Harbour",289,NA,0,"Canterbury",1010,19.1,9.95,2.6
"11818","20180523:0000",-43.63312,172.72808,"Diamond Harbour",289,NA,0,"Canterbury",1010,4.7,6.95,4.4
"11819","20180524:0000",-43.63312,172.72808,"Diamond Harbour",289,NA,0,"Canterbury",1010,10.8,7.45,5.9
"11820","20180525:0000",-43.63312,172.72808,"Diamond Harbour",289,NA,0,"Canterbury",1010,9,6.7,7.5
"11821","20180526:0000",-43.63312,172.72808,"Diamond Harbour",289,NA,0,"Canterbury",1010,3.2,7.6,5.4
"11822","20180527:0000",-43.63312,172.72808,"Diamond Harbour",289,NA,0,"Canterbury",1010,3.2,6.15,0.5
"11823","20180528:0000",-43.63312,172.72808,"Diamond Harbour",289,NA,0,"Canterbury",1010,10.1,5.85,3.6
"11824","20180529:0000",-43.63312,172.72808,"Diamond Harbour",289,NA,0,"Canterbury",1010,6.1,4.85,0.1
"11825","20180530:0000",-43.63312,172.72808,"Diamond Harbour",289,NA,0,"Canterbury",1010,3.2,4.9,3.6
"11826","20180531:0000",-43.63312,172.72808,"Diamond Harbour",289,NA,0,"Canterbury",1010,2.2,6.15,0.1
"11827","20180601:0000",-43.63312,172.72808,"Diamond Harbour",289,NA,0,"Canterbury",1010,2.5,6.5,0.4
"11828","20180602:0000",-43.63312,172.72808,"Diamond Harbour",289,NA,0,"Canterbury",1010,2.5,7.55,1.1
"11829","20180603:0000",-43.63312,172.72808,"Diamond Harbour",289,NA,0,"Canterbury",1010,16.2,8.35,0.1
"11830","20180604:0000",-43.63312,172.72808,"Diamond Harbour",289,NA,0,"Canterbury",1010,6.1,9.15,0
"11831","20180605:0000",-43.63312,172.72808,"Diamond Harbour",289,NA,0,"Canterbury",1010,10.8,8.95,3.5
"11832","20180606:0000",-43.63312,172.72808,"Diamond Harbour",289,NA,0,"Canterbury",1010,17.3,5.4,0.1
"11833","20180607:0000",-43.63312,172.72808,"Diamond Harbour",289,NA,0,"Canterbury",1010,15.8,6.95,0
"11834","20180608:0000",-43.63312,172.72808,"Diamond Harbour",289,NA,0,"Canterbury",1010,1.8,10.15,3.3
"11835","20180609:0000",-43.63312,172.72808,"Diamond Harbour",289,NA,0,"Canterbury",1010,7.2,10.8,0.2
"11836","20180610:0000",-43.63312,172.72808,"Diamond Harbour",289,NA,0,"Canterbury",1010,5,12.8,0.2
"11837","20180611:0000",-43.63312,172.72808,"Diamond Harbour",289,NA,0,"Canterbury",1010,1.4,8,0
"11838","20180612:0000",-43.63312,172.72808,"Diamond Harbour",289,NA,0,"Canterbury",1010,2.5,6.9,0
"11839","20180613:0000",-43.63312,172.72808,"Diamond Harbour",289,NA,0,"Canterbury",1010,14,7.7,0
"11840","20180614:0000",-43.63312,172.72808,"Diamond Harbour",289,NA,0,"Canterbury",1010,14,9,2.8
"11841","20180615:0000",-43.63312,172.72808,"Diamond Harbour",289,NA,0,"Canterbury",1010,8.3,7.7,1.5
"11842","20180616:0000",-43.63312,172.72808,"Diamond Harbour",289,NA,0,"Canterbury",1010,2.5,7.75,0.6
"11843","20180617:0000",-43.63312,172.72808,"Diamond Harbour",289,NA,0,"Canterbury",1010,2.5,7,0.9
"11844","20180618:0000",-43.63312,172.72808,"Diamond Harbour",289,NA,0,"Canterbury",1010,10.8,7.5,0
"11845","20180619:0000",-43.63312,172.72808,"Diamond Harbour",289,NA,0,"Canterbury",1010,9,7.9,3.8
"11846","20180620:0000",-43.63312,172.72808,"Diamond Harbour",289,NA,0,"Canterbury",1010,4.7,7.7,4.7
"11847","20180621:0000",-43.63312,172.72808,"Diamond Harbour",289,NA,0,"Canterbury",1010,3.6,5.85,1.8
"11848","20180622:0000",-43.63312,172.72808,"Diamond Harbour",289,NA,0,"Canterbury",1010,2.9,4.55,6.5
"11849","20180623:0000",-43.63312,172.72808,"Diamond Harbour",289,NA,0,"Canterbury",1010,9.4,5.25,7.7
"11850","20180624:0000",-43.63312,172.72808,"Diamond Harbour",289,NA,0,"Canterbury",1010,9.4,9.6,4.7
"11851","20180625:0000",-43.63312,172.72808,"Diamond Harbour",289,NA,0,"Canterbury",1010,6.5,8.1,7.4
"11852","20180626:0000",-43.63312,172.72808,"Diamond Harbour",289,NA,0,"Canterbury",1010,18,5.3,5.1
"11853","20180627:0000",-43.63312,172.72808,"Diamond Harbour",289,NA,0,"Canterbury",1010,5.4,7.35,4.9
"11854","20180628:0000",-43.63312,172.72808,"Diamond Harbour",289,NA,0,"Canterbury",1010,4,9,5.8
"11855","20180629:0000",-43.63312,172.72808,"Diamond Harbour",289,NA,0,"Canterbury",1010,5.8,7.15,6.9
"11856","20180630:0000",-43.63312,172.72808,"Diamond Harbour",289,NA,0,"Canterbury",1010,1.1,6.65,8.4
"11857","20180701:0000",-43.63312,172.72808,"Diamond Harbour",289,NA,0,"Canterbury",1010,11.9,9.75,2.6
"11858","20180702:0000",-43.63312,172.72808,"Diamond Harbour",289,NA,0,"Canterbury",1010,11.9,8.65,0
"11859","20180703:0000",-43.63312,172.72808,"Diamond Harbour",289,NA,0,"Canterbury",1010,4.3,7.5,7.7
"11860","20180704:0000",-43.63312,172.72808,"Diamond Harbour",289,NA,0,"Canterbury",1010,3.6,7.55,8.4
"11861","20180705:0000",-43.63312,172.72808,"Diamond Harbour",289,NA,0,"Canterbury",1010,9.7,6.85,3.4
"11862","20180706:0000",-43.63312,172.72808,"Diamond Harbour",289,NA,0,"Canterbury",1010,4.7,10.35,4.3
"11863","20180707:0000",-43.63312,172.72808,"Diamond Harbour",289,NA,0,"Canterbury",1010,15.8,14.35,7.8
"11864","20180708:0000",-43.63312,172.72808,"Diamond Harbour",289,NA,0,"Canterbury",1010,26.3,10.3,0.1
"11865","20180709:0000",-43.63312,172.72808,"Diamond Harbour",289,NA,0,"Canterbury",1010,12.2,10.35,3.6
"11866","20180710:0000",-43.63312,172.72808,"Diamond Harbour",289,NA,0,"Canterbury",1010,4.3,8,8.6
"11867","20180711:0000",-43.63312,172.72808,"Diamond Harbour",289,NA,0,"Canterbury",1010,14,7.45,7
"11868","20180712:0000",-43.63312,172.72808,"Diamond Harbour",289,NA,0,"Canterbury",1010,5.8,7.85,8.4
"11869","20180713:0000",-43.63312,172.72808,"Diamond Harbour",289,NA,0,"Canterbury",1010,9.4,8.75,8.8
"11870","20180714:0000",-43.63312,172.72808,"Diamond Harbour",289,NA,0,"Canterbury",1010,2.9,8.05,8.7
"11871","20180715:0000",-43.63312,172.72808,"Diamond Harbour",289,NA,0,"Canterbury",1010,39.2,8.1,0
"11872","20180716:0000",-43.63312,172.72808,"Diamond Harbour",289,NA,0,"Canterbury",1010,26.6,11.6,2.8
"11873","20180717:0000",-43.63312,172.72808,"Diamond Harbour",289,NA,0,"Canterbury",1010,8.3,12.6,8.9
"11874","20180718:0000",-43.63312,172.72808,"Diamond Harbour",289,NA,0,"Canterbury",1010,2.2,9,8.9
"11875","20180719:0000",-43.63312,172.72808,"Diamond Harbour",289,NA,0,"Canterbury",1010,3.6,7.85,8.8
"11876","20180720:0000",-43.63312,172.72808,"Diamond Harbour",289,NA,0,"Canterbury",1010,4.7,7.75,8
"11877","20180721:0000",-43.63312,172.72808,"Diamond Harbour",289,NA,0,"Canterbury",1010,11.5,10.15,2.8
"11878","20180722:0000",-43.63312,172.72808,"Diamond Harbour",289,NA,0,"Canterbury",1010,9.4,12.35,8.5
"11879","20180723:0000",-43.63312,172.72808,"Diamond Harbour",289,NA,0,"Canterbury",1010,5.4,7,0.9
"11880","20180724:0000",-43.63312,172.72808,"Diamond Harbour",289,NA,0,"Canterbury",1010,3.2,5.75,4.2
"11881","20180725:0000",-43.63312,172.72808,"Diamond Harbour",289,NA,0,"Canterbury",1010,2.9,4.7,8
"11882","20180726:0000",-43.63312,172.72808,"Diamond Harbour",289,NA,0,"Canterbury",1010,7.6,7.15,6.3
"11883","20180727:0000",-43.63312,172.72808,"Diamond Harbour",289,NA,0,"Canterbury",1010,5.8,9.15,3.9
"11884","20180728:0000",-43.63312,172.72808,"Diamond Harbour",289,NA,0,"Canterbury",1010,9.7,11.25,6.6
"11885","20180729:0000",-43.63312,172.72808,"Diamond Harbour",289,NA,0,"Canterbury",1010,3.2,9.9,4.1
"11886","20180730:0000",-43.63312,172.72808,"Diamond Harbour",289,NA,0,"Canterbury",1010,5.4,6.75,7.3
"11887","20180731:0000",-43.63312,172.72808,"Diamond Harbour",289,NA,0,"Canterbury",1010,22.7,9.95,4.4
"11888","20180801:0000",-43.63312,172.72808,"Diamond Harbour",289,NA,0,"Canterbury",1010,6.1,10.95,0.5
"11889","20180802:0000",-43.63312,172.72808,"Diamond Harbour",289,NA,0,"Canterbury",1010,10.8,9.35,0
"11890","20180803:0000",-43.63312,172.72808,"Diamond Harbour",289,NA,0,"Canterbury",1010,6.5,7.9,8.9
"11891","20180804:0000",-43.63312,172.72808,"Diamond Harbour",289,NA,0,"Canterbury",1010,6.1,7.4,2.7
"11892","20180805:0000",-43.63312,172.72808,"Diamond Harbour",289,NA,0,"Canterbury",1010,14,8.75,0.6
"11893","20180806:0000",-43.63312,172.72808,"Diamond Harbour",289,NA,0,"Canterbury",1010,10.4,8.5,0
"11894","20180807:0000",-43.63312,172.72808,"Diamond Harbour",289,NA,0,"Canterbury",1010,22.3,10.3,3.7
"11895","20180808:0000",-43.63312,172.72808,"Diamond Harbour",289,NA,0,"Canterbury",1010,13,10.95,0.5
"11896","20180809:0000",-43.63312,172.72808,"Diamond Harbour",289,NA,0,"Canterbury",1010,6.1,11.4,9.3
"11897","20180810:0000",-43.63312,172.72808,"Diamond Harbour",289,NA,0,"Canterbury",1010,7.2,9.2,8.3
"11898","20180811:0000",-43.63312,172.72808,"Diamond Harbour",289,NA,0,"Canterbury",1010,10.8,7.45,9.7
"11899","20180812:0000",-43.63312,172.72808,"Diamond Harbour",289,NA,0,"Canterbury",1010,31.7,9.5,3.4
"11900","20180813:0000",-43.63312,172.72808,"Diamond Harbour",289,NA,0,"Canterbury",1010,9.7,10,8.2
"11901","20180814:0000",-43.63312,172.72808,"Diamond Harbour",289,NA,0,"Canterbury",1010,2.2,8.65,4
"11902","20180815:0000",-43.63312,172.72808,"Diamond Harbour",289,NA,0,"Canterbury",1010,9.7,10.1,6.6
"11903","20180816:0000",-43.63312,172.72808,"Diamond Harbour",289,NA,0,"Canterbury",1010,9.4,11.1,4.8
"11904","20180817:0000",-43.63312,172.72808,"Diamond Harbour",289,NA,0,"Canterbury",1010,7.6,9.75,3.6
"11905","20180818:0000",-43.63312,172.72808,"Diamond Harbour",289,NA,0,"Canterbury",1010,7.6,7.7,6.6
"11906","20180819:0000",-43.63312,172.72808,"Diamond Harbour",289,NA,0,"Canterbury",1010,2.9,5.75,9.5
"11907","20180820:0000",-43.63312,172.72808,"Diamond Harbour",289,NA,0,"Canterbury",1010,26.3,7.95,1.2
"11908","20180821:0000",-43.63312,172.72808,"Diamond Harbour",289,NA,0,"Canterbury",1010,11.5,8.05,6.7
"11909","20180822:0000",-43.63312,172.72808,"Diamond Harbour",289,NA,0,"Canterbury",1010,2.2,9.15,9
"11910","20180823:0000",-43.63312,172.72808,"Diamond Harbour",289,NA,0,"Canterbury",1010,11.5,8.05,6.5
"11911","20180824:0000",-43.63312,172.72808,"Diamond Harbour",289,NA,0,"Canterbury",1010,13.7,7.85,7.1
"11912","20180825:0000",-43.63312,172.72808,"Diamond Harbour",289,NA,0,"Canterbury",1010,14,7.15,4
"11913","20180826:0000",-43.63312,172.72808,"Diamond Harbour",289,NA,0,"Canterbury",1010,2.9,9.25,10.2
"11914","20180827:0000",-43.63312,172.72808,"Diamond Harbour",289,NA,0,"Canterbury",1010,5.4,10.8,9.6
"11915","20180828:0000",-43.63312,172.72808,"Diamond Harbour",289,NA,0,"Canterbury",1010,9,11.15,8.8
"11916","20180829:0000",-43.63312,172.72808,"Diamond Harbour",289,NA,0,"Canterbury",1010,17.6,9.8,0
"11917","20180830:0000",-43.63312,172.72808,"Diamond Harbour",289,NA,0,"Canterbury",1010,9.4,10.75,10.4
"11918","20180831:0000",-43.63312,172.72808,"Diamond Harbour",289,NA,0,"Canterbury",1010,13.3,7.15,0
"11919","20180901:0000",-43.63312,172.72808,"Diamond Harbour",289,NA,0,"Canterbury",1010,9,9.9,9
"11920","20180902:0000",-43.63312,172.72808,"Diamond Harbour",289,NA,0,"Canterbury",1010,4.7,8.25,1.2
"11921","20180903:0000",-43.63312,172.72808,"Diamond Harbour",289,NA,0,"Canterbury",1010,20.2,7.3,1.2
"11922","20180904:0000",-43.63312,172.72808,"Diamond Harbour",289,NA,0,"Canterbury",1010,13,8.45,5.2
"11923","20180905:0000",-43.63312,172.72808,"Diamond Harbour",289,NA,0,"Canterbury",1010,5.4,7.15,6.6
"11924","20180906:0000",-43.63312,172.72808,"Diamond Harbour",289,NA,0,"Canterbury",1010,1.8,6.4,7.3
"11925","20180907:0000",-43.63312,172.72808,"Diamond Harbour",289,NA,0,"Canterbury",1010,5.4,4.7,7.2
"11926","20180908:0000",-43.63312,172.72808,"Diamond Harbour",289,NA,0,"Canterbury",1010,16.2,6.9,5.8
"11927","20180909:0000",-43.63312,172.72808,"Diamond Harbour",289,NA,0,"Canterbury",1010,3.6,5.3,9
"11928","20180910:0000",-43.63312,172.72808,"Diamond Harbour",289,NA,0,"Canterbury",1010,4.7,7,8.7
"11929","20180911:0000",-43.63312,172.72808,"Diamond Harbour",289,NA,0,"Canterbury",1010,6.1,9.4,8.6
"11930","20180912:0000",-43.63312,172.72808,"Diamond Harbour",289,NA,0,"Canterbury",1010,5.8,11.75,10.4
"11931","20180913:0000",-43.63312,172.72808,"Diamond Harbour",289,NA,0,"Canterbury",1010,7.2,14.05,7
"11932","20180914:0000",-43.63312,172.72808,"Diamond Harbour",289,NA,0,"Canterbury",1010,5,16.55,10.9
"11933","20180915:0000",-43.63312,172.72808,"Diamond Harbour",289,NA,0,"Canterbury",1010,7.6,13.7,11.1
"11934","20180916:0000",-43.63312,172.72808,"Diamond Harbour",289,NA,0,"Canterbury",1010,2.9,14.45,10.8
"11935","20180917:0000",-43.63312,172.72808,"Diamond Harbour",289,NA,0,"Canterbury",1010,10.4,12.25,4.1
"11936","20180918:0000",-43.63312,172.72808,"Diamond Harbour",289,NA,0,"Canterbury",1010,11.2,10.05,10.1
"11937","20180919:0000",-43.63312,172.72808,"Diamond Harbour",289,NA,0,"Canterbury",1010,27.7,10.2,11.1
"11938","20180920:0000",-43.63312,172.72808,"Diamond Harbour",289,NA,0,"Canterbury",1010,2.2,11.7,10.8
"11939","20180921:0000",-43.63312,172.72808,"Diamond Harbour",289,NA,0,"Canterbury",1010,15.8,9.7,6.3
"11940","20180922:0000",-43.63312,172.72808,"Diamond Harbour",289,NA,0,"Canterbury",1010,6.8,8.95,11.3
"11941","20180923:0000",-43.63312,172.72808,"Diamond Harbour",289,NA,0,"Canterbury",1010,24.8,9.75,7.7
"11942","20180924:0000",-43.63312,172.72808,"Diamond Harbour",289,NA,0,"Canterbury",1010,5,10.3,6.4
"11943","20180925:0000",-43.63312,172.72808,"Diamond Harbour",289,NA,0,"Canterbury",1010,16.9,8.1,7.4
"11944","20180926:0000",-43.63312,172.72808,"Diamond Harbour",289,NA,0,"Canterbury",1010,11.2,8.35,8.5
"11945","20180927:0000",-43.63312,172.72808,"Diamond Harbour",289,NA,0,"Canterbury",1010,5.4,9.3,11.2
"11946","20180928:0000",-43.63312,172.72808,"Diamond Harbour",289,NA,0,"Canterbury",1010,19.8,9.8,10.3
"11947","20180929:0000",-43.63312,172.72808,"Diamond Harbour",289,NA,0,"Canterbury",1010,8.3,10.65,10.3
"11948","20180930:0000",-43.63312,172.72808,"Diamond Harbour",289,NA,0,"Canterbury",1010,7.2,12.9,0.1
"11949","20181001:0000",-43.63312,172.72808,"Diamond Harbour",289,NA,0,"Canterbury",1010,5.4,11.7,10.9
"11950","20181002:0000",-43.63312,172.72808,"Diamond Harbour",289,NA,0,"Canterbury",1010,4.3,10.4,11
"11951","20181003:0000",-43.63312,172.72808,"Diamond Harbour",289,NA,0,"Canterbury",1010,20.9,9.55,8.1
"11952","20181004:0000",-43.63312,172.72808,"Diamond Harbour",289,NA,0,"Canterbury",1010,3.6,12.9,10
"11953","20181005:0000",-43.63312,172.72808,"Diamond Harbour",289,NA,0,"Canterbury",1010,4.7,9.6,0.6
"11954","20181006:0000",-43.63312,172.72808,"Diamond Harbour",289,NA,0,"Canterbury",1010,16.9,8.4,10.6
"11955","20181007:0000",-43.63312,172.72808,"Diamond Harbour",289,NA,0,"Canterbury",1010,8.3,11.1,10.2
"11956","20181008:0000",-43.63312,172.72808,"Diamond Harbour",289,NA,0,"Canterbury",1010,23,10.45,8.6
"11957","20181009:0000",-43.63312,172.72808,"Diamond Harbour",289,NA,0,"Canterbury",1010,7.6,9.65,11.7
"11958","20181010:0000",-43.63312,172.72808,"Diamond Harbour",289,NA,0,"Canterbury",1010,17.3,13.3,5.9
"11959","20181011:0000",-43.63312,172.72808,"Diamond Harbour",289,NA,0,"Canterbury",1010,7.9,9.7,0.3
"11960","20181012:0000",-43.63312,172.72808,"Diamond Harbour",289,NA,0,"Canterbury",1010,9,6.75,0.5
"11961","20181013:0000",-43.63312,172.72808,"Diamond Harbour",289,NA,0,"Canterbury",1010,8.6,7.65,8.4
"11962","20181014:0000",-43.63312,172.72808,"Diamond Harbour",289,NA,0,"Canterbury",1010,16.6,8.05,8.1
"11963","20181015:0000",-43.63312,172.72808,"Diamond Harbour",289,NA,0,"Canterbury",1010,3.2,7.75,10.1
"11964","20181016:0000",-43.63312,172.72808,"Diamond Harbour",289,NA,0,"Canterbury",1010,4.7,9,12.2
"11965","20181017:0000",-43.63312,172.72808,"Diamond Harbour",289,NA,0,"Canterbury",1010,4.3,13.8,4.8
"11966","20181018:0000",-43.63312,172.72808,"Diamond Harbour",289,NA,0,"Canterbury",1010,15.1,13.4,9.8
"11967","20181019:0000",-43.63312,172.72808,"Diamond Harbour",289,NA,0,"Canterbury",1010,6.8,14,12.4
"11968","20181020:0000",-43.63312,172.72808,"Diamond Harbour",289,NA,0,"Canterbury",1010,5.8,16.85,10.9
"11969","20181021:0000",-43.63312,172.72808,"Diamond Harbour",289,NA,0,"Canterbury",1010,6.5,15.9,12
"11970","20181022:0000",-43.63312,172.72808,"Diamond Harbour",289,NA,0,"Canterbury",1010,9.4,14.4,12.7
"11971","20181023:0000",-43.63312,172.72808,"Diamond Harbour",289,NA,0,"Canterbury",1010,5.8,14.95,12.3
"11972","20181024:0000",-43.63312,172.72808,"Diamond Harbour",289,NA,0,"Canterbury",1010,14,15.55,10.6
"11973","20181025:0000",-43.63312,172.72808,"Diamond Harbour",289,NA,0,"Canterbury",1010,5,13.8,0.8
"11974","20181026:0000",-43.63312,172.72808,"Diamond Harbour",289,NA,0,"Canterbury",1010,5.8,9.45,9.8
"11975","20181027:0000",-43.63312,172.72808,"Diamond Harbour",289,NA,0,"Canterbury",1010,16.2,12.55,11.2
"11976","20181028:0000",-43.63312,172.72808,"Diamond Harbour",289,NA,0,"Canterbury",1010,9.7,11.65,8.2
"11977","20181029:0000",-43.63312,172.72808,"Diamond Harbour",289,NA,0,"Canterbury",1010,4.3,11.65,0.1
"11978","20181030:0000",-43.63312,172.72808,"Diamond Harbour",289,NA,0,"Canterbury",1010,8.6,10.3,2.7
"11979","20181031:0000",-43.63312,172.72808,"Diamond Harbour",289,NA,0,"Canterbury",1010,4.7,8.75,11
"11980","20181101:0000",-43.63312,172.72808,"Diamond Harbour",289,NA,0,"Canterbury",1010,15.5,9.95,7.8
"11981","20181102:0000",-43.63312,172.72808,"Diamond Harbour",289,NA,0,"Canterbury",1010,7.2,9.7,10.5
"11982","20181103:0000",-43.63312,172.72808,"Diamond Harbour",289,NA,0,"Canterbury",1010,21.6,17.65,7.6
"11983","20181104:0000",-43.63312,172.72808,"Diamond Harbour",289,NA,0,"Canterbury",1010,5.4,13.45,11.2
"11984","20181105:0000",-43.63312,172.72808,"Diamond Harbour",289,NA,0,"Canterbury",1010,4.3,14.75,12
"11985","20181106:0000",-43.63312,172.72808,"Diamond Harbour",289,NA,0,"Canterbury",1010,5,13.9,12.7
"11986","20181107:0000",-43.63312,172.72808,"Diamond Harbour",289,NA,0,"Canterbury",1010,2.9,16.9,7.2
"11987","20181108:0000",-43.63312,172.72808,"Diamond Harbour",289,NA,0,"Canterbury",1010,16.9,22,7.7
"11988","20181109:0000",-43.63312,172.72808,"Diamond Harbour",289,NA,0,"Canterbury",1010,7.9,9.35,0
"11989","20181110:0000",-43.63312,172.72808,"Diamond Harbour",289,NA,0,"Canterbury",1010,3.2,8.8,12.3
"11990","20181111:0000",-43.63312,172.72808,"Diamond Harbour",289,NA,0,"Canterbury",1010,19.8,11.75,11.5
"11991","20181112:0000",-43.63312,172.72808,"Diamond Harbour",289,NA,0,"Canterbury",1010,4.3,13.95,10.7
"11992","20181113:0000",-43.63312,172.72808,"Diamond Harbour",289,NA,0,"Canterbury",1010,7.2,13.6,13.1
"11993","20181114:0000",-43.63312,172.72808,"Diamond Harbour",289,NA,0,"Canterbury",1010,24.5,13.35,12.9
"11994","20181115:0000",-43.63312,172.72808,"Diamond Harbour",289,NA,0,"Canterbury",1010,2.2,16.5,11.4
"11995","20181116:0000",-43.63312,172.72808,"Diamond Harbour",289,NA,0,"Canterbury",1010,10.8,17.95,10.8
"11996","20181117:0000",-43.63312,172.72808,"Diamond Harbour",289,NA,0,"Canterbury",1010,18.4,14.2,5
"11997","20181118:0000",-43.63312,172.72808,"Diamond Harbour",289,NA,0,"Canterbury",1010,8.3,14.6,9.6
"11998","20181119:0000",-43.63312,172.72808,"Diamond Harbour",289,NA,0,"Canterbury",1010,4.3,7.55,8.3
"11999","20181120:0000",-43.63312,172.72808,"Diamond Harbour",289,NA,0,"Canterbury",1010,7.6,8.3,2.9
"12000","20181121:0000",-43.63312,172.72808,"Diamond Harbour",289,NA,0,"Canterbury",1010,6.5,9.85,10.4
"12001","20181122:0000",-43.63312,172.72808,"Diamond Harbour",289,NA,0,"Canterbury",1010,21.6,13.2,11.8
"12002","20181123:0000",-43.63312,172.72808,"Diamond Harbour",289,NA,0,"Canterbury",1010,16.9,13.85,9.9
"12003","20181124:0000",-43.63312,172.72808,"Diamond Harbour",289,NA,0,"Canterbury",1010,18.4,14.55,0.1
"12004","20181125:0000",-43.63312,172.72808,"Diamond Harbour",289,NA,0,"Canterbury",1010,29.5,15.1,0.3
"12005","20181126:0000",-43.63312,172.72808,"Diamond Harbour",289,NA,0,"Canterbury",1010,8.6,13.1,0.3
"12006","20181127:0000",-43.63312,172.72808,"Diamond Harbour",289,NA,0,"Canterbury",1010,5.8,12.25,0.7
"12007","20181128:0000",-43.63312,172.72808,"Diamond Harbour",289,NA,0,"Canterbury",1010,3.6,13.6,0
"12008","20181129:0000",-43.63312,172.72808,"Diamond Harbour",289,NA,0,"Canterbury",1010,16.9,13.35,9
"12009","20181130:0000",-43.63312,172.72808,"Diamond Harbour",289,NA,0,"Canterbury",1010,25.9,14.45,9
"12010","20181201:0000",-43.63312,172.72808,"Diamond Harbour",289,NA,0,"Canterbury",1010,28.8,15.25,2.5
"12011","20181202:0000",-43.63312,172.72808,"Diamond Harbour",289,NA,0,"Canterbury",1010,24.8,16,0.3
"12012","20181203:0000",-43.63312,172.72808,"Diamond Harbour",289,NA,0,"Canterbury",1010,30.2,15.75,1
"12013","20181204:0000",-43.63312,172.72808,"Diamond Harbour",289,NA,0,"Canterbury",1010,23,18.9,9.6
"12014","20181205:0000",-43.63312,172.72808,"Diamond Harbour",289,NA,0,"Canterbury",1010,4.3,14.4,5.7
"12015","20181206:0000",-43.63312,172.72808,"Diamond Harbour",289,NA,0,"Canterbury",1010,18,12.45,8.9
"12016","20181207:0000",-43.63312,172.72808,"Diamond Harbour",289,NA,0,"Canterbury",1010,5.8,12.9,13.4
"12017","20181208:0000",-43.63312,172.72808,"Diamond Harbour",289,NA,0,"Canterbury",1010,13.3,15.1,6.1
"12018","20181209:0000",-43.63312,172.72808,"Diamond Harbour",289,NA,0,"Canterbury",1010,12.6,19.4,8.8
"12019","20181210:0000",-43.63312,172.72808,"Diamond Harbour",289,NA,0,"Canterbury",1010,6.5,13.95,0
"12020","20181211:0000",-43.63312,172.72808,"Diamond Harbour",289,NA,0,"Canterbury",1010,22.3,12.9,0
"12021","20181212:0000",-43.63312,172.72808,"Diamond Harbour",289,NA,0,"Canterbury",1010,8.3,14.35,0
"12022","20181213:0000",-43.63312,172.72808,"Diamond Harbour",289,NA,0,"Canterbury",1010,3.6,15.65,2.3
"12023","20181214:0000",-43.63312,172.72808,"Diamond Harbour",289,NA,0,"Canterbury",1010,20.2,17.15,10
"12024","20181215:0000",-43.63312,172.72808,"Diamond Harbour",289,NA,0,"Canterbury",1010,5.4,16.55,10.4
"12025","20181216:0000",-43.63312,172.72808,"Diamond Harbour",289,NA,0,"Canterbury",1010,6.5,15.75,0
"12026","20181217:0000",-43.63312,172.72808,"Diamond Harbour",289,NA,0,"Canterbury",1010,11.9,18.35,13.9
"12027","20181218:0000",-43.63312,172.72808,"Diamond Harbour",289,NA,0,"Canterbury",1010,6.8,19.65,0
"12028","20181219:0000",-43.63312,172.72808,"Diamond Harbour",289,NA,0,"Canterbury",1010,4.7,14.1,0
"12029","20181220:0000",-43.63312,172.72808,"Diamond Harbour",289,NA,0,"Canterbury",1010,2.2,11.9,0.3
"12030","20181221:0000",-43.63312,172.72808,"Diamond Harbour",289,NA,0,"Canterbury",1010,15.8,13.4,8
"12031","20181222:0000",-43.63312,172.72808,"Diamond Harbour",289,NA,0,"Canterbury",1010,6.5,14.3,8.1
"12032","20181223:0000",-43.63312,172.72808,"Diamond Harbour",289,NA,0,"Canterbury",1010,5,13.45,7.8
"12033","20181224:0000",-43.63312,172.72808,"Diamond Harbour",289,NA,0,"Canterbury",1010,23.8,15.35,7.7
"12034","20181225:0000",-43.63312,172.72808,"Diamond Harbour",289,NA,0,"Canterbury",1010,23.4,17.8,7.4
"12035","20181226:0000",-43.63312,172.72808,"Diamond Harbour",289,NA,0,"Canterbury",1010,9.4,16.2,1.5
"12036","20181227:0000",-43.63312,172.72808,"Diamond Harbour",289,NA,0,"Canterbury",1010,11.5,16.15,9.4
"12037","20181228:0000",-43.63312,172.72808,"Diamond Harbour",289,NA,0,"Canterbury",1010,24.1,16.55,11
"12038","20181229:0000",-43.63312,172.72808,"Diamond Harbour",289,NA,0,"Canterbury",1010,13.7,21.1,7.7
"12039","20181230:0000",-43.63312,172.72808,"Diamond Harbour",289,NA,0,"Canterbury",1010,6.1,22.25,0.9
"12040","20181231:0000",-43.63312,172.72808,"Diamond Harbour",289,NA,0,"Canterbury",1010,24.5,18.35,10.7
"12041","20190101:0000",-43.63312,172.72808,"Diamond Harbour",289,NA,0,"Canterbury",1010,8.6,20.75,8.3
"12042","20190102:0000",-43.63312,172.72808,"Diamond Harbour",289,NA,0,"Canterbury",1010,9,23,12.5
"12043","20190103:0000",-43.63312,172.72808,"Diamond Harbour",289,NA,0,"Canterbury",1010,3.2,22.2,11.1
"12044","20190104:0000",-43.63312,172.72808,"Diamond Harbour",289,NA,0,"Canterbury",1010,4.7,18.2,13
"12045","20190105:0000",-43.63312,172.72808,"Diamond Harbour",289,NA,0,"Canterbury",1010,29.9,20.9,10.8
"12046","20190106:0000",-43.63312,172.72808,"Diamond Harbour",289,NA,0,"Canterbury",1010,12.6,22.5,7.8
"12047","20190107:0000",-43.63312,172.72808,"Diamond Harbour",289,NA,0,"Canterbury",1010,13.7,17.25,9.9
"12048","20190108:0000",-43.63312,172.72808,"Diamond Harbour",289,NA,0,"Canterbury",1010,7.6,18.65,9.4
"12049","20190109:0000",-43.63312,172.72808,"Diamond Harbour",289,NA,0,"Canterbury",1010,34.2,20.3,7
"12050","20190110:0000",-43.63312,172.72808,"Diamond Harbour",289,NA,0,"Canterbury",1010,8.6,23.05,12.3
"12051","20190111:0000",-43.63312,172.72808,"Diamond Harbour",289,NA,0,"Canterbury",1010,10.1,17.95,6.3
"12052","20190112:0000",-43.63312,172.72808,"Diamond Harbour",289,NA,0,"Canterbury",1010,1.8,15.75,3.6
"12053","20190113:0000",-43.63312,172.72808,"Diamond Harbour",289,NA,0,"Canterbury",1010,20.2,20.4,7.9
"12054","20190114:0000",-43.63312,172.72808,"Diamond Harbour",289,NA,0,"Canterbury",1010,20.9,13.95,2.6
"12055","20190115:0000",-43.63312,172.72808,"Diamond Harbour",289,NA,0,"Canterbury",1010,9.4,14.6,7.9
"12056","20190116:0000",-43.63312,172.72808,"Diamond Harbour",289,NA,0,"Canterbury",1010,9.7,14.6,13.6
"12057","20190117:0000",-43.63312,172.72808,"Diamond Harbour",289,NA,0,"Canterbury",1010,15.8,18.45,11
"12058","20190118:0000",-43.63312,172.72808,"Diamond Harbour",289,NA,0,"Canterbury",1010,9,18.8,1.8
"12059","20190119:0000",-43.63312,172.72808,"Diamond Harbour",289,NA,0,"Canterbury",1010,24.8,23.85,6.9
"12060","20190120:0000",-43.63312,172.72808,"Diamond Harbour",289,NA,0,"Canterbury",1010,7.6,19.85,13.4
"12061","20190121:0000",-43.63312,172.72808,"Diamond Harbour",289,NA,0,"Canterbury",1010,6.8,19.4,10.6
"12062","20190122:0000",-43.63312,172.72808,"Diamond Harbour",289,NA,0,"Canterbury",1010,11.9,21.6,11.2
"12063","20190123:0000",-43.63312,172.72808,"Diamond Harbour",289,NA,0,"Canterbury",1010,6.1,24.35,9.4
"12064","20190124:0000",-43.63312,172.72808,"Diamond Harbour",289,NA,0,"Canterbury",1010,4.7,14.35,12.3
"12065","20190125:0000",-43.63312,172.72808,"Diamond Harbour",289,NA,0,"Canterbury",1010,9.7,15.35,9.1
"12066","20190126:0000",-43.63312,172.72808,"Diamond Harbour",289,NA,0,"Canterbury",1010,14.4,21.15,3.3
"12067","20190127:0000",-43.63312,172.72808,"Diamond Harbour",289,NA,0,"Canterbury",1010,6.8,21.4,13.1
"12068","20190128:0000",-43.63312,172.72808,"Diamond Harbour",289,NA,0,"Canterbury",1010,13.3,22.6,10.4
"12069","20190129:0000",-43.63312,172.72808,"Diamond Harbour",289,NA,0,"Canterbury",1010,27.4,20.85,9.8
"12070","20190130:0000",-43.63312,172.72808,"Diamond Harbour",289,NA,0,"Canterbury",1010,2.5,22.9,10.2
"12071","20190131:0000",-43.63312,172.72808,"Diamond Harbour",289,NA,0,"Canterbury",1010,18.4,22.05,12.1
"12072","20190201:0000",-43.63312,172.72808,"Diamond Harbour",289,NA,0,"Canterbury",1010,13,22.6,0
"12073","20190202:0000",-43.63312,172.72808,"Diamond Harbour",289,NA,0,"Canterbury",1010,7.2,15.7,12.8
"12074","20190203:0000",-43.63312,172.72808,"Diamond Harbour",289,NA,0,"Canterbury",1010,29.5,18.9,12.3
"12075","20190204:0000",-43.63312,172.72808,"Diamond Harbour",289,NA,0,"Canterbury",1010,2.2,22,13
"12076","20190205:0000",-43.63312,172.72808,"Diamond Harbour",289,NA,0,"Canterbury",1010,10.4,24.7,7.2
"12077","20190206:0000",-43.63312,172.72808,"Diamond Harbour",289,NA,0,"Canterbury",1010,10.1,14.7,3.2
"12078","20190207:0000",-43.63312,172.72808,"Diamond Harbour",289,NA,0,"Canterbury",1010,7.2,13.55,11.6
"12079","20190208:0000",-43.63312,172.72808,"Diamond Harbour",289,NA,0,"Canterbury",1010,24.5,17.5,11.5
"12080","20190209:0000",-43.63312,172.72808,"Diamond Harbour",289,NA,0,"Canterbury",1010,4,21.35,12.9
"12081","20190210:0000",-43.63312,172.72808,"Diamond Harbour",289,NA,0,"Canterbury",1010,4.7,20.35,12.9
"12082","20190211:0000",-43.63312,172.72808,"Diamond Harbour",289,NA,0,"Canterbury",1010,9.7,19.35,12.5
"12083","20190212:0000",-43.63312,172.72808,"Diamond Harbour",289,NA,0,"Canterbury",1010,7.9,23.15,11.8
"12084","20190213:0000",-43.63312,172.72808,"Diamond Harbour",289,NA,0,"Canterbury",1010,4.7,19.75,12.8
"12085","20190214:0000",-43.63312,172.72808,"Diamond Harbour",289,NA,0,"Canterbury",1010,19.1,23.35,10.4
"12086","20190215:0000",-43.63312,172.72808,"Diamond Harbour",289,NA,0,"Canterbury",1010,5.8,17.9,NA
"12087","20190216:0000",-43.63312,172.72808,"Diamond Harbour",289,NA,0,"Canterbury",1010,10.4,13.8,4.9
"12088","20190217:0000",-43.63312,172.72808,"Diamond Harbour",289,NA,0,"Canterbury",1010,22.3,15.25,6.6
"12089","20190218:0000",-43.63312,172.72808,"Diamond Harbour",289,NA,0,"Canterbury",1010,0,17.9,9.3
"12090","20190219:0000",-43.63312,172.72808,"Diamond Harbour",289,NA,0,"Canterbury",1010,9.7,20.55,8.2
"12091","20190220:0000",-43.63312,172.72808,"Diamond Harbour",289,NA,0,"Canterbury",1010,5.8,22.9,10.5
"12092","20190221:0000",-43.63312,172.72808,"Diamond Harbour",289,NA,0,"Canterbury",1010,13,19.95,12.1
"12093","20190222:0000",-43.63312,172.72808,"Diamond Harbour",289,NA,0,"Canterbury",1010,10.8,23.25,7.3
"12094","20190223:0000",-43.63312,172.72808,"Diamond Harbour",289,NA,0,"Canterbury",1010,3.2,15.05,8.3
"12095","20190224:0000",-43.63312,172.72808,"Diamond Harbour",289,NA,0,"Canterbury",1010,11.5,12.1,2.8
"12096","20190225:0000",-43.63312,172.72808,"Diamond Harbour",289,NA,0,"Canterbury",1010,5.4,12.75,6.5
"12097","20190226:0000",-43.63312,172.72808,"Diamond Harbour",289,NA,0,"Canterbury",1010,8.3,15.6,12.3
"12098","20190227:0000",-43.63312,172.72808,"Diamond Harbour",289,NA,0,"Canterbury",1010,19.4,19.25,6.5
"12099","20190228:0000",-43.63312,172.72808,"Diamond Harbour",289,NA,0,"Canterbury",1010,14.8,11.6,5.7
"12100","20190301:0000",-43.63312,172.72808,"Diamond Harbour",289,NA,0,"Canterbury",1010,1.4,12.65,12.3
"12101","20190302:0000",-43.63312,172.72808,"Diamond Harbour",289,NA,0,"Canterbury",1010,4.7,14.85,10.8
"12102","20190303:0000",-43.63312,172.72808,"Diamond Harbour",289,NA,0,"Canterbury",1010,0,14.6,12.2
"12103","20190304:0000",-43.63312,172.72808,"Diamond Harbour",289,NA,0,"Canterbury",1010,22,16.9,11.8
"12104","20190305:0000",-43.63312,172.72808,"Diamond Harbour",289,NA,0,"Canterbury",1010,2.5,21.3,12.1
"12105","20190306:0000",-43.63312,172.72808,"Diamond Harbour",289,NA,0,"Canterbury",1010,8.3,18.15,11.9
"12106","20190307:0000",-43.63312,172.72808,"Diamond Harbour",289,NA,0,"Canterbury",1010,3.2,20.55,8.8
"12107","20190308:0000",-43.63312,172.72808,"Diamond Harbour",289,NA,0,"Canterbury",1010,12.6,12.4,0.2
"12108","20190309:0000",-43.63312,172.72808,"Diamond Harbour",289,NA,0,"Canterbury",1010,4.7,13.8,3.9
"12109","20190310:0000",-43.63312,172.72808,"Diamond Harbour",289,NA,0,"Canterbury",1010,5,13.6,0
"12110","20190311:0000",-43.63312,172.72808,"Diamond Harbour",289,NA,0,"Canterbury",1010,15.5,15.95,2.2
"12111","20190312:0000",-43.63312,172.72808,"Diamond Harbour",289,NA,0,"Canterbury",1010,7.9,21.2,11.5
"12112","20190313:0000",-43.63312,172.72808,"Diamond Harbour",289,NA,0,"Canterbury",1010,0,20.75,8.7
"12113","20190314:0000",-43.63312,172.72808,"Diamond Harbour",289,NA,0,"Canterbury",1010,4,14.75,0
"12114","20190315:0000",-43.63312,172.72808,"Diamond Harbour",289,NA,0,"Canterbury",1010,21.6,16.5,0.3
"12115","20190316:0000",-43.63312,172.72808,"Diamond Harbour",289,NA,0,"Canterbury",1010,6.1,17.4,4.4
"12116","20190317:0000",-43.63312,172.72808,"Diamond Harbour",289,NA,0,"Canterbury",1010,4.7,13.4,0.7
"12117","20190318:0000",-43.63312,172.72808,"Diamond Harbour",289,NA,0,"Canterbury",1010,17.3,15.6,2.1
"12118","20190319:0000",-43.63312,172.72808,"Diamond Harbour",289,NA,0,"Canterbury",1010,0,16.5,5.5
"12119","20190320:0000",-43.63312,172.72808,"Diamond Harbour",289,NA,0,"Canterbury",1010,13,17.3,10.4
"12120","20190321:0000",-43.63312,172.72808,"Diamond Harbour",289,NA,0,"Canterbury",1010,23.4,16,1.5
"12121","20190322:0000",-43.63312,172.72808,"Diamond Harbour",289,NA,0,"Canterbury",1010,22.7,17.4,7.9
"12122","20190323:0000",-43.63312,172.72808,"Diamond Harbour",289,NA,0,"Canterbury",1010,4,16.3,7.2
"12123","20190324:0000",-43.63312,172.72808,"Diamond Harbour",289,NA,0,"Canterbury",1010,20.5,17.75,9.1
"12124","20190325:0000",-43.63312,172.72808,"Diamond Harbour",289,NA,0,"Canterbury",1010,5.8,21.1,6.6
"12125","20190326:0000",-43.63312,172.72808,"Diamond Harbour",289,NA,0,"Canterbury",1010,28.1,21.8,0
"12126","20190327:0000",-43.63312,172.72808,"Diamond Harbour",289,NA,0,"Canterbury",1010,3.2,19.75,4
"12127","20190328:0000",-43.63312,172.72808,"Diamond Harbour",289,NA,0,"Canterbury",1010,4.3,14.65,6.4
"12128","20190329:0000",-43.63312,172.72808,"Diamond Harbour",289,NA,0,"Canterbury",1010,25.2,14.5,8
"12129","20190330:0000",-43.63312,172.72808,"Diamond Harbour",289,NA,0,"Canterbury",1010,24.5,16.7,5.3
"12130","20190331:0000",-43.63312,172.72808,"Diamond Harbour",289,NA,0,"Canterbury",1010,26.3,17.55,7.3
"12131","20190401:0000",-43.63312,172.72808,"Diamond Harbour",289,NA,0,"Canterbury",1010,31,20.45,10.8
"12132","20190402:0000",-43.63312,172.72808,"Diamond Harbour",289,NA,0,"Canterbury",1010,5.8,11.15,4.8
"12133","20190403:0000",-43.63312,172.72808,"Diamond Harbour",289,NA,0,"Canterbury",1010,2.9,11.4,6.9
"12134","20190404:0000",-43.63312,172.72808,"Diamond Harbour",289,NA,0,"Canterbury",1010,18.4,12.45,9.6
"12135","20190405:0000",-43.63312,172.72808,"Diamond Harbour",289,NA,0,"Canterbury",1010,7.9,9.85,1.6
"12136","20190406:0000",-43.63312,172.72808,"Diamond Harbour",289,NA,0,"Canterbury",1010,9.7,8.75,5.9
"12137","20190407:0000",-43.63312,172.72808,"Diamond Harbour",289,NA,0,"Canterbury",1010,12.6,9.6,1.3
"12138","20190408:0000",-43.63312,172.72808,"Diamond Harbour",289,NA,0,"Canterbury",1010,2.9,11.5,6.8
"12139","20190409:0000",-43.63312,172.72808,"Diamond Harbour",289,NA,0,"Canterbury",1010,18,15,9.6
"12140","20190410:0000",-43.63312,172.72808,"Diamond Harbour",289,NA,0,"Canterbury",1010,17.6,19,7.7
"12141","20190411:0000",-43.63312,172.72808,"Diamond Harbour",289,NA,0,"Canterbury",1010,5.4,12.75,0
"12142","20190412:0000",-43.63312,172.72808,"Diamond Harbour",289,NA,0,"Canterbury",1010,15.1,10.5,4.6
"12143","20190413:0000",-43.63312,172.72808,"Diamond Harbour",289,NA,0,"Canterbury",1010,4.3,11,7.8
"12144","20190414:0000",-43.63312,172.72808,"Diamond Harbour",289,NA,0,"Canterbury",1010,3.6,9.85,4.2
"12145","20190415:0000",-43.63312,172.72808,"Diamond Harbour",289,NA,0,"Canterbury",1010,5.8,10.7,5.5
"12146","20190416:0000",-43.63312,172.72808,"Diamond Harbour",289,NA,0,"Canterbury",1010,6.5,11.5,4.8
"12147","20190417:0000",-43.63312,172.72808,"Diamond Harbour",289,NA,0,"Canterbury",1010,1.4,9.85,10.2
"12148","20190418:0000",-43.63312,172.72808,"Diamond Harbour",289,NA,0,"Canterbury",1010,5.4,10,8.3
"12149","20190419:0000",-43.63312,172.72808,"Diamond Harbour",289,NA,0,"Canterbury",1010,24.1,12.25,7.2
"12150","20190420:0000",-43.63312,172.72808,"Diamond Harbour",289,NA,0,"Canterbury",1010,3.6,12.85,3.3
"12151","20190421:0000",-43.63312,172.72808,"Diamond Harbour",289,NA,0,"Canterbury",1010,8.3,12.45,0.3
"12152","20190422:0000",-43.63312,172.72808,"Diamond Harbour",289,NA,0,"Canterbury",1010,5.8,12.9,4.9
"12153","20190423:0000",-43.63312,172.72808,"Diamond Harbour",289,NA,0,"Canterbury",1010,17.6,11.6,6.9
"12154","20190424:0000",-43.63312,172.72808,"Diamond Harbour",289,NA,0,"Canterbury",1010,6.5,11.6,0
"12155","20190425:0000",-43.63312,172.72808,"Diamond Harbour",289,NA,0,"Canterbury",1010,9.4,14.4,5.8
"12156","20190426:0000",-43.63312,172.72808,"Diamond Harbour",289,NA,0,"Canterbury",1010,6.1,15.35,9.3
"12157","20190427:0000",-43.63312,172.72808,"Diamond Harbour",289,NA,0,"Canterbury",1010,19.8,17.7,4
"12158","20190428:0000",-43.63312,172.72808,"Diamond Harbour",289,NA,0,"Canterbury",1010,5.8,13.5,5.1
"12159","20190429:0000",-43.63312,172.72808,"Diamond Harbour",289,NA,0,"Canterbury",1010,7.6,11.5,1.9
"12160","20190430:0000",-43.63312,172.72808,"Diamond Harbour",289,NA,0,"Canterbury",1010,3.6,9.5,8.3
"12161","20190501:0000",-43.63312,172.72808,"Diamond Harbour",289,NA,0,"Canterbury",1010,0.7,11.05,9.8
"12162","20190502:0000",-43.63312,172.72808,"Diamond Harbour",289,NA,0,"Canterbury",1010,3.6,14.4,8.1
"12163","20190503:0000",-43.63312,172.72808,"Diamond Harbour",289,NA,0,"Canterbury",1010,6.5,12.4,8.7
"12164","20190504:0000",-43.63312,172.72808,"Diamond Harbour",289,NA,0,"Canterbury",1010,23.4,14.65,6.5
"12165","20190505:0000",-43.63312,172.72808,"Diamond Harbour",289,NA,0,"Canterbury",1010,6.1,16.1,3
"12166","20190506:0000",-43.63312,172.72808,"Diamond Harbour",289,NA,0,"Canterbury",1010,18.4,11.65,3.3
"12167","20190507:0000",-43.63312,172.72808,"Diamond Harbour",289,NA,0,"Canterbury",1010,23.8,13.25,0.4
"12168","20190508:0000",-43.63312,172.72808,"Diamond Harbour",289,NA,0,"Canterbury",1010,14.8,14.85,3.2
"12169","20190509:0000",-43.63312,172.72808,"Diamond Harbour",289,NA,0,"Canterbury",1010,11.5,16.35,4.7
"12170","20190510:0000",-43.63312,172.72808,"Diamond Harbour",289,NA,0,"Canterbury",1010,5.4,15.35,9.3
"12171","20190511:0000",-43.63312,172.72808,"Diamond Harbour",289,NA,0,"Canterbury",1010,9.7,12.6,0
"12172","20190512:0000",-43.63312,172.72808,"Diamond Harbour",289,NA,0,"Canterbury",1010,6.1,14,0.7
"12173","20190513:0000",-43.63312,172.72808,"Diamond Harbour",289,NA,0,"Canterbury",1010,17.6,11.15,7.8
"12174","20190514:0000",-43.63312,172.72808,"Diamond Harbour",289,NA,0,"Canterbury",1010,14.8,10.2,4.4
"12175","20190515:0000",-43.63312,172.72808,"Diamond Harbour",289,NA,0,"Canterbury",1010,7.9,13,6.6
"12176","20190516:0000",-43.63312,172.72808,"Diamond Harbour",289,NA,0,"Canterbury",1010,5,11.1,3.3
"12177","20190517:0000",-43.63312,172.72808,"Diamond Harbour",289,NA,0,"Canterbury",1010,6.1,8.15,7.5
"12178","20190518:0000",-43.63312,172.72808,"Diamond Harbour",289,NA,0,"Canterbury",1010,4,10.2,3.6
"12179","20190519:0000",-43.63312,172.72808,"Diamond Harbour",289,NA,0,"Canterbury",1010,8.6,9.8,6.2
"12180","20190520:0000",-43.63312,172.72808,"Diamond Harbour",289,NA,0,"Canterbury",1010,2.5,10.05,9.1
"12181","20190521:0000",-43.63312,172.72808,"Diamond Harbour",289,NA,0,"Canterbury",1010,15.1,11.4,7
"12182","20190522:0000",-43.63312,172.72808,"Diamond Harbour",289,NA,0,"Canterbury",1010,2.9,10.15,5.2
"12183","20190523:0000",-43.63312,172.72808,"Diamond Harbour",289,NA,0,"Canterbury",1010,2.9,10.6,8.8
"12184","20190524:0000",-43.63312,172.72808,"Diamond Harbour",289,NA,0,"Canterbury",1010,8.6,11.8,8.4
"12185","20190525:0000",-43.63312,172.72808,"Diamond Harbour",289,NA,0,"Canterbury",1010,3.6,10.25,6.1
"12186","20190526:0000",-43.63312,172.72808,"Diamond Harbour",289,NA,0,"Canterbury",1010,8.6,12.1,7.2
"12187","20190527:0000",-43.63312,172.72808,"Diamond Harbour",289,NA,0,"Canterbury",1010,9.7,13.8,0.7
"12188","20190528:0000",-43.63312,172.72808,"Diamond Harbour",289,NA,0,"Canterbury",1010,19.4,14.85,0
"12189","20190529:0000",-43.63312,172.72808,"Diamond Harbour",289,NA,0,"Canterbury",1010,10.1,13,8.6
"12190","20190530:0000",-43.63312,172.72808,"Diamond Harbour",289,NA,0,"Canterbury",1010,26.3,15.85,6.8
"12191","20190531:0000",-43.63312,172.72808,"Diamond Harbour",289,NA,0,"Canterbury",1010,7.9,10.15,4.5
"12192","20190601:0000",-43.63312,172.72808,"Diamond Harbour",289,NA,0,"Canterbury",1010,18,7.1,0
"12193","20190602:0000",-43.63312,172.72808,"Diamond Harbour",289,NA,0,"Canterbury",1010,12.2,5.2,0.5
"12194","20190603:0000",-43.63312,172.72808,"Diamond Harbour",289,NA,0,"Canterbury",1010,0.7,6.4,8.4
"12195","20190604:0000",-43.63312,172.72808,"Diamond Harbour",289,NA,0,"Canterbury",1010,5,5.95,0.9
"12196","20190605:0000",-43.63312,172.72808,"Diamond Harbour",289,NA,0,"Canterbury",1010,4.7,5.2,3.5
"12197","20190606:0000",-43.63312,172.72808,"Diamond Harbour",289,NA,0,"Canterbury",1010,19.1,6.5,4.2
"12198","20190607:0000",-43.63312,172.72808,"Diamond Harbour",289,NA,0,"Canterbury",1010,16.9,9,4.4
"12199","20190608:0000",-43.63312,172.72808,"Diamond Harbour",289,NA,0,"Canterbury",1010,24.5,8.45,4.4
"12200","20190609:0000",-43.63312,172.72808,"Diamond Harbour",289,NA,0,"Canterbury",1010,7.9,9,6.7
"12201","20190610:0000",-43.63312,172.72808,"Diamond Harbour",289,NA,0,"Canterbury",1010,1.8,10.25,7
"12202","20190611:0000",-43.63312,172.72808,"Diamond Harbour",289,NA,0,"Canterbury",1010,10.8,11,1.2
"12203","20190612:0000",-43.63312,172.72808,"Diamond Harbour",289,NA,0,"Canterbury",1010,2.5,11.65,0.8
"12204","20190613:0000",-43.63312,172.72808,"Diamond Harbour",289,NA,0,"Canterbury",1010,4.3,10.3,5.7
"12205","20190614:0000",-43.63312,172.72808,"Diamond Harbour",289,NA,0,"Canterbury",1010,27.4,10.55,0
"12206","20190615:0000",-43.63312,172.72808,"Diamond Harbour",289,NA,0,"Canterbury",1010,9.4,9.55,0
"12207","20190616:0000",-43.63312,172.72808,"Diamond Harbour",289,NA,0,"Canterbury",1010,1.8,6.5,4.5
"12208","20190617:0000",-43.63312,172.72808,"Diamond Harbour",289,NA,0,"Canterbury",1010,5.4,6.35,4.9
"12209","20190618:0000",-43.63312,172.72808,"Diamond Harbour",289,NA,0,"Canterbury",1010,14,6.75,5.2
"12210","20190619:0000",-43.63312,172.72808,"Diamond Harbour",289,NA,0,"Canterbury",1010,12.6,6.05,8.5
"12211","20190620:0000",-43.63312,172.72808,"Diamond Harbour",289,NA,0,"Canterbury",1010,7.6,9.15,5.2
"12212","20190621:0000",-43.63312,172.72808,"Diamond Harbour",289,NA,0,"Canterbury",1010,7.9,11.9,8.5
"12213","20190622:0000",-43.63312,172.72808,"Diamond Harbour",289,NA,0,"Canterbury",1010,5,9.95,7.6
"12214","20190623:0000",-43.63312,172.72808,"Diamond Harbour",289,NA,0,"Canterbury",1010,3.6,6,3.4
"12215","20190624:0000",-43.63312,172.72808,"Diamond Harbour",289,NA,0,"Canterbury",1010,3.6,7.2,5.2
"12216","20190625:0000",-43.63312,172.72808,"Diamond Harbour",289,NA,0,"Canterbury",1010,2.9,7.25,8.5
"12217","20190626:0000",-43.63312,172.72808,"Diamond Harbour",289,NA,0,"Canterbury",1010,3.2,6.8,7.5
"12218","20190627:0000",-43.63312,172.72808,"Diamond Harbour",289,NA,0,"Canterbury",1010,1.4,7.4,8.5
"12219","20190628:0000",-43.63312,172.72808,"Diamond Harbour",289,NA,0,"Canterbury",1010,6.1,8.35,8
"12220","20190629:0000",-43.63312,172.72808,"Diamond Harbour",289,NA,0,"Canterbury",1010,4.3,9.45,8.6
"12221","20190630:0000",-43.63312,172.72808,"Diamond Harbour",289,NA,0,"Canterbury",1010,7.6,8.95,7.3
"12222","20190701:0000",-43.63312,172.72808,"Diamond Harbour",289,NA,0,"Canterbury",1010,6.5,10.3,0
"12223","20190702:0000",-43.63312,172.72808,"Diamond Harbour",289,NA,0,"Canterbury",1010,16.9,11,3.2
"12224","20190703:0000",-43.63312,172.72808,"Diamond Harbour",289,NA,0,"Canterbury",1010,16.6,14.45,4.2
"12225","20190704:0000",-43.63312,172.72808,"Diamond Harbour",289,NA,0,"Canterbury",1010,13.7,9.4,5.3
"12226","20190705:0000",-43.63312,172.72808,"Diamond Harbour",289,NA,0,"Canterbury",1010,12.2,6.25,0
"12227","20190706:0000",-43.63312,172.72808,"Diamond Harbour",289,NA,0,"Canterbury",1010,11.2,7.15,2
"12228","20190707:0000",-43.63312,172.72808,"Diamond Harbour",289,NA,0,"Canterbury",1010,9.4,8,8.4
"12229","20190708:0000",-43.63312,172.72808,"Diamond Harbour",289,NA,0,"Canterbury",1010,2.2,6.25,3.6
"12230","20190709:0000",-43.63312,172.72808,"Diamond Harbour",289,NA,0,"Canterbury",1010,1.8,9.65,8.1
"12231","20190710:0000",-43.63312,172.72808,"Diamond Harbour",289,NA,0,"Canterbury",1010,16.2,9.55,1.6
"12232","20190711:0000",-43.63312,172.72808,"Diamond Harbour",289,NA,0,"Canterbury",1010,7.6,10.85,5.3
"12233","20190712:0000",-43.63312,172.72808,"Diamond Harbour",289,NA,0,"Canterbury",1010,13,9.65,1.3
"12234","20190713:0000",-43.63312,172.72808,"Diamond Harbour",289,NA,0,"Canterbury",1010,6.8,12.25,6.2
"12235","20190714:0000",-43.63312,172.72808,"Diamond Harbour",289,NA,0,"Canterbury",1010,19.1,11.5,1.3
"12236","20190715:0000",-43.63312,172.72808,"Diamond Harbour",289,NA,0,"Canterbury",1010,9,6.8,5.1
"12237","20190716:0000",-43.63312,172.72808,"Diamond Harbour",289,NA,0,"Canterbury",1010,4.3,9.7,3.5
"12238","20190717:0000",-43.63312,172.72808,"Diamond Harbour",289,NA,0,"Canterbury",1010,7.2,5.6,0.1
"12239","20190718:0000",-43.63312,172.72808,"Diamond Harbour",289,NA,0,"Canterbury",1010,4,7.05,7.1
"12240","20190719:0000",-43.63312,172.72808,"Diamond Harbour",289,NA,0,"Canterbury",1010,9.4,6.85,0
"12241","20190720:0000",-43.63312,172.72808,"Diamond Harbour",289,NA,0,"Canterbury",1010,10.1,8.95,0
"12242","20190721:0000",-43.63312,172.72808,"Diamond Harbour",289,NA,0,"Canterbury",1010,10.1,9.45,0.6
"12243","20190722:0000",-43.63312,172.72808,"Diamond Harbour",289,NA,0,"Canterbury",1010,5,8.45,3.1
"12244","20190723:0000",-43.63312,172.72808,"Diamond Harbour",289,NA,0,"Canterbury",1010,1.8,9.65,2
"12245","20190724:0000",-43.63312,172.72808,"Diamond Harbour",289,NA,0,"Canterbury",1010,2.5,9.75,4.5
"12246","20190725:0000",-43.63312,172.72808,"Diamond Harbour",289,NA,0,"Canterbury",1010,14,9.65,7
"12247","20190726:0000",-43.63312,172.72808,"Diamond Harbour",289,NA,0,"Canterbury",1010,3.2,6.2,0
"12248","20190727:0000",-43.63312,172.72808,"Diamond Harbour",289,NA,0,"Canterbury",1010,1.8,8.3,8.2
"12249","20190728:0000",-43.63312,172.72808,"Diamond Harbour",289,NA,0,"Canterbury",1010,1.8,9.2,1.7
"12250","20190729:0000",-43.63312,172.72808,"Diamond Harbour",289,NA,0,"Canterbury",1010,3.6,10.8,8.5
"12251","20190730:0000",-43.63312,172.72808,"Diamond Harbour",289,NA,0,"Canterbury",1010,11.2,11.9,2.9
"12252","20190731:0000",-43.63312,172.72808,"Diamond Harbour",289,NA,0,"Canterbury",1010,21.6,6.2,0.4
"12253","20190801:0000",-43.63312,172.72808,"Diamond Harbour",289,NA,0,"Canterbury",1010,19.1,5.85,0.3
"12254","20190802:0000",-43.63312,172.72808,"Diamond Harbour",289,NA,0,"Canterbury",1010,6.8,7.2,3.5
"12255","20190803:0000",-43.63312,172.72808,"Diamond Harbour",289,NA,0,"Canterbury",1010,8.3,8.85,8.4
"12256","20190804:0000",-43.63312,172.72808,"Diamond Harbour",289,NA,0,"Canterbury",1010,3.6,4.4,4.7
"12257","20190805:0000",-43.63312,172.72808,"Diamond Harbour",289,NA,0,"Canterbury",1010,9.4,5.65,7.4
"12258","20190806:0000",-43.63312,172.72808,"Diamond Harbour",289,NA,0,"Canterbury",1010,4,7.35,9.6
"12259","20190807:0000",-43.63312,172.72808,"Diamond Harbour",289,NA,0,"Canterbury",1010,2.5,10,9.5
"12260","20190808:0000",-43.63312,172.72808,"Diamond Harbour",289,NA,0,"Canterbury",1010,3.2,9.8,9.3
"12261","20190809:0000",-43.63312,172.72808,"Diamond Harbour",289,NA,0,"Canterbury",1010,7.2,11.15,7.5
"12262","20190810:0000",-43.63312,172.72808,"Diamond Harbour",289,NA,0,"Canterbury",1010,26.6,6.65,0
"12263","20190811:0000",-43.63312,172.72808,"Diamond Harbour",289,NA,0,"Canterbury",1010,10.8,6.4,1.7
"12264","20190812:0000",-43.63312,172.72808,"Diamond Harbour",289,NA,0,"Canterbury",1010,6.1,6,7.8
"12265","20190813:0000",-43.63312,172.72808,"Diamond Harbour",289,NA,0,"Canterbury",1010,2.9,8.05,9.8
"12266","20190814:0000",-43.63312,172.72808,"Diamond Harbour",289,NA,0,"Canterbury",1010,9.4,7.3,9.6
"12267","20190815:0000",-43.63312,172.72808,"Diamond Harbour",289,NA,0,"Canterbury",1010,1.1,6,9.9
"12268","20190816:0000",-43.63312,172.72808,"Diamond Harbour",289,NA,0,"Canterbury",1010,2.9,9.7,2
"12269","20190817:0000",-43.63312,172.72808,"Diamond Harbour",289,NA,0,"Canterbury",1010,7.9,5.7,1.8
"12270","20190818:0000",-43.63312,172.72808,"Diamond Harbour",289,NA,0,"Canterbury",1010,4.3,5.5,7.6
"12271","20190819:0000",-43.63312,172.72808,"Diamond Harbour",289,NA,0,"Canterbury",1010,28.4,6.5,9.5
"12272","20190820:0000",-43.63312,172.72808,"Diamond Harbour",289,NA,0,"Canterbury",1010,25.2,9.3,1.5
"12273","20190821:0000",-43.63312,172.72808,"Diamond Harbour",289,NA,0,"Canterbury",1010,2.5,8.85,6.5
"12274","20190822:0000",-43.63312,172.72808,"Diamond Harbour",289,NA,0,"Canterbury",1010,5.8,10.55,5.1
"12275","20190823:0000",-43.63312,172.72808,"Diamond Harbour",289,NA,0,"Canterbury",1010,4.3,9.1,7.3
"12276","20190824:0000",-43.63312,172.72808,"Diamond Harbour",289,NA,0,"Canterbury",1010,6.5,10.05,9.3
"12277","20190825:0000",-43.63312,172.72808,"Diamond Harbour",289,NA,0,"Canterbury",1010,7.2,10.55,8.3
"12278","20190826:0000",-43.63312,172.72808,"Diamond Harbour",289,NA,0,"Canterbury",1010,6.5,9.7,3.6
"12279","20190827:0000",-43.63312,172.72808,"Diamond Harbour",289,NA,0,"Canterbury",1010,4,7.4,10
"12280","20190828:0000",-43.63312,172.72808,"Diamond Harbour",289,NA,0,"Canterbury",1010,2.9,8.8,10.3
"12281","20190829:0000",-43.63312,172.72808,"Diamond Harbour",289,NA,0,"Canterbury",1010,5.8,12,6.3
"12282","20190830:0000",-43.63312,172.72808,"Diamond Harbour",289,NA,0,"Canterbury",1010,4,9.25,10.3
"12283","20190831:0000",-43.63312,172.72808,"Diamond Harbour",289,NA,0,"Canterbury",1010,6.5,10.5,8.5
"12284","20190901:0000",-43.63312,172.72808,"Diamond Harbour",289,NA,0,"Canterbury",1010,0.4,13.3,10.5
"12285","20190902:0000",-43.63312,172.72808,"Diamond Harbour",289,NA,0,"Canterbury",1010,11.9,8.9,10.5
"12286","20190903:0000",-43.63312,172.72808,"Diamond Harbour",289,NA,0,"Canterbury",1010,5.4,9,8.9
"12287","20190904:0000",-43.63312,172.72808,"Diamond Harbour",289,NA,0,"Canterbury",1010,37.4,9.45,0
"12288","20190905:0000",-43.63312,172.72808,"Diamond Harbour",289,NA,0,"Canterbury",1010,11.2,9.15,1.7
"12289","20190906:0000",-43.63312,172.72808,"Diamond Harbour",289,NA,0,"Canterbury",1010,14.8,7.3,0
"12290","20190907:0000",-43.63312,172.72808,"Diamond Harbour",289,NA,0,"Canterbury",1010,8.3,6.95,7.7
"12291","20190908:0000",-43.63312,172.72808,"Diamond Harbour",289,NA,0,"Canterbury",1010,7.2,4.65,1.9
"12292","20190909:0000",-43.63312,172.72808,"Diamond Harbour",289,NA,0,"Canterbury",1010,1.4,4.65,4.2
"12293","20190910:0000",-43.63312,172.72808,"Diamond Harbour",289,NA,0,"Canterbury",1010,27,6.55,9.7
"12294","20190911:0000",-43.63312,172.72808,"Diamond Harbour",289,NA,0,"Canterbury",1010,10.8,7.8,7.6
"12295","20190912:0000",-43.63312,172.72808,"Diamond Harbour",289,NA,0,"Canterbury",1010,4.3,10.9,9
"12296","20190913:0000",-43.63312,172.72808,"Diamond Harbour",289,NA,0,"Canterbury",1010,10.8,13.15,1.8
"12297","20190914:0000",-43.63312,172.72808,"Diamond Harbour",289,NA,0,"Canterbury",1010,10.8,7.35,0
"12298","20190915:0000",-43.63312,172.72808,"Diamond Harbour",289,NA,0,"Canterbury",1010,11.9,10.6,7
"12299","20190916:0000",-43.63312,172.72808,"Diamond Harbour",289,NA,0,"Canterbury",1010,7.2,11.35,7
"12300","20190917:0000",-43.63312,172.72808,"Diamond Harbour",289,NA,0,"Canterbury",1010,10.4,12.8,6.5
"12301","20190918:0000",-43.63312,172.72808,"Diamond Harbour",289,NA,0,"Canterbury",1010,16.9,7.55,11.2
"12302","20190919:0000",-43.63312,172.72808,"Diamond Harbour",289,NA,0,"Canterbury",1010,2.9,8.7,11
"12303","20190920:0000",-43.63312,172.72808,"Diamond Harbour",289,NA,0,"Canterbury",1010,9,9.2,7
"12304","20190921:0000",-43.63312,172.72808,"Diamond Harbour",289,NA,0,"Canterbury",1010,9.7,9.15,10.5
"12305","20190922:0000",-43.63312,172.72808,"Diamond Harbour",289,NA,0,"Canterbury",1010,18,10.65,6
"12306","20190923:0000",-43.63312,172.72808,"Diamond Harbour",289,NA,0,"Canterbury",1010,5.8,12.45,3.4
"12307","20190924:0000",-43.63312,172.72808,"Diamond Harbour",289,NA,0,"Canterbury",1010,8.3,10.75,8.3
"12308","20190925:0000",-43.63312,172.72808,"Diamond Harbour",289,NA,0,"Canterbury",1010,5.4,7.8,5.3
"12309","20190926:0000",-43.63312,172.72808,"Diamond Harbour",289,NA,0,"Canterbury",1010,6.5,8.7,9.6
"12310","20190927:0000",-43.63312,172.72808,"Diamond Harbour",289,NA,0,"Canterbury",1010,5,10.9,8.6
"12311","20190928:0000",-43.63312,172.72808,"Diamond Harbour",289,NA,0,"Canterbury",1010,9,12.05,3.8
"12312","20190929:0000",-43.63312,172.72808,"Diamond Harbour",289,NA,0,"Canterbury",1010,6.1,16.4,10.8
"12313","20190930:0000",-43.63312,172.72808,"Diamond Harbour",289,NA,0,"Canterbury",1010,17.6,15.15,1
"12314","20191001:0000",-43.63312,172.72808,"Diamond Harbour",289,NA,0,"Canterbury",1010,6.5,7.5,7
"12315","20191002:0000",-43.63312,172.72808,"Diamond Harbour",289,NA,0,"Canterbury",1010,5.8,7.25,5.1
"12316","20191003:0000",-43.63312,172.72808,"Diamond Harbour",289,NA,0,"Canterbury",1010,3.6,7.05,8.6
"12317","20191004:0000",-43.63312,172.72808,"Diamond Harbour",289,NA,0,"Canterbury",1010,7.6,8.85,11.4
"12318","20191005:0000",-43.63312,172.72808,"Diamond Harbour",289,NA,0,"Canterbury",1010,13.7,8.15,0.4
"12319","20191006:0000",-43.63312,172.72808,"Diamond Harbour",289,NA,0,"Canterbury",1010,4.3,6.4,11.8
"12320","20191007:0000",-43.63312,172.72808,"Diamond Harbour",289,NA,0,"Canterbury",1010,18.4,12.4,11.7
"12321","20191008:0000",-43.63312,172.72808,"Diamond Harbour",289,NA,0,"Canterbury",1010,2.2,14.6,5
"12322","20191009:0000",-43.63312,172.72808,"Diamond Harbour",289,NA,0,"Canterbury",1010,3.2,17,3.7
"12323","20191010:0000",-43.63312,172.72808,"Diamond Harbour",289,NA,0,"Canterbury",1010,10.8,16.2,2
"12324","20191011:0000",-43.63312,172.72808,"Diamond Harbour",289,NA,0,"Canterbury",1010,4.3,11.45,3.7
"12325","20191012:0000",-43.63312,172.72808,"Diamond Harbour",289,NA,0,"Canterbury",1010,9.7,9.5,6.3
"12326","20191013:0000",-43.63312,172.72808,"Diamond Harbour",289,NA,0,"Canterbury",1010,7.6,9.85,6.7
"12327","20191014:0000",-43.63312,172.72808,"Diamond Harbour",289,NA,0,"Canterbury",1010,15.8,9.65,7.6
"12328","20191015:0000",-43.63312,172.72808,"Diamond Harbour",289,NA,0,"Canterbury",1010,27.7,10.95,7.7
"12329","20191016:0000",-43.63312,172.72808,"Diamond Harbour",289,NA,0,"Canterbury",1010,4.3,11.3,7.2
"12330","20191017:0000",-43.63312,172.72808,"Diamond Harbour",289,NA,0,"Canterbury",1010,6.8,9.95,8.9
"12331","20191018:0000",-43.63312,172.72808,"Diamond Harbour",289,NA,0,"Canterbury",1010,4.3,9.45,0
"12332","20191019:0000",-43.63312,172.72808,"Diamond Harbour",289,NA,0,"Canterbury",1010,7.2,11.3,11.4
"12333","20191020:0000",-43.63312,172.72808,"Diamond Harbour",289,NA,0,"Canterbury",1010,17.3,13.45,12.4
"12334","20191021:0000",-43.63312,172.72808,"Diamond Harbour",289,NA,0,"Canterbury",1010,8.3,13.35,4.6
"12335","20191022:0000",-43.63312,172.72808,"Diamond Harbour",289,NA,0,"Canterbury",1010,5,9.1,5.7
"12336","20191023:0000",-43.63312,172.72808,"Diamond Harbour",289,NA,0,"Canterbury",1010,18.7,8.65,7.9
"12337","20191024:0000",-43.63312,172.72808,"Diamond Harbour",289,NA,0,"Canterbury",1010,8.6,8.2,4.8
"12338","20191025:0000",-43.63312,172.72808,"Diamond Harbour",289,NA,0,"Canterbury",1010,10.1,7.55,10.7
"12339","20191026:0000",-43.63312,172.72808,"Diamond Harbour",289,NA,0,"Canterbury",1010,17.6,13.75,11.2
"12340","20191027:0000",-43.63312,172.72808,"Diamond Harbour",289,NA,0,"Canterbury",1010,11.9,16.2,5.5
"12341","20191028:0000",-43.63312,172.72808,"Diamond Harbour",289,NA,0,"Canterbury",1010,5.8,14.4,10.6
"12342","20191029:0000",-43.63312,172.72808,"Diamond Harbour",289,NA,0,"Canterbury",1010,5.4,12.25,9.2
"12343","20191030:0000",-43.63312,172.72808,"Diamond Harbour",289,NA,0,"Canterbury",1010,17.3,11.6,6.9
"12344","20191031:0000",-43.63312,172.72808,"Diamond Harbour",289,NA,0,"Canterbury",1010,8.6,8.35,7.1
"12345","20191101:0000",-43.63312,172.72808,"Diamond Harbour",289,NA,0,"Canterbury",1010,7.2,10.5,11.4
"12346","20191102:0000",-43.63312,172.72808,"Diamond Harbour",289,NA,0,"Canterbury",1010,7.2,14.65,12.8
"12347","20191103:0000",-43.63312,172.72808,"Diamond Harbour",289,NA,0,"Canterbury",1010,2.2,20.2,12.9
"12348","20191104:0000",-43.63312,172.72808,"Diamond Harbour",289,NA,0,"Canterbury",1010,6.1,18.2,12.4
"12349","20191105:0000",-43.63312,172.72808,"Diamond Harbour",289,NA,0,"Canterbury",1010,9.4,18.15,5.8
"12350","20191106:0000",-43.63312,172.72808,"Diamond Harbour",289,NA,0,"Canterbury",1010,10.8,14.3,0.1
"12351","20191107:0000",-43.63312,172.72808,"Diamond Harbour",289,NA,0,"Canterbury",1010,9.4,16.95,5.7
"12352","20191108:0000",-43.63312,172.72808,"Diamond Harbour",289,NA,0,"Canterbury",1010,20.5,21.35,11.9
"12353","20191109:0000",-43.63312,172.72808,"Diamond Harbour",289,NA,0,"Canterbury",1010,19.8,19.5,1.3
"12354","20191110:0000",-43.63312,172.72808,"Diamond Harbour",289,NA,0,"Canterbury",1010,14,16.6,1.1
"12355","20191111:0000",-43.63312,172.72808,"Diamond Harbour",289,NA,0,"Canterbury",1010,15.5,9.25,2.6
"12356","20191112:0000",-43.63312,172.72808,"Diamond Harbour",289,NA,0,"Canterbury",1010,6.8,11.2,10.8
"12357","20191113:0000",-43.63312,172.72808,"Diamond Harbour",289,NA,0,"Canterbury",1010,17.3,12.9,2.8
"12358","20191114:0000",-43.63312,172.72808,"Diamond Harbour",289,NA,0,"Canterbury",1010,11.9,13.5,8.5
"12359","20191115:0000",-43.63312,172.72808,"Diamond Harbour",289,NA,0,"Canterbury",1010,6.5,12.85,12.6
"12360","20191116:0000",-43.63312,172.72808,"Diamond Harbour",289,NA,0,"Canterbury",1010,5.4,17.6,10.7
"12361","20191117:0000",-43.63312,172.72808,"Diamond Harbour",289,NA,0,"Canterbury",1010,18.4,13.75,13.5
"12362","20191118:0000",-43.63312,172.72808,"Diamond Harbour",289,NA,0,"Canterbury",1010,8.6,12.8,6.8
"12363","20191119:0000",-43.63312,172.72808,"Diamond Harbour",289,NA,0,"Canterbury",1010,12.2,11.45,4.3
"12364","20191120:0000",-43.63312,172.72808,"Diamond Harbour",289,NA,0,"Canterbury",1010,7.2,10.5,5.9
"12365","20191121:0000",-43.63312,172.72808,"Diamond Harbour",289,NA,0,"Canterbury",1010,8.6,10.65,11.3
"12366","20191122:0000",-43.63312,172.72808,"Diamond Harbour",289,NA,0,"Canterbury",1010,11.9,16.85,6.3
"12367","20191123:0000",-43.63312,172.72808,"Diamond Harbour",289,NA,0,"Canterbury",1010,5.8,15.7,5
"12368","20191124:0000",-43.63312,172.72808,"Diamond Harbour",289,NA,0,"Canterbury",1010,7.6,19.6,5.6
"12369","20191125:0000",-43.63312,172.72808,"Diamond Harbour",289,NA,0,"Canterbury",1010,24.1,13,13.9
"12370","20191126:0000",-43.63312,172.72808,"Diamond Harbour",289,NA,0,"Canterbury",1010,14,16.3,12.8
"12371","20191127:0000",-43.63312,172.72808,"Diamond Harbour",289,NA,0,"Canterbury",1010,9.7,18.9,5.3
"12372","20191128:0000",-43.63312,172.72808,"Diamond Harbour",289,NA,0,"Canterbury",1010,9.7,23.25,12.3
"12373","20191129:0000",-43.63312,172.72808,"Diamond Harbour",289,NA,0,"Canterbury",1010,14.4,16.25,4.5
"12374","20191130:0000",-43.63312,172.72808,"Diamond Harbour",289,NA,0,"Canterbury",1010,28.1,15.1,5.3
"12375","20191201:0000",-43.63312,172.72808,"Diamond Harbour",289,NA,0,"Canterbury",1010,17.3,17.95,2.6
"12376","20191202:0000",-43.63312,172.72808,"Diamond Harbour",289,NA,0,"Canterbury",1010,7.2,18,3.1
"12377","20191203:0000",-43.63312,172.72808,"Diamond Harbour",289,NA,0,"Canterbury",1010,30.2,19.25,8.2
"12378","20191204:0000",-43.63312,172.72808,"Diamond Harbour",289,NA,0,"Canterbury",1010,27.4,17.6,12.7
"12379","20191205:0000",-43.63312,172.72808,"Diamond Harbour",289,NA,0,"Canterbury",1010,12.6,16.15,12.3
"12380","20191206:0000",-43.63312,172.72808,"Diamond Harbour",289,NA,0,"Canterbury",1010,19.8,18.15,10.9
"12381","20191207:0000",-43.63312,172.72808,"Diamond Harbour",289,NA,0,"Canterbury",1010,21.6,20.1,7.9
"12382","20191208:0000",-43.63312,172.72808,"Diamond Harbour",289,NA,0,"Canterbury",1010,12.2,17.45,7.1
"12383","20191209:0000",-43.63312,172.72808,"Diamond Harbour",289,NA,0,"Canterbury",1010,4.7,11.9,12.5
"12384","20191210:0000",-43.63312,172.72808,"Diamond Harbour",289,NA,0,"Canterbury",1010,20.2,12.7,12.8
"12385","20191211:0000",-43.63312,172.72808,"Diamond Harbour",289,NA,0,"Canterbury",1010,4,16.45,11.4
"12386","20191212:0000",-43.63312,172.72808,"Diamond Harbour",289,NA,0,"Canterbury",1010,14.4,14.45,10.8
"12387","20191213:0000",-43.63312,172.72808,"Diamond Harbour",289,NA,0,"Canterbury",1010,31.3,17.75,4.6
"12388","20191214:0000",-43.63312,172.72808,"Diamond Harbour",289,NA,0,"Canterbury",1010,5,15.8,9.4
"12389","20191215:0000",-43.63312,172.72808,"Diamond Harbour",289,NA,0,"Canterbury",1010,7.2,15.75,8
"12390","20191216:0000",-43.63312,172.72808,"Diamond Harbour",289,NA,0,"Canterbury",1010,6.1,13.4,5
"12391","20191217:0000",-43.63312,172.72808,"Diamond Harbour",289,NA,0,"Canterbury",1010,6.1,13.25,0
"12392","20191218:0000",-43.63312,172.72808,"Diamond Harbour",289,NA,0,"Canterbury",1010,19.8,11.25,7.5
"12393","20191219:0000",-43.63312,172.72808,"Diamond Harbour",289,NA,0,"Canterbury",1010,4,14.5,7.1
"12394","20191220:0000",-43.63312,172.72808,"Diamond Harbour",289,NA,0,"Canterbury",1010,14.4,16.35,8.2
"12395","20191221:0000",-43.63312,172.72808,"Diamond Harbour",289,NA,0,"Canterbury",1010,5.8,12.7,10.6
"12396","20191222:0000",-43.63312,172.72808,"Diamond Harbour",289,NA,0,"Canterbury",1010,20.9,14.2,9.5
"12397","20191223:0000",-43.63312,172.72808,"Diamond Harbour",289,NA,0,"Canterbury",1010,4,14.7,7.1
"12398","20191224:0000",-43.63312,172.72808,"Diamond Harbour",289,NA,0,"Canterbury",1010,14.8,13.85,10.6
"12399","20191225:0000",-43.63312,172.72808,"Diamond Harbour",289,NA,0,"Canterbury",1010,12.2,14.5,8.4
"12400","20191226:0000",-43.63312,172.72808,"Diamond Harbour",289,NA,0,"Canterbury",1010,24.5,14.65,10.3
"12401","20191227:0000",-43.63312,172.72808,"Diamond Harbour",289,NA,0,"Canterbury",1010,3.2,16.2,11.1
"12402","20191228:0000",-43.63312,172.72808,"Diamond Harbour",289,NA,0,"Canterbury",1010,4.3,12.6,11.1
"12403","20191229:0000",-43.63312,172.72808,"Diamond Harbour",289,NA,0,"Canterbury",1010,18.4,14.75,13
"12404","20191230:0000",-43.63312,172.72808,"Diamond Harbour",289,NA,0,"Canterbury",1010,12.6,15.65,0.3
"12405","20191231:0000",-43.63312,172.72808,"Diamond Harbour",289,NA,0,"Canterbury",1010,9.4,15.9,8.3
"12406","20200101:0000",-43.63312,172.72808,"Diamond Harbour",289,NA,0,"Canterbury",1010,3.6,21.45,2.1
"12407","20200102:0000",-43.63312,172.72808,"Diamond Harbour",289,NA,0,"Canterbury",1010,6.1,17.9,9
"12408","20200103:0000",-43.63312,172.72808,"Diamond Harbour",289,NA,0,"Canterbury",1010,8.6,14.05,2.2
"12409","20200104:0000",-43.63312,172.72808,"Diamond Harbour",289,NA,0,"Canterbury",1010,6.5,11.75,11.9
"12410","20200105:0000",-43.63312,172.72808,"Diamond Harbour",289,NA,0,"Canterbury",1010,25.9,16.55,6.3
"12411","20200106:0000",-43.63312,172.72808,"Diamond Harbour",289,NA,0,"Canterbury",1010,2.5,15.3,6
"12412","20200107:0000",-43.63312,172.72808,"Diamond Harbour",289,NA,0,"Canterbury",1010,20.2,12.35,9
"12413","20200108:0000",-43.63312,172.72808,"Diamond Harbour",289,NA,0,"Canterbury",1010,4.7,12.55,5.3
"12414","20200109:0000",-43.63312,172.72808,"Diamond Harbour",289,NA,0,"Canterbury",1010,4,16.95,11.1
"12415","20200110:0000",-43.63312,172.72808,"Diamond Harbour",289,NA,0,"Canterbury",1010,13.7,13.55,7.9
"12416","20200111:0000",-43.63312,172.72808,"Diamond Harbour",289,NA,0,"Canterbury",1010,23,19,2.6
"12417","20200112:0000",-43.63312,172.72808,"Diamond Harbour",289,NA,0,"Canterbury",1010,14,22.7,9.8
"12418","20200113:0000",-43.63312,172.72808,"Diamond Harbour",289,NA,0,"Canterbury",1010,4,14.35,2.8
"12419","20200114:0000",-43.63312,172.72808,"Diamond Harbour",289,NA,0,"Canterbury",1010,6.1,13.15,13.7
"12420","20200115:0000",-43.63312,172.72808,"Diamond Harbour",289,NA,0,"Canterbury",1010,2.9,12.65,13.3
"12421","20200116:0000",-43.63312,172.72808,"Diamond Harbour",289,NA,0,"Canterbury",1010,13.3,13.4,11.7
"12422","20200117:0000",-43.63312,172.72808,"Diamond Harbour",289,NA,0,"Canterbury",1010,23.4,15.8,9.4
"12423","20200118:0000",-43.63312,172.72808,"Diamond Harbour",289,NA,0,"Canterbury",1010,27.4,15.65,11
"12424","20200119:0000",-43.63312,172.72808,"Diamond Harbour",289,NA,0,"Canterbury",1010,11.5,15.4,8.8
"12425","20200120:0000",-43.63312,172.72808,"Diamond Harbour",289,NA,0,"Canterbury",1010,9.4,16.65,10.2
"12426","20200121:0000",-43.63312,172.72808,"Diamond Harbour",289,NA,0,"Canterbury",1010,14.4,18.1,7.4
"12427","20200122:0000",-43.63312,172.72808,"Diamond Harbour",289,NA,0,"Canterbury",1010,16.6,19.7,7.2
"12428","20200123:0000",-43.63312,172.72808,"Diamond Harbour",289,NA,0,"Canterbury",1010,4.7,20,12.5
"12429","20200124:0000",-43.63312,172.72808,"Diamond Harbour",289,NA,0,"Canterbury",1010,17.3,18.1,13.2
"12430","20200125:0000",-43.63312,172.72808,"Diamond Harbour",289,NA,0,"Canterbury",1010,4,20.5,5.8
"12431","20200126:0000",-43.63312,172.72808,"Diamond Harbour",289,NA,0,"Canterbury",1010,3.6,18.6,11.4
"12432","20200127:0000",-43.63312,172.72808,"Diamond Harbour",289,NA,0,"Canterbury",1010,3.6,20.9,7
"12433","20200128:0000",-43.63312,172.72808,"Diamond Harbour",289,NA,0,"Canterbury",1010,12.6,18.9,9.6
"12434","20200129:0000",-43.63312,172.72808,"Diamond Harbour",289,NA,0,"Canterbury",1010,2.2,22.3,4.3
"12435","20200130:0000",-43.63312,172.72808,"Diamond Harbour",289,NA,0,"Canterbury",1010,15.1,19.35,8.3
"12436","20200131:0000",-43.63312,172.72808,"Diamond Harbour",289,NA,0,"Canterbury",1010,10.1,18.4,10.5
"12437","20200201:0000",-43.63312,172.72808,"Diamond Harbour",289,NA,0,"Canterbury",1010,22.7,19.9,2.5
"12438","20200202:0000",-43.63312,172.72808,"Diamond Harbour",289,NA,0,"Canterbury",1010,8.3,25.1,10.7
"12439","20200203:0000",-43.63312,172.72808,"Diamond Harbour",289,NA,0,"Canterbury",1010,18,26.1,0.5
"12440","20200204:0000",-43.63312,172.72808,"Diamond Harbour",289,NA,0,"Canterbury",1010,29.5,25.25,7.2
"12441","20200205:0000",-43.63312,172.72808,"Diamond Harbour",289,NA,0,"Canterbury",1010,5,13.15,3.8
"12442","20200206:0000",-43.63312,172.72808,"Diamond Harbour",289,NA,0,"Canterbury",1010,4.3,17.2,6.8
"12443","20200207:0000",-43.63312,172.72808,"Diamond Harbour",289,NA,0,"Canterbury",1010,7.9,14.05,7.5
"12444","20200208:0000",-43.63312,172.72808,"Diamond Harbour",289,NA,0,"Canterbury",1010,9,13.45,4.7
"12445","20200209:0000",-43.63312,172.72808,"Diamond Harbour",289,NA,0,"Canterbury",1010,3.2,13.65,12.8
"12446","20200210:0000",-43.63312,172.72808,"Diamond Harbour",289,NA,0,"Canterbury",1010,5.4,14.8,12.8
"12447","20200211:0000",-43.63312,172.72808,"Diamond Harbour",289,NA,0,"Canterbury",1010,2.5,17.15,12.6
"12448","20200212:0000",-43.63312,172.72808,"Diamond Harbour",289,NA,0,"Canterbury",1010,15.5,14.85,10.4
"12449","20200213:0000",-43.63312,172.72808,"Diamond Harbour",289,NA,0,"Canterbury",1010,14.4,18.95,8.9
"12450","20200214:0000",-43.63312,172.72808,"Diamond Harbour",289,NA,0,"Canterbury",1010,11.5,14.2,0.6
"12451","20200215:0000",-43.63312,172.72808,"Diamond Harbour",289,NA,0,"Canterbury",1010,29.2,16.4,2.2
"12452","20200216:0000",-43.63312,172.72808,"Diamond Harbour",289,NA,0,"Canterbury",1010,15.8,20.55,3.5
"12453","20200217:0000",-43.63312,172.72808,"Diamond Harbour",289,NA,0,"Canterbury",1010,10.8,25.85,8.4
"12454","20200218:0000",-43.63312,172.72808,"Diamond Harbour",289,NA,0,"Canterbury",1010,10.1,19.3,7.1
"12455","20200219:0000",-43.63312,172.72808,"Diamond Harbour",289,NA,0,"Canterbury",1010,5,21.05,10.4
"12456","20200220:0000",-43.63312,172.72808,"Diamond Harbour",289,NA,0,"Canterbury",1010,19.8,16.6,6.2
"12457","20200221:0000",-43.63312,172.72808,"Diamond Harbour",289,NA,0,"Canterbury",1010,19.1,21.05,5
"12458","20200222:0000",-43.63312,172.72808,"Diamond Harbour",289,NA,0,"Canterbury",1010,2.5,15.05,2.1
"12459","20200223:0000",-43.63312,172.72808,"Diamond Harbour",289,NA,0,"Canterbury",1010,2.2,14.3,12.5
"12460","20200224:0000",-43.63312,172.72808,"Diamond Harbour",289,NA,0,"Canterbury",1010,28.1,16.25,12.3
"12461","20200225:0000",-43.63312,172.72808,"Diamond Harbour",289,NA,0,"Canterbury",1010,4.3,17.7,6
"12462","20200226:0000",-43.63312,172.72808,"Diamond Harbour",289,NA,0,"Canterbury",1010,20.9,18.05,6.8
"12463","20200227:0000",-43.63312,172.72808,"Diamond Harbour",289,NA,0,"Canterbury",1010,12.2,21,6.2
"12464","20200228:0000",-43.63312,172.72808,"Diamond Harbour",289,NA,0,"Canterbury",1010,15.8,21.55,7.3
"12465","20200229:0000",-43.63312,172.72808,"Diamond Harbour",289,NA,0,"Canterbury",1010,11.9,16.1,7.4
"12466","20200301:0000",-43.63312,172.72808,"Diamond Harbour",289,NA,0,"Canterbury",1010,20.2,16.2,9.7
"12467","20200302:0000",-43.63312,172.72808,"Diamond Harbour",289,NA,0,"Canterbury",1010,34.9,19.65,3.4
"12468","20200303:0000",-43.63312,172.72808,"Diamond Harbour",289,NA,0,"Canterbury",1010,11.2,22.85,4.9
"12469","20200304:0000",-43.63312,172.72808,"Diamond Harbour",289,NA,0,"Canterbury",1010,5.8,13.1,4.3
"12470","20200305:0000",-43.63312,172.72808,"Diamond Harbour",289,NA,0,"Canterbury",1010,2.5,11.5,12.1
"12471","20200306:0000",-43.63312,172.72808,"Diamond Harbour",289,NA,0,"Canterbury",1010,26.3,14.95,9.9
"12472","20200307:0000",-43.63312,172.72808,"Diamond Harbour",289,NA,0,"Canterbury",1010,33.5,16.9,10.7
"12473","20200308:0000",-43.63312,172.72808,"Diamond Harbour",289,NA,0,"Canterbury",1010,13.3,16.6,4.4
"12474","20200309:0000",-43.63312,172.72808,"Diamond Harbour",289,NA,0,"Canterbury",1010,15.8,21.6,4
"12475","20200310:0000",-43.63312,172.72808,"Diamond Harbour",289,NA,0,"Canterbury",1010,15.5,13.85,0.5
"12476","20200311:0000",-43.63312,172.72808,"Diamond Harbour",289,NA,0,"Canterbury",1010,11.5,11.2,0.2
"12477","20200312:0000",-43.63312,172.72808,"Diamond Harbour",289,NA,0,"Canterbury",1010,2.5,14.5,7.7
"12478","20200313:0000",-43.63312,172.72808,"Diamond Harbour",289,NA,0,"Canterbury",1010,14,13.75,9.3
"12479","20200314:0000",-43.63312,172.72808,"Diamond Harbour",289,NA,0,"Canterbury",1010,28.8,16.1,8
"12480","20200315:0000",-43.63312,172.72808,"Diamond Harbour",289,NA,0,"Canterbury",1010,5.4,15.1,9
"12481","20200316:0000",-43.63312,172.72808,"Diamond Harbour",289,NA,0,"Canterbury",1010,6.5,16.95,11
"12482","20200317:0000",-43.63312,172.72808,"Diamond Harbour",289,NA,0,"Canterbury",1010,8.3,11.7,7.7
"12483","20200318:0000",-43.63312,172.72808,"Diamond Harbour",289,NA,0,"Canterbury",1010,4,10.2,11.5
"12484","20200319:0000",-43.63312,172.72808,"Diamond Harbour",289,NA,0,"Canterbury",1010,5.4,16.65,11.4
"12485","20200320:0000",-43.63312,172.72808,"Diamond Harbour",289,NA,0,"Canterbury",1010,7.9,12,0
"12486","20200321:0000",-43.63312,172.72808,"Diamond Harbour",289,NA,0,"Canterbury",1010,24.5,14.15,0
"12487","20200322:0000",-43.63312,172.72808,"Diamond Harbour",289,NA,0,"Canterbury",1010,4.3,19.1,10.5
"12488","20200323:0000",-43.63312,172.72808,"Diamond Harbour",289,NA,0,"Canterbury",1010,22,14.55,4.7
"12489","20200324:0000",-43.63312,172.72808,"Diamond Harbour",289,NA,0,"Canterbury",1010,14.8,8.2,1.4
"12490","20200325:0000",-43.63312,172.72808,"Diamond Harbour",289,NA,0,"Canterbury",1010,13.3,12,10.5
"12491","20200326:0000",-43.63312,172.72808,"Diamond Harbour",289,NA,0,"Canterbury",1010,3.6,16,9
"12492","20200327:0000",-43.63312,172.72808,"Diamond Harbour",289,NA,0,"Canterbury",1010,9.7,11.9,0.2
"12493","20200328:0000",-43.63312,172.72808,"Diamond Harbour",289,NA,0,"Canterbury",1010,6.5,11.75,3.1
"12494","20200329:0000",-43.63312,172.72808,"Diamond Harbour",289,NA,0,"Canterbury",1010,5,11.2,0
"12495","20200330:0000",-43.63312,172.72808,"Diamond Harbour",289,NA,0,"Canterbury",1010,9.7,12.45,0.4
"12496","20200331:0000",-43.63312,172.72808,"Diamond Harbour",289,NA,0,"Canterbury",1010,17.6,15,7.4
"12497","20200401:0000",-43.63312,172.72808,"Diamond Harbour",289,NA,0,"Canterbury",1010,2.9,13.4,7.4
"12498","20200402:0000",-43.63312,172.72808,"Diamond Harbour",289,NA,0,"Canterbury",1010,4,12.8,10.8
"12499","20200403:0000",-43.63312,172.72808,"Diamond Harbour",289,NA,0,"Canterbury",1010,1.4,12.05,6.3
"12500","20200404:0000",-43.63312,172.72808,"Diamond Harbour",289,NA,0,"Canterbury",1010,26.6,12.6,0.6
"12501","20200405:0000",-43.63312,172.72808,"Diamond Harbour",289,NA,0,"Canterbury",1010,31,14.35,NA
"12502","20200406:0000",-43.63312,172.72808,"Diamond Harbour",289,NA,0,"Canterbury",1010,25.9,15.95,0.7
"12503","20200407:0000",-43.63312,172.72808,"Diamond Harbour",289,NA,0,"Canterbury",1010,14,18.4,9.4
"12504","20200408:0000",-43.63312,172.72808,"Diamond Harbour",289,NA,0,"Canterbury",1010,8.3,13.25,8.5
"12505","20200409:0000",-43.63312,172.72808,"Diamond Harbour",289,NA,0,"Canterbury",1010,8.3,12.5,7.5
"12506","20200410:0000",-43.63312,172.72808,"Diamond Harbour",289,NA,0,"Canterbury",1010,7.2,13.1,10.5
"12507","20200411:0000",-43.63312,172.72808,"Diamond Harbour",289,NA,0,"Canterbury",1010,23.8,14.3,10.4
"12508","20200412:0000",-43.63312,172.72808,"Diamond Harbour",289,NA,0,"Canterbury",1010,16.6,15.9,2.9
"12509","20200413:0000",-43.63312,172.72808,"Diamond Harbour",289,NA,0,"Canterbury",1010,10.1,14.35,8.7
"12510","20200414:0000",-43.63312,172.72808,"Diamond Harbour",289,NA,0,"Canterbury",1010,13.3,8.1,6.9
"12511","20200415:0000",-43.63312,172.72808,"Diamond Harbour",289,NA,0,"Canterbury",1010,18.7,9.1,4.9
"12512","20200416:0000",-43.63312,172.72808,"Diamond Harbour",289,NA,0,"Canterbury",1010,4,12,7.4
"12513","20200417:0000",-43.63312,172.72808,"Diamond Harbour",289,NA,0,"Canterbury",1010,2.5,11.3,2.8
"12514","20200418:0000",-43.63312,172.72808,"Diamond Harbour",289,NA,0,"Canterbury",1010,21.6,14.3,6.2
"12515","20200419:0000",-43.63312,172.72808,"Diamond Harbour",289,NA,0,"Canterbury",1010,9.4,12.95,9.5
"12516","20200420:0000",-43.63312,172.72808,"Diamond Harbour",289,NA,0,"Canterbury",1010,5,13.95,7.6
"12517","20200421:0000",-43.63312,172.72808,"Diamond Harbour",289,NA,0,"Canterbury",1010,4.3,11.65,10
"12518","20200422:0000",-43.63312,172.72808,"Diamond Harbour",289,NA,0,"Canterbury",1010,1.8,14.15,8.6
"12519","20200423:0000",-43.63312,172.72808,"Diamond Harbour",289,NA,0,"Canterbury",1010,4.3,11.95,3.8
"12520","20200424:0000",-43.63312,172.72808,"Diamond Harbour",289,NA,0,"Canterbury",1010,1.1,15.15,9.8
"12521","20200425:0000",-43.63312,172.72808,"Diamond Harbour",289,NA,0,"Canterbury",1010,6.5,16.4,8.7
"12522","20200426:0000",-43.63312,172.72808,"Diamond Harbour",289,NA,0,"Canterbury",1010,31,14.5,7.2
"12523","20200427:0000",-43.63312,172.72808,"Diamond Harbour",289,NA,0,"Canterbury",1010,19.4,16.7,2.3
"12524","20200428:0000",-43.63312,172.72808,"Diamond Harbour",289,NA,0,"Canterbury",1010,2.9,12.85,9.9
"12525","20200429:0000",-43.63312,172.72808,"Diamond Harbour",289,NA,0,"Canterbury",1010,15.1,14.05,9.2
"12526","20200430:0000",-43.63312,172.72808,"Diamond Harbour",289,NA,0,"Canterbury",1010,3.2,16.8,9.7
"12527","20200501:0000",-43.63312,172.72808,"Diamond Harbour",289,NA,0,"Canterbury",1010,3.6,16.65,7.7
"12528","20200502:0000",-43.63312,172.72808,"Diamond Harbour",289,NA,0,"Canterbury",1010,7.2,16.1,4
"12529","20200503:0000",-43.63312,172.72808,"Diamond Harbour",289,NA,0,"Canterbury",1010,21.2,18.6,7.5
"12530","20200504:0000",-43.63312,172.72808,"Diamond Harbour",289,NA,0,"Canterbury",1010,9.4,15,1.6
"12531","20200505:0000",-43.63312,172.72808,"Diamond Harbour",289,NA,0,"Canterbury",1010,11.5,8.55,1.4
"12532","20200506:0000",-43.63312,172.72808,"Diamond Harbour",289,NA,0,"Canterbury",1010,1.4,8.9,6.7
"12533","20200507:0000",-43.63312,172.72808,"Diamond Harbour",289,NA,0,"Canterbury",1010,5.8,13.55,7.6
"12534","20200508:0000",-43.63312,172.72808,"Diamond Harbour",289,NA,0,"Canterbury",1010,3.6,13.5,5.6
"12535","20200509:0000",-43.63312,172.72808,"Diamond Harbour",289,NA,0,"Canterbury",1010,11.2,12.4,5.7
"12536","20200510:0000",-43.63312,172.72808,"Diamond Harbour",289,NA,0,"Canterbury",1010,10.1,12.45,8.2
"12537","20200511:0000",-43.63312,172.72808,"Diamond Harbour",289,NA,0,"Canterbury",1010,7.6,12.3,8.5
"12538","20200512:0000",-43.63312,172.72808,"Diamond Harbour",289,NA,0,"Canterbury",1010,8.3,12.3,2.4
"12539","20200513:0000",-43.63312,172.72808,"Diamond Harbour",289,NA,0,"Canterbury",1010,1.8,10.8,1.3
"12540","20200514:0000",-43.63312,172.72808,"Diamond Harbour",289,NA,0,"Canterbury",1010,11.2,11.45,7
"12541","20200515:0000",-43.63312,172.72808,"Diamond Harbour",289,NA,0,"Canterbury",1010,2.5,10.8,3.1
"12542","20200516:0000",-43.63312,172.72808,"Diamond Harbour",289,NA,0,"Canterbury",1010,2.2,9.7,7.4
"12543","20200517:0000",-43.63312,172.72808,"Diamond Harbour",289,NA,0,"Canterbury",1010,7.9,8.9,7.9
"12544","20200518:0000",-43.63312,172.72808,"Diamond Harbour",289,NA,0,"Canterbury",1010,5,8.45,8.8
"12545","20200519:0000",-43.63312,172.72808,"Diamond Harbour",289,NA,0,"Canterbury",1010,2.5,9.3,5.8
"12546","20200520:0000",-43.63312,172.72808,"Diamond Harbour",289,NA,0,"Canterbury",1010,14,10.1,2.7
"12547","20200521:0000",-43.63312,172.72808,"Diamond Harbour",289,NA,0,"Canterbury",1010,9.7,13,8.2
"12548","20200522:0000",-43.63312,172.72808,"Diamond Harbour",289,NA,0,"Canterbury",1010,4,14.7,4.4
"12549","20200523:0000",-43.63312,172.72808,"Diamond Harbour",289,NA,0,"Canterbury",1010,5.8,10.4,2.1
"12550","20200524:0000",-43.63312,172.72808,"Diamond Harbour",289,NA,0,"Canterbury",1010,5.4,10.8,0.7
"12551","20200525:0000",-43.63312,172.72808,"Diamond Harbour",289,NA,0,"Canterbury",1010,7.2,9.3,0
"12552","20200526:0000",-43.63312,172.72808,"Diamond Harbour",289,NA,0,"Canterbury",1010,5.4,9.55,2.9
"12553","20200527:0000",-43.63312,172.72808,"Diamond Harbour",289,NA,0,"Canterbury",1010,2.2,8.55,8.8
"12554","20200528:0000",-43.63312,172.72808,"Diamond Harbour",289,NA,0,"Canterbury",1010,6.5,6.75,0.1
"12555","20200529:0000",-43.63312,172.72808,"Diamond Harbour",289,NA,0,"Canterbury",1010,4.3,8.5,0
"12556","20200530:0000",-43.63312,172.72808,"Diamond Harbour",289,NA,0,"Canterbury",1010,2.9,8.75,8.6
"12557","20200531:0000",-43.63312,172.72808,"Diamond Harbour",289,NA,0,"Canterbury",1010,23.8,8.7,4.2
"12558","20200601:0000",-43.63312,172.72808,"Diamond Harbour",289,NA,0,"Canterbury",1010,29.9,10.9,0
"12559","20200602:0000",-43.63312,172.72808,"Diamond Harbour",289,NA,0,"Canterbury",1010,4,11.4,0.5
"12560","20200603:0000",-43.63312,172.72808,"Diamond Harbour",289,NA,0,"Canterbury",1010,14,10.7,3.5
"12561","20200604:0000",-43.63312,172.72808,"Diamond Harbour",289,NA,0,"Canterbury",1010,12.6,9.25,0.3
"12562","20200605:0000",-43.63312,172.72808,"Diamond Harbour",289,NA,0,"Canterbury",1010,7.2,6,0.4
"12563","20200606:0000",-43.63312,172.72808,"Diamond Harbour",289,NA,0,"Canterbury",1010,3.6,4.3,0.8
"12564","20200607:0000",-43.63312,172.72808,"Diamond Harbour",289,NA,0,"Canterbury",1010,3.6,5.95,7.4
"12565","20200608:0000",-43.63312,172.72808,"Diamond Harbour",289,NA,0,"Canterbury",1010,2.2,9.45,8.3
"12566","20200609:0000",-43.63312,172.72808,"Diamond Harbour",289,NA,0,"Canterbury",1010,5.8,11.3,8.6
"12567","20200610:0000",-43.63312,172.72808,"Diamond Harbour",289,NA,0,"Canterbury",1010,2.9,10.1,8.6
"12568","20200611:0000",-43.63312,172.72808,"Diamond Harbour",289,NA,0,"Canterbury",1010,6.5,11.85,4.5
"12569","20200612:0000",-43.63312,172.72808,"Diamond Harbour",289,NA,0,"Canterbury",1010,5.4,8.65,1.3
"12570","20200613:0000",-43.63312,172.72808,"Diamond Harbour",289,NA,0,"Canterbury",1010,1.8,6.5,8.4
"12571","20200614:0000",-43.63312,172.72808,"Diamond Harbour",289,NA,0,"Canterbury",1010,15.1,7.6,3.5
"12572","20200615:0000",-43.63312,172.72808,"Diamond Harbour",289,NA,0,"Canterbury",1010,11.5,11.75,4.7
"12573","20200616:0000",-43.63312,172.72808,"Diamond Harbour",289,NA,0,"Canterbury",1010,4.3,15.95,8.1
"12574","20200617:0000",-43.63312,172.72808,"Diamond Harbour",289,NA,0,"Canterbury",1010,9.4,16.25,6.3
"12575","20200618:0000",-43.63312,172.72808,"Diamond Harbour",289,NA,0,"Canterbury",1010,7.2,7.4,0
"12576","20200619:0000",-43.63312,172.72808,"Diamond Harbour",289,NA,0,"Canterbury",1010,17.6,7.2,0.2
"12577","20200620:0000",-43.63312,172.72808,"Diamond Harbour",289,NA,0,"Canterbury",1010,13.7,7.3,2.1
"12578","20200621:0000",-43.63312,172.72808,"Diamond Harbour",289,NA,0,"Canterbury",1010,2.2,7.1,0
"12579","20200622:0000",-43.63312,172.72808,"Diamond Harbour",289,NA,0,"Canterbury",1010,7.2,8.35,3.8
"12580","20200623:0000",-43.63312,172.72808,"Diamond Harbour",289,NA,0,"Canterbury",1010,16.6,8.35,1.5
"12581","20200624:0000",-43.63312,172.72808,"Diamond Harbour",289,NA,0,"Canterbury",1010,9,7.15,1.2
"12582","20200625:0000",-43.63312,172.72808,"Diamond Harbour",289,NA,0,"Canterbury",1010,0.7,7.4,0.5
"12583","20200626:0000",-43.63312,172.72808,"Diamond Harbour",289,NA,0,"Canterbury",1010,22.3,9.1,0
"12584","20200627:0000",-43.63312,172.72808,"Diamond Harbour",289,NA,0,"Canterbury",1010,40.3,9.95,0
"12585","20200628:0000",-43.63312,172.72808,"Diamond Harbour",289,NA,0,"Canterbury",1010,2.9,9.4,0
"12586","20200629:0000",-43.63312,172.72808,"Diamond Harbour",289,NA,0,"Canterbury",1010,15.8,6.4,0
"12587","20200630:0000",-43.63312,172.72808,"Diamond Harbour",289,NA,0,"Canterbury",1010,14.4,6.25,0.8
"12588","20200701:0000",-43.63312,172.72808,"Diamond Harbour",289,NA,0,"Canterbury",1010,18.7,5.1,0.1
"12589","20200702:0000",-43.63312,172.72808,"Diamond Harbour",289,NA,0,"Canterbury",1010,12.6,5.8,4.6
"12590","20200703:0000",-43.63312,172.72808,"Diamond Harbour",289,NA,0,"Canterbury",1010,3.2,5.55,8.2
"12591","20200704:0000",-43.63312,172.72808,"Diamond Harbour",289,NA,0,"Canterbury",1010,22,8.15,1.5
"12592","20200705:0000",-43.63312,172.72808,"Diamond Harbour",289,NA,0,"Canterbury",1010,14,11,3.7
"12593","20200706:0000",-43.63312,172.72808,"Diamond Harbour",289,NA,0,"Canterbury",1010,27,10.8,2
"12594","20200707:0000",-43.63312,172.72808,"Diamond Harbour",289,NA,0,"Canterbury",1010,11.9,7.65,0.6
"12595","20200708:0000",-43.63312,172.72808,"Diamond Harbour",289,NA,0,"Canterbury",1010,16.6,5.7,3.2
"12596","20200709:0000",-43.63312,172.72808,"Diamond Harbour",289,NA,0,"Canterbury",1010,12.6,5.65,2.6
"12597","20200710:0000",-43.63312,172.72808,"Diamond Harbour",289,NA,0,"Canterbury",1010,3.2,7.25,8.7
"12598","20200711:0000",-43.63312,172.72808,"Diamond Harbour",289,NA,0,"Canterbury",1010,7.2,8.2,7.5
"12599","20200712:0000",-43.63312,172.72808,"Diamond Harbour",289,NA,0,"Canterbury",1010,8.6,10.45,4
"12600","20200713:0000",-43.63312,172.72808,"Diamond Harbour",289,NA,0,"Canterbury",1010,4.7,6.1,7.7
"12601","20200714:0000",-43.63312,172.72808,"Diamond Harbour",289,NA,0,"Canterbury",1010,1.8,6.35,8.4
"12602","20200715:0000",-43.63312,172.72808,"Diamond Harbour",289,NA,0,"Canterbury",1010,7.6,5.1,2.2
"12603","20200716:0000",-43.63312,172.72808,"Diamond Harbour",289,NA,0,"Canterbury",1010,1.4,4.1,2.1
"12604","20200717:0000",-43.63312,172.72808,"Diamond Harbour",289,NA,0,"Canterbury",1010,6.5,4.95,0.9
"12605","20200718:0000",-43.63312,172.72808,"Diamond Harbour",289,NA,0,"Canterbury",1010,11.9,7.85,1.5
"12606","20200719:0000",-43.63312,172.72808,"Diamond Harbour",289,NA,0,"Canterbury",1010,30.2,9.25,0.2
"12607","20200720:0000",-43.63312,172.72808,"Diamond Harbour",289,NA,0,"Canterbury",1010,20.2,10.35,2
"12608","20200721:0000",-43.63312,172.72808,"Diamond Harbour",289,NA,0,"Canterbury",1010,15.1,12.45,5.4
"12609","20200722:0000",-43.63312,172.72808,"Diamond Harbour",289,NA,0,"Canterbury",1010,15.8,9.2,6
"12610","20200723:0000",-43.63312,172.72808,"Diamond Harbour",289,NA,0,"Canterbury",1010,4,6.5,2.2
"12611","20200724:0000",-43.63312,172.72808,"Diamond Harbour",289,NA,0,"Canterbury",1010,2.2,5.95,8.5
"12612","20200725:0000",-43.63312,172.72808,"Diamond Harbour",289,NA,0,"Canterbury",1010,1.1,7.3,9.2
"12613","20200726:0000",-43.63312,172.72808,"Diamond Harbour",289,NA,0,"Canterbury",1010,5,8.95,9.2
"12614","20200727:0000",-43.63312,172.72808,"Diamond Harbour",289,NA,0,"Canterbury",1010,6.5,7.15,7.9
"12615","20200728:0000",-43.63312,172.72808,"Diamond Harbour",289,NA,0,"Canterbury",1010,7.2,5.7,3.1
"12616","20200729:0000",-43.63312,172.72808,"Diamond Harbour",289,NA,0,"Canterbury",1010,12.2,7.35,3.2
"12617","20200730:0000",-43.63312,172.72808,"Diamond Harbour",289,NA,0,"Canterbury",1010,6.5,10.25,4.3
"12618","20200731:0000",-43.63312,172.72808,"Diamond Harbour",289,NA,0,"Canterbury",1010,15.5,11,2.2
"12619","20200801:0000",-43.63312,172.72808,"Diamond Harbour",289,NA,0,"Canterbury",1010,16.9,10.95,2.1
"12620","20200802:0000",-43.63312,172.72808,"Diamond Harbour",289,NA,0,"Canterbury",1010,13.3,11.5,2.5
"12621","20200803:0000",-43.63312,172.72808,"Diamond Harbour",289,NA,0,"Canterbury",1010,6.5,10.8,3.6
"12622","20200804:0000",-43.63312,172.72808,"Diamond Harbour",289,NA,0,"Canterbury",1010,3.2,10.75,2.2
"12623","20200805:0000",-43.63312,172.72808,"Diamond Harbour",289,NA,0,"Canterbury",1010,9.4,9.35,8.2
"12624","20200806:0000",-43.63312,172.72808,"Diamond Harbour",289,NA,0,"Canterbury",1010,25.9,9.7,2.9
"12625","20200807:0000",-43.63312,172.72808,"Diamond Harbour",289,NA,0,"Canterbury",1010,6.5,10.15,8.8
"12626","20200808:0000",-43.63312,172.72808,"Diamond Harbour",289,NA,0,"Canterbury",1010,11.9,7.2,6.1
"12627","20200809:0000",-43.63312,172.72808,"Diamond Harbour",289,NA,0,"Canterbury",1010,4,8.5,9.7
"12628","20200810:0000",-43.63312,172.72808,"Diamond Harbour",289,NA,0,"Canterbury",1010,4,11.35,9.7
"12629","20200811:0000",-43.63312,172.72808,"Diamond Harbour",289,NA,0,"Canterbury",1010,3.2,9.05,9.8
"12630","20200812:0000",-43.63312,172.72808,"Diamond Harbour",289,NA,0,"Canterbury",1010,5.4,7.3,4
"12631","20200813:0000",-43.63312,172.72808,"Diamond Harbour",289,NA,0,"Canterbury",1010,4,8.05,7
"12632","20200814:0000",-43.63312,172.72808,"Diamond Harbour",289,NA,0,"Canterbury",1010,1.8,6.2,0.9
"12633","20200815:0000",-43.63312,172.72808,"Diamond Harbour",289,NA,0,"Canterbury",1010,2.9,6.15,9.9
"12634","20200816:0000",-43.63312,172.72808,"Diamond Harbour",289,NA,0,"Canterbury",1010,6.5,6.15,9.7
"12635","20200817:0000",-43.63312,172.72808,"Diamond Harbour",289,NA,0,"Canterbury",1010,1.1,6.35,9.7
"12636","20200818:0000",-43.63312,172.72808,"Diamond Harbour",289,NA,0,"Canterbury",1010,27.4,8,1.7
"12637","20200819:0000",-43.63312,172.72808,"Diamond Harbour",289,NA,0,"Canterbury",1010,26.6,9.55,0.1
"12638","20200820:0000",-43.63312,172.72808,"Diamond Harbour",289,NA,0,"Canterbury",1010,5.4,11.85,8
"12639","20200821:0000",-43.63312,172.72808,"Diamond Harbour",289,NA,0,"Canterbury",1010,6.8,7.95,0.6
"12640","20200822:0000",-43.63312,172.72808,"Diamond Harbour",289,NA,0,"Canterbury",1010,2.5,8.5,8.6
"12641","20200823:0000",-43.63312,172.72808,"Diamond Harbour",289,NA,0,"Canterbury",1010,14.4,10,3.4
"12642","20200824:0000",-43.63312,172.72808,"Diamond Harbour",289,NA,0,"Canterbury",1010,6.5,10.95,2.1
"12643","20200825:0000",-43.63312,172.72808,"Diamond Harbour",289,NA,0,"Canterbury",1010,6.5,9.4,4.3
"12644","20200826:0000",-43.63312,172.72808,"Diamond Harbour",289,NA,0,"Canterbury",1010,6.8,7.55,9.6
"12645","20200827:0000",-43.63312,172.72808,"Diamond Harbour",289,NA,0,"Canterbury",1010,8.3,7.7,7.6
"12646","20200828:0000",-43.63312,172.72808,"Diamond Harbour",289,NA,0,"Canterbury",1010,13.7,8.65,7.3
"12647","20200829:0000",-43.63312,172.72808,"Diamond Harbour",289,NA,0,"Canterbury",1010,4.3,12.3,8.9
"12648","20200830:0000",-43.63312,172.72808,"Diamond Harbour",289,NA,0,"Canterbury",1010,8.3,15.65,10.2
"12649","20200831:0000",-43.63312,172.72808,"Diamond Harbour",289,NA,0,"Canterbury",1010,11.5,15,5.9
"12650","20180101:0000",-43.7461,173.1219,"Le Bons Bay",6565,NA,0,"Canterbury",1010,12.5,14.7,NA
"12651","20180102:0000",-43.7461,173.1219,"Le Bons Bay",6565,NA,0,"Canterbury",1010,3.2,16.05,NA
"12652","20180103:0000",-43.7461,173.1219,"Le Bons Bay",6565,NA,0,"Canterbury",1010,10.7,16.5,NA
"12653","20180104:0000",-43.7461,173.1219,"Le Bons Bay",6565,NA,0,"Canterbury",1010,6,17.45,NA
"12654","20180105:0000",-43.7461,173.1219,"Le Bons Bay",6565,NA,0,"Canterbury",1010,36.1,14.2,NA
"12655","20180106:0000",-43.7461,173.1219,"Le Bons Bay",6565,NA,0,"Canterbury",1010,83.5,12.55,NA
"12656","20180107:0000",-43.7461,173.1219,"Le Bons Bay",6565,NA,0,"Canterbury",1010,22.7,13.95,NA
"12657","20180108:0000",-43.7461,173.1219,"Le Bons Bay",6565,NA,0,"Canterbury",1010,38.6,15.55,NA
"12658","20180109:0000",-43.7461,173.1219,"Le Bons Bay",6565,NA,0,"Canterbury",1010,15.3,17.9,NA
"12659","20180110:0000",-43.7461,173.1219,"Le Bons Bay",6565,NA,0,"Canterbury",1010,26.2,15.2,NA
"12660","20180111:0000",-43.7461,173.1219,"Le Bons Bay",6565,NA,0,"Canterbury",1010,7.8,11.25,NA
"12661","20180112:0000",-43.7461,173.1219,"Le Bons Bay",6565,NA,0,"Canterbury",1010,2.8,11.35,NA
"12662","20180113:0000",-43.7461,173.1219,"Le Bons Bay",6565,NA,0,"Canterbury",1010,28.2,15.55,NA
"12663","20180114:0000",-43.7461,173.1219,"Le Bons Bay",6565,NA,0,"Canterbury",1010,19.5,18.8,NA
"12664","20180115:0000",-43.7461,173.1219,"Le Bons Bay",6565,NA,0,"Canterbury",1010,22.1,17.1,NA
"12665","20180116:0000",-43.7461,173.1219,"Le Bons Bay",6565,NA,0,"Canterbury",1010,20.6,18.05,NA
"12666","20180117:0000",-43.7461,173.1219,"Le Bons Bay",6565,NA,0,"Canterbury",1010,13.9,18.3,NA
"12667","20180118:0000",-43.7461,173.1219,"Le Bons Bay",6565,NA,0,"Canterbury",1010,18.5,21.4,NA
"12668","20180119:0000",-43.7461,173.1219,"Le Bons Bay",6565,NA,0,"Canterbury",1010,18.9,20.2,NA
"12669","20180120:0000",-43.7461,173.1219,"Le Bons Bay",6565,NA,0,"Canterbury",1010,10.5,20.25,NA
"12670","20180121:0000",-43.7461,173.1219,"Le Bons Bay",6565,NA,0,"Canterbury",1010,10.2,16.55,NA
"12671","20180122:0000",-43.7461,173.1219,"Le Bons Bay",6565,NA,0,"Canterbury",1010,8.9,18.6,NA
"12672","20180123:0000",-43.7461,173.1219,"Le Bons Bay",6565,NA,0,"Canterbury",1010,21.9,19.8,NA
"12673","20180124:0000",-43.7461,173.1219,"Le Bons Bay",6565,NA,0,"Canterbury",1010,3.6,21.55,NA
"12674","20180125:0000",-43.7461,173.1219,"Le Bons Bay",6565,NA,0,"Canterbury",1010,7.7,19.85,NA
"12675","20180126:0000",-43.7461,173.1219,"Le Bons Bay",6565,NA,0,"Canterbury",1010,24.8,16.75,NA
"12676","20180127:0000",-43.7461,173.1219,"Le Bons Bay",6565,NA,0,"Canterbury",1010,31,16.7,NA
"12677","20180128:0000",-43.7461,173.1219,"Le Bons Bay",6565,NA,0,"Canterbury",1010,4.2,18.45,NA
"12678","20180129:0000",-43.7461,173.1219,"Le Bons Bay",6565,NA,0,"Canterbury",1010,30.7,17.25,NA
"12679","20180130:0000",-43.7461,173.1219,"Le Bons Bay",6565,NA,0,"Canterbury",1010,13,21.65,NA
"12680","20180131:0000",-43.7461,173.1219,"Le Bons Bay",6565,NA,0,"Canterbury",1010,41.6,21.7,NA
"12681","20180201:0000",-43.7461,173.1219,"Le Bons Bay",6565,NA,0,"Canterbury",1010,51.6,22.8,NA
"12682","20180202:0000",-43.7461,173.1219,"Le Bons Bay",6565,NA,0,"Canterbury",1010,50.2,11.7,NA
"12683","20180203:0000",-43.7461,173.1219,"Le Bons Bay",6565,NA,0,"Canterbury",1010,22.3,11.55,NA
"12684","20180204:0000",-43.7461,173.1219,"Le Bons Bay",6565,NA,0,"Canterbury",1010,34.5,13.15,NA
"12685","20180205:0000",-43.7461,173.1219,"Le Bons Bay",6565,NA,0,"Canterbury",1010,43.5,17.55,NA
"12686","20180206:0000",-43.7461,173.1219,"Le Bons Bay",6565,NA,0,"Canterbury",1010,39.6,10.55,NA
"12687","20180207:0000",-43.7461,173.1219,"Le Bons Bay",6565,NA,0,"Canterbury",1010,3.2,12.45,NA
"12688","20180208:0000",-43.7461,173.1219,"Le Bons Bay",6565,NA,0,"Canterbury",1010,23,14.55,NA
"12689","20180209:0000",-43.7461,173.1219,"Le Bons Bay",6565,NA,0,"Canterbury",1010,28.9,16.55,NA
"12690","20180210:0000",-43.7461,173.1219,"Le Bons Bay",6565,NA,0,"Canterbury",1010,9.5,17.35,NA
"12691","20180211:0000",-43.7461,173.1219,"Le Bons Bay",6565,NA,0,"Canterbury",1010,11.5,17.3,NA
"12692","20180212:0000",-43.7461,173.1219,"Le Bons Bay",6565,NA,0,"Canterbury",1010,4.1,18.9,NA
"12693","20180213:0000",-43.7461,173.1219,"Le Bons Bay",6565,NA,0,"Canterbury",1010,31.4,19.35,NA
"12694","20180214:0000",-43.7461,173.1219,"Le Bons Bay",6565,NA,0,"Canterbury",1010,4.3,16.15,NA
"12695","20180215:0000",-43.7461,173.1219,"Le Bons Bay",6565,NA,0,"Canterbury",1010,13.4,18.5,NA
"12696","20180216:0000",-43.7461,173.1219,"Le Bons Bay",6565,NA,0,"Canterbury",1010,16.3,19.5,NA
"12697","20180217:0000",-43.7461,173.1219,"Le Bons Bay",6565,NA,0,"Canterbury",1010,57.8,21,NA
"12698","20180218:0000",-43.7461,173.1219,"Le Bons Bay",6565,NA,0,"Canterbury",1010,13.9,17.85,NA
"12699","20180219:0000",-43.7461,173.1219,"Le Bons Bay",6565,NA,0,"Canterbury",1010,31.5,19.1,NA
"12700","20180220:0000",-43.7461,173.1219,"Le Bons Bay",6565,NA,0,"Canterbury",1010,37.1,10.85,NA
"12701","20180221:0000",-43.7461,173.1219,"Le Bons Bay",6565,NA,0,"Canterbury",1010,49.7,10.9,NA
"12702","20180222:0000",-43.7461,173.1219,"Le Bons Bay",6565,NA,0,"Canterbury",1010,44,11.5,NA
"12703","20180223:0000",-43.7461,173.1219,"Le Bons Bay",6565,NA,0,"Canterbury",1010,2.3,13,NA
"12704","20180224:0000",-43.7461,173.1219,"Le Bons Bay",6565,NA,0,"Canterbury",1010,9.7,14.95,NA
"12705","20180225:0000",-43.7461,173.1219,"Le Bons Bay",6565,NA,0,"Canterbury",1010,25.4,18.05,NA
"12706","20180226:0000",-43.7461,173.1219,"Le Bons Bay",6565,NA,0,"Canterbury",1010,38.1,11.25,NA
"12707","20180227:0000",-43.7461,173.1219,"Le Bons Bay",6565,NA,0,"Canterbury",1010,11.1,12.3,NA
"12708","20180228:0000",-43.7461,173.1219,"Le Bons Bay",6565,NA,0,"Canterbury",1010,27.8,14.15,NA
"12709","20180301:0000",-43.7461,173.1219,"Le Bons Bay",6565,NA,0,"Canterbury",1010,21.2,17.05,NA
"12710","20180302:0000",-43.7461,173.1219,"Le Bons Bay",6565,NA,0,"Canterbury",1010,10.6,18.95,NA
"12711","20180303:0000",-43.7461,173.1219,"Le Bons Bay",6565,NA,0,"Canterbury",1010,17.8,16.7,NA
"12712","20180304:0000",-43.7461,173.1219,"Le Bons Bay",6565,NA,0,"Canterbury",1010,15.4,18,NA
"12713","20180305:0000",-43.7461,173.1219,"Le Bons Bay",6565,NA,0,"Canterbury",1010,12.1,18.4,NA
"12714","20180306:0000",-43.7461,173.1219,"Le Bons Bay",6565,NA,0,"Canterbury",1010,20.3,14,NA
"12715","20180307:0000",-43.7461,173.1219,"Le Bons Bay",6565,NA,0,"Canterbury",1010,17.3,12.45,NA
"12716","20180308:0000",-43.7461,173.1219,"Le Bons Bay",6565,NA,0,"Canterbury",1010,8.5,12.55,NA
"12717","20180309:0000",-43.7461,173.1219,"Le Bons Bay",6565,NA,0,"Canterbury",1010,19.8,11.7,NA
"12718","20180310:0000",-43.7461,173.1219,"Le Bons Bay",6565,NA,0,"Canterbury",1010,4.1,11.6,NA
"12719","20180311:0000",-43.7461,173.1219,"Le Bons Bay",6565,NA,0,"Canterbury",1010,16.9,12.95,NA
"12720","20180312:0000",-43.7461,173.1219,"Le Bons Bay",6565,NA,0,"Canterbury",1010,6.5,15.95,NA
"12721","20180313:0000",-43.7461,173.1219,"Le Bons Bay",6565,NA,0,"Canterbury",1010,23.6,16.45,NA
"12722","20180314:0000",-43.7461,173.1219,"Le Bons Bay",6565,NA,0,"Canterbury",1010,19,12.3,NA
"12723","20180315:0000",-43.7461,173.1219,"Le Bons Bay",6565,NA,0,"Canterbury",1010,6.8,16.45,NA
"12724","20180316:0000",-43.7461,173.1219,"Le Bons Bay",6565,NA,0,"Canterbury",1010,37.9,17.35,NA
"12725","20180317:0000",-43.7461,173.1219,"Le Bons Bay",6565,NA,0,"Canterbury",1010,11.8,10.95,NA
"12726","20180318:0000",-43.7461,173.1219,"Le Bons Bay",6565,NA,0,"Canterbury",1010,42.6,NA,NA
"12727","20180319:0000",-43.7461,173.1219,"Le Bons Bay",6565,NA,0,"Canterbury",1010,47.2,15.4,NA
"12728","20180320:0000",-43.7461,173.1219,"Le Bons Bay",6565,NA,0,"Canterbury",1010,21.9,15.95,NA
"12729","20180321:0000",-43.7461,173.1219,"Le Bons Bay",6565,NA,0,"Canterbury",1010,8.2,17,NA
"12730","20180322:0000",-43.7461,173.1219,"Le Bons Bay",6565,NA,0,"Canterbury",1010,41.3,10.5,NA
"12731","20180323:0000",-43.7461,173.1219,"Le Bons Bay",6565,NA,0,"Canterbury",1010,7,NA,NA
"12732","20180324:0000",-43.7461,173.1219,"Le Bons Bay",6565,NA,0,"Canterbury",1010,9.5,11.9,NA
"12733","20180325:0000",-43.7461,173.1219,"Le Bons Bay",6565,NA,0,"Canterbury",1010,37.5,15.6,NA
"12734","20180326:0000",-43.7461,173.1219,"Le Bons Bay",6565,NA,0,"Canterbury",1010,12.1,16.9,NA
"12735","20180327:0000",-43.7461,173.1219,"Le Bons Bay",6565,NA,0,"Canterbury",1010,28.6,18.65,NA
"12736","20180328:0000",-43.7461,173.1219,"Le Bons Bay",6565,NA,0,"Canterbury",1010,30.6,17.3,NA
"12737","20180329:0000",-43.7461,173.1219,"Le Bons Bay",6565,NA,0,"Canterbury",1010,6.5,15.6,NA
"12738","20180330:0000",-43.7461,173.1219,"Le Bons Bay",6565,NA,0,"Canterbury",1010,19.3,14.45,NA
"12739","20180331:0000",-43.7461,173.1219,"Le Bons Bay",6565,NA,0,"Canterbury",1010,63.4,18.45,NA
"12740","20180401:0000",-43.7461,173.1219,"Le Bons Bay",6565,NA,0,"Canterbury",1010,17.8,12.75,NA
"12741","20180402:0000",-43.7461,173.1219,"Le Bons Bay",6565,NA,0,"Canterbury",1010,8.2,15.5,NA
"12742","20180403:0000",-43.7461,173.1219,"Le Bons Bay",6565,NA,0,"Canterbury",1010,37.7,18.3,NA
"12743","20180404:0000",-43.7461,173.1219,"Le Bons Bay",6565,NA,0,"Canterbury",1010,15,17.05,NA
"12744","20180405:0000",-43.7461,173.1219,"Le Bons Bay",6565,NA,0,"Canterbury",1010,9.4,13.55,NA
"12745","20180406:0000",-43.7461,173.1219,"Le Bons Bay",6565,NA,0,"Canterbury",1010,31,16.65,NA
"12746","20180407:0000",-43.7461,173.1219,"Le Bons Bay",6565,NA,0,"Canterbury",1010,51.1,10.15,NA
"12747","20180408:0000",-43.7461,173.1219,"Le Bons Bay",6565,NA,0,"Canterbury",1010,36.8,11.4,NA
"12748","20180409:0000",-43.7461,173.1219,"Le Bons Bay",6565,NA,0,"Canterbury",1010,31.8,8.4,NA
"12749","20180410:0000",-43.7461,173.1219,"Le Bons Bay",6565,NA,0,"Canterbury",1010,51.9,6,NA
"12750","20180411:0000",-43.7461,173.1219,"Le Bons Bay",6565,NA,0,"Canterbury",1010,50.5,5.55,NA
"12751","20180412:0000",-43.7461,173.1219,"Le Bons Bay",6565,NA,0,"Canterbury",1010,16,7.95,NA
"12752","20180413:0000",-43.7461,173.1219,"Le Bons Bay",6565,NA,0,"Canterbury",1010,25.3,7.9,NA
"12753","20180414:0000",-43.7461,173.1219,"Le Bons Bay",6565,NA,0,"Canterbury",1010,13.7,8.55,NA
"12754","20180415:0000",-43.7461,173.1219,"Le Bons Bay",6565,NA,0,"Canterbury",1010,42.6,10.35,NA
"12755","20180416:0000",-43.7461,173.1219,"Le Bons Bay",6565,NA,0,"Canterbury",1010,21.3,14.25,NA
"12756","20180417:0000",-43.7461,173.1219,"Le Bons Bay",6565,NA,0,"Canterbury",1010,36.3,15,NA
"12757","20180418:0000",-43.7461,173.1219,"Le Bons Bay",6565,NA,0,"Canterbury",1010,30.8,10.8,NA
"12758","20180419:0000",-43.7461,173.1219,"Le Bons Bay",6565,NA,0,"Canterbury",1010,29.9,12.55,NA
"12759","20180420:0000",-43.7461,173.1219,"Le Bons Bay",6565,NA,0,"Canterbury",1010,37.5,17.7,NA
"12760","20180421:0000",-43.7461,173.1219,"Le Bons Bay",6565,NA,0,"Canterbury",1010,14.5,11.05,NA
"12761","20180422:0000",-43.7461,173.1219,"Le Bons Bay",6565,NA,0,"Canterbury",1010,37.6,8.75,NA
"12762","20180423:0000",-43.7461,173.1219,"Le Bons Bay",6565,NA,0,"Canterbury",1010,26.4,11.05,NA
"12763","20180424:0000",-43.7461,173.1219,"Le Bons Bay",6565,NA,0,"Canterbury",1010,7.5,13.15,NA
"12764","20180425:0000",-43.7461,173.1219,"Le Bons Bay",6565,NA,0,"Canterbury",1010,5.1,12.9,NA
"12765","20180426:0000",-43.7461,173.1219,"Le Bons Bay",6565,NA,0,"Canterbury",1010,3.9,14.65,NA
"12766","20180427:0000",-43.7461,173.1219,"Le Bons Bay",6565,NA,0,"Canterbury",1010,28.9,13.4,NA
"12767","20180428:0000",-43.7461,173.1219,"Le Bons Bay",6565,NA,0,"Canterbury",1010,5.7,NA,NA
"12768","20180429:0000",-43.7461,173.1219,"Le Bons Bay",6565,NA,0,"Canterbury",1010,26.3,11.65,NA
"12769","20180430:0000",-43.7461,173.1219,"Le Bons Bay",6565,NA,0,"Canterbury",1010,14.6,10.25,NA
"12770","20180501:0000",-43.7461,173.1219,"Le Bons Bay",6565,NA,0,"Canterbury",1010,4.4,9.95,NA
"12771","20180502:0000",-43.7461,173.1219,"Le Bons Bay",6565,NA,0,"Canterbury",1010,16.6,10.15,NA
"12772","20180503:0000",-43.7461,173.1219,"Le Bons Bay",6565,NA,0,"Canterbury",1010,13.1,10.55,NA
"12773","20180504:0000",-43.7461,173.1219,"Le Bons Bay",6565,NA,0,"Canterbury",1010,29.1,11.2,NA
"12774","20180505:0000",-43.7461,173.1219,"Le Bons Bay",6565,NA,0,"Canterbury",1010,22.9,13.7,NA
"12775","20180506:0000",-43.7461,173.1219,"Le Bons Bay",6565,NA,0,"Canterbury",1010,6.4,13.7,NA
"12776","20180507:0000",-43.7461,173.1219,"Le Bons Bay",6565,NA,0,"Canterbury",1010,37.9,12.8,NA
"12777","20180508:0000",-43.7461,173.1219,"Le Bons Bay",6565,NA,0,"Canterbury",1010,28.1,16.1,NA
"12778","20180509:0000",-43.7461,173.1219,"Le Bons Bay",6565,NA,0,"Canterbury",1010,8.4,13.55,NA
"12779","20180510:0000",-43.7461,173.1219,"Le Bons Bay",6565,NA,0,"Canterbury",1010,16.5,13.9,NA
"12780","20180511:0000",-43.7461,173.1219,"Le Bons Bay",6565,NA,0,"Canterbury",1010,21.5,14.8,NA
"12781","20180512:0000",-43.7461,173.1219,"Le Bons Bay",6565,NA,0,"Canterbury",1010,38.9,9.75,NA
"12782","20180513:0000",-43.7461,173.1219,"Le Bons Bay",6565,NA,0,"Canterbury",1010,33,8.55,NA
"12783","20180514:0000",-43.7461,173.1219,"Le Bons Bay",6565,NA,0,"Canterbury",1010,8.5,9.85,NA
"12784","20180515:0000",-43.7461,173.1219,"Le Bons Bay",6565,NA,0,"Canterbury",1010,30.7,10.4,NA
"12785","20180516:0000",-43.7461,173.1219,"Le Bons Bay",6565,NA,0,"Canterbury",1010,3.2,9.45,NA
"12786","20180517:0000",-43.7461,173.1219,"Le Bons Bay",6565,NA,0,"Canterbury",1010,23.3,9.5,NA
"12787","20180518:0000",-43.7461,173.1219,"Le Bons Bay",6565,NA,0,"Canterbury",1010,15.1,11.4,NA
"12788","20180519:0000",-43.7461,173.1219,"Le Bons Bay",6565,NA,0,"Canterbury",1010,11.5,13.6,NA
"12789","20180520:0000",-43.7461,173.1219,"Le Bons Bay",6565,NA,0,"Canterbury",1010,54.3,12.1,NA
"12790","20180521:0000",-43.7461,173.1219,"Le Bons Bay",6565,NA,0,"Canterbury",1010,32.3,8.8,NA
"12791","20180522:0000",-43.7461,173.1219,"Le Bons Bay",6565,NA,0,"Canterbury",1010,50,10.4,NA
"12792","20180523:0000",-43.7461,173.1219,"Le Bons Bay",6565,NA,0,"Canterbury",1010,18.3,NA,NA
"12793","20180524:0000",-43.7461,173.1219,"Le Bons Bay",6565,NA,0,"Canterbury",1010,51.9,8,NA
"12794","20180525:0000",-43.7461,173.1219,"Le Bons Bay",6565,NA,0,"Canterbury",1010,35.8,6.6,NA
"12795","20180526:0000",-43.7461,173.1219,"Le Bons Bay",6565,NA,0,"Canterbury",1010,12.3,7.65,NA
"12796","20180527:0000",-43.7461,173.1219,"Le Bons Bay",6565,NA,0,"Canterbury",1010,30.2,5.4,NA
"12797","20180528:0000",-43.7461,173.1219,"Le Bons Bay",6565,NA,0,"Canterbury",1010,50.2,4.15,NA
"12798","20180529:0000",-43.7461,173.1219,"Le Bons Bay",6565,NA,0,"Canterbury",1010,20.4,5.15,NA
"12799","20180530:0000",-43.7461,173.1219,"Le Bons Bay",6565,NA,0,"Canterbury",1010,19.4,6.4,NA
"12800","20180531:0000",-43.7461,173.1219,"Le Bons Bay",6565,NA,0,"Canterbury",1010,9.9,6.1,NA
"12801","20180601:0000",-43.7461,173.1219,"Le Bons Bay",6565,NA,0,"Canterbury",1010,NA,6.6,NA
"12802","20180602:0000",-43.7461,173.1219,"Le Bons Bay",6565,NA,0,"Canterbury",1010,8.9,7.2,NA
"12803","20180603:0000",-43.7461,173.1219,"Le Bons Bay",6565,NA,0,"Canterbury",1010,19.8,7.9,NA
"12804","20180604:0000",-43.7461,173.1219,"Le Bons Bay",6565,NA,0,"Canterbury",1010,24.9,8.15,NA
"12805","20180605:0000",-43.7461,173.1219,"Le Bons Bay",6565,NA,0,"Canterbury",1010,15.3,7.9,NA
"12806","20180606:0000",-43.7461,173.1219,"Le Bons Bay",6565,NA,0,"Canterbury",1010,53.7,5.5,NA
"12807","20180607:0000",-43.7461,173.1219,"Le Bons Bay",6565,NA,0,"Canterbury",1010,68.1,5.95,NA
"12808","20180608:0000",-43.7461,173.1219,"Le Bons Bay",6565,NA,0,"Canterbury",1010,15.2,8.75,NA
"12809","20180609:0000",-43.7461,173.1219,"Le Bons Bay",6565,NA,0,"Canterbury",1010,11.4,10.8,NA
"12810","20180610:0000",-43.7461,173.1219,"Le Bons Bay",6565,NA,0,"Canterbury",1010,14.2,11.7,NA
"12811","20180611:0000",-43.7461,173.1219,"Le Bons Bay",6565,NA,0,"Canterbury",1010,29,7.05,NA
"12812","20180612:0000",-43.7461,173.1219,"Le Bons Bay",6565,NA,0,"Canterbury",1010,18.3,7.75,NA
"12813","20180613:0000",-43.7461,173.1219,"Le Bons Bay",6565,NA,0,"Canterbury",1010,20.7,8.35,NA
"12814","20180614:0000",-43.7461,173.1219,"Le Bons Bay",6565,NA,0,"Canterbury",1010,18,10.1,NA
"12815","20180615:0000",-43.7461,173.1219,"Le Bons Bay",6565,NA,0,"Canterbury",1010,13,7.55,NA
"12816","20180616:0000",-43.7461,173.1219,"Le Bons Bay",6565,NA,0,"Canterbury",1010,6.5,9.15,NA
"12817","20180617:0000",-43.7461,173.1219,"Le Bons Bay",6565,NA,0,"Canterbury",1010,5.1,6.1,NA
"12818","20180618:0000",-43.7461,173.1219,"Le Bons Bay",6565,NA,0,"Canterbury",1010,8.1,6.7,NA
"12819","20180619:0000",-43.7461,173.1219,"Le Bons Bay",6565,NA,0,"Canterbury",1010,33.3,6.3,NA
"12820","20180620:0000",-43.7461,173.1219,"Le Bons Bay",6565,NA,0,"Canterbury",1010,11.7,6.05,NA
"12821","20180621:0000",-43.7461,173.1219,"Le Bons Bay",6565,NA,0,"Canterbury",1010,2.7,5.15,NA
"12822","20180622:0000",-43.7461,173.1219,"Le Bons Bay",6565,NA,0,"Canterbury",1010,6.4,4.95,NA
"12823","20180623:0000",-43.7461,173.1219,"Le Bons Bay",6565,NA,0,"Canterbury",1010,20.8,6.65,NA
"12824","20180624:0000",-43.7461,173.1219,"Le Bons Bay",6565,NA,0,"Canterbury",1010,46.5,8.85,NA
"12825","20180625:0000",-43.7461,173.1219,"Le Bons Bay",6565,NA,0,"Canterbury",1010,20.5,8.6,NA
"12826","20180626:0000",-43.7461,173.1219,"Le Bons Bay",6565,NA,0,"Canterbury",1010,53.7,5.55,NA
"12827","20180627:0000",-43.7461,173.1219,"Le Bons Bay",6565,NA,0,"Canterbury",1010,45,6.05,NA
"12828","20180628:0000",-43.7461,173.1219,"Le Bons Bay",6565,NA,0,"Canterbury",1010,16.1,9.75,NA
"12829","20180629:0000",-43.7461,173.1219,"Le Bons Bay",6565,NA,0,"Canterbury",1010,21.6,8.25,NA
"12830","20180630:0000",-43.7461,173.1219,"Le Bons Bay",6565,NA,0,"Canterbury",1010,6.5,8.45,NA
"12831","20180701:0000",-43.7461,173.1219,"Le Bons Bay",6565,NA,0,"Canterbury",1010,26.6,9.8,NA
"12832","20180702:0000",-43.7461,173.1219,"Le Bons Bay",6565,NA,0,"Canterbury",1010,40.3,7.9,NA
"12833","20180703:0000",-43.7461,173.1219,"Le Bons Bay",6565,NA,0,"Canterbury",1010,12.5,7,NA
"12834","20180704:0000",-43.7461,173.1219,"Le Bons Bay",6565,NA,0,"Canterbury",1010,20.6,7.6,NA
"12835","20180705:0000",-43.7461,173.1219,"Le Bons Bay",6565,NA,0,"Canterbury",1010,7.5,9.05,NA
"12836","20180706:0000",-43.7461,173.1219,"Le Bons Bay",6565,NA,0,"Canterbury",1010,6.5,9.95,NA
"12837","20180707:0000",-43.7461,173.1219,"Le Bons Bay",6565,NA,0,"Canterbury",1010,37.1,13.05,NA
"12838","20180708:0000",-43.7461,173.1219,"Le Bons Bay",6565,NA,0,"Canterbury",1010,30,11.1,NA
"12839","20180709:0000",-43.7461,173.1219,"Le Bons Bay",6565,NA,0,"Canterbury",1010,58,10.9,NA
"12840","20180710:0000",-43.7461,173.1219,"Le Bons Bay",6565,NA,0,"Canterbury",1010,27.5,7.1,NA
"12841","20180711:0000",-43.7461,173.1219,"Le Bons Bay",6565,NA,0,"Canterbury",1010,16.1,8.1,NA
"12842","20180712:0000",-43.7461,173.1219,"Le Bons Bay",6565,NA,0,"Canterbury",1010,19.6,7.2,NA
"12843","20180713:0000",-43.7461,173.1219,"Le Bons Bay",6565,NA,0,"Canterbury",1010,NA,NA,NA
"12844","20180714:0000",-43.7461,173.1219,"Le Bons Bay",6565,NA,0,"Canterbury",1010,12.7,10,NA
"12845","20180715:0000",-43.7461,173.1219,"Le Bons Bay",6565,NA,0,"Canterbury",1010,36.2,8.55,NA
"12846","20180716:0000",-43.7461,173.1219,"Le Bons Bay",6565,NA,0,"Canterbury",1010,44.8,10.4,NA
"12847","20180717:0000",-43.7461,173.1219,"Le Bons Bay",6565,NA,0,"Canterbury",1010,28.9,11.55,NA
"12848","20180718:0000",-43.7461,173.1219,"Le Bons Bay",6565,NA,0,"Canterbury",1010,3.3,9.65,NA
"12849","20180719:0000",-43.7461,173.1219,"Le Bons Bay",6565,NA,0,"Canterbury",1010,15.3,7.9,NA
"12850","20180720:0000",-43.7461,173.1219,"Le Bons Bay",6565,NA,0,"Canterbury",1010,15,NA,NA
"12851","20180721:0000",-43.7461,173.1219,"Le Bons Bay",6565,NA,0,"Canterbury",1010,66.7,10.65,NA
"12852","20180722:0000",-43.7461,173.1219,"Le Bons Bay",6565,NA,0,"Canterbury",1010,21.1,10.15,NA
"12853","20180723:0000",-43.7461,173.1219,"Le Bons Bay",6565,NA,0,"Canterbury",1010,34.6,7.25,NA
"12854","20180724:0000",-43.7461,173.1219,"Le Bons Bay",6565,NA,0,"Canterbury",1010,15.9,5.95,NA
"12855","20180725:0000",-43.7461,173.1219,"Le Bons Bay",6565,NA,0,"Canterbury",1010,2.6,5.35,NA
"12856","20180726:0000",-43.7461,173.1219,"Le Bons Bay",6565,NA,0,"Canterbury",1010,17,7.35,NA
"12857","20180727:0000",-43.7461,173.1219,"Le Bons Bay",6565,NA,0,"Canterbury",1010,27.8,9.25,NA
"12858","20180728:0000",-43.7461,173.1219,"Le Bons Bay",6565,NA,0,"Canterbury",1010,19.2,11.6,NA
"12859","20180729:0000",-43.7461,173.1219,"Le Bons Bay",6565,NA,0,"Canterbury",1010,11.4,10.4,NA
"12860","20180730:0000",-43.7461,173.1219,"Le Bons Bay",6565,NA,0,"Canterbury",1010,5.3,6.1,NA
"12861","20180731:0000",-43.7461,173.1219,"Le Bons Bay",6565,NA,0,"Canterbury",1010,43,9.25,NA
"12862","20180801:0000",-43.7461,173.1219,"Le Bons Bay",6565,NA,0,"Canterbury",1010,31.1,10.45,NA
"12863","20180802:0000",-43.7461,173.1219,"Le Bons Bay",6565,NA,0,"Canterbury",1010,21.3,10.15,NA
"12864","20180803:0000",-43.7461,173.1219,"Le Bons Bay",6565,NA,0,"Canterbury",1010,8.4,8.85,NA
"12865","20180804:0000",-43.7461,173.1219,"Le Bons Bay",6565,NA,0,"Canterbury",1010,5.1,7.65,NA
"12866","20180805:0000",-43.7461,173.1219,"Le Bons Bay",6565,NA,0,"Canterbury",1010,12.8,8.3,NA
"12867","20180806:0000",-43.7461,173.1219,"Le Bons Bay",6565,NA,0,"Canterbury",1010,24.7,8.8,NA
"12868","20180807:0000",-43.7461,173.1219,"Le Bons Bay",6565,NA,0,"Canterbury",1010,27.3,10.15,NA
"12869","20180808:0000",-43.7461,173.1219,"Le Bons Bay",6565,NA,0,"Canterbury",1010,26.8,10.8,NA
"12870","20180809:0000",-43.7461,173.1219,"Le Bons Bay",6565,NA,0,"Canterbury",1010,15.1,10.35,NA
"12871","20180810:0000",-43.7461,173.1219,"Le Bons Bay",6565,NA,0,"Canterbury",1010,40.6,8.25,NA
"12872","20180811:0000",-43.7461,173.1219,"Le Bons Bay",6565,NA,0,"Canterbury",1010,28.4,7.75,NA
"12873","20180812:0000",-43.7461,173.1219,"Le Bons Bay",6565,NA,0,"Canterbury",1010,39.1,7.6,NA
"12874","20180813:0000",-43.7461,173.1219,"Le Bons Bay",6565,NA,0,"Canterbury",1010,23,9,NA
"12875","20180814:0000",-43.7461,173.1219,"Le Bons Bay",6565,NA,0,"Canterbury",1010,20.5,8.9,NA
"12876","20180815:0000",-43.7461,173.1219,"Le Bons Bay",6565,NA,0,"Canterbury",1010,34.1,8.45,NA
"12877","20180816:0000",-43.7461,173.1219,"Le Bons Bay",6565,NA,0,"Canterbury",1010,24.1,10.2,NA
"12878","20180817:0000",-43.7461,173.1219,"Le Bons Bay",6565,NA,0,"Canterbury",1010,NA,9.55,NA
"12879","20180818:0000",-43.7461,173.1219,"Le Bons Bay",6565,NA,0,"Canterbury",1010,24.6,7.1,NA
"12880","20180819:0000",-43.7461,173.1219,"Le Bons Bay",6565,NA,0,"Canterbury",1010,10.4,6.2,NA
"12881","20180820:0000",-43.7461,173.1219,"Le Bons Bay",6565,NA,0,"Canterbury",1010,34.2,7.6,NA
"12882","20180821:0000",-43.7461,173.1219,"Le Bons Bay",6565,NA,0,"Canterbury",1010,4.8,7.75,NA
"12883","20180822:0000",-43.7461,173.1219,"Le Bons Bay",6565,NA,0,"Canterbury",1010,17.9,8.6,NA
"12884","20180823:0000",-43.7461,173.1219,"Le Bons Bay",6565,NA,0,"Canterbury",1010,14.2,8.15,NA
"12885","20180824:0000",-43.7461,173.1219,"Le Bons Bay",6565,NA,0,"Canterbury",1010,35,7.9,NA
"12886","20180825:0000",-43.7461,173.1219,"Le Bons Bay",6565,NA,0,"Canterbury",1010,50.4,6.9,NA
"12887","20180826:0000",-43.7461,173.1219,"Le Bons Bay",6565,NA,0,"Canterbury",1010,16.3,8.8,NA
"12888","20180827:0000",-43.7461,173.1219,"Le Bons Bay",6565,NA,0,"Canterbury",1010,4.8,10.7,NA
"12889","20180828:0000",-43.7461,173.1219,"Le Bons Bay",6565,NA,0,"Canterbury",1010,53.1,10,NA
"12890","20180829:0000",-43.7461,173.1219,"Le Bons Bay",6565,NA,0,"Canterbury",1010,12.2,9.1,NA
"12891","20180830:0000",-43.7461,173.1219,"Le Bons Bay",6565,NA,0,"Canterbury",1010,32.9,10.4,NA
"12892","20180831:0000",-43.7461,173.1219,"Le Bons Bay",6565,NA,0,"Canterbury",1010,43.3,6.9,NA
"12893","20180901:0000",-43.7461,173.1219,"Le Bons Bay",6565,NA,0,"Canterbury",1010,26.1,8.05,NA
"12894","20180902:0000",-43.7461,173.1219,"Le Bons Bay",6565,NA,0,"Canterbury",1010,8.7,8.7,NA
"12895","20180903:0000",-43.7461,173.1219,"Le Bons Bay",6565,NA,0,"Canterbury",1010,82,6.45,NA
"12896","20180904:0000",-43.7461,173.1219,"Le Bons Bay",6565,NA,0,"Canterbury",1010,44.8,6.3,NA
"12897","20180905:0000",-43.7461,173.1219,"Le Bons Bay",6565,NA,0,"Canterbury",1010,18.9,6.3,NA
"12898","20180906:0000",-43.7461,173.1219,"Le Bons Bay",6565,NA,0,"Canterbury",1010,21,6.45,NA
"12899","20180907:0000",-43.7461,173.1219,"Le Bons Bay",6565,NA,0,"Canterbury",1010,12.9,5.35,NA
"12900","20180908:0000",-43.7461,173.1219,"Le Bons Bay",6565,NA,0,"Canterbury",1010,8.5,5.55,NA
"12901","20180909:0000",-43.7461,173.1219,"Le Bons Bay",6565,NA,0,"Canterbury",1010,7.6,4.5,NA
"12902","20180910:0000",-43.7461,173.1219,"Le Bons Bay",6565,NA,0,"Canterbury",1010,15.7,5.5,NA
"12903","20180911:0000",-43.7461,173.1219,"Le Bons Bay",6565,NA,0,"Canterbury",1010,13,8.4,NA
"12904","20180912:0000",-43.7461,173.1219,"Le Bons Bay",6565,NA,0,"Canterbury",1010,25.5,12.8,NA
"12905","20180913:0000",-43.7461,173.1219,"Le Bons Bay",6565,NA,0,"Canterbury",1010,13.1,13.45,NA
"12906","20180914:0000",-43.7461,173.1219,"Le Bons Bay",6565,NA,0,"Canterbury",1010,35.9,15.9,NA
"12907","20180915:0000",-43.7461,173.1219,"Le Bons Bay",6565,NA,0,"Canterbury",1010,12.1,12.65,NA
"12908","20180916:0000",-43.7461,173.1219,"Le Bons Bay",6565,NA,0,"Canterbury",1010,29.3,13.4,NA
"12909","20180917:0000",-43.7461,173.1219,"Le Bons Bay",6565,NA,0,"Canterbury",1010,28.9,14.2,NA
"12910","20180918:0000",-43.7461,173.1219,"Le Bons Bay",6565,NA,0,"Canterbury",1010,29.7,8.65,NA
"12911","20180919:0000",-43.7461,173.1219,"Le Bons Bay",6565,NA,0,"Canterbury",1010,29.4,8.55,NA
"12912","20180920:0000",-43.7461,173.1219,"Le Bons Bay",6565,NA,0,"Canterbury",1010,18.3,10.4,NA
"12913","20180921:0000",-43.7461,173.1219,"Le Bons Bay",6565,NA,0,"Canterbury",1010,5.3,10.8,NA
"12914","20180922:0000",-43.7461,173.1219,"Le Bons Bay",6565,NA,0,"Canterbury",1010,11.4,8.25,NA
"12915","20180923:0000",-43.7461,173.1219,"Le Bons Bay",6565,NA,0,"Canterbury",1010,34.3,9.15,NA
"12916","20180924:0000",-43.7461,173.1219,"Le Bons Bay",6565,NA,0,"Canterbury",1010,6.4,8.1,NA
"12917","20180925:0000",-43.7461,173.1219,"Le Bons Bay",6565,NA,0,"Canterbury",1010,48.5,6.7,NA
"12918","20180926:0000",-43.7461,173.1219,"Le Bons Bay",6565,NA,0,"Canterbury",1010,44.3,6.65,NA
"12919","20180927:0000",-43.7461,173.1219,"Le Bons Bay",6565,NA,0,"Canterbury",1010,13.9,7.8,NA
"12920","20180928:0000",-43.7461,173.1219,"Le Bons Bay",6565,NA,0,"Canterbury",1010,15.9,8.5,NA
"12921","20180929:0000",-43.7461,173.1219,"Le Bons Bay",6565,NA,0,"Canterbury",1010,25.7,10.25,NA
"12922","20180930:0000",-43.7461,173.1219,"Le Bons Bay",6565,NA,0,"Canterbury",1010,21,12.05,NA
"12923","20181001:0000",-43.7461,173.1219,"Le Bons Bay",6565,NA,0,"Canterbury",1010,4.2,12.6,NA
"12924","20181002:0000",-43.7461,173.1219,"Le Bons Bay",6565,NA,0,"Canterbury",1010,5.6,9.6,NA
"12925","20181003:0000",-43.7461,173.1219,"Le Bons Bay",6565,NA,0,"Canterbury",1010,11.9,9.3,NA
"12926","20181004:0000",-43.7461,173.1219,"Le Bons Bay",6565,NA,0,"Canterbury",1010,13.1,12.55,NA
"12927","20181005:0000",-43.7461,173.1219,"Le Bons Bay",6565,NA,0,"Canterbury",1010,24.3,8,NA
"12928","20181006:0000",-43.7461,173.1219,"Le Bons Bay",6565,NA,0,"Canterbury",1010,14.2,8.75,NA
"12929","20181007:0000",-43.7461,173.1219,"Le Bons Bay",6565,NA,0,"Canterbury",1010,33.9,10.3,NA
"12930","20181008:0000",-43.7461,173.1219,"Le Bons Bay",6565,NA,0,"Canterbury",1010,19.6,8.4,NA
"12931","20181009:0000",-43.7461,173.1219,"Le Bons Bay",6565,NA,0,"Canterbury",1010,17.1,10,NA
"12932","20181010:0000",-43.7461,173.1219,"Le Bons Bay",6565,NA,0,"Canterbury",1010,43.4,13.55,NA
"12933","20181011:0000",-43.7461,173.1219,"Le Bons Bay",6565,NA,0,"Canterbury",1010,8.5,7.7,NA
"12934","20181012:0000",-43.7461,173.1219,"Le Bons Bay",6565,NA,0,"Canterbury",1010,44.9,5.4,NA
"12935","20181013:0000",-43.7461,173.1219,"Le Bons Bay",6565,NA,0,"Canterbury",1010,29.4,6.6,NA
"12936","20181014:0000",-43.7461,173.1219,"Le Bons Bay",6565,NA,0,"Canterbury",1010,40.8,6.95,NA
"12937","20181015:0000",-43.7461,173.1219,"Le Bons Bay",6565,NA,0,"Canterbury",1010,14.7,7.15,NA
"12938","20181016:0000",-43.7461,173.1219,"Le Bons Bay",6565,NA,0,"Canterbury",1010,9.3,9.95,NA
"12939","20181017:0000",-43.7461,173.1219,"Le Bons Bay",6565,NA,0,"Canterbury",1010,18.5,13,NA
"12940","20181018:0000",-43.7461,173.1219,"Le Bons Bay",6565,NA,0,"Canterbury",1010,49.3,11.8,NA
"12941","20181019:0000",-43.7461,173.1219,"Le Bons Bay",6565,NA,0,"Canterbury",1010,28.7,13.45,NA
"12942","20181020:0000",-43.7461,173.1219,"Le Bons Bay",6565,NA,0,"Canterbury",1010,9.7,14.75,NA
"12943","20181021:0000",-43.7461,173.1219,"Le Bons Bay",6565,NA,0,"Canterbury",1010,10.2,15.1,NA
"12944","20181022:0000",-43.7461,173.1219,"Le Bons Bay",6565,NA,0,"Canterbury",1010,6.2,12.55,NA
"12945","20181023:0000",-43.7461,173.1219,"Le Bons Bay",6565,NA,0,"Canterbury",1010,14.7,12.25,NA
"12946","20181024:0000",-43.7461,173.1219,"Le Bons Bay",6565,NA,0,"Canterbury",1010,22.8,15.45,NA
"12947","20181025:0000",-43.7461,173.1219,"Le Bons Bay",6565,NA,0,"Canterbury",1010,31.4,12.15,NA
"12948","20181026:0000",-43.7461,173.1219,"Le Bons Bay",6565,NA,0,"Canterbury",1010,5,8,NA
"12949","20181027:0000",-43.7461,173.1219,"Le Bons Bay",6565,NA,0,"Canterbury",1010,12.3,10.35,NA
"12950","20181028:0000",-43.7461,173.1219,"Le Bons Bay",6565,NA,0,"Canterbury",1010,9.3,11.3,NA
"12951","20181029:0000",-43.7461,173.1219,"Le Bons Bay",6565,NA,0,"Canterbury",1010,21.3,9.05,NA
"12952","20181030:0000",-43.7461,173.1219,"Le Bons Bay",6565,NA,0,"Canterbury",1010,42.1,7.95,NA
"12953","20181031:0000",-43.7461,173.1219,"Le Bons Bay",6565,NA,0,"Canterbury",1010,4.5,8.2,NA
"12954","20181101:0000",-43.7461,173.1219,"Le Bons Bay",6565,NA,0,"Canterbury",1010,53.7,7.8,NA
"12955","20181102:0000",-43.7461,173.1219,"Le Bons Bay",6565,NA,0,"Canterbury",1010,9.4,9.7,NA
"12956","20181103:0000",-43.7461,173.1219,"Le Bons Bay",6565,NA,0,"Canterbury",1010,60.3,14.95,NA
"12957","20181104:0000",-43.7461,173.1219,"Le Bons Bay",6565,NA,0,"Canterbury",1010,22.8,12.15,NA
"12958","20181105:0000",-43.7461,173.1219,"Le Bons Bay",6565,NA,0,"Canterbury",1010,8.2,12.75,NA
"12959","20181106:0000",-43.7461,173.1219,"Le Bons Bay",6565,NA,0,"Canterbury",1010,12.3,13.05,NA
"12960","20181107:0000",-43.7461,173.1219,"Le Bons Bay",6565,NA,0,"Canterbury",1010,6.8,15.4,NA
"12961","20181108:0000",-43.7461,173.1219,"Le Bons Bay",6565,NA,0,"Canterbury",1010,55.7,19,NA
"12962","20181109:0000",-43.7461,173.1219,"Le Bons Bay",6565,NA,0,"Canterbury",1010,34.3,7.65,NA
"12963","20181110:0000",-43.7461,173.1219,"Le Bons Bay",6565,NA,0,"Canterbury",1010,11.2,7.9,NA
"12964","20181111:0000",-43.7461,173.1219,"Le Bons Bay",6565,NA,0,"Canterbury",1010,25.8,10.4,NA
"12965","20181112:0000",-43.7461,173.1219,"Le Bons Bay",6565,NA,0,"Canterbury",1010,14.4,11.65,NA
"12966","20181113:0000",-43.7461,173.1219,"Le Bons Bay",6565,NA,0,"Canterbury",1010,5.6,12.95,NA
"12967","20181114:0000",-43.7461,173.1219,"Le Bons Bay",6565,NA,0,"Canterbury",1010,25.1,13.4,NA
"12968","20181115:0000",-43.7461,173.1219,"Le Bons Bay",6565,NA,0,"Canterbury",1010,5.9,15.15,NA
"12969","20181116:0000",-43.7461,173.1219,"Le Bons Bay",6565,NA,0,"Canterbury",1010,18.8,17.45,NA
"12970","20181117:0000",-43.7461,173.1219,"Le Bons Bay",6565,NA,0,"Canterbury",1010,15.1,12.05,NA
"12971","20181118:0000",-43.7461,173.1219,"Le Bons Bay",6565,NA,0,"Canterbury",1010,4.2,12.95,NA
"12972","20181119:0000",-43.7461,173.1219,"Le Bons Bay",6565,NA,0,"Canterbury",1010,23.4,7.2,NA
"12973","20181120:0000",-43.7461,173.1219,"Le Bons Bay",6565,NA,0,"Canterbury",1010,32.4,8.35,NA
"12974","20181121:0000",-43.7461,173.1219,"Le Bons Bay",6565,NA,0,"Canterbury",1010,16.6,9.15,NA
"12975","20181122:0000",-43.7461,173.1219,"Le Bons Bay",6565,NA,0,"Canterbury",1010,17.8,11.9,NA
"12976","20181123:0000",-43.7461,173.1219,"Le Bons Bay",6565,NA,0,"Canterbury",1010,21.4,11.65,NA
"12977","20181124:0000",-43.7461,173.1219,"Le Bons Bay",6565,NA,0,"Canterbury",1010,23,12.15,NA
"12978","20181125:0000",-43.7461,173.1219,"Le Bons Bay",6565,NA,0,"Canterbury",1010,35.1,12.3,NA
"12979","20181126:0000",-43.7461,173.1219,"Le Bons Bay",6565,NA,0,"Canterbury",1010,34.1,10.1,NA
"12980","20181127:0000",-43.7461,173.1219,"Le Bons Bay",6565,NA,0,"Canterbury",1010,21.3,10.6,NA
"12981","20181128:0000",-43.7461,173.1219,"Le Bons Bay",6565,NA,0,"Canterbury",1010,22.7,11,NA
"12982","20181129:0000",-43.7461,173.1219,"Le Bons Bay",6565,NA,0,"Canterbury",1010,12.6,11.25,NA
"12983","20181130:0000",-43.7461,173.1219,"Le Bons Bay",6565,NA,0,"Canterbury",1010,24.8,12.3,NA
"12984","20181201:0000",-43.7461,173.1219,"Le Bons Bay",6565,NA,0,"Canterbury",1010,31.2,13.15,NA
"12985","20181202:0000",-43.7461,173.1219,"Le Bons Bay",6565,NA,0,"Canterbury",1010,36.5,13.5,NA
"12986","20181203:0000",-43.7461,173.1219,"Le Bons Bay",6565,NA,0,"Canterbury",1010,34.4,13.8,NA
"12987","20181204:0000",-43.7461,173.1219,"Le Bons Bay",6565,NA,0,"Canterbury",1010,NA,16.25,NA
"12988","20181205:0000",-43.7461,173.1219,"Le Bons Bay",6565,NA,0,"Canterbury",1010,38.4,14.6,NA
"12989","20181206:0000",-43.7461,173.1219,"Le Bons Bay",6565,NA,0,"Canterbury",1010,39.6,11.05,NA
"12990","20181207:0000",-43.7461,173.1219,"Le Bons Bay",6565,NA,0,"Canterbury",1010,9.9,11.75,NA
"12991","20181208:0000",-43.7461,173.1219,"Le Bons Bay",6565,NA,0,"Canterbury",1010,9.9,15.25,NA
"12992","20181209:0000",-43.7461,173.1219,"Le Bons Bay",6565,NA,0,"Canterbury",1010,9,17.95,NA
"12993","20181210:0000",-43.7461,173.1219,"Le Bons Bay",6565,NA,0,"Canterbury",1010,38.6,11.4,NA
"12994","20181211:0000",-43.7461,173.1219,"Le Bons Bay",6565,NA,0,"Canterbury",1010,19.8,11.15,NA
"12995","20181212:0000",-43.7461,173.1219,"Le Bons Bay",6565,NA,0,"Canterbury",1010,24.1,11.5,NA
"12996","20181213:0000",-43.7461,173.1219,"Le Bons Bay",6565,NA,0,"Canterbury",1010,23,13.15,NA
"12997","20181214:0000",-43.7461,173.1219,"Le Bons Bay",6565,NA,0,"Canterbury",1010,21,13.5,NA
"12998","20181215:0000",-43.7461,173.1219,"Le Bons Bay",6565,NA,0,"Canterbury",1010,9.3,13.9,NA
"12999","20181216:0000",-43.7461,173.1219,"Le Bons Bay",6565,NA,0,"Canterbury",1010,5,13.8,NA
"13000","20181217:0000",-43.7461,173.1219,"Le Bons Bay",6565,NA,0,"Canterbury",1010,18.2,16.45,NA
"13001","20181218:0000",-43.7461,173.1219,"Le Bons Bay",6565,NA,0,"Canterbury",1010,24.1,17.9,NA
"13002","20181219:0000",-43.7461,173.1219,"Le Bons Bay",6565,NA,0,"Canterbury",1010,31.8,11.05,NA
"13003","20181220:0000",-43.7461,173.1219,"Le Bons Bay",6565,NA,0,"Canterbury",1010,7.6,10.5,NA
"13004","20181221:0000",-43.7461,173.1219,"Le Bons Bay",6565,NA,0,"Canterbury",1010,9.9,11.5,NA
"13005","20181222:0000",-43.7461,173.1219,"Le Bons Bay",6565,NA,0,"Canterbury",1010,14.3,13.15,NA
"13006","20181223:0000",-43.7461,173.1219,"Le Bons Bay",6565,NA,0,"Canterbury",1010,32,11.5,NA
"13007","20181224:0000",-43.7461,173.1219,"Le Bons Bay",6565,NA,0,"Canterbury",1010,38,13.05,NA
"13008","20181225:0000",-43.7461,173.1219,"Le Bons Bay",6565,NA,0,"Canterbury",1010,21.3,14.15,NA
"13009","20181226:0000",-43.7461,173.1219,"Le Bons Bay",6565,NA,0,"Canterbury",1010,46.6,13.3,NA
"13010","20181227:0000",-43.7461,173.1219,"Le Bons Bay",6565,NA,0,"Canterbury",1010,13,13.2,NA
"13011","20181228:0000",-43.7461,173.1219,"Le Bons Bay",6565,NA,0,"Canterbury",1010,22.6,15.25,NA
"13012","20181229:0000",-43.7461,173.1219,"Le Bons Bay",6565,NA,0,"Canterbury",1010,25.8,18.75,NA
"13013","20181230:0000",-43.7461,173.1219,"Le Bons Bay",6565,NA,0,"Canterbury",1010,11.1,21.65,NA
"13014","20181231:0000",-43.7461,173.1219,"Le Bons Bay",6565,NA,0,"Canterbury",1010,12.9,15.3,NA
"13015","20190101:0000",-43.7461,173.1219,"Le Bons Bay",6565,NA,0,"Canterbury",1010,6.8,19.15,NA
"13016","20190102:0000",-43.7461,173.1219,"Le Bons Bay",6565,NA,0,"Canterbury",1010,26,21.85,NA
"13017","20190103:0000",-43.7461,173.1219,"Le Bons Bay",6565,NA,0,"Canterbury",1010,7.8,20.2,NA
"13018","20190104:0000",-43.7461,173.1219,"Le Bons Bay",6565,NA,0,"Canterbury",1010,18.2,14.65,NA
"13019","20190105:0000",-43.7461,173.1219,"Le Bons Bay",6565,NA,0,"Canterbury",1010,42.4,18.2,NA
"13020","20190106:0000",-43.7461,173.1219,"Le Bons Bay",6565,NA,0,"Canterbury",1010,28.8,16.75,NA
"13021","20190107:0000",-43.7461,173.1219,"Le Bons Bay",6565,NA,0,"Canterbury",1010,3.8,14.2,NA
"13022","20190108:0000",-43.7461,173.1219,"Le Bons Bay",6565,NA,0,"Canterbury",1010,9.6,16.35,NA
"13023","20190109:0000",-43.7461,173.1219,"Le Bons Bay",6565,NA,0,"Canterbury",1010,45,17.85,NA
"13024","20190110:0000",-43.7461,173.1219,"Le Bons Bay",6565,NA,0,"Canterbury",1010,40,19.45,NA
"13025","20190111:0000",-43.7461,173.1219,"Le Bons Bay",6565,NA,0,"Canterbury",1010,40.3,14.7,NA
"13026","20190112:0000",-43.7461,173.1219,"Le Bons Bay",6565,NA,0,"Canterbury",1010,14.8,12.45,NA
"13027","20190113:0000",-43.7461,173.1219,"Le Bons Bay",6565,NA,0,"Canterbury",1010,24,16.7,NA
"13028","20190114:0000",-43.7461,173.1219,"Le Bons Bay",6565,NA,0,"Canterbury",1010,56.1,11.65,NA
"13029","20190115:0000",-43.7461,173.1219,"Le Bons Bay",6565,NA,0,"Canterbury",1010,27.2,12.65,NA
"13030","20190116:0000",-43.7461,173.1219,"Le Bons Bay",6565,NA,0,"Canterbury",1010,7.3,12.95,NA
"13031","20190117:0000",-43.7461,173.1219,"Le Bons Bay",6565,NA,0,"Canterbury",1010,27.2,14.65,NA
"13032","20190118:0000",-43.7461,173.1219,"Le Bons Bay",6565,NA,0,"Canterbury",1010,9.6,16.8,NA
"13033","20190119:0000",-43.7461,173.1219,"Le Bons Bay",6565,NA,0,"Canterbury",1010,28.1,19.95,NA
"13034","20190120:0000",-43.7461,173.1219,"Le Bons Bay",6565,NA,0,"Canterbury",1010,7.7,16.7,NA
"13035","20190121:0000",-43.7461,173.1219,"Le Bons Bay",6565,NA,0,"Canterbury",1010,22.3,15.35,NA
"13036","20190122:0000",-43.7461,173.1219,"Le Bons Bay",6565,NA,0,"Canterbury",1010,29.5,18.65,NA
"13037","20190123:0000",-43.7461,173.1219,"Le Bons Bay",6565,NA,0,"Canterbury",1010,15.4,21.25,NA
"13038","20190124:0000",-43.7461,173.1219,"Le Bons Bay",6565,NA,0,"Canterbury",1010,33.7,10.75,NA
"13039","20190125:0000",-43.7461,173.1219,"Le Bons Bay",6565,NA,0,"Canterbury",1010,5.3,13,NA
"13040","20190126:0000",-43.7461,173.1219,"Le Bons Bay",6565,NA,0,"Canterbury",1010,7.6,19.1,NA
"13041","20190127:0000",-43.7461,173.1219,"Le Bons Bay",6565,NA,0,"Canterbury",1010,27.6,19.45,NA
"13042","20190128:0000",-43.7461,173.1219,"Le Bons Bay",6565,NA,0,"Canterbury",1010,25,18.9,NA
"13043","20190129:0000",-43.7461,173.1219,"Le Bons Bay",6565,NA,0,"Canterbury",1010,19.1,17.35,NA
"13044","20190130:0000",-43.7461,173.1219,"Le Bons Bay",6565,NA,0,"Canterbury",1010,3.8,20.25,NA
"13045","20190131:0000",-43.7461,173.1219,"Le Bons Bay",6565,NA,0,"Canterbury",1010,5.4,19.95,NA
"13046","20190201:0000",-43.7461,173.1219,"Le Bons Bay",6565,NA,0,"Canterbury",1010,45.6,19.8,NA
"13047","20190202:0000",-43.7461,173.1219,"Le Bons Bay",6565,NA,0,"Canterbury",1010,7.7,13.95,NA
"13048","20190203:0000",-43.7461,173.1219,"Le Bons Bay",6565,NA,0,"Canterbury",1010,32.9,16.1,NA
"13049","20190204:0000",-43.7461,173.1219,"Le Bons Bay",6565,NA,0,"Canterbury",1010,10.3,18.65,NA
"13050","20190205:0000",-43.7461,173.1219,"Le Bons Bay",6565,NA,0,"Canterbury",1010,23.1,21.4,NA
"13051","20190206:0000",-43.7461,173.1219,"Le Bons Bay",6565,NA,0,"Canterbury",1010,41.9,12.25,NA
"13052","20190207:0000",-43.7461,173.1219,"Le Bons Bay",6565,NA,0,"Canterbury",1010,8.1,11.9,NA
"13053","20190208:0000",-43.7461,173.1219,"Le Bons Bay",6565,NA,0,"Canterbury",1010,33,14.7,NA
"13054","20190209:0000",-43.7461,173.1219,"Le Bons Bay",6565,NA,0,"Canterbury",1010,11.1,18.8,NA
"13055","20190210:0000",-43.7461,173.1219,"Le Bons Bay",6565,NA,0,"Canterbury",1010,16.3,18.3,NA
"13056","20190211:0000",-43.7461,173.1219,"Le Bons Bay",6565,NA,0,"Canterbury",1010,15.3,16.8,NA
"13057","20190212:0000",-43.7461,173.1219,"Le Bons Bay",6565,NA,0,"Canterbury",1010,11.1,19.45,NA
"13058","20190213:0000",-43.7461,173.1219,"Le Bons Bay",6565,NA,0,"Canterbury",1010,7.8,16.45,NA
"13059","20190214:0000",-43.7461,173.1219,"Le Bons Bay",6565,NA,0,"Canterbury",1010,23.5,20.55,NA
"13060","20190215:0000",-43.7461,173.1219,"Le Bons Bay",6565,NA,0,"Canterbury",1010,10,15.45,NA
"13061","20190216:0000",-43.7461,173.1219,"Le Bons Bay",6565,NA,0,"Canterbury",1010,46.3,12.3,NA
"13062","20190217:0000",-43.7461,173.1219,"Le Bons Bay",6565,NA,0,"Canterbury",1010,26.7,13.5,NA
"13063","20190218:0000",-43.7461,173.1219,"Le Bons Bay",6565,NA,0,"Canterbury",1010,2.6,15.9,NA
"13064","20190219:0000",-43.7461,173.1219,"Le Bons Bay",6565,NA,0,"Canterbury",1010,21.6,19,NA
"13065","20190220:0000",-43.7461,173.1219,"Le Bons Bay",6565,NA,0,"Canterbury",1010,8.8,19.35,NA
"13066","20190221:0000",-43.7461,173.1219,"Le Bons Bay",6565,NA,0,"Canterbury",1010,14.4,19,NA
"13067","20190222:0000",-43.7461,173.1219,"Le Bons Bay",6565,NA,0,"Canterbury",1010,53.2,19.55,NA
"13068","20190223:0000",-43.7461,173.1219,"Le Bons Bay",6565,NA,0,"Canterbury",1010,12.7,13.45,NA
"13069","20190224:0000",-43.7461,173.1219,"Le Bons Bay",6565,NA,0,"Canterbury",1010,45.5,10.75,NA
"13070","20190225:0000",-43.7461,173.1219,"Le Bons Bay",6565,NA,0,"Canterbury",1010,32.6,10.15,NA
"13071","20190226:0000",-43.7461,173.1219,"Le Bons Bay",6565,NA,0,"Canterbury",1010,25.9,13.25,NA
"13072","20190227:0000",-43.7461,173.1219,"Le Bons Bay",6565,NA,0,"Canterbury",1010,21.5,17.45,NA
"13073","20190228:0000",-43.7461,173.1219,"Le Bons Bay",6565,NA,0,"Canterbury",1010,42.5,9.85,NA
"13074","20190301:0000",-43.7461,173.1219,"Le Bons Bay",6565,NA,0,"Canterbury",1010,8.8,12.75,NA
"13075","20190302:0000",-43.7461,173.1219,"Le Bons Bay",6565,NA,0,"Canterbury",1010,19,13.4,NA
"13076","20190303:0000",-43.7461,173.1219,"Le Bons Bay",6565,NA,0,"Canterbury",1010,5.6,13.55,NA
"13077","20190304:0000",-43.7461,173.1219,"Le Bons Bay",6565,NA,0,"Canterbury",1010,27.6,17.45,NA
"13078","20190305:0000",-43.7461,173.1219,"Le Bons Bay",6565,NA,0,"Canterbury",1010,7.1,19.65,NA
"13079","20190306:0000",-43.7461,173.1219,"Le Bons Bay",6565,NA,0,"Canterbury",1010,21.8,16.7,NA
"13080","20190307:0000",-43.7461,173.1219,"Le Bons Bay",6565,NA,0,"Canterbury",1010,16.9,19.3,NA
"13081","20190308:0000",-43.7461,173.1219,"Le Bons Bay",6565,NA,0,"Canterbury",1010,50.7,11.1,NA
"13082","20190309:0000",-43.7461,173.1219,"Le Bons Bay",6565,NA,0,"Canterbury",1010,14.3,13.1,NA
"13083","20190310:0000",-43.7461,173.1219,"Le Bons Bay",6565,NA,0,"Canterbury",1010,37.9,12.7,NA
"13084","20190311:0000",-43.7461,173.1219,"Le Bons Bay",6565,NA,0,"Canterbury",1010,16.1,14.55,NA
"13085","20190312:0000",-43.7461,173.1219,"Le Bons Bay",6565,NA,0,"Canterbury",1010,21.9,19.3,NA
"13086","20190313:0000",-43.7461,173.1219,"Le Bons Bay",6565,NA,0,"Canterbury",1010,NA,20.65,NA
"13087","20190314:0000",-43.7461,173.1219,"Le Bons Bay",6565,NA,0,"Canterbury",1010,12.5,13.2,NA
"13088","20190315:0000",-43.7461,173.1219,"Le Bons Bay",6565,NA,0,"Canterbury",1010,20.4,14.15,NA
"13089","20190316:0000",-43.7461,173.1219,"Le Bons Bay",6565,NA,0,"Canterbury",1010,19.1,15.55,NA
"13090","20190317:0000",-43.7461,173.1219,"Le Bons Bay",6565,NA,0,"Canterbury",1010,5.8,13,NA
"13091","20190318:0000",-43.7461,173.1219,"Le Bons Bay",6565,NA,0,"Canterbury",1010,23.6,13.95,NA
"13092","20190319:0000",-43.7461,173.1219,"Le Bons Bay",6565,NA,0,"Canterbury",1010,5.6,14.45,NA
"13093","20190320:0000",-43.7461,173.1219,"Le Bons Bay",6565,NA,0,"Canterbury",1010,12.4,15.7,NA
"13094","20190321:0000",-43.7461,173.1219,"Le Bons Bay",6565,NA,0,"Canterbury",1010,28.3,14.3,NA
"13095","20190322:0000",-43.7461,173.1219,"Le Bons Bay",6565,NA,0,"Canterbury",1010,29,15.2,NA
"13096","20190323:0000",-43.7461,173.1219,"Le Bons Bay",6565,NA,0,"Canterbury",1010,5.6,15.7,NA
"13097","20190324:0000",-43.7461,173.1219,"Le Bons Bay",6565,NA,0,"Canterbury",1010,23.8,17.2,NA
"13098","20190325:0000",-43.7461,173.1219,"Le Bons Bay",6565,NA,0,"Canterbury",1010,14.3,19.75,NA
"13099","20190326:0000",-43.7461,173.1219,"Le Bons Bay",6565,NA,0,"Canterbury",1010,66.2,21.9,NA
"13100","20190327:0000",-43.7461,173.1219,"Le Bons Bay",6565,NA,0,"Canterbury",1010,14.7,19.95,NA
"13101","20190328:0000",-43.7461,173.1219,"Le Bons Bay",6565,NA,0,"Canterbury",1010,20.2,13.5,NA
"13102","20190329:0000",-43.7461,173.1219,"Le Bons Bay",6565,NA,0,"Canterbury",1010,25.9,13.4,NA
"13103","20190330:0000",-43.7461,173.1219,"Le Bons Bay",6565,NA,0,"Canterbury",1010,28.4,14.2,NA
"13104","20190331:0000",-43.7461,173.1219,"Le Bons Bay",6565,NA,0,"Canterbury",1010,29.3,16.05,NA
"13105","20190401:0000",-43.7461,173.1219,"Le Bons Bay",6565,NA,0,"Canterbury",1010,53.7,19.15,NA
"13106","20190402:0000",-43.7461,173.1219,"Le Bons Bay",6565,NA,0,"Canterbury",1010,40.2,10.4,NA
"13107","20190403:0000",-43.7461,173.1219,"Le Bons Bay",6565,NA,0,"Canterbury",1010,15,11.55,NA
"13108","20190404:0000",-43.7461,173.1219,"Le Bons Bay",6565,NA,0,"Canterbury",1010,28.8,12.25,NA
"13109","20190405:0000",-43.7461,173.1219,"Le Bons Bay",6565,NA,0,"Canterbury",1010,46,7.95,NA
"13110","20190406:0000",-43.7461,173.1219,"Le Bons Bay",6565,NA,0,"Canterbury",1010,30.9,8.7,NA
"13111","20190407:0000",-43.7461,173.1219,"Le Bons Bay",6565,NA,0,"Canterbury",1010,33.7,10.3,NA
"13112","20190408:0000",-43.7461,173.1219,"Le Bons Bay",6565,NA,0,"Canterbury",1010,13.3,12.6,NA
"13113","20190409:0000",-43.7461,173.1219,"Le Bons Bay",6565,NA,0,"Canterbury",1010,26.1,14.3,NA
"13114","20190410:0000",-43.7461,173.1219,"Le Bons Bay",6565,NA,0,"Canterbury",1010,39.9,16.65,NA
"13115","20190411:0000",-43.7461,173.1219,"Le Bons Bay",6565,NA,0,"Canterbury",1010,27.8,11.35,NA
"13116","20190412:0000",-43.7461,173.1219,"Le Bons Bay",6565,NA,0,"Canterbury",1010,60.7,10,NA
"13117","20190413:0000",-43.7461,173.1219,"Le Bons Bay",6565,NA,0,"Canterbury",1010,27.8,10.15,NA
"13118","20190414:0000",-43.7461,173.1219,"Le Bons Bay",6565,NA,0,"Canterbury",1010,15.4,10.45,NA
"13119","20190415:0000",-43.7461,173.1219,"Le Bons Bay",6565,NA,0,"Canterbury",1010,24.7,10.25,NA
"13120","20190416:0000",-43.7461,173.1219,"Le Bons Bay",6565,NA,0,"Canterbury",1010,32.3,10.7,NA
"13121","20190417:0000",-43.7461,173.1219,"Le Bons Bay",6565,NA,0,"Canterbury",1010,7,10.25,NA
"13122","20190418:0000",-43.7461,173.1219,"Le Bons Bay",6565,NA,0,"Canterbury",1010,9.4,10.05,NA
"13123","20190419:0000",-43.7461,173.1219,"Le Bons Bay",6565,NA,0,"Canterbury",1010,27.8,11.3,NA
"13124","20190420:0000",-43.7461,173.1219,"Le Bons Bay",6565,NA,0,"Canterbury",1010,18,13.9,NA
"13125","20190421:0000",-43.7461,173.1219,"Le Bons Bay",6565,NA,0,"Canterbury",1010,30.3,11.55,NA
"13126","20190422:0000",-43.7461,173.1219,"Le Bons Bay",6565,NA,0,"Canterbury",1010,27.8,12.15,NA
"13127","20190423:0000",-43.7461,173.1219,"Le Bons Bay",6565,NA,0,"Canterbury",1010,22,11.35,NA
"13128","20190424:0000",-43.7461,173.1219,"Le Bons Bay",6565,NA,0,"Canterbury",1010,4.2,11.7,NA
"13129","20190425:0000",-43.7461,173.1219,"Le Bons Bay",6565,NA,0,"Canterbury",1010,15.3,14.25,NA
"13130","20190426:0000",-43.7461,173.1219,"Le Bons Bay",6565,NA,0,"Canterbury",1010,22.7,14.05,NA
"13131","20190427:0000",-43.7461,173.1219,"Le Bons Bay",6565,NA,0,"Canterbury",1010,39,15.95,NA
"13132","20190428:0000",-43.7461,173.1219,"Le Bons Bay",6565,NA,0,"Canterbury",1010,11.2,12.5,NA
"13133","20190429:0000",-43.7461,173.1219,"Le Bons Bay",6565,NA,0,"Canterbury",1010,15.2,NA,NA
"13134","20190430:0000",-43.7461,173.1219,"Le Bons Bay",6565,NA,0,"Canterbury",1010,32.8,NA,NA
"13135","20190501:0000",-43.7461,173.1219,"Le Bons Bay",6565,NA,0,"Canterbury",1010,7.7,11.55,NA
"13136","20190502:0000",-43.7461,173.1219,"Le Bons Bay",6565,NA,0,"Canterbury",1010,12.5,14.85,NA
"13137","20190503:0000",-43.7461,173.1219,"Le Bons Bay",6565,NA,0,"Canterbury",1010,10.8,11.35,NA
"13138","20190504:0000",-43.7461,173.1219,"Le Bons Bay",6565,NA,0,"Canterbury",1010,36.4,13.95,NA
"13139","20190505:0000",-43.7461,173.1219,"Le Bons Bay",6565,NA,0,"Canterbury",1010,42.9,13.45,NA
"13140","20190506:0000",-43.7461,173.1219,"Le Bons Bay",6565,NA,0,"Canterbury",1010,14.9,11.75,NA
"13141","20190507:0000",-43.7461,173.1219,"Le Bons Bay",6565,NA,0,"Canterbury",1010,23.4,11.4,NA
"13142","20190508:0000",-43.7461,173.1219,"Le Bons Bay",6565,NA,0,"Canterbury",1010,25.9,14.4,NA
"13143","20190509:0000",-43.7461,173.1219,"Le Bons Bay",6565,NA,0,"Canterbury",1010,36.6,15.7,NA
"13144","20190510:0000",-43.7461,173.1219,"Le Bons Bay",6565,NA,0,"Canterbury",1010,13.8,15.7,NA
"13145","20190511:0000",-43.7461,173.1219,"Le Bons Bay",6565,NA,0,"Canterbury",1010,10.9,10.85,NA
"13146","20190512:0000",-43.7461,173.1219,"Le Bons Bay",6565,NA,0,"Canterbury",1010,NA,NA,NA
"13147","20190513:0000",-43.7461,173.1219,"Le Bons Bay",6565,NA,0,"Canterbury",1010,NA,NA,NA
"13148","20190514:0000",-43.7461,173.1219,"Le Bons Bay",6565,NA,0,"Canterbury",1010,NA,NA,NA
"13149","20190515:0000",-43.7461,173.1219,"Le Bons Bay",6565,NA,0,"Canterbury",1010,NA,NA,NA
"13150","20190516:0000",-43.7461,173.1219,"Le Bons Bay",6565,NA,0,"Canterbury",1010,NA,NA,NA
"13151","20190517:0000",-43.7461,173.1219,"Le Bons Bay",6565,NA,0,"Canterbury",1010,NA,NA,NA
"13152","20190518:0000",-43.7461,173.1219,"Le Bons Bay",6565,NA,0,"Canterbury",1010,NA,NA,NA
"13153","20190519:0000",-43.7461,173.1219,"Le Bons Bay",6565,NA,0,"Canterbury",1010,NA,NA,NA
"13154","20190520:0000",-43.7461,173.1219,"Le Bons Bay",6565,NA,0,"Canterbury",1010,NA,NA,NA
"13155","20190521:0000",-43.7461,173.1219,"Le Bons Bay",6565,NA,0,"Canterbury",1010,28.7,NA,NA
"13156","20190522:0000",-43.7461,173.1219,"Le Bons Bay",6565,NA,0,"Canterbury",1010,10.4,11.45,NA
"13157","20190523:0000",-43.7461,173.1219,"Le Bons Bay",6565,NA,0,"Canterbury",1010,8.5,NA,NA
"13158","20190524:0000",-43.7461,173.1219,"Le Bons Bay",6565,NA,0,"Canterbury",1010,18.6,NA,NA
"13159","20190525:0000",-43.7461,173.1219,"Le Bons Bay",6565,NA,0,"Canterbury",1010,6.1,11.6,NA
"13160","20190526:0000",-43.7461,173.1219,"Le Bons Bay",6565,NA,0,"Canterbury",1010,14.2,13.35,NA
"13161","20190527:0000",-43.7461,173.1219,"Le Bons Bay",6565,NA,0,"Canterbury",1010,35.1,14,NA
"13162","20190528:0000",-43.7461,173.1219,"Le Bons Bay",6565,NA,0,"Canterbury",1010,26.3,14.45,NA
"13163","20190529:0000",-43.7461,173.1219,"Le Bons Bay",6565,NA,0,"Canterbury",1010,16.3,12.95,NA
"13164","20190530:0000",-43.7461,173.1219,"Le Bons Bay",6565,NA,0,"Canterbury",1010,37.6,14.2,NA
"13165","20190531:0000",-43.7461,173.1219,"Le Bons Bay",6565,NA,0,"Canterbury",1010,9.3,10.7,NA
"13166","20190601:0000",-43.7461,173.1219,"Le Bons Bay",6565,NA,0,"Canterbury",1010,82.1,6.3,NA
"13167","20190602:0000",-43.7461,173.1219,"Le Bons Bay",6565,NA,0,"Canterbury",1010,45.1,5.65,NA
"13168","20190603:0000",-43.7461,173.1219,"Le Bons Bay",6565,NA,0,"Canterbury",1010,5.3,7.95,NA
"13169","20190604:0000",-43.7461,173.1219,"Le Bons Bay",6565,NA,0,"Canterbury",1010,38.6,6.85,NA
"13170","20190605:0000",-43.7461,173.1219,"Le Bons Bay",6565,NA,0,"Canterbury",1010,14.5,5.65,NA
"13171","20190606:0000",-43.7461,173.1219,"Le Bons Bay",6565,NA,0,"Canterbury",1010,33.8,7.75,NA
"13172","20190607:0000",-43.7461,173.1219,"Le Bons Bay",6565,NA,0,"Canterbury",1010,58.2,8.85,NA
"13173","20190608:0000",-43.7461,173.1219,"Le Bons Bay",6565,NA,0,"Canterbury",1010,66.4,7.45,NA
"13174","20190609:0000",-43.7461,173.1219,"Le Bons Bay",6565,NA,0,"Canterbury",1010,19.2,10.55,NA
"13175","20190610:0000",-43.7461,173.1219,"Le Bons Bay",6565,NA,0,"Canterbury",1010,7.7,9.05,NA
"13176","20190611:0000",-43.7461,173.1219,"Le Bons Bay",6565,NA,0,"Canterbury",1010,26.1,11.05,NA
"13177","20190612:0000",-43.7461,173.1219,"Le Bons Bay",6565,NA,0,"Canterbury",1010,5.8,13.3,NA
"13178","20190613:0000",-43.7461,173.1219,"Le Bons Bay",6565,NA,0,"Canterbury",1010,11.2,10.4,NA
"13179","20190614:0000",-43.7461,173.1219,"Le Bons Bay",6565,NA,0,"Canterbury",1010,32.2,10,NA
"13180","20190615:0000",-43.7461,173.1219,"Le Bons Bay",6565,NA,0,"Canterbury",1010,25.9,9.75,NA
"13181","20190616:0000",-43.7461,173.1219,"Le Bons Bay",6565,NA,0,"Canterbury",1010,8.5,7.6,NA
"13182","20190617:0000",-43.7461,173.1219,"Le Bons Bay",6565,NA,0,"Canterbury",1010,30,5.85,NA
"13183","20190618:0000",-43.7461,173.1219,"Le Bons Bay",6565,NA,0,"Canterbury",1010,42.7,6.85,NA
"13184","20190619:0000",-43.7461,173.1219,"Le Bons Bay",6565,NA,0,"Canterbury",1010,23.2,7.25,NA
"13185","20190620:0000",-43.7461,173.1219,"Le Bons Bay",6565,NA,0,"Canterbury",1010,16.4,9.2,NA
"13186","20190621:0000",-43.7461,173.1219,"Le Bons Bay",6565,NA,0,"Canterbury",1010,47.4,11.1,NA
"13187","20190622:0000",-43.7461,173.1219,"Le Bons Bay",6565,NA,0,"Canterbury",1010,8.7,11,NA
"13188","20190623:0000",-43.7461,173.1219,"Le Bons Bay",6565,NA,0,"Canterbury",1010,6.1,6.65,NA
"13189","20190624:0000",-43.7461,173.1219,"Le Bons Bay",6565,NA,0,"Canterbury",1010,24.9,7.4,NA
"13190","20190625:0000",-43.7461,173.1219,"Le Bons Bay",6565,NA,0,"Canterbury",1010,4.1,8.5,NA
"13191","20190626:0000",-43.7461,173.1219,"Le Bons Bay",6565,NA,0,"Canterbury",1010,3.2,8.4,NA
"13192","20190627:0000",-43.7461,173.1219,"Le Bons Bay",6565,NA,0,"Canterbury",1010,14.5,9.35,NA
"13193","20190628:0000",-43.7461,173.1219,"Le Bons Bay",6565,NA,0,"Canterbury",1010,19,8.1,NA
"13194","20190629:0000",-43.7461,173.1219,"Le Bons Bay",6565,NA,0,"Canterbury",1010,18.6,10.3,NA
"13195","20190630:0000",-43.7461,173.1219,"Le Bons Bay",6565,NA,0,"Canterbury",1010,7,10.75,NA
"13196","20190701:0000",-43.7461,173.1219,"Le Bons Bay",6565,NA,0,"Canterbury",1010,26.4,10.65,NA
"13197","20190702:0000",-43.7461,173.1219,"Le Bons Bay",6565,NA,0,"Canterbury",1010,22.6,11.5,NA
"13198","20190703:0000",-43.7461,173.1219,"Le Bons Bay",6565,NA,0,"Canterbury",1010,42.7,13.55,NA
"13199","20190704:0000",-43.7461,173.1219,"Le Bons Bay",6565,NA,0,"Canterbury",1010,50,8.6,NA
"13200","20190705:0000",-43.7461,173.1219,"Le Bons Bay",6565,NA,0,"Canterbury",1010,47.8,6.3,NA
"13201","20190706:0000",-43.7461,173.1219,"Le Bons Bay",6565,NA,0,"Canterbury",1010,49.6,7,NA
"13202","20190707:0000",-43.7461,173.1219,"Le Bons Bay",6565,NA,0,"Canterbury",1010,29.8,10.3,NA
"13203","20190708:0000",-43.7461,173.1219,"Le Bons Bay",6565,NA,0,"Canterbury",1010,23.2,7.65,NA
"13204","20190709:0000",-43.7461,173.1219,"Le Bons Bay",6565,NA,0,"Canterbury",1010,5.2,10.15,NA
"13205","20190710:0000",-43.7461,173.1219,"Le Bons Bay",6565,NA,0,"Canterbury",1010,21.3,9.9,NA
"13206","20190711:0000",-43.7461,173.1219,"Le Bons Bay",6565,NA,0,"Canterbury",1010,16.3,10.75,NA
"13207","20190712:0000",-43.7461,173.1219,"Le Bons Bay",6565,NA,0,"Canterbury",1010,25.3,9.95,NA
"13208","20190713:0000",-43.7461,173.1219,"Le Bons Bay",6565,NA,0,"Canterbury",1010,12.2,11.55,NA
"13209","20190714:0000",-43.7461,173.1219,"Le Bons Bay",6565,NA,0,"Canterbury",1010,58,11.25,NA
"13210","20190715:0000",-43.7461,173.1219,"Le Bons Bay",6565,NA,0,"Canterbury",1010,4.7,7.6,NA
"13211","20190716:0000",-43.7461,173.1219,"Le Bons Bay",6565,NA,0,"Canterbury",1010,7.4,9,NA
"13212","20190717:0000",-43.7461,173.1219,"Le Bons Bay",6565,NA,0,"Canterbury",1010,6.5,7.6,NA
"13213","20190718:0000",-43.7461,173.1219,"Le Bons Bay",6565,NA,0,"Canterbury",1010,20.4,7.75,NA
"13214","20190719:0000",-43.7461,173.1219,"Le Bons Bay",6565,NA,0,"Canterbury",1010,19.7,8.1,NA
"13215","20190720:0000",-43.7461,173.1219,"Le Bons Bay",6565,NA,0,"Canterbury",1010,5.2,8.5,NA
"13216","20190721:0000",-43.7461,173.1219,"Le Bons Bay",6565,NA,0,"Canterbury",1010,61.3,8.75,NA
"13217","20190722:0000",-43.7461,173.1219,"Le Bons Bay",6565,NA,0,"Canterbury",1010,15.9,8.6,NA
"13218","20190723:0000",-43.7461,173.1219,"Le Bons Bay",6565,NA,0,"Canterbury",1010,3.5,8.8,NA
"13219","20190724:0000",-43.7461,173.1219,"Le Bons Bay",6565,NA,0,"Canterbury",1010,16.9,8.7,NA
"13220","20190725:0000",-43.7461,173.1219,"Le Bons Bay",6565,NA,0,"Canterbury",1010,16.6,9.05,NA
"13221","20190726:0000",-43.7461,173.1219,"Le Bons Bay",6565,NA,0,"Canterbury",1010,3.8,8.35,NA
"13222","20190727:0000",-43.7461,173.1219,"Le Bons Bay",6565,NA,0,"Canterbury",1010,3.3,8.85,NA
"13223","20190728:0000",-43.7461,173.1219,"Le Bons Bay",6565,NA,0,"Canterbury",1010,16.3,10.5,NA
"13224","20190729:0000",-43.7461,173.1219,"Le Bons Bay",6565,NA,0,"Canterbury",1010,23.1,11.65,NA
"13225","20190730:0000",-43.7461,173.1219,"Le Bons Bay",6565,NA,0,"Canterbury",1010,33.9,10.4,NA
"13226","20190731:0000",-43.7461,173.1219,"Le Bons Bay",6565,NA,0,"Canterbury",1010,72.5,5.45,NA
"13227","20190801:0000",-43.7461,173.1219,"Le Bons Bay",6565,NA,0,"Canterbury",1010,62.6,6,NA
"13228","20190802:0000",-43.7461,173.1219,"Le Bons Bay",6565,NA,0,"Canterbury",1010,16.2,8,NA
"13229","20190803:0000",-43.7461,173.1219,"Le Bons Bay",6565,NA,0,"Canterbury",1010,38.4,8,NA
"13230","20190804:0000",-43.7461,173.1219,"Le Bons Bay",6565,NA,0,"Canterbury",1010,21.1,4.5,NA
"13231","20190805:0000",-43.7461,173.1219,"Le Bons Bay",6565,NA,0,"Canterbury",1010,35.4,4.6,NA
"13232","20190806:0000",-43.7461,173.1219,"Le Bons Bay",6565,NA,0,"Canterbury",1010,21,8.3,NA
"13233","20190807:0000",-43.7461,173.1219,"Le Bons Bay",6565,NA,0,"Canterbury",1010,17.2,11.2,NA
"13234","20190808:0000",-43.7461,173.1219,"Le Bons Bay",6565,NA,0,"Canterbury",1010,17.6,10.8,NA
"13235","20190809:0000",-43.7461,173.1219,"Le Bons Bay",6565,NA,0,"Canterbury",1010,6.7,10.25,NA
"13236","20190810:0000",-43.7461,173.1219,"Le Bons Bay",6565,NA,0,"Canterbury",1010,30.7,6.4,NA
"13237","20190811:0000",-43.7461,173.1219,"Le Bons Bay",6565,NA,0,"Canterbury",1010,21.1,6.25,NA
"13238","20190812:0000",-43.7461,173.1219,"Le Bons Bay",6565,NA,0,"Canterbury",1010,2.4,6.05,NA
"13239","20190813:0000",-43.7461,173.1219,"Le Bons Bay",6565,NA,0,"Canterbury",1010,17.9,8.85,NA
"13240","20190814:0000",-43.7461,173.1219,"Le Bons Bay",6565,NA,0,"Canterbury",1010,56.3,6,NA
"13241","20190815:0000",-43.7461,173.1219,"Le Bons Bay",6565,NA,0,"Canterbury",1010,9.5,7.5,NA
"13242","20190816:0000",-43.7461,173.1219,"Le Bons Bay",6565,NA,0,"Canterbury",1010,24.8,10.45,NA
"13243","20190817:0000",-43.7461,173.1219,"Le Bons Bay",6565,NA,0,"Canterbury",1010,32.1,4.95,NA
"13244","20190818:0000",-43.7461,173.1219,"Le Bons Bay",6565,NA,0,"Canterbury",1010,22.2,5,NA
"13245","20190819:0000",-43.7461,173.1219,"Le Bons Bay",6565,NA,0,"Canterbury",1010,44.1,7.25,NA
"13246","20190820:0000",-43.7461,173.1219,"Le Bons Bay",6565,NA,0,"Canterbury",1010,60.1,8.65,NA
"13247","20190821:0000",-43.7461,173.1219,"Le Bons Bay",6565,NA,0,"Canterbury",1010,29.1,7.7,NA
"13248","20190822:0000",-43.7461,173.1219,"Le Bons Bay",6565,NA,0,"Canterbury",1010,12.8,8.85,NA
"13249","20190823:0000",-43.7461,173.1219,"Le Bons Bay",6565,NA,0,"Canterbury",1010,5,10.15,NA
"13250","20190824:0000",-43.7461,173.1219,"Le Bons Bay",6565,NA,0,"Canterbury",1010,19.6,9.6,NA
"13251","20190825:0000",-43.7461,173.1219,"Le Bons Bay",6565,NA,0,"Canterbury",1010,4.9,10.85,NA
"13252","20190826:0000",-43.7461,173.1219,"Le Bons Bay",6565,NA,0,"Canterbury",1010,12.6,10.7,NA
"13253","20190827:0000",-43.7461,173.1219,"Le Bons Bay",6565,NA,0,"Canterbury",1010,19.6,7.3,NA
"13254","20190828:0000",-43.7461,173.1219,"Le Bons Bay",6565,NA,0,"Canterbury",1010,13.4,9.55,NA
"13255","20190829:0000",-43.7461,173.1219,"Le Bons Bay",6565,NA,0,"Canterbury",1010,25.9,11.65,NA
"13256","20190830:0000",-43.7461,173.1219,"Le Bons Bay",6565,NA,0,"Canterbury",1010,9.2,8.55,NA
"13257","20190831:0000",-43.7461,173.1219,"Le Bons Bay",6565,NA,0,"Canterbury",1010,13,11.65,NA
"13258","20190901:0000",-43.7461,173.1219,"Le Bons Bay",6565,NA,0,"Canterbury",1010,4.5,15.35,NA
"13259","20190902:0000",-43.7461,173.1219,"Le Bons Bay",6565,NA,0,"Canterbury",1010,22.6,10.25,NA
"13260","20190903:0000",-43.7461,173.1219,"Le Bons Bay",6565,NA,0,"Canterbury",1010,3,NA,NA
"13261","20190904:0000",-43.7461,173.1219,"Le Bons Bay",6565,NA,0,"Canterbury",1010,35.3,8.6,NA
"13262","20190905:0000",-43.7461,173.1219,"Le Bons Bay",6565,NA,0,"Canterbury",1010,39.9,9.35,NA
"13263","20190906:0000",-43.7461,173.1219,"Le Bons Bay",6565,NA,0,"Canterbury",1010,54.8,6.95,NA
"13264","20190907:0000",-43.7461,173.1219,"Le Bons Bay",6565,NA,0,"Canterbury",1010,30.8,6.3,NA
"13265","20190908:0000",-43.7461,173.1219,"Le Bons Bay",6565,NA,0,"Canterbury",1010,36.3,4.6,NA
"13266","20190909:0000",-43.7461,173.1219,"Le Bons Bay",6565,NA,0,"Canterbury",1010,17.3,4.75,NA
"13267","20190910:0000",-43.7461,173.1219,"Le Bons Bay",6565,NA,0,"Canterbury",1010,27.4,5.95,NA
"13268","20190911:0000",-43.7461,173.1219,"Le Bons Bay",6565,NA,0,"Canterbury",1010,33.8,9.05,NA
"13269","20190912:0000",-43.7461,173.1219,"Le Bons Bay",6565,NA,0,"Canterbury",1010,12.1,11.45,NA
"13270","20190913:0000",-43.7461,173.1219,"Le Bons Bay",6565,NA,0,"Canterbury",1010,78.3,12,NA
"13271","20190914:0000",-43.7461,173.1219,"Le Bons Bay",6565,NA,0,"Canterbury",1010,28.2,6.55,NA
"13272","20190915:0000",-43.7461,173.1219,"Le Bons Bay",6565,NA,0,"Canterbury",1010,18.5,10.3,NA
"13273","20190916:0000",-43.7461,173.1219,"Le Bons Bay",6565,NA,0,"Canterbury",1010,21.1,10.95,NA
"13274","20190917:0000",-43.7461,173.1219,"Le Bons Bay",6565,NA,0,"Canterbury",1010,14.7,9.7,NA
"13275","20190918:0000",-43.7461,173.1219,"Le Bons Bay",6565,NA,0,"Canterbury",1010,23.9,8.2,NA
"13276","20190919:0000",-43.7461,173.1219,"Le Bons Bay",6565,NA,0,"Canterbury",1010,22,9.5,NA
"13277","20190920:0000",-43.7461,173.1219,"Le Bons Bay",6565,NA,0,"Canterbury",1010,32,9.25,NA
"13278","20190921:0000",-43.7461,173.1219,"Le Bons Bay",6565,NA,0,"Canterbury",1010,10.9,8.05,NA
"13279","20190922:0000",-43.7461,173.1219,"Le Bons Bay",6565,NA,0,"Canterbury",1010,16.4,10.55,NA
"13280","20190923:0000",-43.7461,173.1219,"Le Bons Bay",6565,NA,0,"Canterbury",1010,35.5,11,NA
"13281","20190924:0000",-43.7461,173.1219,"Le Bons Bay",6565,NA,0,"Canterbury",1010,26.9,11.15,NA
"13282","20190925:0000",-43.7461,173.1219,"Le Bons Bay",6565,NA,0,"Canterbury",1010,9.4,8.2,NA
"13283","20190926:0000",-43.7461,173.1219,"Le Bons Bay",6565,NA,0,"Canterbury",1010,27.5,7.85,NA
"13284","20190927:0000",-43.7461,173.1219,"Le Bons Bay",6565,NA,0,"Canterbury",1010,41.8,10.65,NA
"13285","20190928:0000",-43.7461,173.1219,"Le Bons Bay",6565,NA,0,"Canterbury",1010,27.4,13.15,NA
"13286","20190929:0000",-43.7461,173.1219,"Le Bons Bay",6565,NA,0,"Canterbury",1010,22.7,15.55,NA
"13287","20190930:0000",-43.7461,173.1219,"Le Bons Bay",6565,NA,0,"Canterbury",1010,32.9,14,NA
"13288","20191001:0000",-43.7461,173.1219,"Le Bons Bay",6565,NA,0,"Canterbury",1010,19.4,6.85,NA
"13289","20191002:0000",-43.7461,173.1219,"Le Bons Bay",6565,NA,0,"Canterbury",1010,31.8,7.05,NA
"13290","20191003:0000",-43.7461,173.1219,"Le Bons Bay",6565,NA,0,"Canterbury",1010,26.9,5.95,NA
"13291","20191004:0000",-43.7461,173.1219,"Le Bons Bay",6565,NA,0,"Canterbury",1010,23.4,10.1,NA
"13292","20191005:0000",-43.7461,173.1219,"Le Bons Bay",6565,NA,0,"Canterbury",1010,NA,NA,NA
"13293","20191006:0000",-43.7461,173.1219,"Le Bons Bay",6565,NA,0,"Canterbury",1010,NA,NA,NA
"13294","20191007:0000",-43.7461,173.1219,"Le Bons Bay",6565,NA,0,"Canterbury",1010,30.8,NA,NA
"13295","20191008:0000",-43.7461,173.1219,"Le Bons Bay",6565,NA,0,"Canterbury",1010,3.8,13.9,NA
"13296","20191009:0000",-43.7461,173.1219,"Le Bons Bay",6565,NA,0,"Canterbury",1010,7.1,16.1,NA
"13297","20191010:0000",-43.7461,173.1219,"Le Bons Bay",6565,NA,0,"Canterbury",1010,31.1,15.55,NA
"13298","20191011:0000",-43.7461,173.1219,"Le Bons Bay",6565,NA,0,"Canterbury",1010,15.8,11.1,NA
"13299","20191012:0000",-43.7461,173.1219,"Le Bons Bay",6565,NA,0,"Canterbury",1010,18.9,8.95,NA
"13300","20191013:0000",-43.7461,173.1219,"Le Bons Bay",6565,NA,0,"Canterbury",1010,13.7,8.75,NA
"13301","20191014:0000",-43.7461,173.1219,"Le Bons Bay",6565,NA,0,"Canterbury",1010,13,9,NA
"13302","20191015:0000",-43.7461,173.1219,"Le Bons Bay",6565,NA,0,"Canterbury",1010,26.6,9.8,NA
"13303","20191016:0000",-43.7461,173.1219,"Le Bons Bay",6565,NA,0,"Canterbury",1010,20.6,9.4,NA
"13304","20191017:0000",-43.7461,173.1219,"Le Bons Bay",6565,NA,0,"Canterbury",1010,7.8,9.75,NA
"13305","20191018:0000",-43.7461,173.1219,"Le Bons Bay",6565,NA,0,"Canterbury",1010,20.9,8,NA
"13306","20191019:0000",-43.7461,173.1219,"Le Bons Bay",6565,NA,0,"Canterbury",1010,13,10.5,NA
"13307","20191020:0000",-43.7461,173.1219,"Le Bons Bay",6565,NA,0,"Canterbury",1010,18.4,12.5,NA
"13308","20191021:0000",-43.7461,173.1219,"Le Bons Bay",6565,NA,0,"Canterbury",1010,53.8,13.15,NA
"13309","20191022:0000",-43.7461,173.1219,"Le Bons Bay",6565,NA,0,"Canterbury",1010,11.2,8.1,NA
"13310","20191023:0000",-43.7461,173.1219,"Le Bons Bay",6565,NA,0,"Canterbury",1010,48.8,8.05,NA
"13311","20191024:0000",-43.7461,173.1219,"Le Bons Bay",6565,NA,0,"Canterbury",1010,30.1,8.55,NA
"13312","20191025:0000",-43.7461,173.1219,"Le Bons Bay",6565,NA,0,"Canterbury",1010,49.6,6.75,NA
"13313","20191026:0000",-43.7461,173.1219,"Le Bons Bay",6565,NA,0,"Canterbury",1010,29.7,13.8,NA
"13314","20191027:0000",-43.7461,173.1219,"Le Bons Bay",6565,NA,0,"Canterbury",1010,58.7,14.3,NA
"13315","20191028:0000",-43.7461,173.1219,"Le Bons Bay",6565,NA,0,"Canterbury",1010,18.9,13.55,NA
"13316","20191029:0000",-43.7461,173.1219,"Le Bons Bay",6565,NA,0,"Canterbury",1010,12.5,10.85,NA
"13317","20191030:0000",-43.7461,173.1219,"Le Bons Bay",6565,NA,0,"Canterbury",1010,28.9,11.65,NA
"13318","20191031:0000",-43.7461,173.1219,"Le Bons Bay",6565,NA,0,"Canterbury",1010,15.5,9,NA
"13319","20191101:0000",-43.7461,173.1219,"Le Bons Bay",6565,NA,0,"Canterbury",1010,24.1,9.05,NA
"13320","20191102:0000",-43.7461,173.1219,"Le Bons Bay",6565,NA,0,"Canterbury",1010,7.3,16.5,NA
"13321","20191103:0000",-43.7461,173.1219,"Le Bons Bay",6565,NA,0,"Canterbury",1010,13.4,18.8,NA
"13322","20191104:0000",-43.7461,173.1219,"Le Bons Bay",6565,NA,0,"Canterbury",1010,4,16.35,NA
"13323","20191105:0000",-43.7461,173.1219,"Le Bons Bay",6565,NA,0,"Canterbury",1010,4,16.85,NA
"13324","20191106:0000",-43.7461,173.1219,"Le Bons Bay",6565,NA,0,"Canterbury",1010,6.4,14.95,NA
"13325","20191107:0000",-43.7461,173.1219,"Le Bons Bay",6565,NA,0,"Canterbury",1010,51.1,15.5,NA
"13326","20191108:0000",-43.7461,173.1219,"Le Bons Bay",6565,NA,0,"Canterbury",1010,24.1,18.95,NA
"13327","20191109:0000",-43.7461,173.1219,"Le Bons Bay",6565,NA,0,"Canterbury",1010,50.8,17.85,NA
"13328","20191110:0000",-43.7461,173.1219,"Le Bons Bay",6565,NA,0,"Canterbury",1010,52,15.95,NA
"13329","20191111:0000",-43.7461,173.1219,"Le Bons Bay",6565,NA,0,"Canterbury",1010,61.2,8.75,NA
"13330","20191112:0000",-43.7461,173.1219,"Le Bons Bay",6565,NA,0,"Canterbury",1010,23.4,9.6,NA
"13331","20191113:0000",-43.7461,173.1219,"Le Bons Bay",6565,NA,0,"Canterbury",1010,28.1,11.95,NA
"13332","20191114:0000",-43.7461,173.1219,"Le Bons Bay",6565,NA,0,"Canterbury",1010,42.5,12.85,NA
"13333","20191115:0000",-43.7461,173.1219,"Le Bons Bay",6565,NA,0,"Canterbury",1010,12.9,12.35,NA
"13334","20191116:0000",-43.7461,173.1219,"Le Bons Bay",6565,NA,0,"Canterbury",1010,32.9,15.2,NA
"13335","20191117:0000",-43.7461,173.1219,"Le Bons Bay",6565,NA,0,"Canterbury",1010,27.5,12.55,NA
"13336","20191118:0000",-43.7461,173.1219,"Le Bons Bay",6565,NA,0,"Canterbury",1010,33.7,12.3,NA
"13337","20191119:0000",-43.7461,173.1219,"Le Bons Bay",6565,NA,0,"Canterbury",1010,30.1,10.4,NA
"13338","20191120:0000",-43.7461,173.1219,"Le Bons Bay",6565,NA,0,"Canterbury",1010,31.6,8.7,NA
"13339","20191121:0000",-43.7461,173.1219,"Le Bons Bay",6565,NA,0,"Canterbury",1010,23,10.1,NA
"13340","20191122:0000",-43.7461,173.1219,"Le Bons Bay",6565,NA,0,"Canterbury",1010,29.7,17.35,NA
"13341","20191123:0000",-43.7461,173.1219,"Le Bons Bay",6565,NA,0,"Canterbury",1010,31.3,13,NA
"13342","20191124:0000",-43.7461,173.1219,"Le Bons Bay",6565,NA,0,"Canterbury",1010,19.2,17.9,NA
"13343","20191125:0000",-43.7461,173.1219,"Le Bons Bay",6565,NA,0,"Canterbury",1010,19.9,11.5,NA
"13344","20191126:0000",-43.7461,173.1219,"Le Bons Bay",6565,NA,0,"Canterbury",1010,29.5,15.7,NA
"13345","20191127:0000",-43.7461,173.1219,"Le Bons Bay",6565,NA,0,"Canterbury",1010,39.9,17.75,NA
"13346","20191128:0000",-43.7461,173.1219,"Le Bons Bay",6565,NA,0,"Canterbury",1010,41.9,22.05,NA
"13347","20191129:0000",-43.7461,173.1219,"Le Bons Bay",6565,NA,0,"Canterbury",1010,42.4,13.35,NA
"13348","20191130:0000",-43.7461,173.1219,"Le Bons Bay",6565,NA,0,"Canterbury",1010,30.2,14.7,NA
"13349","20191201:0000",-43.7461,173.1219,"Le Bons Bay",6565,NA,0,"Canterbury",1010,32.6,16.75,NA
"13350","20191202:0000",-43.7461,173.1219,"Le Bons Bay",6565,NA,0,"Canterbury",1010,5.6,17.85,NA
"13351","20191203:0000",-43.7461,173.1219,"Le Bons Bay",6565,NA,0,"Canterbury",1010,38.6,17.8,NA
"13352","20191204:0000",-43.7461,173.1219,"Le Bons Bay",6565,NA,0,"Canterbury",1010,53.3,17,NA
"13353","20191205:0000",-43.7461,173.1219,"Le Bons Bay",6565,NA,0,"Canterbury",1010,18.3,14.75,NA
"13354","20191206:0000",-43.7461,173.1219,"Le Bons Bay",6565,NA,0,"Canterbury",1010,47.8,18.35,NA
"13355","20191207:0000",-43.7461,173.1219,"Le Bons Bay",6565,NA,0,"Canterbury",1010,38.4,18.4,NA
"13356","20191208:0000",-43.7461,173.1219,"Le Bons Bay",6565,NA,0,"Canterbury",1010,41.9,16.9,NA
"13357","20191209:0000",-43.7461,173.1219,"Le Bons Bay",6565,NA,0,"Canterbury",1010,17.6,11.6,NA
"13358","20191210:0000",-43.7461,173.1219,"Le Bons Bay",6565,NA,0,"Canterbury",1010,15.7,12,NA
"13359","20191211:0000",-43.7461,173.1219,"Le Bons Bay",6565,NA,0,"Canterbury",1010,15.4,14.95,NA
"13360","20191212:0000",-43.7461,173.1219,"Le Bons Bay",6565,NA,0,"Canterbury",1010,13.4,14.1,NA
"13361","20191213:0000",-43.7461,173.1219,"Le Bons Bay",6565,NA,0,"Canterbury",1010,32.7,16.05,NA
"13362","20191214:0000",-43.7461,173.1219,"Le Bons Bay",6565,NA,0,"Canterbury",1010,16.4,14.65,NA
"13363","20191215:0000",-43.7461,173.1219,"Le Bons Bay",6565,NA,0,"Canterbury",1010,9.2,15.3,NA
"13364","20191216:0000",-43.7461,173.1219,"Le Bons Bay",6565,NA,0,"Canterbury",1010,18.3,12.85,NA
"13365","20191217:0000",-43.7461,173.1219,"Le Bons Bay",6565,NA,0,"Canterbury",1010,20.7,14,NA
"13366","20191218:0000",-43.7461,173.1219,"Le Bons Bay",6565,NA,0,"Canterbury",1010,61.4,10.35,NA
"13367","20191219:0000",-43.7461,173.1219,"Le Bons Bay",6565,NA,0,"Canterbury",1010,13.6,13.25,NA
"13368","20191220:0000",-43.7461,173.1219,"Le Bons Bay",6565,NA,0,"Canterbury",1010,54.8,15.55,NA
"13369","20191221:0000",-43.7461,173.1219,"Le Bons Bay",6565,NA,0,"Canterbury",1010,30,10.8,NA
"13370","20191222:0000",-43.7461,173.1219,"Le Bons Bay",6565,NA,0,"Canterbury",1010,35.8,12.4,NA
"13371","20191223:0000",-43.7461,173.1219,"Le Bons Bay",6565,NA,0,"Canterbury",1010,45.3,12.7,NA
"13372","20191224:0000",-43.7461,173.1219,"Le Bons Bay",6565,NA,0,"Canterbury",1010,6.8,12.05,NA
"13373","20191225:0000",-43.7461,173.1219,"Le Bons Bay",6565,NA,0,"Canterbury",1010,9.2,12.75,NA
"13374","20191226:0000",-43.7461,173.1219,"Le Bons Bay",6565,NA,0,"Canterbury",1010,26.7,13.25,NA
"13375","20191227:0000",-43.7461,173.1219,"Le Bons Bay",6565,NA,0,"Canterbury",1010,6.9,16.45,NA
"13376","20191228:0000",-43.7461,173.1219,"Le Bons Bay",6565,NA,0,"Canterbury",1010,6.6,11.45,NA
"13377","20191229:0000",-43.7461,173.1219,"Le Bons Bay",6565,NA,0,"Canterbury",1010,17.5,14.65,NA
"13378","20191230:0000",-43.7461,173.1219,"Le Bons Bay",6565,NA,0,"Canterbury",1010,25.9,13.9,NA
"13379","20191231:0000",-43.7461,173.1219,"Le Bons Bay",6565,NA,0,"Canterbury",1010,6.6,17.8,NA
"13380","20200101:0000",-43.7461,173.1219,"Le Bons Bay",6565,NA,0,"Canterbury",1010,14.9,21.5,NA
"13381","20200102:0000",-43.7461,173.1219,"Le Bons Bay",6565,NA,0,"Canterbury",1010,16,15.4,NA
"13382","20200103:0000",-43.7461,173.1219,"Le Bons Bay",6565,NA,0,"Canterbury",1010,9.6,13.35,NA
"13383","20200104:0000",-43.7461,173.1219,"Le Bons Bay",6565,NA,0,"Canterbury",1010,25.3,10.05,NA
"13384","20200105:0000",-43.7461,173.1219,"Le Bons Bay",6565,NA,0,"Canterbury",1010,45.1,16.15,NA
"13385","20200106:0000",-43.7461,173.1219,"Le Bons Bay",6565,NA,0,"Canterbury",1010,24.8,14.2,NA
"13386","20200107:0000",-43.7461,173.1219,"Le Bons Bay",6565,NA,0,"Canterbury",1010,52.5,11.6,NA
"13387","20200108:0000",-43.7461,173.1219,"Le Bons Bay",6565,NA,0,"Canterbury",1010,9.2,10.95,NA
"13388","20200109:0000",-43.7461,173.1219,"Le Bons Bay",6565,NA,0,"Canterbury",1010,11.4,14.25,NA
"13389","20200110:0000",-43.7461,173.1219,"Le Bons Bay",6565,NA,0,"Canterbury",1010,4.4,12.65,NA
"13390","20200111:0000",-43.7461,173.1219,"Le Bons Bay",6565,NA,0,"Canterbury",1010,32.8,17.2,NA
"13391","20200112:0000",-43.7461,173.1219,"Le Bons Bay",6565,NA,0,"Canterbury",1010,54.4,19.7,NA
"13392","20200113:0000",-43.7461,173.1219,"Le Bons Bay",6565,NA,0,"Canterbury",1010,31.6,12.8,NA
"13393","20200114:0000",-43.7461,173.1219,"Le Bons Bay",6565,NA,0,"Canterbury",1010,12.9,12.85,NA
"13394","20200115:0000",-43.7461,173.1219,"Le Bons Bay",6565,NA,0,"Canterbury",1010,10.9,12,NA
"13395","20200116:0000",-43.7461,173.1219,"Le Bons Bay",6565,NA,0,"Canterbury",1010,10.2,11.8,NA
"13396","20200117:0000",-43.7461,173.1219,"Le Bons Bay",6565,NA,0,"Canterbury",1010,22,14.2,NA
"13397","20200118:0000",-43.7461,173.1219,"Le Bons Bay",6565,NA,0,"Canterbury",1010,28.5,14.35,NA
"13398","20200119:0000",-43.7461,173.1219,"Le Bons Bay",6565,NA,0,"Canterbury",1010,16.5,14.65,NA
"13399","20200120:0000",-43.7461,173.1219,"Le Bons Bay",6565,NA,0,"Canterbury",1010,5.3,14.4,NA
"13400","20200121:0000",-43.7461,173.1219,"Le Bons Bay",6565,NA,0,"Canterbury",1010,16.2,16.5,NA
"13401","20200122:0000",-43.7461,173.1219,"Le Bons Bay",6565,NA,0,"Canterbury",1010,18.3,17.25,NA
"13402","20200123:0000",-43.7461,173.1219,"Le Bons Bay",6565,NA,0,"Canterbury",1010,4.1,17.3,NA
"13403","20200124:0000",-43.7461,173.1219,"Le Bons Bay",6565,NA,0,"Canterbury",1010,17.7,15.3,NA
"13404","20200125:0000",-43.7461,173.1219,"Le Bons Bay",6565,NA,0,"Canterbury",1010,18.8,21.25,NA
"13405","20200126:0000",-43.7461,173.1219,"Le Bons Bay",6565,NA,0,"Canterbury",1010,5.5,15.9,NA
"13406","20200127:0000",-43.7461,173.1219,"Le Bons Bay",6565,NA,0,"Canterbury",1010,11,20.05,NA
"13407","20200128:0000",-43.7461,173.1219,"Le Bons Bay",6565,NA,0,"Canterbury",1010,6.6,19.35,NA
"13408","20200129:0000",-43.7461,173.1219,"Le Bons Bay",6565,NA,0,"Canterbury",1010,16.1,19.65,NA
"13409","20200130:0000",-43.7461,173.1219,"Le Bons Bay",6565,NA,0,"Canterbury",1010,14.5,18.1,NA
"13410","20200131:0000",-43.7461,173.1219,"Le Bons Bay",6565,NA,0,"Canterbury",1010,53.2,15.15,NA
"13411","20200201:0000",-43.7461,173.1219,"Le Bons Bay",6565,NA,0,"Canterbury",1010,20.3,18.55,NA
"13412","20200202:0000",-43.7461,173.1219,"Le Bons Bay",6565,NA,0,"Canterbury",1010,31.4,22.85,NA
"13413","20200203:0000",-43.7461,173.1219,"Le Bons Bay",6565,NA,0,"Canterbury",1010,66.6,24.3,NA
"13414","20200204:0000",-43.7461,173.1219,"Le Bons Bay",6565,NA,0,"Canterbury",1010,43.5,23.25,NA
"13415","20200205:0000",-43.7461,173.1219,"Le Bons Bay",6565,NA,0,"Canterbury",1010,21,14.05,NA
"13416","20200206:0000",-43.7461,173.1219,"Le Bons Bay",6565,NA,0,"Canterbury",1010,4.9,15.55,NA
"13417","20200207:0000",-43.7461,173.1219,"Le Bons Bay",6565,NA,0,"Canterbury",1010,4.3,13.1,NA
"13418","20200208:0000",-43.7461,173.1219,"Le Bons Bay",6565,NA,0,"Canterbury",1010,10.2,13.7,NA
"13419","20200209:0000",-43.7461,173.1219,"Le Bons Bay",6565,NA,0,"Canterbury",1010,20.2,13.75,NA
"13420","20200210:0000",-43.7461,173.1219,"Le Bons Bay",6565,NA,0,"Canterbury",1010,15.5,14.15,NA
"13421","20200211:0000",-43.7461,173.1219,"Le Bons Bay",6565,NA,0,"Canterbury",1010,23.7,13.95,NA
"13422","20200212:0000",-43.7461,173.1219,"Le Bons Bay",6565,NA,0,"Canterbury",1010,8.8,13.95,NA
"13423","20200213:0000",-43.7461,173.1219,"Le Bons Bay",6565,NA,0,"Canterbury",1010,7,17.65,NA
"13424","20200214:0000",-43.7461,173.1219,"Le Bons Bay",6565,NA,0,"Canterbury",1010,15.9,11.85,NA
"13425","20200215:0000",-43.7461,173.1219,"Le Bons Bay",6565,NA,0,"Canterbury",1010,34.7,15.6,NA
"13426","20200216:0000",-43.7461,173.1219,"Le Bons Bay",6565,NA,0,"Canterbury",1010,35.4,19.35,NA
"13427","20200217:0000",-43.7461,173.1219,"Le Bons Bay",6565,NA,0,"Canterbury",1010,37.2,23.7,NA
"13428","20200218:0000",-43.7461,173.1219,"Le Bons Bay",6565,NA,0,"Canterbury",1010,3.5,19.2,NA
"13429","20200219:0000",-43.7461,173.1219,"Le Bons Bay",6565,NA,0,"Canterbury",1010,8.1,18.9,NA
"13430","20200220:0000",-43.7461,173.1219,"Le Bons Bay",6565,NA,0,"Canterbury",1010,10.7,15.45,NA
"13431","20200221:0000",-43.7461,173.1219,"Le Bons Bay",6565,NA,0,"Canterbury",1010,42,18.7,NA
"13432","20200222:0000",-43.7461,173.1219,"Le Bons Bay",6565,NA,0,"Canterbury",1010,24.4,13.75,NA
"13433","20200223:0000",-43.7461,173.1219,"Le Bons Bay",6565,NA,0,"Canterbury",1010,6,12.95,NA
"13434","20200224:0000",-43.7461,173.1219,"Le Bons Bay",6565,NA,0,"Canterbury",1010,35.9,14.95,NA
"13435","20200225:0000",-43.7461,173.1219,"Le Bons Bay",6565,NA,0,"Canterbury",1010,13,16.35,NA
"13436","20200226:0000",-43.7461,173.1219,"Le Bons Bay",6565,NA,0,"Canterbury",1010,24.8,16.05,NA
"13437","20200227:0000",-43.7461,173.1219,"Le Bons Bay",6565,NA,0,"Canterbury",1010,36.9,19.5,NA
"13438","20200228:0000",-43.7461,173.1219,"Le Bons Bay",6565,NA,0,"Canterbury",1010,30.4,19.9,NA
"13439","20200229:0000",-43.7461,173.1219,"Le Bons Bay",6565,NA,0,"Canterbury",1010,57.8,13.3,NA
"13440","20200301:0000",-43.7461,173.1219,"Le Bons Bay",6565,NA,0,"Canterbury",1010,31.5,14.1,NA
"13441","20200302:0000",-43.7461,173.1219,"Le Bons Bay",6565,NA,0,"Canterbury",1010,32.2,18.1,NA
"13442","20200303:0000",-43.7461,173.1219,"Le Bons Bay",6565,NA,0,"Canterbury",1010,50.9,20.8,NA
"13443","20200304:0000",-43.7461,173.1219,"Le Bons Bay",6565,NA,0,"Canterbury",1010,53.3,10.65,NA
"13444","20200305:0000",-43.7461,173.1219,"Le Bons Bay",6565,NA,0,"Canterbury",1010,8.7,11.55,NA
"13445","20200306:0000",-43.7461,173.1219,"Le Bons Bay",6565,NA,0,"Canterbury",1010,35.7,13.5,NA
"13446","20200307:0000",-43.7461,173.1219,"Le Bons Bay",6565,NA,0,"Canterbury",1010,48.5,15.8,NA
"13447","20200308:0000",-43.7461,173.1219,"Le Bons Bay",6565,NA,0,"Canterbury",1010,5.2,16.85,NA
"13448","20200309:0000",-43.7461,173.1219,"Le Bons Bay",6565,NA,0,"Canterbury",1010,36.6,19.55,NA
"13449","20200310:0000",-43.7461,173.1219,"Le Bons Bay",6565,NA,0,"Canterbury",1010,33.7,15.2,NA
"13450","20200311:0000",-43.7461,173.1219,"Le Bons Bay",6565,NA,0,"Canterbury",1010,33.7,10.3,NA
"13451","20200312:0000",-43.7461,173.1219,"Le Bons Bay",6565,NA,0,"Canterbury",1010,15.1,12.65,NA
"13452","20200313:0000",-43.7461,173.1219,"Le Bons Bay",6565,NA,0,"Canterbury",1010,9.8,12.35,NA
"13453","20200314:0000",-43.7461,173.1219,"Le Bons Bay",6565,NA,0,"Canterbury",1010,29.8,14.5,NA
"13454","20200315:0000",-43.7461,173.1219,"Le Bons Bay",6565,NA,0,"Canterbury",1010,12.7,14.95,NA
"13455","20200316:0000",-43.7461,173.1219,"Le Bons Bay",6565,NA,0,"Canterbury",1010,16,16.1,NA
"13456","20200317:0000",-43.7461,173.1219,"Le Bons Bay",6565,NA,0,"Canterbury",1010,35.2,10.35,NA
"13457","20200318:0000",-43.7461,173.1219,"Le Bons Bay",6565,NA,0,"Canterbury",1010,5.1,10.85,NA
"13458","20200319:0000",-43.7461,173.1219,"Le Bons Bay",6565,NA,0,"Canterbury",1010,8.1,15.25,NA
"13459","20200320:0000",-43.7461,173.1219,"Le Bons Bay",6565,NA,0,"Canterbury",1010,39.1,10.6,NA
"13460","20200321:0000",-43.7461,173.1219,"Le Bons Bay",6565,NA,0,"Canterbury",1010,26.7,13.5,NA
"13461","20200322:0000",-43.7461,173.1219,"Le Bons Bay",6565,NA,0,"Canterbury",1010,20.4,16.95,NA
"13462","20200323:0000",-43.7461,173.1219,"Le Bons Bay",6565,NA,0,"Canterbury",1010,10.5,12.3,NA
"13463","20200324:0000",-43.7461,173.1219,"Le Bons Bay",6565,NA,0,"Canterbury",1010,39.5,7.5,NA
"13464","20200325:0000",-43.7461,173.1219,"Le Bons Bay",6565,NA,0,"Canterbury",1010,10.1,10.55,NA
"13465","20200326:0000",-43.7461,173.1219,"Le Bons Bay",6565,NA,0,"Canterbury",1010,10.3,14.35,NA
"13466","20200327:0000",-43.7461,173.1219,"Le Bons Bay",6565,NA,0,"Canterbury",1010,53.6,10.35,NA
"13467","20200328:0000",-43.7461,173.1219,"Le Bons Bay",6565,NA,0,"Canterbury",1010,28.3,10.3,NA
"13468","20200329:0000",-43.7461,173.1219,"Le Bons Bay",6565,NA,0,"Canterbury",1010,31.9,10,NA
"13469","20200330:0000",-43.7461,173.1219,"Le Bons Bay",6565,NA,0,"Canterbury",1010,25.5,10.75,NA
"13470","20200331:0000",-43.7461,173.1219,"Le Bons Bay",6565,NA,0,"Canterbury",1010,15.2,13.35,NA
"13471","20200401:0000",-43.7461,173.1219,"Le Bons Bay",6565,NA,0,"Canterbury",1010,6.2,11.35,NA
"13472","20200402:0000",-43.7461,173.1219,"Le Bons Bay",6565,NA,0,"Canterbury",1010,6.7,12.05,NA
"13473","20200403:0000",-43.7461,173.1219,"Le Bons Bay",6565,NA,0,"Canterbury",1010,11.4,10.05,NA
"13474","20200404:0000",-43.7461,173.1219,"Le Bons Bay",6565,NA,0,"Canterbury",1010,30.6,11.5,NA
"13475","20200405:0000",-43.7461,173.1219,"Le Bons Bay",6565,NA,0,"Canterbury",1010,42.4,13.45,NA
"13476","20200406:0000",-43.7461,173.1219,"Le Bons Bay",6565,NA,0,"Canterbury",1010,38.5,14.85,NA
"13477","20200407:0000",-43.7461,173.1219,"Le Bons Bay",6565,NA,0,"Canterbury",1010,25.7,16.05,NA
"13478","20200408:0000",-43.7461,173.1219,"Le Bons Bay",6565,NA,0,"Canterbury",1010,9.7,12.25,NA
"13479","20200409:0000",-43.7461,173.1219,"Le Bons Bay",6565,NA,0,"Canterbury",1010,30,10.5,NA
"13480","20200410:0000",-43.7461,173.1219,"Le Bons Bay",6565,NA,0,"Canterbury",1010,20.8,12.2,NA
"13481","20200411:0000",-43.7461,173.1219,"Le Bons Bay",6565,NA,0,"Canterbury",1010,30.1,14.25,NA
"13482","20200412:0000",-43.7461,173.1219,"Le Bons Bay",6565,NA,0,"Canterbury",1010,69.9,15.5,NA
"13483","20200413:0000",-43.7461,173.1219,"Le Bons Bay",6565,NA,0,"Canterbury",1010,42.1,10.85,NA
"13484","20200414:0000",-43.7461,173.1219,"Le Bons Bay",6565,NA,0,"Canterbury",1010,59.5,6.85,NA
"13485","20200415:0000",-43.7461,173.1219,"Le Bons Bay",6565,NA,0,"Canterbury",1010,38,9.8,NA
"13486","20200416:0000",-43.7461,173.1219,"Le Bons Bay",6565,NA,0,"Canterbury",1010,10.2,10.05,NA
"13487","20200417:0000",-43.7461,173.1219,"Le Bons Bay",6565,NA,0,"Canterbury",1010,11.9,10.05,NA
"13488","20200418:0000",-43.7461,173.1219,"Le Bons Bay",6565,NA,0,"Canterbury",1010,46.8,13.05,NA
"13489","20200419:0000",-43.7461,173.1219,"Le Bons Bay",6565,NA,0,"Canterbury",1010,57.9,13.45,NA
"13490","20200420:0000",-43.7461,173.1219,"Le Bons Bay",6565,NA,0,"Canterbury",1010,17.4,14,NA
"13491","20200421:0000",-43.7461,173.1219,"Le Bons Bay",6565,NA,0,"Canterbury",1010,5.4,11.8,NA
"13492","20200422:0000",-43.7461,173.1219,"Le Bons Bay",6565,NA,0,"Canterbury",1010,13.8,12.2,NA
"13493","20200423:0000",-43.7461,173.1219,"Le Bons Bay",6565,NA,0,"Canterbury",1010,10.7,12.95,NA
"13494","20200424:0000",-43.7461,173.1219,"Le Bons Bay",6565,NA,0,"Canterbury",1010,9.7,14.3,NA
"13495","20200425:0000",-43.7461,173.1219,"Le Bons Bay",6565,NA,0,"Canterbury",1010,15.6,16.5,NA
"13496","20200426:0000",-43.7461,173.1219,"Le Bons Bay",6565,NA,0,"Canterbury",1010,23.5,13.35,NA
"13497","20200427:0000",-43.7461,173.1219,"Le Bons Bay",6565,NA,0,"Canterbury",1010,76.7,15.2,NA
"13498","20200428:0000",-43.7461,173.1219,"Le Bons Bay",6565,NA,0,"Canterbury",1010,25.5,11.45,NA
"13499","20200429:0000",-43.7461,173.1219,"Le Bons Bay",6565,NA,0,"Canterbury",1010,27.4,14.7,NA
"13500","20200430:0000",-43.7461,173.1219,"Le Bons Bay",6565,NA,0,"Canterbury",1010,13.9,17.45,NA
"13501","20200501:0000",-43.7461,173.1219,"Le Bons Bay",6565,NA,0,"Canterbury",1010,8.3,16.85,NA
"13502","20200502:0000",-43.7461,173.1219,"Le Bons Bay",6565,NA,0,"Canterbury",1010,40.8,15.85,NA
"13503","20200503:0000",-43.7461,173.1219,"Le Bons Bay",6565,NA,0,"Canterbury",1010,57.7,15.95,NA
"13504","20200504:0000",-43.7461,173.1219,"Le Bons Bay",6565,NA,0,"Canterbury",1010,36.5,14.65,NA
"13505","20200505:0000",-43.7461,173.1219,"Le Bons Bay",6565,NA,0,"Canterbury",1010,46.9,7.85,NA
"13506","20200506:0000",-43.7461,173.1219,"Le Bons Bay",6565,NA,0,"Canterbury",1010,23,9.6,NA
"13507","20200507:0000",-43.7461,173.1219,"Le Bons Bay",6565,NA,0,"Canterbury",1010,4.9,14.1,NA
"13508","20200508:0000",-43.7461,173.1219,"Le Bons Bay",6565,NA,0,"Canterbury",1010,13.8,10.5,NA
"13509","20200509:0000",-43.7461,173.1219,"Le Bons Bay",6565,NA,0,"Canterbury",1010,26.3,10.8,NA
"13510","20200510:0000",-43.7461,173.1219,"Le Bons Bay",6565,NA,0,"Canterbury",1010,18,11.15,NA
"13511","20200511:0000",-43.7461,173.1219,"Le Bons Bay",6565,NA,0,"Canterbury",1010,17.9,11.9,NA
"13512","20200512:0000",-43.7461,173.1219,"Le Bons Bay",6565,NA,0,"Canterbury",1010,10.4,12.4,NA
"13513","20200513:0000",-43.7461,173.1219,"Le Bons Bay",6565,NA,0,"Canterbury",1010,9.4,11.25,NA
"13514","20200514:0000",-43.7461,173.1219,"Le Bons Bay",6565,NA,0,"Canterbury",1010,21.7,11.5,NA
"13515","20200515:0000",-43.7461,173.1219,"Le Bons Bay",6565,NA,0,"Canterbury",1010,39.8,10.55,NA
"13516","20200516:0000",-43.7461,173.1219,"Le Bons Bay",6565,NA,0,"Canterbury",1010,14.5,8.9,NA
"13517","20200517:0000",-43.7461,173.1219,"Le Bons Bay",6565,NA,0,"Canterbury",1010,14.9,9.05,NA
"13518","20200518:0000",-43.7461,173.1219,"Le Bons Bay",6565,NA,0,"Canterbury",1010,8.4,9.25,NA
"13519","20200519:0000",-43.7461,173.1219,"Le Bons Bay",6565,NA,0,"Canterbury",1010,9,8.85,NA
"13520","20200520:0000",-43.7461,173.1219,"Le Bons Bay",6565,NA,0,"Canterbury",1010,20,9,NA
"13521","20200521:0000",-43.7461,173.1219,"Le Bons Bay",6565,NA,0,"Canterbury",1010,35.3,12.15,NA
"13522","20200522:0000",-43.7461,173.1219,"Le Bons Bay",6565,NA,0,"Canterbury",1010,17.3,14.1,NA
"13523","20200523:0000",-43.7461,173.1219,"Le Bons Bay",6565,NA,0,"Canterbury",1010,29.4,10.15,NA
"13524","20200524:0000",-43.7461,173.1219,"Le Bons Bay",6565,NA,0,"Canterbury",1010,20,10.9,NA
"13525","20200525:0000",-43.7461,173.1219,"Le Bons Bay",6565,NA,0,"Canterbury",1010,32.2,9.2,NA
"13526","20200526:0000",-43.7461,173.1219,"Le Bons Bay",6565,NA,0,"Canterbury",1010,26.5,8.8,NA
"13527","20200527:0000",-43.7461,173.1219,"Le Bons Bay",6565,NA,0,"Canterbury",1010,10,8.95,NA
"13528","20200528:0000",-43.7461,173.1219,"Le Bons Bay",6565,NA,0,"Canterbury",1010,8.8,7.45,NA
"13529","20200529:0000",-43.7461,173.1219,"Le Bons Bay",6565,NA,0,"Canterbury",1010,12.1,7.8,NA
"13530","20200530:0000",-43.7461,173.1219,"Le Bons Bay",6565,NA,0,"Canterbury",1010,10.2,10.05,NA
"13531","20200531:0000",-43.7461,173.1219,"Le Bons Bay",6565,NA,0,"Canterbury",1010,26.6,9.85,NA
"13532","20200601:0000",-43.7461,173.1219,"Le Bons Bay",6565,NA,0,"Canterbury",1010,25.6,9.55,NA
"13533","20200602:0000",-43.7461,173.1219,"Le Bons Bay",6565,NA,0,"Canterbury",1010,4.8,11.1,NA
"13534","20200603:0000",-43.7461,173.1219,"Le Bons Bay",6565,NA,0,"Canterbury",1010,20.7,11,NA
"13535","20200604:0000",-43.7461,173.1219,"Le Bons Bay",6565,NA,0,"Canterbury",1010,34.6,9.5,NA
"13536","20200605:0000",-43.7461,173.1219,"Le Bons Bay",6565,NA,0,"Canterbury",1010,36.9,6.05,NA
"13537","20200606:0000",-43.7461,173.1219,"Le Bons Bay",6565,NA,0,"Canterbury",1010,17.8,6.55,NA
"13538","20200607:0000",-43.7461,173.1219,"Le Bons Bay",6565,NA,0,"Canterbury",1010,29.9,7.45,NA
"13539","20200608:0000",-43.7461,173.1219,"Le Bons Bay",6565,NA,0,"Canterbury",1010,3.6,9.85,NA
"13540","20200609:0000",-43.7461,173.1219,"Le Bons Bay",6565,NA,0,"Canterbury",1010,22.3,11.85,NA
"13541","20200610:0000",-43.7461,173.1219,"Le Bons Bay",6565,NA,0,"Canterbury",1010,9.2,12.15,NA
"13542","20200611:0000",-43.7461,173.1219,"Le Bons Bay",6565,NA,0,"Canterbury",1010,21.3,12.45,NA
"13543","20200612:0000",-43.7461,173.1219,"Le Bons Bay",6565,NA,0,"Canterbury",1010,51.3,7.65,NA
"13544","20200613:0000",-43.7461,173.1219,"Le Bons Bay",6565,NA,0,"Canterbury",1010,11.4,7.4,NA
"13545","20200614:0000",-43.7461,173.1219,"Le Bons Bay",6565,NA,0,"Canterbury",1010,28.9,7.75,NA
"13546","20200615:0000",-43.7461,173.1219,"Le Bons Bay",6565,NA,0,"Canterbury",1010,32.1,12,NA
"13547","20200616:0000",-43.7461,173.1219,"Le Bons Bay",6565,NA,0,"Canterbury",1010,34.6,15.05,NA
"13548","20200617:0000",-43.7461,173.1219,"Le Bons Bay",6565,NA,0,"Canterbury",1010,45.6,15.6,NA
"13549","20200618:0000",-43.7461,173.1219,"Le Bons Bay",6565,NA,0,"Canterbury",1010,50.8,7.45,NA
"13550","20200619:0000",-43.7461,173.1219,"Le Bons Bay",6565,NA,0,"Canterbury",1010,54.1,7.9,NA
"13551","20200620:0000",-43.7461,173.1219,"Le Bons Bay",6565,NA,0,"Canterbury",1010,30.9,7.7,NA
"13552","20200621:0000",-43.7461,173.1219,"Le Bons Bay",6565,NA,0,"Canterbury",1010,6.7,6.55,NA
"13553","20200622:0000",-43.7461,173.1219,"Le Bons Bay",6565,NA,0,"Canterbury",1010,12.7,7.55,NA
"13554","20200623:0000",-43.7461,173.1219,"Le Bons Bay",6565,NA,0,"Canterbury",1010,25.3,8,NA
"13555","20200624:0000",-43.7461,173.1219,"Le Bons Bay",6565,NA,0,"Canterbury",1010,12.1,7.3,NA
"13556","20200625:0000",-43.7461,173.1219,"Le Bons Bay",6565,NA,0,"Canterbury",1010,23.7,7.2,NA
"13557","20200626:0000",-43.7461,173.1219,"Le Bons Bay",6565,NA,0,"Canterbury",1010,22.6,7.9,NA
"13558","20200627:0000",-43.7461,173.1219,"Le Bons Bay",6565,NA,0,"Canterbury",1010,38.8,9.25,NA
"13559","20200628:0000",-43.7461,173.1219,"Le Bons Bay",6565,NA,0,"Canterbury",1010,14.2,10.75,NA
"13560","20200629:0000",-43.7461,173.1219,"Le Bons Bay",6565,NA,0,"Canterbury",1010,64.8,5.7,NA
"13561","20200630:0000",-43.7461,173.1219,"Le Bons Bay",6565,NA,0,"Canterbury",1010,47.4,5.3,NA
"13562","20200701:0000",-43.7461,173.1219,"Le Bons Bay",6565,NA,0,"Canterbury",1010,59.2,4.5,NA
"13563","20200702:0000",-43.7461,173.1219,"Le Bons Bay",6565,NA,0,"Canterbury",1010,46.3,4.65,NA
"13564","20200703:0000",-43.7461,173.1219,"Le Bons Bay",6565,NA,0,"Canterbury",1010,10.2,5.7,NA
"13565","20200704:0000",-43.7461,173.1219,"Le Bons Bay",6565,NA,0,"Canterbury",1010,18.5,8.6,NA
"13566","20200705:0000",-43.7461,173.1219,"Le Bons Bay",6565,NA,0,"Canterbury",1010,39.5,9.9,NA
"13567","20200706:0000",-43.7461,173.1219,"Le Bons Bay",6565,NA,0,"Canterbury",1010,29.2,9.8,NA
"13568","20200707:0000",-43.7461,173.1219,"Le Bons Bay",6565,NA,0,"Canterbury",1010,35,7.9,NA
"13569","20200708:0000",-43.7461,173.1219,"Le Bons Bay",6565,NA,0,"Canterbury",1010,43.8,4.6,NA
"13570","20200709:0000",-43.7461,173.1219,"Le Bons Bay",6565,NA,0,"Canterbury",1010,54.9,5.15,NA
"13571","20200710:0000",-43.7461,173.1219,"Le Bons Bay",6565,NA,0,"Canterbury",1010,3.7,7.2,NA
"13572","20200711:0000",-43.7461,173.1219,"Le Bons Bay",6565,NA,0,"Canterbury",1010,22.2,9.1,NA
"13573","20200712:0000",-43.7461,173.1219,"Le Bons Bay",6565,NA,0,"Canterbury",1010,46.3,10.45,NA
"13574","20200713:0000",-43.7461,173.1219,"Le Bons Bay",6565,NA,0,"Canterbury",1010,14.3,5.95,NA
"13575","20200714:0000",-43.7461,173.1219,"Le Bons Bay",6565,NA,0,"Canterbury",1010,3.3,6.5,NA
"13576","20200715:0000",-43.7461,173.1219,"Le Bons Bay",6565,NA,0,"Canterbury",1010,27.9,5.75,NA
"13577","20200716:0000",-43.7461,173.1219,"Le Bons Bay",6565,NA,0,"Canterbury",1010,1.4,5.15,NA
"13578","20200717:0000",-43.7461,173.1219,"Le Bons Bay",6565,NA,0,"Canterbury",1010,15.5,5.7,NA
"13579","20200718:0000",-43.7461,173.1219,"Le Bons Bay",6565,NA,0,"Canterbury",1010,7.9,6.7,NA
"13580","20200719:0000",-43.7461,173.1219,"Le Bons Bay",6565,NA,0,"Canterbury",1010,26.1,8.4,NA
"13581","20200720:0000",-43.7461,173.1219,"Le Bons Bay",6565,NA,0,"Canterbury",1010,31.5,9.45,NA
"13582","20200721:0000",-43.7461,173.1219,"Le Bons Bay",6565,NA,0,"Canterbury",1010,48.4,11.4,NA
"13583","20200722:0000",-43.7461,173.1219,"Le Bons Bay",6565,NA,0,"Canterbury",1010,46.7,8.6,NA
"13584","20200723:0000",-43.7461,173.1219,"Le Bons Bay",6565,NA,0,"Canterbury",1010,25.4,6.55,NA
"13585","20200724:0000",-43.7461,173.1219,"Le Bons Bay",6565,NA,0,"Canterbury",1010,18.1,7.1,NA
"13586","20200725:0000",-43.7461,173.1219,"Le Bons Bay",6565,NA,0,"Canterbury",1010,9.1,8.6,NA
"13587","20200726:0000",-43.7461,173.1219,"Le Bons Bay",6565,NA,0,"Canterbury",1010,9.2,10.15,NA
"13588","20200727:0000",-43.7461,173.1219,"Le Bons Bay",6565,NA,0,"Canterbury",1010,9.7,NA,NA
"13589","20200728:0000",-43.7461,173.1219,"Le Bons Bay",6565,NA,0,"Canterbury",1010,7.3,8.3,NA
"13590","20200729:0000",-43.7461,173.1219,"Le Bons Bay",6565,NA,0,"Canterbury",1010,5.3,7.65,NA
"13591","20200730:0000",-43.7461,173.1219,"Le Bons Bay",6565,NA,0,"Canterbury",1010,21.6,9.15,NA
"13592","20200731:0000",-43.7461,173.1219,"Le Bons Bay",6565,NA,0,"Canterbury",1010,21.8,9.5,NA
"13593","20200801:0000",-43.7461,173.1219,"Le Bons Bay",6565,NA,0,"Canterbury",1010,36.2,9.45,NA
"13594","20200802:0000",-43.7461,173.1219,"Le Bons Bay",6565,NA,0,"Canterbury",1010,31.4,10.6,NA
"13595","20200803:0000",-43.7461,173.1219,"Le Bons Bay",6565,NA,0,"Canterbury",1010,9.2,10.4,NA
"13596","20200804:0000",-43.7461,173.1219,"Le Bons Bay",6565,NA,0,"Canterbury",1010,12.2,12.5,NA
"13597","20200805:0000",-43.7461,173.1219,"Le Bons Bay",6565,NA,0,"Canterbury",1010,4.3,11.8,NA
"13598","20200806:0000",-43.7461,173.1219,"Le Bons Bay",6565,NA,0,"Canterbury",1010,29.3,9.2,NA
"13599","20200807:0000",-43.7461,173.1219,"Le Bons Bay",6565,NA,0,"Canterbury",1010,9.5,10.65,NA
"13600","20200808:0000",-43.7461,173.1219,"Le Bons Bay",6565,NA,0,"Canterbury",1010,57.4,6.1,NA
"13601","20200809:0000",-43.7461,173.1219,"Le Bons Bay",6565,NA,0,"Canterbury",1010,NA,NA,NA
"13602","20200810:0000",-43.7461,173.1219,"Le Bons Bay",6565,NA,0,"Canterbury",1010,6.4,11.7,NA
"13603","20200811:0000",-43.7461,173.1219,"Le Bons Bay",6565,NA,0,"Canterbury",1010,28.4,9.15,NA
"13604","20200812:0000",-43.7461,173.1219,"Le Bons Bay",6565,NA,0,"Canterbury",1010,21.6,7.7,NA
"13605","20200813:0000",-43.7461,173.1219,"Le Bons Bay",6565,NA,0,"Canterbury",1010,16,8.45,NA
"13606","20200814:0000",-43.7461,173.1219,"Le Bons Bay",6565,NA,0,"Canterbury",1010,11.5,5.35,NA
"13607","20200815:0000",-43.7461,173.1219,"Le Bons Bay",6565,NA,0,"Canterbury",1010,6.2,5.85,NA
"13608","20200816:0000",-43.7461,173.1219,"Le Bons Bay",6565,NA,0,"Canterbury",1010,26.7,6.35,NA
"13609","20200817:0000",-43.7461,173.1219,"Le Bons Bay",6565,NA,0,"Canterbury",1010,9.4,6.2,NA
"13610","20200818:0000",-43.7461,173.1219,"Le Bons Bay",6565,NA,0,"Canterbury",1010,30.5,7.5,NA
"13611","20200819:0000",-43.7461,173.1219,"Le Bons Bay",6565,NA,0,"Canterbury",1010,54.6,9.3,NA
"13612","20200820:0000",-43.7461,173.1219,"Le Bons Bay",6565,NA,0,"Canterbury",1010,7.9,10.95,NA
"13613","20200821:0000",-43.7461,173.1219,"Le Bons Bay",6565,NA,0,"Canterbury",1010,9.8,7.5,NA
"13614","20200822:0000",-43.7461,173.1219,"Le Bons Bay",6565,NA,0,"Canterbury",1010,5.6,8.4,NA
"13615","20200823:0000",-43.7461,173.1219,"Le Bons Bay",6565,NA,0,"Canterbury",1010,20.9,8.55,NA
"13616","20200824:0000",-43.7461,173.1219,"Le Bons Bay",6565,NA,0,"Canterbury",1010,12.6,9.9,NA
"13617","20200825:0000",-43.7461,173.1219,"Le Bons Bay",6565,NA,0,"Canterbury",1010,24.1,9.2,NA
"13618","20200826:0000",-43.7461,173.1219,"Le Bons Bay",6565,NA,0,"Canterbury",1010,28.3,6,NA
"13619","20200827:0000",-43.7461,173.1219,"Le Bons Bay",6565,NA,0,"Canterbury",1010,32.3,7,NA
"13620","20200828:0000",-43.7461,173.1219,"Le Bons Bay",6565,NA,0,"Canterbury",1010,27.2,8.4,NA
"13621","20200829:0000",-43.7461,173.1219,"Le Bons Bay",6565,NA,0,"Canterbury",1010,27.3,11.6,NA
"13622","20200830:0000",-43.7461,173.1219,"Le Bons Bay",6565,NA,0,"Canterbury",1010,23.2,14.2,NA
"13623","20200831:0000",-43.7461,173.1219,"Le Bons Bay",6565,NA,0,"Canterbury",1010,6.6,15.5,NA
"13624",NA,-43.62622,172.4704,"Lincoln",2353,"Lincoln",100049,"Canterbury",1010,NA,NA,NA
"13625",NA,-43.47962,172.08417,"Darfield",282,"Darfield",100016,"Canterbury",1010,NA,NA,NA
"13626","20180101:0000",-43.80938,172.96574,"Akaroa",10,"Akaroa",100148,"Canterbury",1010,4.7,18.4,5.5
"13627","20180102:0000",-43.80938,172.96574,"Akaroa",10,"Akaroa",100148,"Canterbury",1010,4.3,20.1,10.4
"13628","20180103:0000",-43.80938,172.96574,"Akaroa",10,"Akaroa",100148,"Canterbury",1010,2.5,22.45,9
"13629","20180104:0000",-43.80938,172.96574,"Akaroa",10,"Akaroa",100148,"Canterbury",1010,2.5,21.05,3.3
"13630","20180105:0000",-43.80938,172.96574,"Akaroa",10,"Akaroa",100148,"Canterbury",1010,7.9,16.7,0
"13631","20180106:0000",-43.80938,172.96574,"Akaroa",10,"Akaroa",100148,"Canterbury",1010,22.7,14.65,9.6
"13632","20180107:0000",-43.80938,172.96574,"Akaroa",10,"Akaroa",100148,"Canterbury",1010,13.3,17.4,8.4
"13633","20180108:0000",-43.80938,172.96574,"Akaroa",10,"Akaroa",100148,"Canterbury",1010,4.7,19.45,12.6
"13634","20180109:0000",-43.80938,172.96574,"Akaroa",10,"Akaroa",100148,"Canterbury",1010,2.9,20.65,4.8
"13635","20180110:0000",-43.80938,172.96574,"Akaroa",10,"Akaroa",100148,"Canterbury",1010,6.1,16,0.5
"13636","20180111:0000",-43.80938,172.96574,"Akaroa",10,"Akaroa",100148,"Canterbury",1010,0.7,13.4,0
"13637","20180112:0000",-43.80938,172.96574,"Akaroa",10,"Akaroa",100148,"Canterbury",1010,1.1,13.95,0.4
"13638","20180113:0000",-43.80938,172.96574,"Akaroa",10,"Akaroa",100148,"Canterbury",1010,7.2,18.35,6.5
"13639","20180114:0000",-43.80938,172.96574,"Akaroa",10,"Akaroa",100148,"Canterbury",1010,1.8,23.15,13.3
"13640","20180115:0000",-43.80938,172.96574,"Akaroa",10,"Akaroa",100148,"Canterbury",1010,3.2,21.85,12.9
"13641","20180116:0000",-43.80938,172.96574,"Akaroa",10,"Akaroa",100148,"Canterbury",1010,2.5,23.95,13.3
"13642","20180117:0000",-43.80938,172.96574,"Akaroa",10,"Akaroa",100148,"Canterbury",1010,2.9,23.9,5.3
"13643","20180118:0000",-43.80938,172.96574,"Akaroa",10,"Akaroa",100148,"Canterbury",1010,12.2,24.2,13.2
"13644","20180119:0000",-43.80938,172.96574,"Akaroa",10,"Akaroa",100148,"Canterbury",1010,3.2,21.35,8.7
"13645","20180120:0000",-43.80938,172.96574,"Akaroa",10,"Akaroa",100148,"Canterbury",1010,1.1,23.8,13
"13646","20180121:0000",-43.80938,172.96574,"Akaroa",10,"Akaroa",100148,"Canterbury",1010,3.2,21.15,9.7
"13647","20180122:0000",-43.80938,172.96574,"Akaroa",10,"Akaroa",100148,"Canterbury",1010,3.6,22.7,8
"13648","20180123:0000",-43.80938,172.96574,"Akaroa",10,"Akaroa",100148,"Canterbury",1010,3.2,24.25,12.3
"13649","20180124:0000",-43.80938,172.96574,"Akaroa",10,"Akaroa",100148,"Canterbury",1010,1.1,25.8,13.1
"13650","20180125:0000",-43.80938,172.96574,"Akaroa",10,"Akaroa",100148,"Canterbury",1010,2.9,24.2,12
"13651","20180126:0000",-43.80938,172.96574,"Akaroa",10,"Akaroa",100148,"Canterbury",1010,2.2,21.25,5.6
"13652","20180127:0000",-43.80938,172.96574,"Akaroa",10,"Akaroa",100148,"Canterbury",1010,3.2,22.35,12.4
"13653","20180128:0000",-43.80938,172.96574,"Akaroa",10,"Akaroa",100148,"Canterbury",1010,1.8,22.65,12.6
"13654","20180129:0000",-43.80938,172.96574,"Akaroa",10,"Akaroa",100148,"Canterbury",1010,4,22.3,12.9
"13655","20180130:0000",-43.80938,172.96574,"Akaroa",10,"Akaroa",100148,"Canterbury",1010,1.8,25.25,13
"13656","20180131:0000",-43.80938,172.96574,"Akaroa",10,"Akaroa",100148,"Canterbury",1010,4.7,25.1,9.5
"13657","20180201:0000",-43.80938,172.96574,"Akaroa",10,"Akaroa",100148,"Canterbury",1010,10.1,27.9,7.8
"13658","20180202:0000",-43.80938,172.96574,"Akaroa",10,"Akaroa",100148,"Canterbury",1010,11.5,15,2.4
"13659","20180203:0000",-43.80938,172.96574,"Akaroa",10,"Akaroa",100148,"Canterbury",1010,8.3,14.35,6
"13660","20180204:0000",-43.80938,172.96574,"Akaroa",10,"Akaroa",100148,"Canterbury",1010,2.9,16.85,11.3
"13661","20180205:0000",-43.80938,172.96574,"Akaroa",10,"Akaroa",100148,"Canterbury",1010,6.1,21.55,6.6
"13662","20180206:0000",-43.80938,172.96574,"Akaroa",10,"Akaroa",100148,"Canterbury",1010,9.7,13.3,5.7
"13663","20180207:0000",-43.80938,172.96574,"Akaroa",10,"Akaroa",100148,"Canterbury",1010,1.4,16.1,6.1
"13664","20180208:0000",-43.80938,172.96574,"Akaroa",10,"Akaroa",100148,"Canterbury",1010,1.8,17.15,12.3
"13665","20180209:0000",-43.80938,172.96574,"Akaroa",10,"Akaroa",100148,"Canterbury",1010,2.9,19.85,12.2
"13666","20180210:0000",-43.80938,172.96574,"Akaroa",10,"Akaroa",100148,"Canterbury",1010,2.2,20.65,3.7
"13667","20180211:0000",-43.80938,172.96574,"Akaroa",10,"Akaroa",100148,"Canterbury",1010,2.9,19.85,0
"13668","20180212:0000",-43.80938,172.96574,"Akaroa",10,"Akaroa",100148,"Canterbury",1010,1.8,23.15,12.2
"13669","20180213:0000",-43.80938,172.96574,"Akaroa",10,"Akaroa",100148,"Canterbury",1010,4.3,24.15,9.9
"13670","20180214:0000",-43.80938,172.96574,"Akaroa",10,"Akaroa",100148,"Canterbury",1010,2.9,18.95,2.7
"13671","20180215:0000",-43.80938,172.96574,"Akaroa",10,"Akaroa",100148,"Canterbury",1010,2.5,21.9,10.5
"13672","20180216:0000",-43.80938,172.96574,"Akaroa",10,"Akaroa",100148,"Canterbury",1010,4.3,23.3,7.1
"13673","20180217:0000",-43.80938,172.96574,"Akaroa",10,"Akaroa",100148,"Canterbury",1010,15.1,24.25,6.2
"13674","20180218:0000",-43.80938,172.96574,"Akaroa",10,"Akaroa",100148,"Canterbury",1010,1.1,22.35,8.6
"13675","20180219:0000",-43.80938,172.96574,"Akaroa",10,"Akaroa",100148,"Canterbury",1010,5.8,22.65,6.5
"13676","20180220:0000",-43.80938,172.96574,"Akaroa",10,"Akaroa",100148,"Canterbury",1010,6.8,13.25,0
"13677","20180221:0000",-43.80938,172.96574,"Akaroa",10,"Akaroa",100148,"Canterbury",1010,11.2,12.45,0.1
"13678","20180222:0000",-43.80938,172.96574,"Akaroa",10,"Akaroa",100148,"Canterbury",1010,15.5,14.35,7
"13679","20180223:0000",-43.80938,172.96574,"Akaroa",10,"Akaroa",100148,"Canterbury",1010,2.5,15.7,11.7
"13680","20180224:0000",-43.80938,172.96574,"Akaroa",10,"Akaroa",100148,"Canterbury",1010,1.4,17.25,10.6
"13681","20180225:0000",-43.80938,172.96574,"Akaroa",10,"Akaroa",100148,"Canterbury",1010,8.3,21,3.6
"13682","20180226:0000",-43.80938,172.96574,"Akaroa",10,"Akaroa",100148,"Canterbury",1010,13,14.5,7.6
"13683","20180227:0000",-43.80938,172.96574,"Akaroa",10,"Akaroa",100148,"Canterbury",1010,1.8,14.7,0
"13684","20180228:0000",-43.80938,172.96574,"Akaroa",10,"Akaroa",100148,"Canterbury",1010,8.6,17.8,5.4
"13685","20180301:0000",-43.80938,172.96574,"Akaroa",10,"Akaroa",100148,"Canterbury",1010,1.8,21.9,7.5
"13686","20180302:0000",-43.80938,172.96574,"Akaroa",10,"Akaroa",100148,"Canterbury",1010,1.8,22.1,1.7
"13687","20180303:0000",-43.80938,172.96574,"Akaroa",10,"Akaroa",100148,"Canterbury",1010,1.4,24.15,9.7
"13688","20180304:0000",-43.80938,172.96574,"Akaroa",10,"Akaroa",100148,"Canterbury",1010,1.4,22.3,10.7
"13689","20180305:0000",-43.80938,172.96574,"Akaroa",10,"Akaroa",100148,"Canterbury",1010,4.7,20.95,10.8
"13690","20180306:0000",-43.80938,172.96574,"Akaroa",10,"Akaroa",100148,"Canterbury",1010,2.2,16.75,0
"13691","20180307:0000",-43.80938,172.96574,"Akaroa",10,"Akaroa",100148,"Canterbury",1010,1.8,15.45,7.2
"13692","20180308:0000",-43.80938,172.96574,"Akaroa",10,"Akaroa",100148,"Canterbury",1010,0.7,15.35,2.8
"13693","20180309:0000",-43.80938,172.96574,"Akaroa",10,"Akaroa",100148,"Canterbury",1010,3.6,14.35,2.1
"13694","20180310:0000",-43.80938,172.96574,"Akaroa",10,"Akaroa",100148,"Canterbury",1010,2.5,15.4,10.5
"13695","20180311:0000",-43.80938,172.96574,"Akaroa",10,"Akaroa",100148,"Canterbury",1010,1.8,15.95,10.4
"13696","20180312:0000",-43.80938,172.96574,"Akaroa",10,"Akaroa",100148,"Canterbury",1010,2.9,18.35,10.3
"13697","20180313:0000",-43.80938,172.96574,"Akaroa",10,"Akaroa",100148,"Canterbury",1010,4,17.4,1.2
"13698","20180314:0000",-43.80938,172.96574,"Akaroa",10,"Akaroa",100148,"Canterbury",1010,2.2,15.65,10.2
"13699","20180315:0000",-43.80938,172.96574,"Akaroa",10,"Akaroa",100148,"Canterbury",1010,4,17.8,6.1
"13700","20180316:0000",-43.80938,172.96574,"Akaroa",10,"Akaroa",100148,"Canterbury",1010,4.7,19.7,2.6
"13701","20180317:0000",-43.80938,172.96574,"Akaroa",10,"Akaroa",100148,"Canterbury",1010,1.4,13.6,0.5
"13702","20180318:0000",-43.80938,172.96574,"Akaroa",10,"Akaroa",100148,"Canterbury",1010,12.2,16.25,3.2
"13703","20180319:0000",-43.80938,172.96574,"Akaroa",10,"Akaroa",100148,"Canterbury",1010,12.2,19.35,8.1
"13704","20180320:0000",-43.80938,172.96574,"Akaroa",10,"Akaroa",100148,"Canterbury",1010,2.5,20.7,10
"13705","20180321:0000",-43.80938,172.96574,"Akaroa",10,"Akaroa",100148,"Canterbury",1010,2.5,20.4,6.4
"13706","20180322:0000",-43.80938,172.96574,"Akaroa",10,"Akaroa",100148,"Canterbury",1010,18.4,11.35,0
"13707","20180323:0000",-43.80938,172.96574,"Akaroa",10,"Akaroa",100148,"Canterbury",1010,2.9,12.5,0
"13708","20180324:0000",-43.80938,172.96574,"Akaroa",10,"Akaroa",100148,"Canterbury",1010,5,15.15,1
"13709","20180325:0000",-43.80938,172.96574,"Akaroa",10,"Akaroa",100148,"Canterbury",1010,3.2,18.5,8.9
"13710","20180326:0000",-43.80938,172.96574,"Akaroa",10,"Akaroa",100148,"Canterbury",1010,1.8,20,9.1
"13711","20180327:0000",-43.80938,172.96574,"Akaroa",10,"Akaroa",100148,"Canterbury",1010,7.2,21.55,3.6
"13712","20180328:0000",-43.80938,172.96574,"Akaroa",10,"Akaroa",100148,"Canterbury",1010,2.5,20.35,9.4
"13713","20180329:0000",-43.80938,172.96574,"Akaroa",10,"Akaroa",100148,"Canterbury",1010,3.2,18.15,5.2
"13714","20180330:0000",-43.80938,172.96574,"Akaroa",10,"Akaroa",100148,"Canterbury",1010,2.5,17.1,9.5
"13715","20180331:0000",-43.80938,172.96574,"Akaroa",10,"Akaroa",100148,"Canterbury",1010,6.5,20.5,7.1
"13716","20180401:0000",-43.80938,172.96574,"Akaroa",10,"Akaroa",100148,"Canterbury",1010,1.4,15.5,7.6
"13717","20180402:0000",-43.80938,172.96574,"Akaroa",10,"Akaroa",100148,"Canterbury",1010,2.5,17.95,5.1
"13718","20180403:0000",-43.80938,172.96574,"Akaroa",10,"Akaroa",100148,"Canterbury",1010,7.2,19.95,6.8
"13719","20180404:0000",-43.80938,172.96574,"Akaroa",10,"Akaroa",100148,"Canterbury",1010,7.2,18.8,5.2
"13720","20180405:0000",-43.80938,172.96574,"Akaroa",10,"Akaroa",100148,"Canterbury",1010,1.8,16.4,7.4
"13721","20180406:0000",-43.80938,172.96574,"Akaroa",10,"Akaroa",100148,"Canterbury",1010,1.1,20.6,5.5
"13722","20180407:0000",-43.80938,172.96574,"Akaroa",10,"Akaroa",100148,"Canterbury",1010,9.7,13.35,6.8
"13723","20180408:0000",-43.80938,172.96574,"Akaroa",10,"Akaroa",100148,"Canterbury",1010,4.7,14.65,6
"13724","20180409:0000",-43.80938,172.96574,"Akaroa",10,"Akaroa",100148,"Canterbury",1010,4.7,10.95,0
"13725","20180410:0000",-43.80938,172.96574,"Akaroa",10,"Akaroa",100148,"Canterbury",1010,10.4,8.1,0.2
"13726","20180411:0000",-43.80938,172.96574,"Akaroa",10,"Akaroa",100148,"Canterbury",1010,11.9,9.1,2.6
"13727","20180412:0000",-43.80938,172.96574,"Akaroa",10,"Akaroa",100148,"Canterbury",1010,3.6,10.4,1.7
"13728","20180413:0000",-43.80938,172.96574,"Akaroa",10,"Akaroa",100148,"Canterbury",1010,8.3,11.2,6.7
"13729","20180414:0000",-43.80938,172.96574,"Akaroa",10,"Akaroa",100148,"Canterbury",1010,1.8,10.65,3.6
"13730","20180415:0000",-43.80938,172.96574,"Akaroa",10,"Akaroa",100148,"Canterbury",1010,10.8,12.85,2.8
"13731","20180416:0000",-43.80938,172.96574,"Akaroa",10,"Akaroa",100148,"Canterbury",1010,4.3,17.55,6.5
"13732","20180417:0000",-43.80938,172.96574,"Akaroa",10,"Akaroa",100148,"Canterbury",1010,7.9,16.85,9.2
"13733","20180418:0000",-43.80938,172.96574,"Akaroa",10,"Akaroa",100148,"Canterbury",1010,13,12.85,8.8
"13734","20180419:0000",-43.80938,172.96574,"Akaroa",10,"Akaroa",100148,"Canterbury",1010,1.8,15.55,7.4
"13735","20180420:0000",-43.80938,172.96574,"Akaroa",10,"Akaroa",100148,"Canterbury",1010,5,19.7,8.7
"13736","20180421:0000",-43.80938,172.96574,"Akaroa",10,"Akaroa",100148,"Canterbury",1010,5.8,14.55,7
"13737","20180422:0000",-43.80938,172.96574,"Akaroa",10,"Akaroa",100148,"Canterbury",1010,17.6,11.85,8.6
"13738","20180423:0000",-43.80938,172.96574,"Akaroa",10,"Akaroa",100148,"Canterbury",1010,1.1,12.75,8.8
"13739","20180424:0000",-43.80938,172.96574,"Akaroa",10,"Akaroa",100148,"Canterbury",1010,2.9,15.45,8.5
"13740","20180425:0000",-43.80938,172.96574,"Akaroa",10,"Akaroa",100148,"Canterbury",1010,1.8,13.95,7.5
"13741","20180426:0000",-43.80938,172.96574,"Akaroa",10,"Akaroa",100148,"Canterbury",1010,1.8,16.7,8.8
"13742","20180427:0000",-43.80938,172.96574,"Akaroa",10,"Akaroa",100148,"Canterbury",1010,3.2,17.45,5
"13743","20180428:0000",-43.80938,172.96574,"Akaroa",10,"Akaroa",100148,"Canterbury",1010,2.2,13.5,0
"13744","20180429:0000",-43.80938,172.96574,"Akaroa",10,"Akaroa",100148,"Canterbury",1010,3.2,13.6,0
"13745","20180430:0000",-43.80938,172.96574,"Akaroa",10,"Akaroa",100148,"Canterbury",1010,5.8,11.3,0
"13746","20180501:0000",-43.80938,172.96574,"Akaroa",10,"Akaroa",100148,"Canterbury",1010,3.2,13.45,8.5
"13747","20180502:0000",-43.80938,172.96574,"Akaroa",10,"Akaroa",100148,"Canterbury",1010,2.2,13.2,7.5
"13748","20180503:0000",-43.80938,172.96574,"Akaroa",10,"Akaroa",100148,"Canterbury",1010,1.4,13.05,7
"13749","20180504:0000",-43.80938,172.96574,"Akaroa",10,"Akaroa",100148,"Canterbury",1010,1.8,13.75,4.9
"13750","20180505:0000",-43.80938,172.96574,"Akaroa",10,"Akaroa",100148,"Canterbury",1010,2.5,16.55,6.6
"13751","20180506:0000",-43.80938,172.96574,"Akaroa",10,"Akaroa",100148,"Canterbury",1010,1.8,17,7.3
"13752","20180507:0000",-43.80938,172.96574,"Akaroa",10,"Akaroa",100148,"Canterbury",1010,6.1,15.35,6.2
"13753","20180508:0000",-43.80938,172.96574,"Akaroa",10,"Akaroa",100148,"Canterbury",1010,6.8,17.6,2.2
"13754","20180509:0000",-43.80938,172.96574,"Akaroa",10,"Akaroa",100148,"Canterbury",1010,2.9,17.7,8.2
"13755","20180510:0000",-43.80938,172.96574,"Akaroa",10,"Akaroa",100148,"Canterbury",1010,4,16.35,5.1
"13756","20180511:0000",-43.80938,172.96574,"Akaroa",10,"Akaroa",100148,"Canterbury",1010,3.2,16.2,5.4
"13757","20180512:0000",-43.80938,172.96574,"Akaroa",10,"Akaroa",100148,"Canterbury",1010,12.6,12.5,1.7
"13758","20180513:0000",-43.80938,172.96574,"Akaroa",10,"Akaroa",100148,"Canterbury",1010,7.2,10.45,0
"13759","20180514:0000",-43.80938,172.96574,"Akaroa",10,"Akaroa",100148,"Canterbury",1010,1.4,12.15,6.1
"13760","20180515:0000",-43.80938,172.96574,"Akaroa",10,"Akaroa",100148,"Canterbury",1010,2.5,13.15,0.3
"13761","20180516:0000",-43.80938,172.96574,"Akaroa",10,"Akaroa",100148,"Canterbury",1010,2.9,10.7,0
"13762","20180517:0000",-43.80938,172.96574,"Akaroa",10,"Akaroa",100148,"Canterbury",1010,5,11.25,6.9
"13763","20180518:0000",-43.80938,172.96574,"Akaroa",10,"Akaroa",100148,"Canterbury",1010,4,14.1,7.2
"13764","20180519:0000",-43.80938,172.96574,"Akaroa",10,"Akaroa",100148,"Canterbury",1010,2.5,15.15,7.3
"13765","20180520:0000",-43.80938,172.96574,"Akaroa",10,"Akaroa",100148,"Canterbury",1010,8.3,14.65,5
"13766","20180521:0000",-43.80938,172.96574,"Akaroa",10,"Akaroa",100148,"Canterbury",1010,11.5,11.7,6.3
"13767","20180522:0000",-43.80938,172.96574,"Akaroa",10,"Akaroa",100148,"Canterbury",1010,8.3,12.5,2.4
"13768","20180523:0000",-43.80938,172.96574,"Akaroa",10,"Akaroa",100148,"Canterbury",1010,1.8,9.05,3.6
"13769","20180524:0000",-43.80938,172.96574,"Akaroa",10,"Akaroa",100148,"Canterbury",1010,5,10.15,3.8
"13770","20180525:0000",-43.80938,172.96574,"Akaroa",10,"Akaroa",100148,"Canterbury",1010,2.9,8.6,3
"13771","20180526:0000",-43.80938,172.96574,"Akaroa",10,"Akaroa",100148,"Canterbury",1010,2.9,10.05,5
"13772","20180527:0000",-43.80938,172.96574,"Akaroa",10,"Akaroa",100148,"Canterbury",1010,16.6,8.1,0.2
"13773","20180528:0000",-43.80938,172.96574,"Akaroa",10,"Akaroa",100148,"Canterbury",1010,9,7.05,1.7
"13774","20180529:0000",-43.80938,172.96574,"Akaroa",10,"Akaroa",100148,"Canterbury",1010,6.5,7.8,0
"13775","20180530:0000",-43.80938,172.96574,"Akaroa",10,"Akaroa",100148,"Canterbury",1010,1.4,8.85,2.7
"13776","20180531:0000",-43.80938,172.96574,"Akaroa",10,"Akaroa",100148,"Canterbury",1010,2.2,8.2,1.3
"13777","20180601:0000",-43.80938,172.96574,"Akaroa",10,"Akaroa",100148,"Canterbury",1010,0.7,7.1,1.3
"13778","20180602:0000",-43.80938,172.96574,"Akaroa",10,"Akaroa",100148,"Canterbury",1010,0.7,7.7,0
"13779","20180603:0000",-43.80938,172.96574,"Akaroa",10,"Akaroa",100148,"Canterbury",1010,2.9,9.3,0.4
"13780","20180604:0000",-43.80938,172.96574,"Akaroa",10,"Akaroa",100148,"Canterbury",1010,0.4,9.6,0
"13781","20180605:0000",-43.80938,172.96574,"Akaroa",10,"Akaroa",100148,"Canterbury",1010,4.7,9.3,0.4
"13782","20180606:0000",-43.80938,172.96574,"Akaroa",10,"Akaroa",100148,"Canterbury",1010,17.6,7.1,0.4
"13783","20180607:0000",-43.80938,172.96574,"Akaroa",10,"Akaroa",100148,"Canterbury",1010,16.6,7.65,0
"13784","20180608:0000",-43.80938,172.96574,"Akaroa",10,"Akaroa",100148,"Canterbury",1010,4,10.4,3.9
"13785","20180609:0000",-43.80938,172.96574,"Akaroa",10,"Akaroa",100148,"Canterbury",1010,3.2,10.65,0
"13786","20180610:0000",-43.80938,172.96574,"Akaroa",10,"Akaroa",100148,"Canterbury",1010,1.8,11.1,1
"13787","20180611:0000",-43.80938,172.96574,"Akaroa",10,"Akaroa",100148,"Canterbury",1010,1.8,8.7,0
"13788","20180612:0000",-43.80938,172.96574,"Akaroa",10,"Akaroa",100148,"Canterbury",1010,1.4,7.95,0
"13789","20180613:0000",-43.80938,172.96574,"Akaroa",10,"Akaroa",100148,"Canterbury",1010,1.8,9,0
"13790","20180614:0000",-43.80938,172.96574,"Akaroa",10,"Akaroa",100148,"Canterbury",1010,4,10.2,1.6
"13791","20180615:0000",-43.80938,172.96574,"Akaroa",10,"Akaroa",100148,"Canterbury",1010,0.7,8.4,3.4
"13792","20180616:0000",-43.80938,172.96574,"Akaroa",10,"Akaroa",100148,"Canterbury",1010,2.2,6.3,1.6
"13793","20180617:0000",-43.80938,172.96574,"Akaroa",10,"Akaroa",100148,"Canterbury",1010,1.1,6.25,1.5
"13794","20180618:0000",-43.80938,172.96574,"Akaroa",10,"Akaroa",100148,"Canterbury",1010,2.2,6.9,0
"13795","20180619:0000",-43.80938,172.96574,"Akaroa",10,"Akaroa",100148,"Canterbury",1010,7.9,7.55,3.7
"13796","20180620:0000",-43.80938,172.96574,"Akaroa",10,"Akaroa",100148,"Canterbury",1010,2.5,8.05,4.9
"13797","20180621:0000",-43.80938,172.96574,"Akaroa",10,"Akaroa",100148,"Canterbury",1010,2.2,6.15,3.9
"13798","20180622:0000",-43.80938,172.96574,"Akaroa",10,"Akaroa",100148,"Canterbury",1010,1.1,4.7,0.1
"13799","20180623:0000",-43.80938,172.96574,"Akaroa",10,"Akaroa",100148,"Canterbury",1010,1.1,6.2,6.3
"13800","20180624:0000",-43.80938,172.96574,"Akaroa",10,"Akaroa",100148,"Canterbury",1010,5,9.2,4.9
"13801","20180625:0000",-43.80938,172.96574,"Akaroa",10,"Akaroa",100148,"Canterbury",1010,5.8,9.1,6.7
"13802","20180626:0000",-43.80938,172.96574,"Akaroa",10,"Akaroa",100148,"Canterbury",1010,19.1,7,1.3
"13803","20180627:0000",-43.80938,172.96574,"Akaroa",10,"Akaroa",100148,"Canterbury",1010,12.2,7.5,2.2
"13804","20180628:0000",-43.80938,172.96574,"Akaroa",10,"Akaroa",100148,"Canterbury",1010,2.2,10.55,4.2
"13805","20180629:0000",-43.80938,172.96574,"Akaroa",10,"Akaroa",100148,"Canterbury",1010,2.9,9,1.9
"13806","20180630:0000",-43.80938,172.96574,"Akaroa",10,"Akaroa",100148,"Canterbury",1010,0.7,7.6,6.9
"13807","20180701:0000",-43.80938,172.96574,"Akaroa",10,"Akaroa",100148,"Canterbury",1010,3.2,9.3,3.1
"13808","20180702:0000",-43.80938,172.96574,"Akaroa",10,"Akaroa",100148,"Canterbury",1010,18.4,8.7,0
"13809","20180703:0000",-43.80938,172.96574,"Akaroa",10,"Akaroa",100148,"Canterbury",1010,4,8.8,5.5
"13810","20180704:0000",-43.80938,172.96574,"Akaroa",10,"Akaroa",100148,"Canterbury",1010,2.5,7.7,6.3
"13811","20180705:0000",-43.80938,172.96574,"Akaroa",10,"Akaroa",100148,"Canterbury",1010,2.9,7.5,3.7
"13812","20180706:0000",-43.80938,172.96574,"Akaroa",10,"Akaroa",100148,"Canterbury",1010,2.5,9.6,3.4
"13813","20180707:0000",-43.80938,172.96574,"Akaroa",10,"Akaroa",100148,"Canterbury",1010,9,12.95,6.9
"13814","20180708:0000",-43.80938,172.96574,"Akaroa",10,"Akaroa",100148,"Canterbury",1010,7.9,11.85,0
"13815","20180709:0000",-43.80938,172.96574,"Akaroa",10,"Akaroa",100148,"Canterbury",1010,13.3,11.1,4.4
"13816","20180710:0000",-43.80938,172.96574,"Akaroa",10,"Akaroa",100148,"Canterbury",1010,10.1,9.15,7
"13817","20180711:0000",-43.80938,172.96574,"Akaroa",10,"Akaroa",100148,"Canterbury",1010,1.8,9.5,6.6
"13818","20180712:0000",-43.80938,172.96574,"Akaroa",10,"Akaroa",100148,"Canterbury",1010,14.4,7.95,7.1
"13819","20180713:0000",-43.80938,172.96574,"Akaroa",10,"Akaroa",100148,"Canterbury",1010,4.3,8.05,7.1
"13820","20180714:0000",-43.80938,172.96574,"Akaroa",10,"Akaroa",100148,"Canterbury",1010,1.4,8.4,7.2
"13821","20180715:0000",-43.80938,172.96574,"Akaroa",10,"Akaroa",100148,"Canterbury",1010,12.6,8.5,1.1
"13822","20180716:0000",-43.80938,172.96574,"Akaroa",10,"Akaroa",100148,"Canterbury",1010,12.6,12.6,2.9
"13823","20180717:0000",-43.80938,172.96574,"Akaroa",10,"Akaroa",100148,"Canterbury",1010,4.7,13.1,7.2
"13824","20180718:0000",-43.80938,172.96574,"Akaroa",10,"Akaroa",100148,"Canterbury",1010,2.5,8.4,7.2
"13825","20180719:0000",-43.80938,172.96574,"Akaroa",10,"Akaroa",100148,"Canterbury",1010,4.7,9.3,7.1
"13826","20180720:0000",-43.80938,172.96574,"Akaroa",10,"Akaroa",100148,"Canterbury",1010,3.2,8.85,6.5
"13827","20180721:0000",-43.80938,172.96574,"Akaroa",10,"Akaroa",100148,"Canterbury",1010,6.5,10.8,1.5
"13828","20180722:0000",-43.80938,172.96574,"Akaroa",10,"Akaroa",100148,"Canterbury",1010,8.3,12.75,6.8
"13829","20180723:0000",-43.80938,172.96574,"Akaroa",10,"Akaroa",100148,"Canterbury",1010,4,8,1.4
"13830","20180724:0000",-43.80938,172.96574,"Akaroa",10,"Akaroa",100148,"Canterbury",1010,2.2,7.2,5.2
"13831","20180725:0000",-43.80938,172.96574,"Akaroa",10,"Akaroa",100148,"Canterbury",1010,1.1,5.6,6.1
"13832","20180726:0000",-43.80938,172.96574,"Akaroa",10,"Akaroa",100148,"Canterbury",1010,2.5,7,6.8
"13833","20180727:0000",-43.80938,172.96574,"Akaroa",10,"Akaroa",100148,"Canterbury",1010,3.2,10.35,4.5
"13834","20180728:0000",-43.80938,172.96574,"Akaroa",10,"Akaroa",100148,"Canterbury",1010,4.7,12.4,5.7
"13835","20180729:0000",-43.80938,172.96574,"Akaroa",10,"Akaroa",100148,"Canterbury",1010,2.5,10.2,3.1
"13836","20180730:0000",-43.80938,172.96574,"Akaroa",10,"Akaroa",100148,"Canterbury",1010,2.5,8.75,7.7
"13837","20180731:0000",-43.80938,172.96574,"Akaroa",10,"Akaroa",100148,"Canterbury",1010,2.9,11.55,3.6
"13838","20180801:0000",-43.80938,172.96574,"Akaroa",10,"Akaroa",100148,"Canterbury",1010,5,12.6,0
"13839","20180802:0000",-43.80938,172.96574,"Akaroa",10,"Akaroa",100148,"Canterbury",1010,3.6,9.7,0.2
"13840","20180803:0000",-43.80938,172.96574,"Akaroa",10,"Akaroa",100148,"Canterbury",1010,2.9,9.15,7.8
"13841","20180804:0000",-43.80938,172.96574,"Akaroa",10,"Akaroa",100148,"Canterbury",1010,3.2,8.05,1.4
"13842","20180805:0000",-43.80938,172.96574,"Akaroa",10,"Akaroa",100148,"Canterbury",1010,2.2,9.5,0.7
"13843","20180806:0000",-43.80938,172.96574,"Akaroa",10,"Akaroa",100148,"Canterbury",1010,5.4,10.1,0
"13844","20180807:0000",-43.80938,172.96574,"Akaroa",10,"Akaroa",100148,"Canterbury",1010,5.8,11.05,6.9
"13845","20180808:0000",-43.80938,172.96574,"Akaroa",10,"Akaroa",100148,"Canterbury",1010,3.6,11.55,0
"13846","20180809:0000",-43.80938,172.96574,"Akaroa",10,"Akaroa",100148,"Canterbury",1010,1.8,11.55,8.4
"13847","20180810:0000",-43.80938,172.96574,"Akaroa",10,"Akaroa",100148,"Canterbury",1010,6.5,10.2,8.2
"13848","20180811:0000",-43.80938,172.96574,"Akaroa",10,"Akaroa",100148,"Canterbury",1010,1.1,8.95,8.6
"13849","20180812:0000",-43.80938,172.96574,"Akaroa",10,"Akaroa",100148,"Canterbury",1010,4,10.25,6.1
"13850","20180813:0000",-43.80938,172.96574,"Akaroa",10,"Akaroa",100148,"Canterbury",1010,2.5,12.05,8
"13851","20180814:0000",-43.80938,172.96574,"Akaroa",10,"Akaroa",100148,"Canterbury",1010,2.5,9.55,4
"13852","20180815:0000",-43.80938,172.96574,"Akaroa",10,"Akaroa",100148,"Canterbury",1010,6.1,10.45,6.3
"13853","20180816:0000",-43.80938,172.96574,"Akaroa",10,"Akaroa",100148,"Canterbury",1010,3.6,11.85,4.2
"13854","20180817:0000",-43.80938,172.96574,"Akaroa",10,"Akaroa",100148,"Canterbury",1010,1.8,10,2.8
"13855","20180818:0000",-43.80938,172.96574,"Akaroa",10,"Akaroa",100148,"Canterbury",1010,6.1,8.6,6.4
"13856","20180819:0000",-43.80938,172.96574,"Akaroa",10,"Akaroa",100148,"Canterbury",1010,1.4,7,8.9
"13857","20180820:0000",-43.80938,172.96574,"Akaroa",10,"Akaroa",100148,"Canterbury",1010,8.3,7.85,0.8
"13858","20180821:0000",-43.80938,172.96574,"Akaroa",10,"Akaroa",100148,"Canterbury",1010,3.2,8.75,5.7
"13859","20180822:0000",-43.80938,172.96574,"Akaroa",10,"Akaroa",100148,"Canterbury",1010,2.5,9.8,8.9
"13860","20180823:0000",-43.80938,172.96574,"Akaroa",10,"Akaroa",100148,"Canterbury",1010,1.8,8.55,6
"13861","20180824:0000",-43.80938,172.96574,"Akaroa",10,"Akaroa",100148,"Canterbury",1010,9.4,8.1,0.5
"13862","20180825:0000",-43.80938,172.96574,"Akaroa",10,"Akaroa",100148,"Canterbury",1010,12.6,7.95,2.9
"13863","20180826:0000",-43.80938,172.96574,"Akaroa",10,"Akaroa",100148,"Canterbury",1010,1.1,11.45,9.3
"13864","20180827:0000",-43.80938,172.96574,"Akaroa",10,"Akaroa",100148,"Canterbury",1010,2.2,12.05,8.9
"13865","20180828:0000",-43.80938,172.96574,"Akaroa",10,"Akaroa",100148,"Canterbury",1010,5.8,10.7,5.3
"13866","20180829:0000",-43.80938,172.96574,"Akaroa",10,"Akaroa",100148,"Canterbury",1010,3.6,9.6,0
"13867","20180830:0000",-43.80938,172.96574,"Akaroa",10,"Akaroa",100148,"Canterbury",1010,2.5,11.5,9.1
"13868","20180831:0000",-43.80938,172.96574,"Akaroa",10,"Akaroa",100148,"Canterbury",1010,9,6.6,0
"13869","20180901:0000",-43.80938,172.96574,"Akaroa",10,"Akaroa",100148,"Canterbury",1010,13,9.6,7.3
"13870","20180902:0000",-43.80938,172.96574,"Akaroa",10,"Akaroa",100148,"Canterbury",1010,1.8,7.9,0.7
"13871","20180903:0000",-43.80938,172.96574,"Akaroa",10,"Akaroa",100148,"Canterbury",1010,20.5,7.45,1.1
"13872","20180904:0000",-43.80938,172.96574,"Akaroa",10,"Akaroa",100148,"Canterbury",1010,8.3,8.3,2.8
"13873","20180905:0000",-43.80938,172.96574,"Akaroa",10,"Akaroa",100148,"Canterbury",1010,1.8,7.45,1.9
"13874","20180906:0000",-43.80938,172.96574,"Akaroa",10,"Akaroa",100148,"Canterbury",1010,2.9,6.45,2.1
"13875","20180907:0000",-43.80938,172.96574,"Akaroa",10,"Akaroa",100148,"Canterbury",1010,1.4,5.6,0.9
"13876","20180908:0000",-43.80938,172.96574,"Akaroa",10,"Akaroa",100148,"Canterbury",1010,2.2,7.6,7.1
"13877","20180909:0000",-43.80938,172.96574,"Akaroa",10,"Akaroa",100148,"Canterbury",1010,3.6,6.35,7.6
"13878","20180910:0000",-43.80938,172.96574,"Akaroa",10,"Akaroa",100148,"Canterbury",1010,3.2,7.75,8.4
"13879","20180911:0000",-43.80938,172.96574,"Akaroa",10,"Akaroa",100148,"Canterbury",1010,2.5,9.9,9
"13880","20180912:0000",-43.80938,172.96574,"Akaroa",10,"Akaroa",100148,"Canterbury",1010,2.5,11.05,8.7
"13881","20180913:0000",-43.80938,172.96574,"Akaroa",10,"Akaroa",100148,"Canterbury",1010,4,16.05,3
"13882","20180914:0000",-43.80938,172.96574,"Akaroa",10,"Akaroa",100148,"Canterbury",1010,3.6,17.65,9.5
"13883","20180915:0000",-43.80938,172.96574,"Akaroa",10,"Akaroa",100148,"Canterbury",1010,2.2,14.1,9.7
"13884","20180916:0000",-43.80938,172.96574,"Akaroa",10,"Akaroa",100148,"Canterbury",1010,5.4,15.7,9.7
"13885","20180917:0000",-43.80938,172.96574,"Akaroa",10,"Akaroa",100148,"Canterbury",1010,4.3,15.3,3.5
"13886","20180918:0000",-43.80938,172.96574,"Akaroa",10,"Akaroa",100148,"Canterbury",1010,11.5,10.55,9.3
"13887","20180919:0000",-43.80938,172.96574,"Akaroa",10,"Akaroa",100148,"Canterbury",1010,5.8,11.1,9.7
"13888","20180920:0000",-43.80938,172.96574,"Akaroa",10,"Akaroa",100148,"Canterbury",1010,2.5,13.15,9.7
"13889","20180921:0000",-43.80938,172.96574,"Akaroa",10,"Akaroa",100148,"Canterbury",1010,4,9.75,3.6
"13890","20180922:0000",-43.80938,172.96574,"Akaroa",10,"Akaroa",100148,"Canterbury",1010,2.2,11.1,9.9
"13891","20180923:0000",-43.80938,172.96574,"Akaroa",10,"Akaroa",100148,"Canterbury",1010,4.3,11.8,6.3
"13892","20180924:0000",-43.80938,172.96574,"Akaroa",10,"Akaroa",100148,"Canterbury",1010,2.5,10.1,1.7
"13893","20180925:0000",-43.80938,172.96574,"Akaroa",10,"Akaroa",100148,"Canterbury",1010,14.4,8.85,6.5
"13894","20180926:0000",-43.80938,172.96574,"Akaroa",10,"Akaroa",100148,"Canterbury",1010,16.6,8.45,5.6
"13895","20180927:0000",-43.80938,172.96574,"Akaroa",10,"Akaroa",100148,"Canterbury",1010,11.9,9.45,9.8
"13896","20180928:0000",-43.80938,172.96574,"Akaroa",10,"Akaroa",100148,"Canterbury",1010,3.2,10.25,9.9
"13897","20180929:0000",-43.80938,172.96574,"Akaroa",10,"Akaroa",100148,"Canterbury",1010,2.9,12.75,9.5
"13898","20180930:0000",-43.80938,172.96574,"Akaroa",10,"Akaroa",100148,"Canterbury",1010,3.2,14,0
"13899","20181001:0000",-43.80938,172.96574,"Akaroa",10,"Akaroa",100148,"Canterbury",1010,2.9,13.2,10.4
"13900","20181002:0000",-43.80938,172.96574,"Akaroa",10,"Akaroa",100148,"Canterbury",1010,1.8,12.1,8
"13901","20181003:0000",-43.80938,172.96574,"Akaroa",10,"Akaroa",100148,"Canterbury",1010,4.7,11.1,9.5
"13902","20181004:0000",-43.80938,172.96574,"Akaroa",10,"Akaroa",100148,"Canterbury",1010,3.2,13.85,8.8
"13903","20181005:0000",-43.80938,172.96574,"Akaroa",10,"Akaroa",100148,"Canterbury",1010,3.6,9.65,1.1
"13904","20181006:0000",-43.80938,172.96574,"Akaroa",10,"Akaroa",100148,"Canterbury",1010,1.1,10.3,10.8
"13905","20181007:0000",-43.80938,172.96574,"Akaroa",10,"Akaroa",100148,"Canterbury",1010,7.9,12.4,8.9
"13906","20181008:0000",-43.80938,172.96574,"Akaroa",10,"Akaroa",100148,"Canterbury",1010,6.5,11.3,7.2
"13907","20181009:0000",-43.80938,172.96574,"Akaroa",10,"Akaroa",100148,"Canterbury",1010,1.4,11.95,11
"13908","20181010:0000",-43.80938,172.96574,"Akaroa",10,"Akaroa",100148,"Canterbury",1010,5.4,14.4,5.3
"13909","20181011:0000",-43.80938,172.96574,"Akaroa",10,"Akaroa",100148,"Canterbury",1010,2.2,10.45,0.1
"13910","20181012:0000",-43.80938,172.96574,"Akaroa",10,"Akaroa",100148,"Canterbury",1010,10.1,6.85,0.6
"13911","20181013:0000",-43.80938,172.96574,"Akaroa",10,"Akaroa",100148,"Canterbury",1010,11.2,8.3,6.5
"13912","20181014:0000",-43.80938,172.96574,"Akaroa",10,"Akaroa",100148,"Canterbury",1010,14,8.75,7.1
"13913","20181015:0000",-43.80938,172.96574,"Akaroa",10,"Akaroa",100148,"Canterbury",1010,1.8,7.95,3.1
"13914","20181016:0000",-43.80938,172.96574,"Akaroa",10,"Akaroa",100148,"Canterbury",1010,1.4,11.1,11.1
"13915","20181017:0000",-43.80938,172.96574,"Akaroa",10,"Akaroa",100148,"Canterbury",1010,3.6,14.4,1.8
"13916","20181018:0000",-43.80938,172.96574,"Akaroa",10,"Akaroa",100148,"Canterbury",1010,11.2,13.1,10.1
"13917","20181019:0000",-43.80938,172.96574,"Akaroa",10,"Akaroa",100148,"Canterbury",1010,2.2,15.05,11.6
"13918","20181020:0000",-43.80938,172.96574,"Akaroa",10,"Akaroa",100148,"Canterbury",1010,1.8,17.8,10.2
"13919","20181021:0000",-43.80938,172.96574,"Akaroa",10,"Akaroa",100148,"Canterbury",1010,2.2,16.3,11.8
"13920","20181022:0000",-43.80938,172.96574,"Akaroa",10,"Akaroa",100148,"Canterbury",1010,1.4,17.35,11.8
"13921","20181023:0000",-43.80938,172.96574,"Akaroa",10,"Akaroa",100148,"Canterbury",1010,2.2,18.6,11.9
"13922","20181024:0000",-43.80938,172.96574,"Akaroa",10,"Akaroa",100148,"Canterbury",1010,1.8,19.3,11.8
"13923","20181025:0000",-43.80938,172.96574,"Akaroa",10,"Akaroa",100148,"Canterbury",1010,6.8,15.1,0.3
"13924","20181026:0000",-43.80938,172.96574,"Akaroa",10,"Akaroa",100148,"Canterbury",1010,2.9,10.6,3.9
"13925","20181027:0000",-43.80938,172.96574,"Akaroa",10,"Akaroa",100148,"Canterbury",1010,4.3,13.95,11.8
"13926","20181028:0000",-43.80938,172.96574,"Akaroa",10,"Akaroa",100148,"Canterbury",1010,2.5,12.5,9
"13927","20181029:0000",-43.80938,172.96574,"Akaroa",10,"Akaroa",100148,"Canterbury",1010,2.2,12.05,0
"13928","20181030:0000",-43.80938,172.96574,"Akaroa",10,"Akaroa",100148,"Canterbury",1010,6.8,9.55,0.3
"13929","20181031:0000",-43.80938,172.96574,"Akaroa",10,"Akaroa",100148,"Canterbury",1010,2.9,10.75,10.7
"13930","20181101:0000",-43.80938,172.96574,"Akaroa",10,"Akaroa",100148,"Canterbury",1010,13.3,10.15,6.4
"13931","20181102:0000",-43.80938,172.96574,"Akaroa",10,"Akaroa",100148,"Canterbury",1010,1.8,10.7,10.4
"13932","20181103:0000",-43.80938,172.96574,"Akaroa",10,"Akaroa",100148,"Canterbury",1010,9.4,17.75,7.3
"13933","20181104:0000",-43.80938,172.96574,"Akaroa",10,"Akaroa",100148,"Canterbury",1010,4.3,13.65,10.9
"13934","20181105:0000",-43.80938,172.96574,"Akaroa",10,"Akaroa",100148,"Canterbury",1010,2.2,15.25,11.9
"13935","20181106:0000",-43.80938,172.96574,"Akaroa",10,"Akaroa",100148,"Canterbury",1010,2.2,15.05,12.6
"13936","20181107:0000",-43.80938,172.96574,"Akaroa",10,"Akaroa",100148,"Canterbury",1010,2.9,17.65,8.2
"13937","20181108:0000",-43.80938,172.96574,"Akaroa",10,"Akaroa",100148,"Canterbury",1010,12.6,22.35,4.2
"13938","20181109:0000",-43.80938,172.96574,"Akaroa",10,"Akaroa",100148,"Canterbury",1010,3.6,9.1,0
"13939","20181110:0000",-43.80938,172.96574,"Akaroa",10,"Akaroa",100148,"Canterbury",1010,2.9,10.4,8.6
"13940","20181111:0000",-43.80938,172.96574,"Akaroa",10,"Akaroa",100148,"Canterbury",1010,6.1,13.6,10.7
"13941","20181112:0000",-43.80938,172.96574,"Akaroa",10,"Akaroa",100148,"Canterbury",1010,2.5,14.65,12
"13942","20181113:0000",-43.80938,172.96574,"Akaroa",10,"Akaroa",100148,"Canterbury",1010,3.6,14.65,12.8
"13943","20181114:0000",-43.80938,172.96574,"Akaroa",10,"Akaroa",100148,"Canterbury",1010,2.9,15,13
"13944","20181115:0000",-43.80938,172.96574,"Akaroa",10,"Akaroa",100148,"Canterbury",1010,1.4,17.8,12.7
"13945","20181116:0000",-43.80938,172.96574,"Akaroa",10,"Akaroa",100148,"Canterbury",1010,4,18.75,12
"13946","20181117:0000",-43.80938,172.96574,"Akaroa",10,"Akaroa",100148,"Canterbury",1010,4.3,15.2,5.3
"13947","20181118:0000",-43.80938,172.96574,"Akaroa",10,"Akaroa",100148,"Canterbury",1010,4.7,14.15,5.9
"13948","20181119:0000",-43.80938,172.96574,"Akaroa",10,"Akaroa",100148,"Canterbury",1010,4,8.6,8.7
"13949","20181120:0000",-43.80938,172.96574,"Akaroa",10,"Akaroa",100148,"Canterbury",1010,2.5,8.2,3
"13950","20181121:0000",-43.80938,172.96574,"Akaroa",10,"Akaroa",100148,"Canterbury",1010,2.2,10.3,9.6
"13951","20181122:0000",-43.80938,172.96574,"Akaroa",10,"Akaroa",100148,"Canterbury",1010,5.8,14.3,9.4
"13952","20181123:0000",-43.80938,172.96574,"Akaroa",10,"Akaroa",100148,"Canterbury",1010,2.2,14.45,4.4
"13953","20181124:0000",-43.80938,172.96574,"Akaroa",10,"Akaroa",100148,"Canterbury",1010,2.5,14.3,0
"13954","20181125:0000",-43.80938,172.96574,"Akaroa",10,"Akaroa",100148,"Canterbury",1010,9,14.35,0.1
"13955","20181126:0000",-43.80938,172.96574,"Akaroa",10,"Akaroa",100148,"Canterbury",1010,4.7,12.75,1.2
"13956","20181127:0000",-43.80938,172.96574,"Akaroa",10,"Akaroa",100148,"Canterbury",1010,2.2,11.95,0
"13957","20181128:0000",-43.80938,172.96574,"Akaroa",10,"Akaroa",100148,"Canterbury",1010,2.2,13.3,0
"13958","20181129:0000",-43.80938,172.96574,"Akaroa",10,"Akaroa",100148,"Canterbury",1010,6.5,13.4,7.4
"13959","20181130:0000",-43.80938,172.96574,"Akaroa",10,"Akaroa",100148,"Canterbury",1010,4.7,15.75,8.5
"13960","20181201:0000",-43.80938,172.96574,"Akaroa",10,"Akaroa",100148,"Canterbury",1010,10.1,15.85,2.6
"13961","20181202:0000",-43.80938,172.96574,"Akaroa",10,"Akaroa",100148,"Canterbury",1010,8.3,17.1,1.5
"13962","20181203:0000",-43.80938,172.96574,"Akaroa",10,"Akaroa",100148,"Canterbury",1010,9.7,17.1,0.1
"13963","20181204:0000",-43.80938,172.96574,"Akaroa",10,"Akaroa",100148,"Canterbury",1010,2.9,19.8,11.1
"13964","20181205:0000",-43.80938,172.96574,"Akaroa",10,"Akaroa",100148,"Canterbury",1010,12.2,15.55,4.9
"13965","20181206:0000",-43.80938,172.96574,"Akaroa",10,"Akaroa",100148,"Canterbury",1010,16.9,12.85,9.9
"13966","20181207:0000",-43.80938,172.96574,"Akaroa",10,"Akaroa",100148,"Canterbury",1010,4.3,14.4,13
"13967","20181208:0000",-43.80938,172.96574,"Akaroa",10,"Akaroa",100148,"Canterbury",1010,2.2,16.65,7.1
"13968","20181209:0000",-43.80938,172.96574,"Akaroa",10,"Akaroa",100148,"Canterbury",1010,2.5,20.05,7.3
"13969","20181210:0000",-43.80938,172.96574,"Akaroa",10,"Akaroa",100148,"Canterbury",1010,7.6,13.65,0.2
"13970","20181211:0000",-43.80938,172.96574,"Akaroa",10,"Akaroa",100148,"Canterbury",1010,5.8,13.35,0.3
"13971","20181212:0000",-43.80938,172.96574,"Akaroa",10,"Akaroa",100148,"Canterbury",1010,3.2,14.45,0
"13972","20181213:0000",-43.80938,172.96574,"Akaroa",10,"Akaroa",100148,"Canterbury",1010,2.9,14.95,1.6
"13973","20181214:0000",-43.80938,172.96574,"Akaroa",10,"Akaroa",100148,"Canterbury",1010,4.7,16.6,0.9
"13974","20181215:0000",-43.80938,172.96574,"Akaroa",10,"Akaroa",100148,"Canterbury",1010,3.6,16,10.2
"13975","20181216:0000",-43.80938,172.96574,"Akaroa",10,"Akaroa",100148,"Canterbury",1010,3.2,16.75,0.3
"13976","20181217:0000",-43.80938,172.96574,"Akaroa",10,"Akaroa",100148,"Canterbury",1010,3.2,19.4,13.3
"13977","20181218:0000",-43.80938,172.96574,"Akaroa",10,"Akaroa",100148,"Canterbury",1010,7.9,19.7,0
"13978","20181219:0000",-43.80938,172.96574,"Akaroa",10,"Akaroa",100148,"Canterbury",1010,4.3,13.35,0
"13979","20181220:0000",-43.80938,172.96574,"Akaroa",10,"Akaroa",100148,"Canterbury",1010,1.4,11.95,1.1
"13980","20181221:0000",-43.80938,172.96574,"Akaroa",10,"Akaroa",100148,"Canterbury",1010,2.5,13.35,7.4
"13981","20181222:0000",-43.80938,172.96574,"Akaroa",10,"Akaroa",100148,"Canterbury",1010,2.9,15.65,7.5
"13982","20181223:0000",-43.80938,172.96574,"Akaroa",10,"Akaroa",100148,"Canterbury",1010,7.2,14.1,9.5
"13983","20181224:0000",-43.80938,172.96574,"Akaroa",10,"Akaroa",100148,"Canterbury",1010,8.3,15.05,10.3
"13984","20181225:0000",-43.80938,172.96574,"Akaroa",10,"Akaroa",100148,"Canterbury",1010,6.1,18.85,5
"13985","20181226:0000",-43.80938,172.96574,"Akaroa",10,"Akaroa",100148,"Canterbury",1010,7.9,16.2,2.8
"13986","20181227:0000",-43.80938,172.96574,"Akaroa",10,"Akaroa",100148,"Canterbury",1010,3.2,15.75,6.7
"13987","20181228:0000",-43.80938,172.96574,"Akaroa",10,"Akaroa",100148,"Canterbury",1010,5.8,16.7,11.3
"13988","20181229:0000",-43.80938,172.96574,"Akaroa",10,"Akaroa",100148,"Canterbury",1010,4,20.9,8.1
"13989","20181230:0000",-43.80938,172.96574,"Akaroa",10,"Akaroa",100148,"Canterbury",1010,4.7,23.3,2.1
"13990","20181231:0000",-43.80938,172.96574,"Akaroa",10,"Akaroa",100148,"Canterbury",1010,5.4,19.5,9.8
"13991","20190101:0000",-43.80938,172.96574,"Akaroa",10,"Akaroa",100148,"Canterbury",1010,2.5,20.75,8.4
"13992","20190102:0000",-43.80938,172.96574,"Akaroa",10,"Akaroa",100148,"Canterbury",1010,5.8,24.05,10.9
"13993","20190103:0000",-43.80938,172.96574,"Akaroa",10,"Akaroa",100148,"Canterbury",1010,2.9,21.3,9.9
"13994","20190104:0000",-43.80938,172.96574,"Akaroa",10,"Akaroa",100148,"Canterbury",1010,2.9,17.15,10.8
"13995","20190105:0000",-43.80938,172.96574,"Akaroa",10,"Akaroa",100148,"Canterbury",1010,6.1,21.7,12
"13996","20190106:0000",-43.80938,172.96574,"Akaroa",10,"Akaroa",100148,"Canterbury",1010,9.4,21.5,4.4
"13997","20190107:0000",-43.80938,172.96574,"Akaroa",10,"Akaroa",100148,"Canterbury",1010,2.9,17.4,8.3
"13998","20190108:0000",-43.80938,172.96574,"Akaroa",10,"Akaroa",100148,"Canterbury",1010,5,17.75,3.6
"13999","20190109:0000",-43.80938,172.96574,"Akaroa",10,"Akaroa",100148,"Canterbury",1010,13.3,19.4,8.9
"14000","20190110:0000",-43.80938,172.96574,"Akaroa",10,"Akaroa",100148,"Canterbury",1010,5.4,22.05,12.1
"14001","20190111:0000",-43.80938,172.96574,"Akaroa",10,"Akaroa",100148,"Canterbury",1010,7.2,16.25,4.4
"14002","20190112:0000",-43.80938,172.96574,"Akaroa",10,"Akaroa",100148,"Canterbury",1010,3.2,15.15,0.2
"14003","20190113:0000",-43.80938,172.96574,"Akaroa",10,"Akaroa",100148,"Canterbury",1010,3.2,19.55,7.4
"14004","20190114:0000",-43.80938,172.96574,"Akaroa",10,"Akaroa",100148,"Canterbury",1010,15.8,13.6,2.2
"14005","20190115:0000",-43.80938,172.96574,"Akaroa",10,"Akaroa",100148,"Canterbury",1010,7.2,15.25,7.4
"14006","20190116:0000",-43.80938,172.96574,"Akaroa",10,"Akaroa",100148,"Canterbury",1010,2.9,16.1,13.2
"14007","20190117:0000",-43.80938,172.96574,"Akaroa",10,"Akaroa",100148,"Canterbury",1010,2.9,18.95,11
"14008","20190118:0000",-43.80938,172.96574,"Akaroa",10,"Akaroa",100148,"Canterbury",1010,1.8,20.2,5.6
"14009","20190119:0000",-43.80938,172.96574,"Akaroa",10,"Akaroa",100148,"Canterbury",1010,3.2,21.95,5.5
"14010","20190120:0000",-43.80938,172.96574,"Akaroa",10,"Akaroa",100148,"Canterbury",1010,4,19.8,12.5
"14011","20190121:0000",-43.80938,172.96574,"Akaroa",10,"Akaroa",100148,"Canterbury",1010,3.6,19.6,11.1
"14012","20190122:0000",-43.80938,172.96574,"Akaroa",10,"Akaroa",100148,"Canterbury",1010,1.8,20.55,10.7
"14013","20190123:0000",-43.80938,172.96574,"Akaroa",10,"Akaroa",100148,"Canterbury",1010,4,24.05,8
"14014","20190124:0000",-43.80938,172.96574,"Akaroa",10,"Akaroa",100148,"Canterbury",1010,7.6,14.15,12.8
"14015","20190125:0000",-43.80938,172.96574,"Akaroa",10,"Akaroa",100148,"Canterbury",1010,2.2,16.4,8.5
"14016","20190126:0000",-43.80938,172.96574,"Akaroa",10,"Akaroa",100148,"Canterbury",1010,3.6,19.4,4.1
"14017","20190127:0000",-43.80938,172.96574,"Akaroa",10,"Akaroa",100148,"Canterbury",1010,5.4,21.3,12.8
"14018","20190128:0000",-43.80938,172.96574,"Akaroa",10,"Akaroa",100148,"Canterbury",1010,14.4,22.45,11.1
"14019","20190129:0000",-43.80938,172.96574,"Akaroa",10,"Akaroa",100148,"Canterbury",1010,4.7,21.15,10.1
"14020","20190130:0000",-43.80938,172.96574,"Akaroa",10,"Akaroa",100148,"Canterbury",1010,2.2,24,10.4
"14021","20190131:0000",-43.80938,172.96574,"Akaroa",10,"Akaroa",100148,"Canterbury",1010,3.2,24.55,12.2
"14022","20190201:0000",-43.80938,172.96574,"Akaroa",10,"Akaroa",100148,"Canterbury",1010,11.2,23.8,0.4
"14023","20190202:0000",-43.80938,172.96574,"Akaroa",10,"Akaroa",100148,"Canterbury",1010,1.8,16.3,12.8
"14024","20190203:0000",-43.80938,172.96574,"Akaroa",10,"Akaroa",100148,"Canterbury",1010,4.7,18.4,12.7
"14025","20190204:0000",-43.80938,172.96574,"Akaroa",10,"Akaroa",100148,"Canterbury",1010,1.4,21.9,12.9
"14026","20190205:0000",-43.80938,172.96574,"Akaroa",10,"Akaroa",100148,"Canterbury",1010,4.3,22.2,7.4
"14027","20190206:0000",-43.80938,172.96574,"Akaroa",10,"Akaroa",100148,"Canterbury",1010,7.9,13.8,4.3
"14028","20190207:0000",-43.80938,172.96574,"Akaroa",10,"Akaroa",100148,"Canterbury",1010,1.4,13.85,8.7
"14029","20190208:0000",-43.80938,172.96574,"Akaroa",10,"Akaroa",100148,"Canterbury",1010,6.8,17.55,12.7
"14030","20190209:0000",-43.80938,172.96574,"Akaroa",10,"Akaroa",100148,"Canterbury",1010,2.5,22.1,12.6
"14031","20190210:0000",-43.80938,172.96574,"Akaroa",10,"Akaroa",100148,"Canterbury",1010,1.4,22.3,12.5
"14032","20190211:0000",-43.80938,172.96574,"Akaroa",10,"Akaroa",100148,"Canterbury",1010,1.8,21.95,12.2
"14033","20190212:0000",-43.80938,172.96574,"Akaroa",10,"Akaroa",100148,"Canterbury",1010,2.5,22.7,11.4
"14034","20190213:0000",-43.80938,172.96574,"Akaroa",10,"Akaroa",100148,"Canterbury",1010,2.9,21.3,12.2
"14035","20190214:0000",-43.80938,172.96574,"Akaroa",10,"Akaroa",100148,"Canterbury",1010,2.2,23.75,10.1
"14036","20190215:0000",-43.80938,172.96574,"Akaroa",10,"Akaroa",100148,"Canterbury",1010,3.2,18.25,10.9
"14037","20190216:0000",-43.80938,172.96574,"Akaroa",10,"Akaroa",100148,"Canterbury",1010,6.5,14.45,7
"14038","20190217:0000",-43.80938,172.96574,"Akaroa",10,"Akaroa",100148,"Canterbury",1010,5.8,15.4,5.9
"14039","20190218:0000",-43.80938,172.96574,"Akaroa",10,"Akaroa",100148,"Canterbury",1010,1.8,18.35,8.7
"14040","20190219:0000",-43.80938,172.96574,"Akaroa",10,"Akaroa",100148,"Canterbury",1010,2.2,21.75,9.1
"14041","20190220:0000",-43.80938,172.96574,"Akaroa",10,"Akaroa",100148,"Canterbury",1010,3.6,23.05,9.3
"14042","20190221:0000",-43.80938,172.96574,"Akaroa",10,"Akaroa",100148,"Canterbury",1010,2.2,22.35,10.9
"14043","20190222:0000",-43.80938,172.96574,"Akaroa",10,"Akaroa",100148,"Canterbury",1010,6.1,21.6,7.6
"14044","20190223:0000",-43.80938,172.96574,"Akaroa",10,"Akaroa",100148,"Canterbury",1010,0,12,3.7
"14045","20190224:0000",-43.80938,172.96574,"Akaroa",10,"Akaroa",100148,"Canterbury",1010,11.2,11.35,0.2
"14046","20190225:0000",-43.80938,172.96574,"Akaroa",10,"Akaroa",100148,"Canterbury",1010,7.9,12.1,7.3
"14047","20190226:0000",-43.80938,172.96574,"Akaroa",10,"Akaroa",100148,"Canterbury",1010,0.7,16.25,11.2
"14048","20190227:0000",-43.80938,172.96574,"Akaroa",10,"Akaroa",100148,"Canterbury",1010,3.6,19.7,3.3
"14049","20190228:0000",-43.80938,172.96574,"Akaroa",10,"Akaroa",100148,"Canterbury",1010,25.2,11.1,3.9
"14050","20190301:0000",-43.80938,172.96574,"Akaroa",10,"Akaroa",100148,"Canterbury",1010,0.4,13.3,11
"14051","20190302:0000",-43.80938,172.96574,"Akaroa",10,"Akaroa",100148,"Canterbury",1010,6.1,15.05,10.8
"14052","20190303:0000",-43.80938,172.96574,"Akaroa",10,"Akaroa",100148,"Canterbury",1010,1.1,16.35,11
"14053","20190304:0000",-43.80938,172.96574,"Akaroa",10,"Akaroa",100148,"Canterbury",1010,1.8,20.15,10.7
"14054","20190305:0000",-43.80938,172.96574,"Akaroa",10,"Akaroa",100148,"Canterbury",1010,1.1,23.15,11.1
"14055","20190306:0000",-43.80938,172.96574,"Akaroa",10,"Akaroa",100148,"Canterbury",1010,1.4,22.5,10.8
"14056","20190307:0000",-43.80938,172.96574,"Akaroa",10,"Akaroa",100148,"Canterbury",1010,3.2,22,7.9
"14057","20190308:0000",-43.80938,172.96574,"Akaroa",10,"Akaroa",100148,"Canterbury",1010,8.3,11.35,0
"14058","20190309:0000",-43.80938,172.96574,"Akaroa",10,"Akaroa",100148,"Canterbury",1010,2.5,14.3,5.4
"14059","20190310:0000",-43.80938,172.96574,"Akaroa",10,"Akaroa",100148,"Canterbury",1010,3.6,13.15,0
"14060","20190311:0000",-43.80938,172.96574,"Akaroa",10,"Akaroa",100148,"Canterbury",1010,1.4,17.15,5.1
"14061","20190312:0000",-43.80938,172.96574,"Akaroa",10,"Akaroa",100148,"Canterbury",1010,2.5,21.9,10.1
"14062","20190313:0000",-43.80938,172.96574,"Akaroa",10,"Akaroa",100148,"Canterbury",1010,1.4,22.65,7.8
"14063","20190314:0000",-43.80938,172.96574,"Akaroa",10,"Akaroa",100148,"Canterbury",1010,3.2,14.55,0.2
"14064","20190315:0000",-43.80938,172.96574,"Akaroa",10,"Akaroa",100148,"Canterbury",1010,1.1,15.75,0.4
"14065","20190316:0000",-43.80938,172.96574,"Akaroa",10,"Akaroa",100148,"Canterbury",1010,3.2,17.2,3.1
"14066","20190317:0000",-43.80938,172.96574,"Akaroa",10,"Akaroa",100148,"Canterbury",1010,0,13.8,0.9
"14067","20190318:0000",-43.80938,172.96574,"Akaroa",10,"Akaroa",100148,"Canterbury",1010,0.4,16.4,7.3
"14068","20190319:0000",-43.80938,172.96574,"Akaroa",10,"Akaroa",100148,"Canterbury",1010,0,18.7,8.9
"14069","20190320:0000",-43.80938,172.96574,"Akaroa",10,"Akaroa",100148,"Canterbury",1010,0.7,18.15,9.4
"14070","20190321:0000",-43.80938,172.96574,"Akaroa",10,"Akaroa",100148,"Canterbury",1010,5,16.45,5.8
"14071","20190322:0000",-43.80938,172.96574,"Akaroa",10,"Akaroa",100148,"Canterbury",1010,3.2,18.65,9.7
"14072","20190323:0000",-43.80938,172.96574,"Akaroa",10,"Akaroa",100148,"Canterbury",1010,1.4,16.9,9.1
"14073","20190324:0000",-43.80938,172.96574,"Akaroa",10,"Akaroa",100148,"Canterbury",1010,3.6,19.55,8
"14074","20190325:0000",-43.80938,172.96574,"Akaroa",10,"Akaroa",100148,"Canterbury",1010,2.5,22.75,7.9
"14075","20190326:0000",-43.80938,172.96574,"Akaroa",10,"Akaroa",100148,"Canterbury",1010,15.8,22.25,0
"14076","20190327:0000",-43.80938,172.96574,"Akaroa",10,"Akaroa",100148,"Canterbury",1010,2.5,21,1.8
"14077","20190328:0000",-43.80938,172.96574,"Akaroa",10,"Akaroa",100148,"Canterbury",1010,0.7,14.8,4.6
"14078","20190329:0000",-43.80938,172.96574,"Akaroa",10,"Akaroa",100148,"Canterbury",1010,5.8,13.85,7.4
"14079","20190330:0000",-43.80938,172.96574,"Akaroa",10,"Akaroa",100148,"Canterbury",1010,5.8,17.05,5.7
"14080","20190331:0000",-43.80938,172.96574,"Akaroa",10,"Akaroa",100148,"Canterbury",1010,3.6,18.45,8.3
"14081","20190401:0000",-43.80938,172.96574,"Akaroa",10,"Akaroa",100148,"Canterbury",1010,11.5,21.75,9.4
"14082","20190402:0000",-43.80938,172.96574,"Akaroa",10,"Akaroa",100148,"Canterbury",1010,7.9,11,5.7
"14083","20190403:0000",-43.80938,172.96574,"Akaroa",10,"Akaroa",100148,"Canterbury",1010,0.4,12.55,3.6
"14084","20190404:0000",-43.80938,172.96574,"Akaroa",10,"Akaroa",100148,"Canterbury",1010,3.2,13.05,6.8
"14085","20190405:0000",-43.80938,172.96574,"Akaroa",10,"Akaroa",100148,"Canterbury",1010,10.8,9.05,1.1
"14086","20190406:0000",-43.80938,172.96574,"Akaroa",10,"Akaroa",100148,"Canterbury",1010,5,9.1,3.6
"14087","20190407:0000",-43.80938,172.96574,"Akaroa",10,"Akaroa",100148,"Canterbury",1010,5,10.65,0.6
"14088","20190408:0000",-43.80938,172.96574,"Akaroa",10,"Akaroa",100148,"Canterbury",1010,0.7,11.75,4.4
"14089","20190409:0000",-43.80938,172.96574,"Akaroa",10,"Akaroa",100148,"Canterbury",1010,0.7,13.9,9
"14090","20190410:0000",-43.80938,172.96574,"Akaroa",10,"Akaroa",100148,"Canterbury",1010,4.3,18.35,7.1
"14091","20190411:0000",-43.80938,172.96574,"Akaroa",10,"Akaroa",100148,"Canterbury",1010,0.7,12.4,0
"14092","20190412:0000",-43.80938,172.96574,"Akaroa",10,"Akaroa",100148,"Canterbury",1010,13.7,10.55,2
"14093","20190413:0000",-43.80938,172.96574,"Akaroa",10,"Akaroa",100148,"Canterbury",1010,4.7,11.25,9.1
"14094","20190414:0000",-43.80938,172.96574,"Akaroa",10,"Akaroa",100148,"Canterbury",1010,1.4,8.4,0.7
"14095","20190415:0000",-43.80938,172.96574,"Akaroa",10,"Akaroa",100148,"Canterbury",1010,7.9,10.6,3
"14096","20190416:0000",-43.80938,172.96574,"Akaroa",10,"Akaroa",100148,"Canterbury",1010,7.6,11,2.9
"14097","20190417:0000",-43.80938,172.96574,"Akaroa",10,"Akaroa",100148,"Canterbury",1010,1.1,11.3,7.9
"14098","20190418:0000",-43.80938,172.96574,"Akaroa",10,"Akaroa",100148,"Canterbury",1010,2.5,10.95,9.2
"14099","20190419:0000",-43.80938,172.96574,"Akaroa",10,"Akaroa",100148,"Canterbury",1010,3.2,12.15,8.7
"14100","20190420:0000",-43.80938,172.96574,"Akaroa",10,"Akaroa",100148,"Canterbury",1010,2.2,14.55,3.9
"14101","20190421:0000",-43.80938,172.96574,"Akaroa",10,"Akaroa",100148,"Canterbury",1010,4.7,11.55,0
"14102","20190422:0000",-43.80938,172.96574,"Akaroa",10,"Akaroa",100148,"Canterbury",1010,5,12.9,1.1
"14103","20190423:0000",-43.80938,172.96574,"Akaroa",10,"Akaroa",100148,"Canterbury",1010,1.8,13.15,7.8
"14104","20190424:0000",-43.80938,172.96574,"Akaroa",10,"Akaroa",100148,"Canterbury",1010,1.1,11.8,0
"14105","20190425:0000",-43.80938,172.96574,"Akaroa",10,"Akaroa",100148,"Canterbury",1010,0.7,13.75,5.9
"14106","20190426:0000",-43.80938,172.96574,"Akaroa",10,"Akaroa",100148,"Canterbury",1010,4.7,15.7,8.3
"14107","20190427:0000",-43.80938,172.96574,"Akaroa",10,"Akaroa",100148,"Canterbury",1010,22.3,18.15,4.6
"14108","20190428:0000",-43.80938,172.96574,"Akaroa",10,"Akaroa",100148,"Canterbury",1010,1.4,13.75,4.9
"14109","20190429:0000",-43.80938,172.96574,"Akaroa",10,"Akaroa",100148,"Canterbury",1010,5,11.65,0.6
"14110","20190430:0000",-43.80938,172.96574,"Akaroa",10,"Akaroa",100148,"Canterbury",1010,8.3,10.05,6.5
"14111","20190501:0000",-43.80938,172.96574,"Akaroa",10,"Akaroa",100148,"Canterbury",1010,0.4,10.95,8.5
"14112","20190502:0000",-43.80938,172.96574,"Akaroa",10,"Akaroa",100148,"Canterbury",1010,2.2,13.1,6.7
"14113","20190503:0000",-43.80938,172.96574,"Akaroa",10,"Akaroa",100148,"Canterbury",1010,0.7,12.15,8.6
"14114","20190504:0000",-43.80938,172.96574,"Akaroa",10,"Akaroa",100148,"Canterbury",1010,3.6,15.6,6.7
"14115","20190505:0000",-43.80938,172.96574,"Akaroa",10,"Akaroa",100148,"Canterbury",1010,5.8,14.45,3.8
"14116","20190506:0000",-43.80938,172.96574,"Akaroa",10,"Akaroa",100148,"Canterbury",1010,1.1,12.25,6
"14117","20190507:0000",-43.80938,172.96574,"Akaroa",10,"Akaroa",100148,"Canterbury",1010,2.5,13.7,1.5
"14118","20190508:0000",-43.80938,172.96574,"Akaroa",10,"Akaroa",100148,"Canterbury",1010,3.6,14.45,2.1
"14119","20190509:0000",-43.80938,172.96574,"Akaroa",10,"Akaroa",100148,"Canterbury",1010,4,18.35,4.9
"14120","20190510:0000",-43.80938,172.96574,"Akaroa",10,"Akaroa",100148,"Canterbury",1010,0.4,15.25,8.1
"14121","20190511:0000",-43.80938,172.96574,"Akaroa",10,"Akaroa",100148,"Canterbury",1010,1.4,11.9,4.3
"14122","20190512:0000",-43.80938,172.96574,"Akaroa",10,"Akaroa",100148,"Canterbury",1010,3.6,14.05,1
"14123","20190513:0000",-43.80938,172.96574,"Akaroa",10,"Akaroa",100148,"Canterbury",1010,29.2,10.5,6.8
"14124","20190514:0000",-43.80938,172.96574,"Akaroa",10,"Akaroa",100148,"Canterbury",1010,1.8,9.75,3.2
"14125","20190515:0000",-43.80938,172.96574,"Akaroa",10,"Akaroa",100148,"Canterbury",1010,4.3,12.7,5.2
"14126","20190516:0000",-43.80938,172.96574,"Akaroa",10,"Akaroa",100148,"Canterbury",1010,2.2,11.25,1.6
"14127","20190517:0000",-43.80938,172.96574,"Akaroa",10,"Akaroa",100148,"Canterbury",1010,10.4,7.4,3.2
"14128","20190518:0000",-43.80938,172.96574,"Akaroa",10,"Akaroa",100148,"Canterbury",1010,1.8,10.2,3.6
"14129","20190519:0000",-43.80938,172.96574,"Akaroa",10,"Akaroa",100148,"Canterbury",1010,15.8,9.2,2.7
"14130","20190520:0000",-43.80938,172.96574,"Akaroa",10,"Akaroa",100148,"Canterbury",1010,1.8,9.6,7.4
"14131","20190521:0000",-43.80938,172.96574,"Akaroa",10,"Akaroa",100148,"Canterbury",1010,1.8,10.2,7.4
"14132","20190522:0000",-43.80938,172.96574,"Akaroa",10,"Akaroa",100148,"Canterbury",1010,1.1,10,5.1
"14133","20190523:0000",-43.80938,172.96574,"Akaroa",10,"Akaroa",100148,"Canterbury",1010,1.4,11.55,7
"14134","20190524:0000",-43.80938,172.96574,"Akaroa",10,"Akaroa",100148,"Canterbury",1010,0.7,11.05,7.2
"14135","20190525:0000",-43.80938,172.96574,"Akaroa",10,"Akaroa",100148,"Canterbury",1010,0.4,9,7.1
"14136","20190526:0000",-43.80938,172.96574,"Akaroa",10,"Akaroa",100148,"Canterbury",1010,3.6,12.45,6.3
"14137","20190527:0000",-43.80938,172.96574,"Akaroa",10,"Akaroa",100148,"Canterbury",1010,4.3,13.85,0.3
"14138","20190528:0000",-43.80938,172.96574,"Akaroa",10,"Akaroa",100148,"Canterbury",1010,5,15.45,0.4
"14139","20190529:0000",-43.80938,172.96574,"Akaroa",10,"Akaroa",100148,"Canterbury",1010,1.1,13,6.9
"14140","20190530:0000",-43.80938,172.96574,"Akaroa",10,"Akaroa",100148,"Canterbury",1010,10.1,14.8,5.5
"14141","20190531:0000",-43.80938,172.96574,"Akaroa",10,"Akaroa",100148,"Canterbury",1010,3.6,10.65,3.7
"14142","20190601:0000",-43.80938,172.96574,"Akaroa",10,"Akaroa",100148,"Canterbury",1010,18,6.25,0
"14143","20190602:0000",-43.80938,172.96574,"Akaroa",10,"Akaroa",100148,"Canterbury",1010,14.4,6.15,1.2
"14144","20190603:0000",-43.80938,172.96574,"Akaroa",10,"Akaroa",100148,"Canterbury",1010,2.2,6.9,7
"14145","20190604:0000",-43.80938,172.96574,"Akaroa",10,"Akaroa",100148,"Canterbury",1010,6.8,4.5,0
"14146","20190605:0000",-43.80938,172.96574,"Akaroa",10,"Akaroa",100148,"Canterbury",1010,2.2,4.65,3.1
"14147","20190606:0000",-43.80938,172.96574,"Akaroa",10,"Akaroa",100148,"Canterbury",1010,1.8,6.45,3.1
"14148","20190607:0000",-43.80938,172.96574,"Akaroa",10,"Akaroa",100148,"Canterbury",1010,21.2,8.2,2
"14149","20190608:0000",-43.80938,172.96574,"Akaroa",10,"Akaroa",100148,"Canterbury",1010,19.4,7.65,2.9
"14150","20190609:0000",-43.80938,172.96574,"Akaroa",10,"Akaroa",100148,"Canterbury",1010,2.2,9.65,6.1
"14151","20190610:0000",-43.80938,172.96574,"Akaroa",10,"Akaroa",100148,"Canterbury",1010,2.5,8.8,6.9
"14152","20190611:0000",-43.80938,172.96574,"Akaroa",10,"Akaroa",100148,"Canterbury",1010,4,10.1,1
"14153","20190612:0000",-43.80938,172.96574,"Akaroa",10,"Akaroa",100148,"Canterbury",1010,1.8,11.55,4.2
"14154","20190613:0000",-43.80938,172.96574,"Akaroa",10,"Akaroa",100148,"Canterbury",1010,2.9,11,4.4
"14155","20190614:0000",-43.80938,172.96574,"Akaroa",10,"Akaroa",100148,"Canterbury",1010,7.2,13.1,3.1
"14156","20190615:0000",-43.80938,172.96574,"Akaroa",10,"Akaroa",100148,"Canterbury",1010,5,9.3,0
"14157","20190616:0000",-43.80938,172.96574,"Akaroa",10,"Akaroa",100148,"Canterbury",1010,1.8,5.55,0.7
"14158","20190617:0000",-43.80938,172.96574,"Akaroa",10,"Akaroa",100148,"Canterbury",1010,2.9,5.25,3.9
"14159","20190618:0000",-43.80938,172.96574,"Akaroa",10,"Akaroa",100148,"Canterbury",1010,9.4,5.7,2.3
"14160","20190619:0000",-43.80938,172.96574,"Akaroa",10,"Akaroa",100148,"Canterbury",1010,2.2,6.7,6.9
"14161","20190620:0000",-43.80938,172.96574,"Akaroa",10,"Akaroa",100148,"Canterbury",1010,2.2,6.9,4.8
"14162","20190621:0000",-43.80938,172.96574,"Akaroa",10,"Akaroa",100148,"Canterbury",1010,5.8,12.2,7
"14163","20190622:0000",-43.80938,172.96574,"Akaroa",10,"Akaroa",100148,"Canterbury",1010,3.2,9.15,6.9
"14164","20190623:0000",-43.80938,172.96574,"Akaroa",10,"Akaroa",100148,"Canterbury",1010,1.4,5.3,4.9
"14165","20190624:0000",-43.80938,172.96574,"Akaroa",10,"Akaroa",100148,"Canterbury",1010,2.5,6.45,3.4
"14166","20190625:0000",-43.80938,172.96574,"Akaroa",10,"Akaroa",100148,"Canterbury",1010,1.8,8,6.9
"14167","20190626:0000",-43.80938,172.96574,"Akaroa",10,"Akaroa",100148,"Canterbury",1010,1.1,7.05,6.9
"14168","20190627:0000",-43.80938,172.96574,"Akaroa",10,"Akaroa",100148,"Canterbury",1010,0.7,8.3,7
"14169","20190628:0000",-43.80938,172.96574,"Akaroa",10,"Akaroa",100148,"Canterbury",1010,2.2,7.65,6.8
"14170","20190629:0000",-43.80938,172.96574,"Akaroa",10,"Akaroa",100148,"Canterbury",1010,1.8,7.6,7
"14171","20190630:0000",-43.80938,172.96574,"Akaroa",10,"Akaroa",100148,"Canterbury",1010,2.2,9.85,6.2
"14172","20190701:0000",-43.80938,172.96574,"Akaroa",10,"Akaroa",100148,"Canterbury",1010,2.2,9.25,0.5
"14173","20190702:0000",-43.80938,172.96574,"Akaroa",10,"Akaroa",100148,"Canterbury",1010,1.8,11.65,2.4
"14174","20190703:0000",-43.80938,172.96574,"Akaroa",10,"Akaroa",100148,"Canterbury",1010,9.7,15.2,3.9
"14175","20190704:0000",-43.80938,172.96574,"Akaroa",10,"Akaroa",100148,"Canterbury",1010,9,9.7,3.5
"14176","20190705:0000",-43.80938,172.96574,"Akaroa",10,"Akaroa",100148,"Canterbury",1010,11.2,6.2,0.4
"14177","20190706:0000",-43.80938,172.96574,"Akaroa",10,"Akaroa",100148,"Canterbury",1010,14.4,7.05,0.6
"14178","20190707:0000",-43.80938,172.96574,"Akaroa",10,"Akaroa",100148,"Canterbury",1010,1.4,9,7
"14179","20190708:0000",-43.80938,172.96574,"Akaroa",10,"Akaroa",100148,"Canterbury",1010,9,5.25,0.4
"14180","20190709:0000",-43.80938,172.96574,"Akaroa",10,"Akaroa",100148,"Canterbury",1010,1.1,8.7,6.9
"14181","20190710:0000",-43.80938,172.96574,"Akaroa",10,"Akaroa",100148,"Canterbury",1010,4,9,1.6
"14182","20190711:0000",-43.80938,172.96574,"Akaroa",10,"Akaroa",100148,"Canterbury",1010,2.9,11,4.5
"14183","20190712:0000",-43.80938,172.96574,"Akaroa",10,"Akaroa",100148,"Canterbury",1010,3.2,8.5,1
"14184","20190713:0000",-43.80938,172.96574,"Akaroa",10,"Akaroa",100148,"Canterbury",1010,2.5,11.95,5.6
"14185","20190714:0000",-43.80938,172.96574,"Akaroa",10,"Akaroa",100148,"Canterbury",1010,6.8,9.9,0.9
"14186","20190715:0000",-43.80938,172.96574,"Akaroa",10,"Akaroa",100148,"Canterbury",1010,1.4,8.35,4.7
"14187","20190716:0000",-43.80938,172.96574,"Akaroa",10,"Akaroa",100148,"Canterbury",1010,5,9.15,3.8
"14188","20190717:0000",-43.80938,172.96574,"Akaroa",10,"Akaroa",100148,"Canterbury",1010,2.2,5,0.2
"14189","20190718:0000",-43.80938,172.96574,"Akaroa",10,"Akaroa",100148,"Canterbury",1010,2.9,7.65,5.7
"14190","20190719:0000",-43.80938,172.96574,"Akaroa",10,"Akaroa",100148,"Canterbury",1010,2.9,5.15,0
"14191","20190720:0000",-43.80938,172.96574,"Akaroa",10,"Akaroa",100148,"Canterbury",1010,4.3,8.35,0
"14192","20190721:0000",-43.80938,172.96574,"Akaroa",10,"Akaroa",100148,"Canterbury",1010,9,8.5,0
"14193","20190722:0000",-43.80938,172.96574,"Akaroa",10,"Akaroa",100148,"Canterbury",1010,2.9,7.95,4.8
"14194","20190723:0000",-43.80938,172.96574,"Akaroa",10,"Akaroa",100148,"Canterbury",1010,1.8,7.5,0.7
"14195","20190724:0000",-43.80938,172.96574,"Akaroa",10,"Akaroa",100148,"Canterbury",1010,1.4,9.7,3.3
"14196","20190725:0000",-43.80938,172.96574,"Akaroa",10,"Akaroa",100148,"Canterbury",1010,2.9,10.35,5.6
"14197","20190726:0000",-43.80938,172.96574,"Akaroa",10,"Akaroa",100148,"Canterbury",1010,1.4,5.85,7.5
"14198","20190727:0000",-43.80938,172.96574,"Akaroa",10,"Akaroa",100148,"Canterbury",1010,1.4,7.45,6.9
"14199","20190728:0000",-43.80938,172.96574,"Akaroa",10,"Akaroa",100148,"Canterbury",1010,2.2,9.05,1.7
"14200","20190729:0000",-43.80938,172.96574,"Akaroa",10,"Akaroa",100148,"Canterbury",1010,2.5,11.6,7.4
"14201","20190730:0000",-43.80938,172.96574,"Akaroa",10,"Akaroa",100148,"Canterbury",1010,5,10.45,2.4
"14202","20190731:0000",-43.80938,172.96574,"Akaroa",10,"Akaroa",100148,"Canterbury",1010,16.6,5.55,0
"14203","20190801:0000",-43.80938,172.96574,"Akaroa",10,"Akaroa",100148,"Canterbury",1010,20.5,5.65,0.2
"14204","20190802:0000",-43.80938,172.96574,"Akaroa",10,"Akaroa",100148,"Canterbury",1010,4,7.2,3
"14205","20190803:0000",-43.80938,172.96574,"Akaroa",10,"Akaroa",100148,"Canterbury",1010,15.1,7.9,8.2
"14206","20190804:0000",-43.80938,172.96574,"Akaroa",10,"Akaroa",100148,"Canterbury",1010,4,4.4,3.9
"14207","20190805:0000",-43.80938,172.96574,"Akaroa",10,"Akaroa",100148,"Canterbury",1010,19.8,5.15,5.7
"14208","20190806:0000",-43.80938,172.96574,"Akaroa",10,"Akaroa",100148,"Canterbury",1010,2.5,7.05,8.4
"14209","20190807:0000",-43.80938,172.96574,"Akaroa",10,"Akaroa",100148,"Canterbury",1010,4.3,9.1,8.5
"14210","20190808:0000",-43.80938,172.96574,"Akaroa",10,"Akaroa",100148,"Canterbury",1010,1.8,10,8.3
"14211","20190809:0000",-43.80938,172.96574,"Akaroa",10,"Akaroa",100148,"Canterbury",1010,3.2,10.35,7.2
"14212","20190810:0000",-43.80938,172.96574,"Akaroa",10,"Akaroa",100148,"Canterbury",1010,4.7,5.6,0
"14213","20190811:0000",-43.80938,172.96574,"Akaroa",10,"Akaroa",100148,"Canterbury",1010,2.2,5.75,1.3
"14214","20190812:0000",-43.80938,172.96574,"Akaroa",10,"Akaroa",100148,"Canterbury",1010,1.4,6.85,6.1
"14215","20190813:0000",-43.80938,172.96574,"Akaroa",10,"Akaroa",100148,"Canterbury",1010,2.2,7.85,8.6
"14216","20190814:0000",-43.80938,172.96574,"Akaroa",10,"Akaroa",100148,"Canterbury",1010,23.4,5.1,5.5
"14217","20190815:0000",-43.80938,172.96574,"Akaroa",10,"Akaroa",100148,"Canterbury",1010,1.8,6.85,8.2
"14218","20190816:0000",-43.80938,172.96574,"Akaroa",10,"Akaroa",100148,"Canterbury",1010,2.9,10.1,3.8
"14219","20190817:0000",-43.80938,172.96574,"Akaroa",10,"Akaroa",100148,"Canterbury",1010,2.9,5.1,1
"14220","20190818:0000",-43.80938,172.96574,"Akaroa",10,"Akaroa",100148,"Canterbury",1010,2.5,6.25,6
"14221","20190819:0000",-43.80938,172.96574,"Akaroa",10,"Akaroa",100148,"Canterbury",1010,6.1,6.7,8.1
"14222","20190820:0000",-43.80938,172.96574,"Akaroa",10,"Akaroa",100148,"Canterbury",1010,11.9,8.8,2.2
"14223","20190821:0000",-43.80938,172.96574,"Akaroa",10,"Akaroa",100148,"Canterbury",1010,3.2,9,7.2
"14224","20190822:0000",-43.80938,172.96574,"Akaroa",10,"Akaroa",100148,"Canterbury",1010,2.9,10.25,4.9
"14225","20190823:0000",-43.80938,172.96574,"Akaroa",10,"Akaroa",100148,"Canterbury",1010,2.9,9.35,7.9
"14226","20190824:0000",-43.80938,172.96574,"Akaroa",10,"Akaroa",100148,"Canterbury",1010,4.3,8.65,6.4
"14227","20190825:0000",-43.80938,172.96574,"Akaroa",10,"Akaroa",100148,"Canterbury",1010,2.9,11.2,8.1
"14228","20190826:0000",-43.80938,172.96574,"Akaroa",10,"Akaroa",100148,"Canterbury",1010,2.5,9.8,3.1
"14229","20190827:0000",-43.80938,172.96574,"Akaroa",10,"Akaroa",100148,"Canterbury",1010,2.2,7.7,9.1
"14230","20190828:0000",-43.80938,172.96574,"Akaroa",10,"Akaroa",100148,"Canterbury",1010,1.8,10.35,9.1
"14231","20190829:0000",-43.80938,172.96574,"Akaroa",10,"Akaroa",100148,"Canterbury",1010,5,11.9,4.7
"14232","20190830:0000",-43.80938,172.96574,"Akaroa",10,"Akaroa",100148,"Canterbury",1010,1.4,8.2,9
"14233","20190831:0000",-43.80938,172.96574,"Akaroa",10,"Akaroa",100148,"Canterbury",1010,2.5,10.2,7.8
"14234","20190901:0000",-43.80938,172.96574,"Akaroa",10,"Akaroa",100148,"Canterbury",1010,1.8,13.8,9.2
"14235","20190902:0000",-43.80938,172.96574,"Akaroa",10,"Akaroa",100148,"Canterbury",1010,2.2,10.5,9.2
"14236","20190903:0000",-43.80938,172.96574,"Akaroa",10,"Akaroa",100148,"Canterbury",1010,1.4,9.15,7.1
"14237","20190904:0000",-43.80938,172.96574,"Akaroa",10,"Akaroa",100148,"Canterbury",1010,9.7,8.8,0
"14238","20190905:0000",-43.80938,172.96574,"Akaroa",10,"Akaroa",100148,"Canterbury",1010,10.8,8.1,0
"14239","20190906:0000",-43.80938,172.96574,"Akaroa",10,"Akaroa",100148,"Canterbury",1010,17.3,6.85,0
"14240","20190907:0000",-43.80938,172.96574,"Akaroa",10,"Akaroa",100148,"Canterbury",1010,10.8,6.3,5.2
"14241","20190908:0000",-43.80938,172.96574,"Akaroa",10,"Akaroa",100148,"Canterbury",1010,6.8,3,0.1
"14242","20190909:0000",-43.80938,172.96574,"Akaroa",10,"Akaroa",100148,"Canterbury",1010,1.8,3.85,3
"14243","20190910:0000",-43.80938,172.96574,"Akaroa",10,"Akaroa",100148,"Canterbury",1010,5.4,7.3,8.8
"14244","20190911:0000",-43.80938,172.96574,"Akaroa",10,"Akaroa",100148,"Canterbury",1010,10.4,8.1,6.6
"14245","20190912:0000",-43.80938,172.96574,"Akaroa",10,"Akaroa",100148,"Canterbury",1010,4,11.9,8.4
"14246","20190913:0000",-43.80938,172.96574,"Akaroa",10,"Akaroa",100148,"Canterbury",1010,9.7,14.35,2.4
"14247","20190914:0000",-43.80938,172.96574,"Akaroa",10,"Akaroa",100148,"Canterbury",1010,4.3,6.65,0.2
"14248","20190915:0000",-43.80938,172.96574,"Akaroa",10,"Akaroa",100148,"Canterbury",1010,8.3,10.5,5.6
"14249","20190916:0000",-43.80938,172.96574,"Akaroa",10,"Akaroa",100148,"Canterbury",1010,5,11.85,6.5
"14250","20190917:0000",-43.80938,172.96574,"Akaroa",10,"Akaroa",100148,"Canterbury",1010,8.3,11.7,6
"14251","20190918:0000",-43.80938,172.96574,"Akaroa",10,"Akaroa",100148,"Canterbury",1010,2.2,8.1,9.8
"14252","20190919:0000",-43.80938,172.96574,"Akaroa",10,"Akaroa",100148,"Canterbury",1010,1.4,9.85,9.6
"14253","20190920:0000",-43.80938,172.96574,"Akaroa",10,"Akaroa",100148,"Canterbury",1010,7.2,8.65,4.4
"14254","20190921:0000",-43.80938,172.96574,"Akaroa",10,"Akaroa",100148,"Canterbury",1010,1.1,9.85,9.8
"14255","20190922:0000",-43.80938,172.96574,"Akaroa",10,"Akaroa",100148,"Canterbury",1010,3.2,10.75,5.5
"14256","20190923:0000",-43.80938,172.96574,"Akaroa",10,"Akaroa",100148,"Canterbury",1010,6.1,13.35,3.2
"14257","20190924:0000",-43.80938,172.96574,"Akaroa",10,"Akaroa",100148,"Canterbury",1010,4.3,10.9,8.3
"14258","20190925:0000",-43.80938,172.96574,"Akaroa",10,"Akaroa",100148,"Canterbury",1010,2.5,9.1,3.6
"14259","20190926:0000",-43.80938,172.96574,"Akaroa",10,"Akaroa",100148,"Canterbury",1010,11.5,8.7,7
"14260","20190927:0000",-43.80938,172.96574,"Akaroa",10,"Akaroa",100148,"Canterbury",1010,7.2,11.45,7.7
"14261","20190928:0000",-43.80938,172.96574,"Akaroa",10,"Akaroa",100148,"Canterbury",1010,4,13.2,5.2
"14262","20190929:0000",-43.80938,172.96574,"Akaroa",10,"Akaroa",100148,"Canterbury",1010,6.1,17.45,10.5
"14263","20190930:0000",-43.80938,172.96574,"Akaroa",10,"Akaroa",100148,"Canterbury",1010,6.5,15.45,0
"14264","20191001:0000",-43.80938,172.96574,"Akaroa",10,"Akaroa",100148,"Canterbury",1010,2.5,5.9,5.2
"14265","20191002:0000",-43.80938,172.96574,"Akaroa",10,"Akaroa",100148,"Canterbury",1010,7.6,5.15,2.8
"14266","20191003:0000",-43.80938,172.96574,"Akaroa",10,"Akaroa",100148,"Canterbury",1010,9,6.85,6
"14267","20191004:0000",-43.80938,172.96574,"Akaroa",10,"Akaroa",100148,"Canterbury",1010,1.1,8.95,10.5
"14268","20191005:0000",-43.80938,172.96574,"Akaroa",10,"Akaroa",100148,"Canterbury",1010,12.6,6.55,0.4
"14269","20191006:0000",-43.80938,172.96574,"Akaroa",10,"Akaroa",100148,"Canterbury",1010,1.4,7.95,10.1
"14270","20191007:0000",-43.80938,172.96574,"Akaroa",10,"Akaroa",100148,"Canterbury",1010,2.5,11.7,10.7
"14271","20191008:0000",-43.80938,172.96574,"Akaroa",10,"Akaroa",100148,"Canterbury",1010,2.9,15.6,5.7
"14272","20191009:0000",-43.80938,172.96574,"Akaroa",10,"Akaroa",100148,"Canterbury",1010,2.5,16.4,4.7
"14273","20191010:0000",-43.80938,172.96574,"Akaroa",10,"Akaroa",100148,"Canterbury",1010,3.2,15.35,0.3
"14274","20191011:0000",-43.80938,172.96574,"Akaroa",10,"Akaroa",100148,"Canterbury",1010,2.2,12.45,3.6
"14275","20191012:0000",-43.80938,172.96574,"Akaroa",10,"Akaroa",100148,"Canterbury",1010,6.5,8.7,4.3
"14276","20191013:0000",-43.80938,172.96574,"Akaroa",10,"Akaroa",100148,"Canterbury",1010,4.3,9.7,3.4
"14277","20191014:0000",-43.80938,172.96574,"Akaroa",10,"Akaroa",100148,"Canterbury",1010,4,9.5,1.4
"14278","20191015:0000",-43.80938,172.96574,"Akaroa",10,"Akaroa",100148,"Canterbury",1010,5.4,10.45,1.4
"14279","20191016:0000",-43.80938,172.96574,"Akaroa",10,"Akaroa",100148,"Canterbury",1010,2.5,10.9,8
"14280","20191017:0000",-43.80938,172.96574,"Akaroa",10,"Akaroa",100148,"Canterbury",1010,2.2,10.9,8.9
"14281","20191018:0000",-43.80938,172.96574,"Akaroa",10,"Akaroa",100148,"Canterbury",1010,1.8,8.2,0
"14282","20191019:0000",-43.80938,172.96574,"Akaroa",10,"Akaroa",100148,"Canterbury",1010,2.2,12.55,9.8
"14283","20191020:0000",-43.80938,172.96574,"Akaroa",10,"Akaroa",100148,"Canterbury",1010,2.2,13.75,11.5
"14284","20191021:0000",-43.80938,172.96574,"Akaroa",10,"Akaroa",100148,"Canterbury",1010,13.3,13.85,4.2
"14285","20191022:0000",-43.80938,172.96574,"Akaroa",10,"Akaroa",100148,"Canterbury",1010,4.3,9.55,6.1
"14286","20191023:0000",-43.80938,172.96574,"Akaroa",10,"Akaroa",100148,"Canterbury",1010,13.7,7.95,8.2
"14287","20191024:0000",-43.80938,172.96574,"Akaroa",10,"Akaroa",100148,"Canterbury",1010,9.7,7.5,4.7
"14288","20191025:0000",-43.80938,172.96574,"Akaroa",10,"Akaroa",100148,"Canterbury",1010,19.8,7.6,7.3
"14289","20191026:0000",-43.80938,172.96574,"Akaroa",10,"Akaroa",100148,"Canterbury",1010,2.9,13.95,11.4
"14290","20191027:0000",-43.80938,172.96574,"Akaroa",10,"Akaroa",100148,"Canterbury",1010,7.2,16,5.7
"14291","20191028:0000",-43.80938,172.96574,"Akaroa",10,"Akaroa",100148,"Canterbury",1010,3.2,15.2,8.8
"14292","20191029:0000",-43.80938,172.96574,"Akaroa",10,"Akaroa",100148,"Canterbury",1010,3.2,11.35,8.3
"14293","20191030:0000",-43.80938,172.96574,"Akaroa",10,"Akaroa",100148,"Canterbury",1010,2.9,12.7,6.5
"14294","20191031:0000",-43.80938,172.96574,"Akaroa",10,"Akaroa",100148,"Canterbury",1010,1.8,9.6,7.2
"14295","20191101:0000",-43.80938,172.96574,"Akaroa",10,"Akaroa",100148,"Canterbury",1010,15.8,10.15,11.6
"14296","20191102:0000",-43.80938,172.96574,"Akaroa",10,"Akaroa",100148,"Canterbury",1010,1.8,17.95,12.3
"14297","20191103:0000",-43.80938,172.96574,"Akaroa",10,"Akaroa",100148,"Canterbury",1010,1.4,20.85,12.5
"14298","20191104:0000",-43.80938,172.96574,"Akaroa",10,"Akaroa",100148,"Canterbury",1010,2.9,19.5,12.2
"14299","20191105:0000",-43.80938,172.96574,"Akaroa",10,"Akaroa",100148,"Canterbury",1010,2.9,18.5,7.5
"14300","20191106:0000",-43.80938,172.96574,"Akaroa",10,"Akaroa",100148,"Canterbury",1010,2.5,14.85,0
"14301","20191107:0000",-43.80938,172.96574,"Akaroa",10,"Akaroa",100148,"Canterbury",1010,6.8,17.1,3.9
"14302","20191108:0000",-43.80938,172.96574,"Akaroa",10,"Akaroa",100148,"Canterbury",1010,4.3,22.95,11.8
"14303","20191109:0000",-43.80938,172.96574,"Akaroa",10,"Akaroa",100148,"Canterbury",1010,5,21.3,1.1
"14304","20191110:0000",-43.80938,172.96574,"Akaroa",10,"Akaroa",100148,"Canterbury",1010,6.5,18.05,1.4
"14305","20191111:0000",-43.80938,172.96574,"Akaroa",10,"Akaroa",100148,"Canterbury",1010,20.2,8.1,1.5
"14306","20191112:0000",-43.80938,172.96574,"Akaroa",10,"Akaroa",100148,"Canterbury",1010,13.7,10.7,11.3
"14307","20191113:0000",-43.80938,172.96574,"Akaroa",10,"Akaroa",100148,"Canterbury",1010,2.2,12.65,3.7
"14308","20191114:0000",-43.80938,172.96574,"Akaroa",10,"Akaroa",100148,"Canterbury",1010,9.7,13.9,8.6
"14309","20191115:0000",-43.80938,172.96574,"Akaroa",10,"Akaroa",100148,"Canterbury",1010,2.5,13.7,12.3
"14310","20191116:0000",-43.80938,172.96574,"Akaroa",10,"Akaroa",100148,"Canterbury",1010,9,18.8,10.2
"14311","20191117:0000",-43.80938,172.96574,"Akaroa",10,"Akaroa",100148,"Canterbury",1010,4.7,14.2,13.1
"14312","20191118:0000",-43.80938,172.96574,"Akaroa",10,"Akaroa",100148,"Canterbury",1010,11.9,13,5.6
"14313","20191119:0000",-43.80938,172.96574,"Akaroa",10,"Akaroa",100148,"Canterbury",1010,6.1,12.1,4
"14314","20191120:0000",-43.80938,172.96574,"Akaroa",10,"Akaroa",100148,"Canterbury",1010,6.8,10,6.1
"14315","20191121:0000",-43.80938,172.96574,"Akaroa",10,"Akaroa",100148,"Canterbury",1010,3.2,12.45,11
"14316","20191122:0000",-43.80938,172.96574,"Akaroa",10,"Akaroa",100148,"Canterbury",1010,2.9,18.35,5.3
"14317","20191123:0000",-43.80938,172.96574,"Akaroa",10,"Akaroa",100148,"Canterbury",1010,6.1,16.3,7.4
"14318","20191124:0000",-43.80938,172.96574,"Akaroa",10,"Akaroa",100148,"Canterbury",1010,6.5,19.75,6.2
"14319","20191125:0000",-43.80938,172.96574,"Akaroa",10,"Akaroa",100148,"Canterbury",1010,7.6,13.25,13.3
"14320","20191126:0000",-43.80938,172.96574,"Akaroa",10,"Akaroa",100148,"Canterbury",1010,2.5,18.35,12.8
"14321","20191127:0000",-43.80938,172.96574,"Akaroa",10,"Akaroa",100148,"Canterbury",1010,8.3,21.2,5.7
"14322","20191128:0000",-43.80938,172.96574,"Akaroa",10,"Akaroa",100148,"Canterbury",1010,7.9,25.65,12
"14323","20191129:0000",-43.80938,172.96574,"Akaroa",10,"Akaroa",100148,"Canterbury",1010,9.4,15.6,4.6
"14324","20191130:0000",-43.80938,172.96574,"Akaroa",10,"Akaroa",100148,"Canterbury",1010,11.2,15.55,9.4
"14325","20191201:0000",-43.80938,172.96574,"Akaroa",10,"Akaroa",100148,"Canterbury",1010,7.9,18.65,3.5
"14326","20191202:0000",-43.80938,172.96574,"Akaroa",10,"Akaroa",100148,"Canterbury",1010,3.2,17.9,2.5
"14327","20191203:0000",-43.80938,172.96574,"Akaroa",10,"Akaroa",100148,"Canterbury",1010,14.4,21.55,9.2
"14328","20191204:0000",-43.80938,172.96574,"Akaroa",10,"Akaroa",100148,"Canterbury",1010,16.9,19.3,11.6
"14329","20191205:0000",-43.80938,172.96574,"Akaroa",10,"Akaroa",100148,"Canterbury",1010,2.9,16.45,12.7
"14330","20191206:0000",-43.80938,172.96574,"Akaroa",10,"Akaroa",100148,"Canterbury",1010,9,19.05,10.9
"14331","20191207:0000",-43.80938,172.96574,"Akaroa",10,"Akaroa",100148,"Canterbury",1010,9.4,21,9
"14332","20191208:0000",-43.80938,172.96574,"Akaroa",10,"Akaroa",100148,"Canterbury",1010,4.7,17.95,7.6
"14333","20191209:0000",-43.80938,172.96574,"Akaroa",10,"Akaroa",100148,"Canterbury",1010,2.5,11.35,11.9
"14334","20191210:0000",-43.80938,172.96574,"Akaroa",10,"Akaroa",100148,"Canterbury",1010,2.5,12.9,12.6
"14335","20191211:0000",-43.80938,172.96574,"Akaroa",10,"Akaroa",100148,"Canterbury",1010,2.5,17.25,11
"14336","20191212:0000",-43.80938,172.96574,"Akaroa",10,"Akaroa",100148,"Canterbury",1010,3.6,15.5,13
"14337","20191213:0000",-43.80938,172.96574,"Akaroa",10,"Akaroa",100148,"Canterbury",1010,7.2,18.05,7.5
"14338","20191214:0000",-43.80938,172.96574,"Akaroa",10,"Akaroa",100148,"Canterbury",1010,3.6,16.3,9.2
"14339","20191215:0000",-43.80938,172.96574,"Akaroa",10,"Akaroa",100148,"Canterbury",1010,1.8,16.65,8.6
"14340","20191216:0000",-43.80938,172.96574,"Akaroa",10,"Akaroa",100148,"Canterbury",1010,4,13.95,3.8
"14341","20191217:0000",-43.80938,172.96574,"Akaroa",10,"Akaroa",100148,"Canterbury",1010,1.4,14.65,0.4
"14342","20191218:0000",-43.80938,172.96574,"Akaroa",10,"Akaroa",100148,"Canterbury",1010,21.2,10.7,5
"14343","20191219:0000",-43.80938,172.96574,"Akaroa",10,"Akaroa",100148,"Canterbury",1010,2.5,14.25,7.7
"14344","20191220:0000",-43.80938,172.96574,"Akaroa",10,"Akaroa",100148,"Canterbury",1010,21.2,16.55,5.5
"14345","20191221:0000",-43.80938,172.96574,"Akaroa",10,"Akaroa",100148,"Canterbury",1010,7.2,13,10.8
"14346","20191222:0000",-43.80938,172.96574,"Akaroa",10,"Akaroa",100148,"Canterbury",1010,3.6,15.45,8.7
"14347","20191223:0000",-43.80938,172.96574,"Akaroa",10,"Akaroa",100148,"Canterbury",1010,7.9,14.45,7.2
"14348","20191224:0000",-43.80938,172.96574,"Akaroa",10,"Akaroa",100148,"Canterbury",1010,2.9,13.15,10.2
"14349","20191225:0000",-43.80938,172.96574,"Akaroa",10,"Akaroa",100148,"Canterbury",1010,2.9,14.55,8.5
"14350","20191226:0000",-43.80938,172.96574,"Akaroa",10,"Akaroa",100148,"Canterbury",1010,6.5,15,10
"14351","20191227:0000",-43.80938,172.96574,"Akaroa",10,"Akaroa",100148,"Canterbury",1010,4,17.45,11.8
"14352","20191228:0000",-43.80938,172.96574,"Akaroa",10,"Akaroa",100148,"Canterbury",1010,2.5,12.65,10.7
"14353","20191229:0000",-43.80938,172.96574,"Akaroa",10,"Akaroa",100148,"Canterbury",1010,3.6,14.45,12.4
"14354","20191230:0000",-43.80938,172.96574,"Akaroa",10,"Akaroa",100148,"Canterbury",1010,6.5,16.15,2
"14355","20191231:0000",-43.80938,172.96574,"Akaroa",10,"Akaroa",100148,"Canterbury",1010,1.8,16.5,7.2
"14356","20200101:0000",-43.80938,172.96574,"Akaroa",10,"Akaroa",100148,"Canterbury",1010,3.6,22.2,3.2
"14357","20200102:0000",-43.80938,172.96574,"Akaroa",10,"Akaroa",100148,"Canterbury",1010,2.9,19.8,8.4
"14358","20200103:0000",-43.80938,172.96574,"Akaroa",10,"Akaroa",100148,"Canterbury",1010,4.7,15.4,1.5
"14359","20200104:0000",-43.80938,172.96574,"Akaroa",10,"Akaroa",100148,"Canterbury",1010,7.9,10.45,8.9
"14360","20200105:0000",-43.80938,172.96574,"Akaroa",10,"Akaroa",100148,"Canterbury",1010,5,17.35,5.2
"14361","20200106:0000",-43.80938,172.96574,"Akaroa",10,"Akaroa",100148,"Canterbury",1010,3.6,14.45,6.9
"14362","20200107:0000",-43.80938,172.96574,"Akaroa",10,"Akaroa",100148,"Canterbury",1010,19.4,12.3,7.5
"14363","20200108:0000",-43.80938,172.96574,"Akaroa",10,"Akaroa",100148,"Canterbury",1010,3.6,12.65,4.7
"14364","20200109:0000",-43.80938,172.96574,"Akaroa",10,"Akaroa",100148,"Canterbury",1010,2.9,14.75,9.4
"14365","20200110:0000",-43.80938,172.96574,"Akaroa",10,"Akaroa",100148,"Canterbury",1010,2.2,14.95,8.8
"14366","20200111:0000",-43.80938,172.96574,"Akaroa",10,"Akaroa",100148,"Canterbury",1010,2.9,19.65,2.1
"14367","20200112:0000",-43.80938,172.96574,"Akaroa",10,"Akaroa",100148,"Canterbury",1010,16.2,23.75,9.7
"14368","20200113:0000",-43.80938,172.96574,"Akaroa",10,"Akaroa",100148,"Canterbury",1010,4.3,13.45,2
"14369","20200114:0000",-43.80938,172.96574,"Akaroa",10,"Akaroa",100148,"Canterbury",1010,2.9,13.6,10.5
"14370","20200115:0000",-43.80938,172.96574,"Akaroa",10,"Akaroa",100148,"Canterbury",1010,3.2,13.4,12.5
"14371","20200116:0000",-43.80938,172.96574,"Akaroa",10,"Akaroa",100148,"Canterbury",1010,2.9,13.3,12.8
"14372","20200117:0000",-43.80938,172.96574,"Akaroa",10,"Akaroa",100148,"Canterbury",1010,6.5,15.5,13.1
"14373","20200118:0000",-43.80938,172.96574,"Akaroa",10,"Akaroa",100148,"Canterbury",1010,8.6,15.7,13.1
"14374","20200119:0000",-43.80938,172.96574,"Akaroa",10,"Akaroa",100148,"Canterbury",1010,3.6,17,10.8
"14375","20200120:0000",-43.80938,172.96574,"Akaroa",10,"Akaroa",100148,"Canterbury",1010,2.9,17.95,10.2
"14376","20200121:0000",-43.80938,172.96574,"Akaroa",10,"Akaroa",100148,"Canterbury",1010,2.2,18.65,7.1
"14377","20200122:0000",-43.80938,172.96574,"Akaroa",10,"Akaroa",100148,"Canterbury",1010,4.3,19.5,7.4
"14378","20200123:0000",-43.80938,172.96574,"Akaroa",10,"Akaroa",100148,"Canterbury",1010,2.9,19.35,12.4
"14379","20200124:0000",-43.80938,172.96574,"Akaroa",10,"Akaroa",100148,"Canterbury",1010,1.4,19.2,13.2
"14380","20200125:0000",-43.80938,172.96574,"Akaroa",10,"Akaroa",100148,"Canterbury",1010,3.2,23.55,6.4
"14381","20200126:0000",-43.80938,172.96574,"Akaroa",10,"Akaroa",100148,"Canterbury",1010,4.3,19.9,12.2
"14382","20200127:0000",-43.80938,172.96574,"Akaroa",10,"Akaroa",100148,"Canterbury",1010,3.2,19.45,8.4
"14383","20200128:0000",-43.80938,172.96574,"Akaroa",10,"Akaroa",100148,"Canterbury",1010,3.2,20.05,10.9
"14384","20200129:0000",-43.80938,172.96574,"Akaroa",10,"Akaroa",100148,"Canterbury",1010,1.8,22.2,NA
"14385","20200130:0000",-43.80938,172.96574,"Akaroa",10,"Akaroa",100148,"Canterbury",1010,3.6,19.85,9.2
"14386","20200131:0000",-43.80938,172.96574,"Akaroa",10,"Akaroa",100148,"Canterbury",1010,9.7,17.2,7.6
"14387","20200201:0000",-43.80938,172.96574,"Akaroa",10,"Akaroa",100148,"Canterbury",1010,6.8,19.3,3.9
"14388","20200202:0000",-43.80938,172.96574,"Akaroa",10,"Akaroa",100148,"Canterbury",1010,11.5,25.55,10.4
"14389","20200203:0000",-43.80938,172.96574,"Akaroa",10,"Akaroa",100148,"Canterbury",1010,12.2,26.25,0.1
"14390","20200204:0000",-43.80938,172.96574,"Akaroa",10,"Akaroa",100148,"Canterbury",1010,12.6,27.4,8.9
"14391","20200205:0000",-43.80938,172.96574,"Akaroa",10,"Akaroa",100148,"Canterbury",1010,7.9,12.95,5.5
"14392","20200206:0000",-43.80938,172.96574,"Akaroa",10,"Akaroa",100148,"Canterbury",1010,1.8,15.85,6.1
"14393","20200207:0000",-43.80938,172.96574,"Akaroa",10,"Akaroa",100148,"Canterbury",1010,1.4,15.3,6
"14394","20200208:0000",-43.80938,172.96574,"Akaroa",10,"Akaroa",100148,"Canterbury",1010,10.8,13.95,2.7
"14395","20200209:0000",-43.80938,172.96574,"Akaroa",10,"Akaroa",100148,"Canterbury",1010,3.2,14.4,9.9
"14396","20200210:0000",-43.80938,172.96574,"Akaroa",10,"Akaroa",100148,"Canterbury",1010,7.6,16.65,10.9
"14397","20200211:0000",-43.80938,172.96574,"Akaroa",10,"Akaroa",100148,"Canterbury",1010,2.2,15.95,11.6
"14398","20200212:0000",-43.80938,172.96574,"Akaroa",10,"Akaroa",100148,"Canterbury",1010,1.8,17.95,10.6
"14399","20200213:0000",-43.80938,172.96574,"Akaroa",10,"Akaroa",100148,"Canterbury",1010,2.2,20.2,8.9
"14400","20200214:0000",-43.80938,172.96574,"Akaroa",10,"Akaroa",100148,"Canterbury",1010,2.5,14.3,0
"14401","20200215:0000",-43.80938,172.96574,"Akaroa",10,"Akaroa",100148,"Canterbury",1010,7.2,17,2.4
"14402","20200216:0000",-43.80938,172.96574,"Akaroa",10,"Akaroa",100148,"Canterbury",1010,12.2,21.2,4
"14403","20200217:0000",-43.80938,172.96574,"Akaroa",10,"Akaroa",100148,"Canterbury",1010,5,27.25,9.1
"14404","20200218:0000",-43.80938,172.96574,"Akaroa",10,"Akaroa",100148,"Canterbury",1010,3.2,22.85,8
"14405","20200219:0000",-43.80938,172.96574,"Akaroa",10,"Akaroa",100148,"Canterbury",1010,4.3,20.35,10.4
"14406","20200220:0000",-43.80938,172.96574,"Akaroa",10,"Akaroa",100148,"Canterbury",1010,3.6,16.75,7.1
"14407","20200221:0000",-43.80938,172.96574,"Akaroa",10,"Akaroa",100148,"Canterbury",1010,10.8,21.7,5.6
"14408","20200222:0000",-43.80938,172.96574,"Akaroa",10,"Akaroa",100148,"Canterbury",1010,1.8,14.7,0.1
"14409","20200223:0000",-43.80938,172.96574,"Akaroa",10,"Akaroa",100148,"Canterbury",1010,1.4,15.7,11.6
"14410","20200224:0000",-43.80938,172.96574,"Akaroa",10,"Akaroa",100148,"Canterbury",1010,5.8,17.5,11.7
"14411","20200225:0000",-43.80938,172.96574,"Akaroa",10,"Akaroa",100148,"Canterbury",1010,1.4,18.35,6.4
"14412","20200226:0000",-43.80938,172.96574,"Akaroa",10,"Akaroa",100148,"Canterbury",1010,4.3,19.7,9.8
"14413","20200227:0000",-43.80938,172.96574,"Akaroa",10,"Akaroa",100148,"Canterbury",1010,9,21.8,6.7
"14414","20200228:0000",-43.80938,172.96574,"Akaroa",10,"Akaroa",100148,"Canterbury",1010,4.3,22.6,7.9
"14415","20200229:0000",-43.80938,172.96574,"Akaroa",10,"Akaroa",100148,"Canterbury",1010,8.6,16.25,8.8
"14416","20200301:0000",-43.80938,172.96574,"Akaroa",10,"Akaroa",100148,"Canterbury",1010,1.8,17,10.3
"14417","20200302:0000",-43.80938,172.96574,"Akaroa",10,"Akaroa",100148,"Canterbury",1010,11.9,18.8,4
"14418","20200303:0000",-43.80938,172.96574,"Akaroa",10,"Akaroa",100148,"Canterbury",1010,6.1,23.45,4.6
"14419","20200304:0000",-43.80938,172.96574,"Akaroa",10,"Akaroa",100148,"Canterbury",1010,7.9,12.7,6.5
"14420","20200305:0000",-43.80938,172.96574,"Akaroa",10,"Akaroa",100148,"Canterbury",1010,1.8,12.4,10.9
"14421","20200306:0000",-43.80938,172.96574,"Akaroa",10,"Akaroa",100148,"Canterbury",1010,5.8,13.95,9.3
"14422","20200307:0000",-43.80938,172.96574,"Akaroa",10,"Akaroa",100148,"Canterbury",1010,10.4,19.25,9.9
"14423","20200308:0000",-43.80938,172.96574,"Akaroa",10,"Akaroa",100148,"Canterbury",1010,2.9,18.25,4.4
"14424","20200309:0000",-43.80938,172.96574,"Akaroa",10,"Akaroa",100148,"Canterbury",1010,11.9,22.35,4.2
"14425","20200310:0000",-43.80938,172.96574,"Akaroa",10,"Akaroa",100148,"Canterbury",1010,7.9,14.7,0.3
"14426","20200311:0000",-43.80938,172.96574,"Akaroa",10,"Akaroa",100148,"Canterbury",1010,9,11.35,0.8
"14427","20200312:0000",-43.80938,172.96574,"Akaroa",10,"Akaroa",100148,"Canterbury",1010,5.4,14.85,9.1
"14428","20200313:0000",-43.80938,172.96574,"Akaroa",10,"Akaroa",100148,"Canterbury",1010,1.4,13.75,9
"14429","20200314:0000",-43.80938,172.96574,"Akaroa",10,"Akaroa",100148,"Canterbury",1010,6.1,15.9,9.6
"14430","20200315:0000",-43.80938,172.96574,"Akaroa",10,"Akaroa",100148,"Canterbury",1010,2.9,16.2,9.2
"14431","20200316:0000",-43.80938,172.96574,"Akaroa",10,"Akaroa",100148,"Canterbury",1010,7.9,16.05,9.1
"14432","20200317:0000",-43.80938,172.96574,"Akaroa",10,"Akaroa",100148,"Canterbury",1010,6.8,12,4.8
"14433","20200318:0000",-43.80938,172.96574,"Akaroa",10,"Akaroa",100148,"Canterbury",1010,1.1,11.7,10.1
"14434","20200319:0000",-43.80938,172.96574,"Akaroa",10,"Akaroa",100148,"Canterbury",1010,3.2,15.95,10
"14435","20200320:0000",-43.80938,172.96574,"Akaroa",10,"Akaroa",100148,"Canterbury",1010,7.6,11.65,0
"14436","20200321:0000",-43.80938,172.96574,"Akaroa",10,"Akaroa",100148,"Canterbury",1010,6.1,13.8,0.3
"14437","20200322:0000",-43.80938,172.96574,"Akaroa",10,"Akaroa",100148,"Canterbury",1010,5.4,19.15,9.3
"14438","20200323:0000",-43.80938,172.96574,"Akaroa",10,"Akaroa",100148,"Canterbury",1010,3.2,15.3,4.8
"14439","20200324:0000",-43.80938,172.96574,"Akaroa",10,"Akaroa",100148,"Canterbury",1010,22.3,9.05,1.9
"14440","20200325:0000",-43.80938,172.96574,"Akaroa",10,"Akaroa",100148,"Canterbury",1010,1.8,14,9.2
"14441","20200326:0000",-43.80938,172.96574,"Akaroa",10,"Akaroa",100148,"Canterbury",1010,1.4,16.05,8.7
"14442","20200327:0000",-43.80938,172.96574,"Akaroa",10,"Akaroa",100148,"Canterbury",1010,11.2,11.15,0
"14443","20200328:0000",-43.80938,172.96574,"Akaroa",10,"Akaroa",100148,"Canterbury",1010,8.3,11.8,2.6
"14444","20200329:0000",-43.80938,172.96574,"Akaroa",10,"Akaroa",100148,"Canterbury",1010,5,10.95,0
"14445","20200330:0000",-43.80938,172.96574,"Akaroa",10,"Akaroa",100148,"Canterbury",1010,3.2,12.6,0.3
"14446","20200331:0000",-43.80938,172.96574,"Akaroa",10,"Akaroa",100148,"Canterbury",1010,2.5,16.1,6.6
"14447","20200401:0000",-43.80938,172.96574,"Akaroa",10,"Akaroa",100148,"Canterbury",1010,1.8,14,9.4
"14448","20200402:0000",-43.80938,172.96574,"Akaroa",10,"Akaroa",100148,"Canterbury",1010,2.2,13.9,9.4
"14449","20200403:0000",-43.80938,172.96574,"Akaroa",10,"Akaroa",100148,"Canterbury",1010,2.5,13.5,8.5
"14450","20200404:0000",-43.80938,172.96574,"Akaroa",10,"Akaroa",100148,"Canterbury",1010,6.1,12.65,0.1
"14451","20200405:0000",-43.80938,172.96574,"Akaroa",10,"Akaroa",100148,"Canterbury",1010,13,16.35,8.4
"14452","20200406:0000",-43.80938,172.96574,"Akaroa",10,"Akaroa",100148,"Canterbury",1010,7.2,16.25,1
"14453","20200407:0000",-43.80938,172.96574,"Akaroa",10,"Akaroa",100148,"Canterbury",1010,2.5,19.3,8.1
"14454","20200408:0000",-43.80938,172.96574,"Akaroa",10,"Akaroa",100148,"Canterbury",1010,2.5,14.8,8.2
"14455","20200409:0000",-43.80938,172.96574,"Akaroa",10,"Akaroa",100148,"Canterbury",1010,8.3,11.95,5.5
"14456","20200410:0000",-43.80938,172.96574,"Akaroa",10,"Akaroa",100148,"Canterbury",1010,2.2,13.95,9.3
"14457","20200411:0000",-43.80938,172.96574,"Akaroa",10,"Akaroa",100148,"Canterbury",1010,1.8,15.6,9.2
"14458","20200412:0000",-43.80938,172.96574,"Akaroa",10,"Akaroa",100148,"Canterbury",1010,16.9,16.55,0.5
"14459","20200413:0000",-43.80938,172.96574,"Akaroa",10,"Akaroa",100148,"Canterbury",1010,7.2,12.95,5.5
"14460","20200414:0000",-43.80938,172.96574,"Akaroa",10,"Akaroa",100148,"Canterbury",1010,28.8,8.4,3.9
"14461","20200415:0000",-43.80938,172.96574,"Akaroa",10,"Akaroa",100148,"Canterbury",1010,25.9,9,1
"14462","20200416:0000",-43.80938,172.96574,"Akaroa",10,"Akaroa",100148,"Canterbury",1010,3.6,11.65,6.5
"14463","20200417:0000",-43.80938,172.96574,"Akaroa",10,"Akaroa",100148,"Canterbury",1010,1.8,11.15,0.9
"14464","20200418:0000",-43.80938,172.96574,"Akaroa",10,"Akaroa",100148,"Canterbury",1010,5.4,14.9,6
"14465","20200419:0000",-43.80938,172.96574,"Akaroa",10,"Akaroa",100148,"Canterbury",1010,14,14.75,9.1
"14466","20200420:0000",-43.80938,172.96574,"Akaroa",10,"Akaroa",100148,"Canterbury",1010,4,14.6,7.2
"14467","20200421:0000",-43.80938,172.96574,"Akaroa",10,"Akaroa",100148,"Canterbury",1010,1.4,12.95,8.9
"14468","20200422:0000",-43.80938,172.96574,"Akaroa",10,"Akaroa",100148,"Canterbury",1010,3.6,14.05,7.5
"14469","20200423:0000",-43.80938,172.96574,"Akaroa",10,"Akaroa",100148,"Canterbury",1010,3.6,13.4,4.2
"14470","20200424:0000",-43.80938,172.96574,"Akaroa",10,"Akaroa",100148,"Canterbury",1010,2.5,14.1,8.9
"14471","20200425:0000",-43.80938,172.96574,"Akaroa",10,"Akaroa",100148,"Canterbury",1010,5.4,17.1,8.7
"14472","20200426:0000",-43.80938,172.96574,"Akaroa",10,"Akaroa",100148,"Canterbury",1010,5.4,13.55,7.8
"14473","20200427:0000",-43.80938,172.96574,"Akaroa",10,"Akaroa",100148,"Canterbury",1010,18,15.75,1.5
"14474","20200428:0000",-43.80938,172.96574,"Akaroa",10,"Akaroa",100148,"Canterbury",1010,2.2,12.7,8.6
"14475","20200429:0000",-43.80938,172.96574,"Akaroa",10,"Akaroa",100148,"Canterbury",1010,1.1,13.9,8.7
"14476","20200430:0000",-43.80938,172.96574,"Akaroa",10,"Akaroa",100148,"Canterbury",1010,3.2,17.2,8.5
"14477","20200501:0000",-43.80938,172.96574,"Akaroa",10,"Akaroa",100148,"Canterbury",1010,2.5,15.5,7.7
"14478","20200502:0000",-43.80938,172.96574,"Akaroa",10,"Akaroa",100148,"Canterbury",1010,6.1,17.75,3.6
"14479","20200503:0000",-43.80938,172.96574,"Akaroa",10,"Akaroa",100148,"Canterbury",1010,14,19.2,8.2
"14480","20200504:0000",-43.80938,172.96574,"Akaroa",10,"Akaroa",100148,"Canterbury",1010,5,15.2,0.7
"14481","20200505:0000",-43.80938,172.96574,"Akaroa",10,"Akaroa",100148,"Canterbury",1010,11.2,8.8,0.8
"14482","20200506:0000",-43.80938,172.96574,"Akaroa",10,"Akaroa",100148,"Canterbury",1010,1.8,11.15,5
"14483","20200507:0000",-43.80938,172.96574,"Akaroa",10,"Akaroa",100148,"Canterbury",1010,2.5,14.25,6.4
"14484","20200508:0000",-43.80938,172.96574,"Akaroa",10,"Akaroa",100148,"Canterbury",1010,1.8,12.5,4.5
"14485","20200509:0000",-43.80938,172.96574,"Akaroa",10,"Akaroa",100148,"Canterbury",1010,5.4,13.45,6.1
"14486","20200510:0000",-43.80938,172.96574,"Akaroa",10,"Akaroa",100148,"Canterbury",1010,1.1,13.55,6.7
"14487","20200511:0000",-43.80938,172.96574,"Akaroa",10,"Akaroa",100148,"Canterbury",1010,2.9,14.35,7.2
"14488","20200512:0000",-43.80938,172.96574,"Akaroa",10,"Akaroa",100148,"Canterbury",1010,4.7,13.65,2.8
"14489","20200513:0000",-43.80938,172.96574,"Akaroa",10,"Akaroa",100148,"Canterbury",1010,1.1,12.35,3
"14490","20200514:0000",-43.80938,172.96574,"Akaroa",10,"Akaroa",100148,"Canterbury",1010,2.2,12.7,6.2
"14491","20200515:0000",-43.80938,172.96574,"Akaroa",10,"Akaroa",100148,"Canterbury",1010,5.4,11.75,5.5
"14492","20200516:0000",-43.80938,172.96574,"Akaroa",10,"Akaroa",100148,"Canterbury",1010,1.8,10,6.8
"14493","20200517:0000",-43.80938,172.96574,"Akaroa",10,"Akaroa",100148,"Canterbury",1010,1.4,10.35,7.4
"14494","20200518:0000",-43.80938,172.96574,"Akaroa",10,"Akaroa",100148,"Canterbury",1010,2.2,10,7.1
"14495","20200519:0000",-43.80938,172.96574,"Akaroa",10,"Akaroa",100148,"Canterbury",1010,3.2,9.8,4.9
"14496","20200520:0000",-43.80938,172.96574,"Akaroa",10,"Akaroa",100148,"Canterbury",1010,3.6,10.55,2.5
"14497","20200521:0000",-43.80938,172.96574,"Akaroa",10,"Akaroa",100148,"Canterbury",1010,1.8,13.4,6.7
"14498","20200522:0000",-43.80938,172.96574,"Akaroa",10,"Akaroa",100148,"Canterbury",1010,6.1,14.6,3.5
"14499","20200523:0000",-43.80938,172.96574,"Akaroa",10,"Akaroa",100148,"Canterbury",1010,3.2,11.3,1.5
"14500","20200524:0000",-43.80938,172.96574,"Akaroa",10,"Akaroa",100148,"Canterbury",1010,4,10.65,1.1
"14501","20200525:0000",-43.80938,172.96574,"Akaroa",10,"Akaroa",100148,"Canterbury",1010,2.2,9.9,0
"14502","20200526:0000",-43.80938,172.96574,"Akaroa",10,"Akaroa",100148,"Canterbury",1010,5.8,10.15,1.1
"14503","20200527:0000",-43.80938,172.96574,"Akaroa",10,"Akaroa",100148,"Canterbury",1010,1.4,10.05,7.1
"14504","20200528:0000",-43.80938,172.96574,"Akaroa",10,"Akaroa",100148,"Canterbury",1010,1.8,8.75,5.2
"14505","20200529:0000",-43.80938,172.96574,"Akaroa",10,"Akaroa",100148,"Canterbury",1010,2.2,7.45,0
"14506","20200530:0000",-43.80938,172.96574,"Akaroa",10,"Akaroa",100148,"Canterbury",1010,0.7,9.85,7
"14507","20200531:0000",-43.80938,172.96574,"Akaroa",10,"Akaroa",100148,"Canterbury",1010,2.5,9.45,4.1
"14508","20200601:0000",-43.80938,172.96574,"Akaroa",10,"Akaroa",100148,"Canterbury",1010,9,10.6,0.4
"14509","20200602:0000",-43.80938,172.96574,"Akaroa",10,"Akaroa",100148,"Canterbury",1010,1.4,11.9,4.9
"14510","20200603:0000",-43.80938,172.96574,"Akaroa",10,"Akaroa",100148,"Canterbury",1010,4.3,12.3,4.6
"14511","20200604:0000",-43.80938,172.96574,"Akaroa",10,"Akaroa",100148,"Canterbury",1010,7.2,9.8,0
"14512","20200605:0000",-43.80938,172.96574,"Akaroa",10,"Akaroa",100148,"Canterbury",1010,6.8,6.85,0.5
"14513","20200606:0000",-43.80938,172.96574,"Akaroa",10,"Akaroa",100148,"Canterbury",1010,3.6,6.05,0.7
"14514","20200607:0000",-43.80938,172.96574,"Akaroa",10,"Akaroa",100148,"Canterbury",1010,2.5,8.25,6.9
"14515","20200608:0000",-43.80938,172.96574,"Akaroa",10,"Akaroa",100148,"Canterbury",1010,2.2,10.2,6.4
"14516","20200609:0000",-43.80938,172.96574,"Akaroa",10,"Akaroa",100148,"Canterbury",1010,2.5,10.85,6.9
"14517","20200610:0000",-43.80938,172.96574,"Akaroa",10,"Akaroa",100148,"Canterbury",1010,2.2,12.2,7
"14518","20200611:0000",-43.80938,172.96574,"Akaroa",10,"Akaroa",100148,"Canterbury",1010,3.2,12.95,4.1
"14519","20200612:0000",-43.80938,172.96574,"Akaroa",10,"Akaroa",100148,"Canterbury",1010,7.2,8.9,0.9
"14520","20200613:0000",-43.80938,172.96574,"Akaroa",10,"Akaroa",100148,"Canterbury",1010,2.2,7.45,7
"14521","20200614:0000",-43.80938,172.96574,"Akaroa",10,"Akaroa",100148,"Canterbury",1010,NA,7.85,NA
"14522","20200615:0000",-43.80938,172.96574,"Akaroa",10,"Akaroa",100148,"Canterbury",1010,4.7,12.15,3.7
"14523","20200616:0000",-43.80938,172.96574,"Akaroa",10,"Akaroa",100148,"Canterbury",1010,3.2,16.75,7
"14524","20200617:0000",-43.80938,172.96574,"Akaroa",10,"Akaroa",100148,"Canterbury",1010,2.2,17.35,5.7
"14525","20200618:0000",-43.80938,172.96574,"Akaroa",10,"Akaroa",100148,"Canterbury",1010,9.7,8.25,0
"14526","20200619:0000",-43.80938,172.96574,"Akaroa",10,"Akaroa",100148,"Canterbury",1010,10.8,8.05,0.1
"14527","20200620:0000",-43.80938,172.96574,"Akaroa",10,"Akaroa",100148,"Canterbury",1010,1.4,7.45,0
"14528","20200621:0000",-43.80938,172.96574,"Akaroa",10,"Akaroa",100148,"Canterbury",1010,1.1,7.8,0.2
"14529","20200622:0000",-43.80938,172.96574,"Akaroa",10,"Akaroa",100148,"Canterbury",1010,3.6,8.35,0.1
"14530","20200623:0000",-43.80938,172.96574,"Akaroa",10,"Akaroa",100148,"Canterbury",1010,2.2,10.25,2.4
"14531","20200624:0000",-43.80938,172.96574,"Akaroa",10,"Akaroa",100148,"Canterbury",1010,6.5,8.1,0
"14532","20200625:0000",-43.80938,172.96574,"Akaroa",10,"Akaroa",100148,"Canterbury",1010,2.5,8.45,0
"14533","20200626:0000",-43.80938,172.96574,"Akaroa",10,"Akaroa",100148,"Canterbury",1010,2.5,8.3,0
"14534","20200627:0000",-43.80938,172.96574,"Akaroa",10,"Akaroa",100148,"Canterbury",1010,10.8,9.85,0.2
"14535","20200628:0000",-43.80938,172.96574,"Akaroa",10,"Akaroa",100148,"Canterbury",1010,1.1,10.75,0
"14536","20200629:0000",-43.80938,172.96574,"Akaroa",10,"Akaroa",100148,"Canterbury",1010,18.4,6.4,0
"14537","20200630:0000",-43.80938,172.96574,"Akaroa",10,"Akaroa",100148,"Canterbury",1010,10.8,6.9,0.5
"14538","20200701:0000",-43.80938,172.96574,"Akaroa",10,"Akaroa",100148,"Canterbury",1010,18,6,0.2
"14539","20200702:0000",-43.80938,172.96574,"Akaroa",10,"Akaroa",100148,"Canterbury",1010,11.2,6.35,0.5
"14540","20200703:0000",-43.80938,172.96574,"Akaroa",10,"Akaroa",100148,"Canterbury",1010,1.4,7.2,6.7
"14541","20200704:0000",-43.80938,172.96574,"Akaroa",10,"Akaroa",100148,"Canterbury",1010,2.2,8.7,1.7
"14542","20200705:0000",-43.80938,172.96574,"Akaroa",10,"Akaroa",100148,"Canterbury",1010,5.8,11.8,3.2
"14543","20200706:0000",-43.80938,172.96574,"Akaroa",10,"Akaroa",100148,"Canterbury",1010,13.7,12.75,3.5
"14544","20200707:0000",-43.80938,172.96574,"Akaroa",10,"Akaroa",100148,"Canterbury",1010,7.2,7.8,0.1
"14545","20200708:0000",-43.80938,172.96574,"Akaroa",10,"Akaroa",100148,"Canterbury",1010,13.7,6.5,2
"14546","20200709:0000",-43.80938,172.96574,"Akaroa",10,"Akaroa",100148,"Canterbury",1010,13,6.3,0.9
"14547","20200710:0000",-43.80938,172.96574,"Akaroa",10,"Akaroa",100148,"Canterbury",1010,2.5,8.45,7
"14548","20200711:0000",-43.80938,172.96574,"Akaroa",10,"Akaroa",100148,"Canterbury",1010,2.2,8.5,6.8
"14549","20200712:0000",-43.80938,172.96574,"Akaroa",10,"Akaroa",100148,"Canterbury",1010,5,11.7,3.4
"14550","20200713:0000",-43.80938,172.96574,"Akaroa",10,"Akaroa",100148,"Canterbury",1010,1.8,7,6.3
"14551","20200714:0000",-43.80938,172.96574,"Akaroa",10,"Akaroa",100148,"Canterbury",1010,1.4,6.65,6.8
"14552","20200715:0000",-43.80938,172.96574,"Akaroa",10,"Akaroa",100148,"Canterbury",1010,5,6.25,3.1
"14553","20200716:0000",-43.80938,172.96574,"Akaroa",10,"Akaroa",100148,"Canterbury",1010,1.8,4.7,1.3
"14554","20200717:0000",-43.80938,172.96574,"Akaroa",10,"Akaroa",100148,"Canterbury",1010,3.2,5.65,1.2
"14555","20200718:0000",-43.80938,172.96574,"Akaroa",10,"Akaroa",100148,"Canterbury",1010,1.8,8.1,2
"14556","20200719:0000",-43.80938,172.96574,"Akaroa",10,"Akaroa",100148,"Canterbury",1010,7.2,9.7,0.8
"14557","20200720:0000",-43.80938,172.96574,"Akaroa",10,"Akaroa",100148,"Canterbury",1010,4,12.35,1.2
"14558","20200721:0000",-43.80938,172.96574,"Akaroa",10,"Akaroa",100148,"Canterbury",1010,4.3,13.4,5.5
"14559","20200722:0000",-43.80938,172.96574,"Akaroa",10,"Akaroa",100148,"Canterbury",1010,14.4,9.55,4.4
"14560","20200723:0000",-43.80938,172.96574,"Akaroa",10,"Akaroa",100148,"Canterbury",1010,5.8,8,2.8
"14561","20200724:0000",-43.80938,172.96574,"Akaroa",10,"Akaroa",100148,"Canterbury",1010,1.4,7.2,7.3
"14562","20200725:0000",-43.80938,172.96574,"Akaroa",10,"Akaroa",100148,"Canterbury",1010,1.8,9.3,7.4
"14563","20200726:0000",-43.80938,172.96574,"Akaroa",10,"Akaroa",100148,"Canterbury",1010,2.5,9.55,7.4
"14564","20200727:0000",-43.80938,172.96574,"Akaroa",10,"Akaroa",100148,"Canterbury",1010,2.2,8.8,7.4
"14565","20200728:0000",-43.80938,172.96574,"Akaroa",10,"Akaroa",100148,"Canterbury",1010,2.5,7.6,3.6
"14566","20200729:0000",-43.80938,172.96574,"Akaroa",10,"Akaroa",100148,"Canterbury",1010,3.2,8.25,1.6
"14567","20200730:0000",-43.80938,172.96574,"Akaroa",10,"Akaroa",100148,"Canterbury",1010,4,11.65,5.3
"14568","20200731:0000",-43.80938,172.96574,"Akaroa",10,"Akaroa",100148,"Canterbury",1010,2.9,12.35,0.1
"14569","20200801:0000",-43.80938,172.96574,"Akaroa",10,"Akaroa",100148,"Canterbury",1010,4,11.95,1.3
"14570","20200802:0000",-43.80938,172.96574,"Akaroa",10,"Akaroa",100148,"Canterbury",1010,4.3,13.1,2.1
"14571","20200803:0000",-43.80938,172.96574,"Akaroa",10,"Akaroa",100148,"Canterbury",1010,1.4,10.7,0
"14572","20200804:0000",-43.80938,172.96574,"Akaroa",10,"Akaroa",100148,"Canterbury",1010,3.2,12.1,2.7
"14573","20200805:0000",-43.80938,172.96574,"Akaroa",10,"Akaroa",100148,"Canterbury",1010,2.5,11.65,8.2
"14574","20200806:0000",-43.80938,172.96574,"Akaroa",10,"Akaroa",100148,"Canterbury",1010,2.9,10.2,3.7
"14575","20200807:0000",-43.80938,172.96574,"Akaroa",10,"Akaroa",100148,"Canterbury",1010,2.9,11.5,8.4
"14576","20200808:0000",-43.80938,172.96574,"Akaroa",10,"Akaroa",100148,"Canterbury",1010,10.8,7.9,6.2
"14577","20200809:0000",-43.80938,172.96574,"Akaroa",10,"Akaroa",100148,"Canterbury",1010,1.4,9.6,8.5
"14578","20200810:0000",-43.80938,172.96574,"Akaroa",10,"Akaroa",100148,"Canterbury",1010,2.5,11.6,8.6
"14579","20200811:0000",-43.80938,172.96574,"Akaroa",10,"Akaroa",100148,"Canterbury",1010,2.5,10.7,8.6
"14580","20200812:0000",-43.80938,172.96574,"Akaroa",10,"Akaroa",100148,"Canterbury",1010,2.2,7.6,2.3
"14581","20200813:0000",-43.80938,172.96574,"Akaroa",10,"Akaroa",100148,"Canterbury",1010,2.2,9.15,5.7
"14582","20200814:0000",-43.80938,172.96574,"Akaroa",10,"Akaroa",100148,"Canterbury",1010,1.1,6.85,1.3
"14583","20200815:0000",-43.80938,172.96574,"Akaroa",10,"Akaroa",100148,"Canterbury",1010,1.8,6.5,8.7
"14584","20200816:0000",-43.80938,172.96574,"Akaroa",10,"Akaroa",100148,"Canterbury",1010,3.2,7.35,3.6
"14585","20200817:0000",-43.80938,172.96574,"Akaroa",10,"Akaroa",100148,"Canterbury",1010,1.8,7.2,7.9
"14586","20200818:0000",-43.80938,172.96574,"Akaroa",10,"Akaroa",100148,"Canterbury",1010,8.3,7.7,1.1
"14587","20200819:0000",-43.80938,172.96574,"Akaroa",10,"Akaroa",100148,"Canterbury",1010,9,11,0.1
"14588","20200820:0000",-43.80938,172.96574,"Akaroa",10,"Akaroa",100148,"Canterbury",1010,2.2,11.3,7.1
"14589","20200821:0000",-43.80938,172.96574,"Akaroa",10,"Akaroa",100148,"Canterbury",1010,2.2,8.5,0.5
"14590","20200822:0000",-43.80938,172.96574,"Akaroa",10,"Akaroa",100148,"Canterbury",1010,1.8,10.25,8.9
"14591","20200823:0000",-43.80938,172.96574,"Akaroa",10,"Akaroa",100148,"Canterbury",1010,5.8,11.1,2.8
"14592","20200824:0000",-43.80938,172.96574,"Akaroa",10,"Akaroa",100148,"Canterbury",1010,2.2,11.7,0
"14593","20200825:0000",-43.80938,172.96574,"Akaroa",10,"Akaroa",100148,"Canterbury",1010,8.3,10.25,1.5
"14594","20200826:0000",-43.80938,172.96574,"Akaroa",10,"Akaroa",100148,"Canterbury",1010,16.6,7.85,8.5
"14595","20200827:0000",-43.80938,172.96574,"Akaroa",10,"Akaroa",100148,"Canterbury",1010,10.8,8.1,4.8
"14596","20200828:0000",-43.80938,172.96574,"Akaroa",10,"Akaroa",100148,"Canterbury",1010,2.5,9.95,6.6
"14597","20200829:0000",-43.80938,172.96574,"Akaroa",10,"Akaroa",100148,"Canterbury",1010,5.4,13.35,7.9
"14598","20200830:0000",-43.80938,172.96574,"Akaroa",10,"Akaroa",100148,"Canterbury",1010,7.2,16.3,9.1
"14599","20200831:0000",-43.80938,172.96574,"Akaroa",10,"Akaroa",100148,"Canterbury",1010,2.2,15.4,4.9
"14600",NA,-43.47,171.672,"Windwhistle",1953,NA,0,"Canterbury",1010,NA,NA,NA
"14601",NA,-43.76153,172.30495,"Leeston",2352,"Leeston",100047,"Canterbury",1010,NA,NA,NA
"14602","20180101:0000",-43.83207,172.09431,"Dorie",299,NA,0,"Canterbury",1010,2.9,15.6,NA
"14603","20180102:0000",-43.83207,172.09431,"Dorie",299,NA,0,"Canterbury",1010,3.2,17.7,NA
"14604","20180103:0000",-43.83207,172.09431,"Dorie",299,NA,0,"Canterbury",1010,2.2,19.95,NA
"14605","20180104:0000",-43.83207,172.09431,"Dorie",299,NA,0,"Canterbury",1010,7.9,18.45,NA
"14606","20180105:0000",-43.83207,172.09431,"Dorie",299,NA,0,"Canterbury",1010,11.2,15.7,NA
"14607","20180106:0000",-43.83207,172.09431,"Dorie",299,NA,0,"Canterbury",1010,33.5,14.3,NA
"14608","20180107:0000",-43.83207,172.09431,"Dorie",299,NA,0,"Canterbury",1010,5,13,NA
"14609","20180108:0000",-43.83207,172.09431,"Dorie",299,NA,0,"Canterbury",1010,13,16.9,NA
"14610","20180109:0000",-43.83207,172.09431,"Dorie",299,NA,0,"Canterbury",1010,6.5,18,NA
"14611","20180110:0000",-43.83207,172.09431,"Dorie",299,NA,0,"Canterbury",1010,11.2,14.8,NA
"14612","20180111:0000",-43.83207,172.09431,"Dorie",299,NA,0,"Canterbury",1010,0,12.2,NA
"14613","20180112:0000",-43.83207,172.09431,"Dorie",299,NA,0,"Canterbury",1010,6.8,14,NA
"14614","20180113:0000",-43.83207,172.09431,"Dorie",299,NA,0,"Canterbury",1010,0.7,18.45,NA
"14615","20180114:0000",-43.83207,172.09431,"Dorie",299,NA,0,"Canterbury",1010,2.5,21.3,NA
"14616","20180115:0000",-43.83207,172.09431,"Dorie",299,NA,0,"Canterbury",1010,10.8,22.3,NA
"14617","20180116:0000",-43.83207,172.09431,"Dorie",299,NA,0,"Canterbury",1010,10.8,22.45,NA
"14618","20180117:0000",-43.83207,172.09431,"Dorie",299,NA,0,"Canterbury",1010,5.4,22,NA
"14619","20180118:0000",-43.83207,172.09431,"Dorie",299,NA,0,"Canterbury",1010,11.2,21,NA
"14620","20180119:0000",-43.83207,172.09431,"Dorie",299,NA,0,"Canterbury",1010,6.5,20.2,NA
"14621","20180120:0000",-43.83207,172.09431,"Dorie",299,NA,0,"Canterbury",1010,1.4,20.85,NA
"14622","20180121:0000",-43.83207,172.09431,"Dorie",299,NA,0,"Canterbury",1010,6.1,18.35,NA
"14623","20180122:0000",-43.83207,172.09431,"Dorie",299,NA,0,"Canterbury",1010,0,19.9,NA
"14624","20180123:0000",-43.83207,172.09431,"Dorie",299,NA,0,"Canterbury",1010,6.8,23.55,NA
"14625","20180124:0000",-43.83207,172.09431,"Dorie",299,NA,0,"Canterbury",1010,1.4,21.85,NA
"14626","20180125:0000",-43.83207,172.09431,"Dorie",299,NA,0,"Canterbury",1010,5,23.75,NA
"14627","20180126:0000",-43.83207,172.09431,"Dorie",299,NA,0,"Canterbury",1010,1.8,18.95,NA
"14628","20180127:0000",-43.83207,172.09431,"Dorie",299,NA,0,"Canterbury",1010,11.2,21.1,NA
"14629","20180128:0000",-43.83207,172.09431,"Dorie",299,NA,0,"Canterbury",1010,1.4,20.8,NA
"14630","20180129:0000",-43.83207,172.09431,"Dorie",299,NA,0,"Canterbury",1010,7.6,21.35,NA
"14631","20180130:0000",-43.83207,172.09431,"Dorie",299,NA,0,"Canterbury",1010,4.7,25.5,NA
"14632","20180131:0000",-43.83207,172.09431,"Dorie",299,NA,0,"Canterbury",1010,20.2,22.3,NA
"14633","20180301:0000",-43.83207,172.09431,"Dorie",299,NA,0,"Canterbury",1010,1.4,21.15,NA
"14634","20180302:0000",-43.83207,172.09431,"Dorie",299,NA,0,"Canterbury",1010,0.4,20,NA
"14635","20180303:0000",-43.83207,172.09431,"Dorie",299,NA,0,"Canterbury",1010,4,21.2,NA
"14636","20180304:0000",-43.83207,172.09431,"Dorie",299,NA,0,"Canterbury",1010,5.4,21.15,NA
"14637","20180305:0000",-43.83207,172.09431,"Dorie",299,NA,0,"Canterbury",1010,7.2,18.7,NA
"14638","20180306:0000",-43.83207,172.09431,"Dorie",299,NA,0,"Canterbury",1010,5,15.25,NA
"14639","20180307:0000",-43.83207,172.09431,"Dorie",299,NA,0,"Canterbury",1010,2.9,14.1,NA
"14640","20180308:0000",-43.83207,172.09431,"Dorie",299,NA,0,"Canterbury",1010,2.5,13.45,NA
"14641","20180309:0000",-43.83207,172.09431,"Dorie",299,NA,0,"Canterbury",1010,8.3,13.15,NA
"14642","20180310:0000",-43.83207,172.09431,"Dorie",299,NA,0,"Canterbury",1010,3.2,13,NA
"14643","20180311:0000",-43.83207,172.09431,"Dorie",299,NA,0,"Canterbury",1010,5.4,13.7,NA
"14644","20180312:0000",-43.83207,172.09431,"Dorie",299,NA,0,"Canterbury",1010,4.7,17.2,NA
"14645","20180313:0000",-43.83207,172.09431,"Dorie",299,NA,0,"Canterbury",1010,0.7,14.3,NA
"14646","20180314:0000",-43.83207,172.09431,"Dorie",299,NA,0,"Canterbury",1010,6.1,14.05,NA
"14647","20180315:0000",-43.83207,172.09431,"Dorie",299,NA,0,"Canterbury",1010,0.7,16,NA
"14648","20180316:0000",-43.83207,172.09431,"Dorie",299,NA,0,"Canterbury",1010,7.6,14.45,NA
"14649","20180317:0000",-43.83207,172.09431,"Dorie",299,NA,0,"Canterbury",1010,3.2,13,NA
"14650","20180318:0000",-43.83207,172.09431,"Dorie",299,NA,0,"Canterbury",1010,6.8,15.05,NA
"14651","20180319:0000",-43.83207,172.09431,"Dorie",299,NA,0,"Canterbury",1010,11.5,18.95,NA
"14652","20180320:0000",-43.83207,172.09431,"Dorie",299,NA,0,"Canterbury",1010,9,20.4,NA
"14653","20180321:0000",-43.83207,172.09431,"Dorie",299,NA,0,"Canterbury",1010,10.1,16.4,NA
"14654","20180322:0000",-43.83207,172.09431,"Dorie",299,NA,0,"Canterbury",1010,20.5,9.85,NA
"14655","20180323:0000",-43.83207,172.09431,"Dorie",299,NA,0,"Canterbury",1010,7.6,9.8,NA
"14656","20180324:0000",-43.83207,172.09431,"Dorie",299,NA,0,"Canterbury",1010,0,13.8,NA
"14657","20180325:0000",-43.83207,172.09431,"Dorie",299,NA,0,"Canterbury",1010,1.4,13.75,NA
"14658","20180326:0000",-43.83207,172.09431,"Dorie",299,NA,0,"Canterbury",1010,5.4,18,NA
"14659","20180327:0000",-43.83207,172.09431,"Dorie",299,NA,0,"Canterbury",1010,13.3,18.8,NA
"14660","20180328:0000",-43.83207,172.09431,"Dorie",299,NA,0,"Canterbury",1010,2.9,15.2,NA
"14661","20180329:0000",-43.83207,172.09431,"Dorie",299,NA,0,"Canterbury",1010,4.7,14.95,NA
"14662","20180330:0000",-43.83207,172.09431,"Dorie",299,NA,0,"Canterbury",1010,0,14.6,NA
"14663","20180331:0000",-43.83207,172.09431,"Dorie",299,NA,0,"Canterbury",1010,22.3,18.45,NA
"14664","20180401:0000",-43.83207,172.09431,"Dorie",299,NA,0,"Canterbury",1010,1.1,11.25,NA
"14665","20180402:0000",-43.83207,172.09431,"Dorie",299,NA,0,"Canterbury",1010,1.4,13,NA
"14666","20180403:0000",-43.83207,172.09431,"Dorie",299,NA,0,"Canterbury",1010,7.9,18.15,NA
"14667","20180404:0000",-43.83207,172.09431,"Dorie",299,NA,0,"Canterbury",1010,7.9,14.7,NA
"14668","20180405:0000",-43.83207,172.09431,"Dorie",299,NA,0,"Canterbury",1010,1.4,14.7,NA
"14669","20180406:0000",-43.83207,172.09431,"Dorie",299,NA,0,"Canterbury",1010,5.8,15.45,NA
"14670","20180407:0000",-43.83207,172.09431,"Dorie",299,NA,0,"Canterbury",1010,9.4,12.6,NA
"14671","20180408:0000",-43.83207,172.09431,"Dorie",299,NA,0,"Canterbury",1010,14,12.55,NA
"14672","20180409:0000",-43.83207,172.09431,"Dorie",299,NA,0,"Canterbury",1010,1.8,9.75,NA
"14673","20180410:0000",-43.83207,172.09431,"Dorie",299,NA,0,"Canterbury",1010,16.9,7.3,NA
"14674","20180411:0000",-43.83207,172.09431,"Dorie",299,NA,0,"Canterbury",1010,16.9,7.15,NA
"14675","20180412:0000",-43.83207,172.09431,"Dorie",299,NA,0,"Canterbury",1010,1.1,7.2,NA
"14676","20180413:0000",-43.83207,172.09431,"Dorie",299,NA,0,"Canterbury",1010,12.6,8.2,NA
"14677","20180414:0000",-43.83207,172.09431,"Dorie",299,NA,0,"Canterbury",1010,4,6.95,NA
"14678","20180415:0000",-43.83207,172.09431,"Dorie",299,NA,0,"Canterbury",1010,4.3,7.6,NA
"14679","20180416:0000",-43.83207,172.09431,"Dorie",299,NA,0,"Canterbury",1010,3.6,14.9,NA
"14680","20180417:0000",-43.83207,172.09431,"Dorie",299,NA,0,"Canterbury",1010,10.4,13.95,NA
"14681","20180418:0000",-43.83207,172.09431,"Dorie",299,NA,0,"Canterbury",1010,8.6,9.25,NA
"14682","20180419:0000",-43.83207,172.09431,"Dorie",299,NA,0,"Canterbury",1010,5,11.7,NA
"14683","20180420:0000",-43.83207,172.09431,"Dorie",299,NA,0,"Canterbury",1010,4.3,16.75,NA
"14684","20180421:0000",-43.83207,172.09431,"Dorie",299,NA,0,"Canterbury",1010,2.9,10.9,NA
"14685","20180422:0000",-43.83207,172.09431,"Dorie",299,NA,0,"Canterbury",1010,6.5,8.8,NA
"14686","20180423:0000",-43.83207,172.09431,"Dorie",299,NA,0,"Canterbury",1010,5,9.15,NA
"14687","20180424:0000",-43.83207,172.09431,"Dorie",299,NA,0,"Canterbury",1010,10.1,12.6,NA
"14688","20180425:0000",-43.83207,172.09431,"Dorie",299,NA,0,"Canterbury",1010,3.6,10.55,NA
"14689","20180426:0000",-43.83207,172.09431,"Dorie",299,NA,0,"Canterbury",1010,2.9,13.8,NA
"14690","20180427:0000",-43.83207,172.09431,"Dorie",299,NA,0,"Canterbury",1010,9,14.3,NA
"14691","20180428:0000",-43.83207,172.09431,"Dorie",299,NA,0,"Canterbury",1010,2.9,11.4,NA
"14692","20180429:0000",-43.83207,172.09431,"Dorie",299,NA,0,"Canterbury",1010,23,10.05,NA
"14693","20180430:0000",-43.83207,172.09431,"Dorie",299,NA,0,"Canterbury",1010,8.3,9.55,NA
"14694","20180501:0000",-43.83207,172.09431,"Dorie",299,NA,0,"Canterbury",1010,7.2,10.2,NA
"14695","20180502:0000",-43.83207,172.09431,"Dorie",299,NA,0,"Canterbury",1010,3.2,NA,NA
"14696","20180503:0000",-43.83207,172.09431,"Dorie",299,NA,0,"Canterbury",1010,0,NA,NA
"14697","20180504:0000",-43.83207,172.09431,"Dorie",299,NA,0,"Canterbury",1010,11.2,11.75,NA
"14698","20180505:0000",-43.83207,172.09431,"Dorie",299,NA,0,"Canterbury",1010,5.4,13.4,NA
"14699","20180506:0000",-43.83207,172.09431,"Dorie",299,NA,0,"Canterbury",1010,1.4,11.7,NA
"14700","20180507:0000",-43.83207,172.09431,"Dorie",299,NA,0,"Canterbury",1010,18.7,11.15,NA
"14701","20180508:0000",-43.83207,172.09431,"Dorie",299,NA,0,"Canterbury",1010,20.5,12.95,NA
"14702","20180509:0000",-43.83207,172.09431,"Dorie",299,NA,0,"Canterbury",1010,0.7,13.3,NA
"14703","20180510:0000",-43.83207,172.09431,"Dorie",299,NA,0,"Canterbury",1010,4.3,12.45,NA
"14704","20180511:0000",-43.83207,172.09431,"Dorie",299,NA,0,"Canterbury",1010,1.1,12.45,NA
"14705","20180512:0000",-43.83207,172.09431,"Dorie",299,NA,0,"Canterbury",1010,8.6,10.65,NA
"14706","20180513:0000",-43.83207,172.09431,"Dorie",299,NA,0,"Canterbury",1010,0,7.65,NA
"14707","20180514:0000",-43.83207,172.09431,"Dorie",299,NA,0,"Canterbury",1010,0.7,9.95,NA
"14708","20180515:0000",-43.83207,172.09431,"Dorie",299,NA,0,"Canterbury",1010,0,9.5,NA
"14709","20180516:0000",-43.83207,172.09431,"Dorie",299,NA,0,"Canterbury",1010,1.1,6.15,NA
"14710","20180517:0000",-43.83207,172.09431,"Dorie",299,NA,0,"Canterbury",1010,1.4,9.3,NA
"14711","20180518:0000",-43.83207,172.09431,"Dorie",299,NA,0,"Canterbury",1010,10.4,10.4,NA
"14712","20180519:0000",-43.83207,172.09431,"Dorie",299,NA,0,"Canterbury",1010,1.8,10.3,NA
"14713","20180520:0000",-43.83207,172.09431,"Dorie",299,NA,0,"Canterbury",1010,18,10.2,NA
"14714","20180521:0000",-43.83207,172.09431,"Dorie",299,NA,0,"Canterbury",1010,0.7,8.6,NA
"14715","20180522:0000",-43.83207,172.09431,"Dorie",299,NA,0,"Canterbury",1010,11.9,8.35,NA
"14716","20180523:0000",-43.83207,172.09431,"Dorie",299,NA,0,"Canterbury",1010,5.8,7.3,NA
"14717","20180524:0000",-43.83207,172.09431,"Dorie",299,NA,0,"Canterbury",1010,19.1,6.6,NA
"14718","20180525:0000",-43.83207,172.09431,"Dorie",299,NA,0,"Canterbury",1010,5.4,5.3,NA
"14719","20180526:0000",-43.83207,172.09431,"Dorie",299,NA,0,"Canterbury",1010,6.1,5.9,NA
"14720","20180527:0000",-43.83207,172.09431,"Dorie",299,NA,0,"Canterbury",1010,7.2,6.25,NA
"14721","20180528:0000",-43.83207,172.09431,"Dorie",299,NA,0,"Canterbury",1010,16.9,4.9,NA
"14722","20180529:0000",-43.83207,172.09431,"Dorie",299,NA,0,"Canterbury",1010,7.2,5.3,NA
"14723","20180530:0000",-43.83207,172.09431,"Dorie",299,NA,0,"Canterbury",1010,5,5.5,NA
"14724","20180531:0000",-43.83207,172.09431,"Dorie",299,NA,0,"Canterbury",1010,0,3.95,NA
"14725","20180601:0000",-43.83207,172.09431,"Dorie",299,NA,0,"Canterbury",1010,3.6,5.9,NA
"14726","20180602:0000",-43.83207,172.09431,"Dorie",299,NA,0,"Canterbury",1010,6.8,5.4,NA
"14727","20180603:0000",-43.83207,172.09431,"Dorie",299,NA,0,"Canterbury",1010,4.3,6.55,NA
"14728","20180604:0000",-43.83207,172.09431,"Dorie",299,NA,0,"Canterbury",1010,4,6.9,NA
"14729","20180605:0000",-43.83207,172.09431,"Dorie",299,NA,0,"Canterbury",1010,11.5,9.85,NA
"14730","20180606:0000",-43.83207,172.09431,"Dorie",299,NA,0,"Canterbury",1010,18.4,6.05,NA
"14731","20180607:0000",-43.83207,172.09431,"Dorie",299,NA,0,"Canterbury",1010,6.1,8.3,NA
"14732","20180608:0000",-43.83207,172.09431,"Dorie",299,NA,0,"Canterbury",1010,2.2,9.4,NA
"14733","20180609:0000",-43.83207,172.09431,"Dorie",299,NA,0,"Canterbury",1010,2.2,8.55,NA
"14734","20180610:0000",-43.83207,172.09431,"Dorie",299,NA,0,"Canterbury",1010,2.5,7.95,NA
"14735","20180611:0000",-43.83207,172.09431,"Dorie",299,NA,0,"Canterbury",1010,1.1,8.25,NA
"14736","20180612:0000",-43.83207,172.09431,"Dorie",299,NA,0,"Canterbury",1010,0.4,5.8,NA
"14737","20180613:0000",-43.83207,172.09431,"Dorie",299,NA,0,"Canterbury",1010,15.1,7.6,NA
"14738","20180614:0000",-43.83207,172.09431,"Dorie",299,NA,0,"Canterbury",1010,7.9,8.6,NA
"14739","20180615:0000",-43.83207,172.09431,"Dorie",299,NA,0,"Canterbury",1010,2.9,7.65,NA
"14740","20180616:0000",-43.83207,172.09431,"Dorie",299,NA,0,"Canterbury",1010,4.7,9.5,NA
"14741","20180617:0000",-43.83207,172.09431,"Dorie",299,NA,0,"Canterbury",1010,0.7,7.75,NA
"14742","20180618:0000",-43.83207,172.09431,"Dorie",299,NA,0,"Canterbury",1010,3.2,6.7,NA
"14743","20180619:0000",-43.83207,172.09431,"Dorie",299,NA,0,"Canterbury",1010,11.2,7.65,NA
"14744","20180620:0000",-43.83207,172.09431,"Dorie",299,NA,0,"Canterbury",1010,2.9,6.85,NA
"14745","20180621:0000",-43.83207,172.09431,"Dorie",299,NA,0,"Canterbury",1010,0.4,5,NA
"14746","20180622:0000",-43.83207,172.09431,"Dorie",299,NA,0,"Canterbury",1010,0,2.9,NA
"14747","20180623:0000",-43.83207,172.09431,"Dorie",299,NA,0,"Canterbury",1010,0.4,3.2,NA
"14748","20180624:0000",-43.83207,172.09431,"Dorie",299,NA,0,"Canterbury",1010,12.2,6.95,NA
"14749","20180625:0000",-43.83207,172.09431,"Dorie",299,NA,0,"Canterbury",1010,5.8,7.5,NA
"14750","20180626:0000",-43.83207,172.09431,"Dorie",299,NA,0,"Canterbury",1010,5.4,4.55,NA
"14751","20180627:0000",-43.83207,172.09431,"Dorie",299,NA,0,"Canterbury",1010,6.1,7.45,NA
"14752","20180628:0000",-43.83207,172.09431,"Dorie",299,NA,0,"Canterbury",1010,6.1,8.55,NA
"14753","20180629:0000",-43.83207,172.09431,"Dorie",299,NA,0,"Canterbury",1010,5,5.75,NA
"14754","20180630:0000",-43.83207,172.09431,"Dorie",299,NA,0,"Canterbury",1010,1.1,5.7,NA
"14755","20180701:0000",-43.83207,172.09431,"Dorie",299,NA,0,"Canterbury",1010,5,8.35,NA
"14756","20180702:0000",-43.83207,172.09431,"Dorie",299,NA,0,"Canterbury",1010,9,8.55,NA
"14757","20180703:0000",-43.83207,172.09431,"Dorie",299,NA,0,"Canterbury",1010,3.2,6,NA
"14758","20180704:0000",-43.83207,172.09431,"Dorie",299,NA,0,"Canterbury",1010,2.5,6.1,NA
"14759","20180705:0000",-43.83207,172.09431,"Dorie",299,NA,0,"Canterbury",1010,0,5.15,NA
"14760","20180706:0000",-43.83207,172.09431,"Dorie",299,NA,0,"Canterbury",1010,1.1,7.75,NA
"14761","20180707:0000",-43.83207,172.09431,"Dorie",299,NA,0,"Canterbury",1010,2.9,12.85,NA
"14762","20180708:0000",-43.83207,172.09431,"Dorie",299,NA,0,"Canterbury",1010,7.2,8.35,NA
"14763","20180709:0000",-43.83207,172.09431,"Dorie",299,NA,0,"Canterbury",1010,17.3,10.6,NA
"14764","20180710:0000",-43.83207,172.09431,"Dorie",299,NA,0,"Canterbury",1010,3.2,6.35,NA
"14765","20180711:0000",-43.83207,172.09431,"Dorie",299,NA,0,"Canterbury",1010,7.2,6.05,NA
"14766","20180712:0000",-43.83207,172.09431,"Dorie",299,NA,0,"Canterbury",1010,3.6,7.4,NA
"14767","20180713:0000",-43.83207,172.09431,"Dorie",299,NA,0,"Canterbury",1010,2.2,5.35,NA
"14768","20180714:0000",-43.83207,172.09431,"Dorie",299,NA,0,"Canterbury",1010,2.9,7,NA
"14769","20180715:0000",-43.83207,172.09431,"Dorie",299,NA,0,"Canterbury",1010,0.4,4.1,NA
"14770","20180716:0000",-43.83207,172.09431,"Dorie",299,NA,0,"Canterbury",1010,0,7.8,NA
"14771","20180717:0000",-43.83207,172.09431,"Dorie",299,NA,0,"Canterbury",1010,0,9.7,NA
"14772","20180718:0000",-43.83207,172.09431,"Dorie",299,NA,0,"Canterbury",1010,3.6,7.25,NA
"14773","20180719:0000",-43.83207,172.09431,"Dorie",299,NA,0,"Canterbury",1010,1.4,6.65,NA
"14774","20180720:0000",-43.83207,172.09431,"Dorie",299,NA,0,"Canterbury",1010,0.4,5.8,NA
"14775","20180721:0000",-43.83207,172.09431,"Dorie",299,NA,0,"Canterbury",1010,29.2,9,NA
"14776","20180722:0000",-43.83207,172.09431,"Dorie",299,NA,0,"Canterbury",1010,19.1,11.1,NA
"14777","20180723:0000",-43.83207,172.09431,"Dorie",299,NA,0,"Canterbury",1010,12.6,6.85,NA
"14778","20180724:0000",-43.83207,172.09431,"Dorie",299,NA,0,"Canterbury",1010,2.5,5.9,NA
"14779","20180725:0000",-43.83207,172.09431,"Dorie",299,NA,0,"Canterbury",1010,0.4,3.95,NA
"14780","20180726:0000",-43.83207,172.09431,"Dorie",299,NA,0,"Canterbury",1010,6.5,6,NA
"14781","20180727:0000",-43.83207,172.09431,"Dorie",299,NA,0,"Canterbury",1010,9.4,7.95,NA
"14782","20180728:0000",-43.83207,172.09431,"Dorie",299,NA,0,"Canterbury",1010,6.5,7.75,NA
"14783","20180729:0000",-43.83207,172.09431,"Dorie",299,NA,0,"Canterbury",1010,2.9,7.45,NA
"14784","20180730:0000",-43.83207,172.09431,"Dorie",299,NA,0,"Canterbury",1010,2.9,5.75,NA
"14785","20180731:0000",-43.83207,172.09431,"Dorie",299,NA,0,"Canterbury",1010,7.6,10.45,NA
"14786","20180801:0000",-43.83207,172.09431,"Dorie",299,NA,0,"Canterbury",1010,17.6,10.55,NA
"14787","20180802:0000",-43.83207,172.09431,"Dorie",299,NA,0,"Canterbury",1010,4.3,7.05,NA
"14788","20180803:0000",-43.83207,172.09431,"Dorie",299,NA,0,"Canterbury",1010,4.3,6,NA
"14789","20180804:0000",-43.83207,172.09431,"Dorie",299,NA,0,"Canterbury",1010,7.6,7.95,NA
"14790","20180805:0000",-43.83207,172.09431,"Dorie",299,NA,0,"Canterbury",1010,1.4,6.5,NA
"14791","20180806:0000",-43.83207,172.09431,"Dorie",299,NA,0,"Canterbury",1010,5.4,6.4,NA
"14792","20180807:0000",-43.83207,172.09431,"Dorie",299,NA,0,"Canterbury",1010,10.8,9.7,NA
"14793","20180808:0000",-43.83207,172.09431,"Dorie",299,NA,0,"Canterbury",1010,10.4,10.8,NA
"14794","20180809:0000",-43.83207,172.09431,"Dorie",299,NA,0,"Canterbury",1010,4.7,9.3,NA
"14795","20180810:0000",-43.83207,172.09431,"Dorie",299,NA,0,"Canterbury",1010,2.9,8.8,NA
"14796","20180811:0000",-43.83207,172.09431,"Dorie",299,NA,0,"Canterbury",1010,5.8,6.85,NA
"14797","20180812:0000",-43.83207,172.09431,"Dorie",299,NA,0,"Canterbury",1010,14.4,9.85,NA
"14798","20180813:0000",-43.83207,172.09431,"Dorie",299,NA,0,"Canterbury",1010,5,9.85,NA
"14799","20180814:0000",-43.83207,172.09431,"Dorie",299,NA,0,"Canterbury",1010,7.9,6.1,NA
"14800","20180815:0000",-43.83207,172.09431,"Dorie",299,NA,0,"Canterbury",1010,6.8,7.65,NA
"14801","20180816:0000",-43.83207,172.09431,"Dorie",299,NA,0,"Canterbury",1010,22,11.2,NA
"14802","20180817:0000",-43.83207,172.09431,"Dorie",299,NA,0,"Canterbury",1010,5.4,6.85,NA
"14803","20180818:0000",-43.83207,172.09431,"Dorie",299,NA,0,"Canterbury",1010,6.8,6.65,NA
"14804","20180819:0000",-43.83207,172.09431,"Dorie",299,NA,0,"Canterbury",1010,0.7,4.85,NA
"14805","20180820:0000",-43.83207,172.09431,"Dorie",299,NA,0,"Canterbury",1010,6.5,7.9,NA
"14806","20180821:0000",-43.83207,172.09431,"Dorie",299,NA,0,"Canterbury",1010,5.8,6.4,NA
"14807","20180822:0000",-43.83207,172.09431,"Dorie",299,NA,0,"Canterbury",1010,2.9,8,NA
"14808","20180823:0000",-43.83207,172.09431,"Dorie",299,NA,0,"Canterbury",1010,7.9,7.55,NA
"14809","20180824:0000",-43.83207,172.09431,"Dorie",299,NA,0,"Canterbury",1010,10.8,7.7,NA
"14810","20180825:0000",-43.83207,172.09431,"Dorie",299,NA,0,"Canterbury",1010,15.8,6.75,NA
"14811","20180826:0000",-43.83207,172.09431,"Dorie",299,NA,0,"Canterbury",1010,5.4,9.25,NA
"14812","20180827:0000",-43.83207,172.09431,"Dorie",299,NA,0,"Canterbury",1010,2.2,8.7,NA
"14813","20180828:0000",-43.83207,172.09431,"Dorie",299,NA,0,"Canterbury",1010,4.7,8.05,NA
"14814","20180829:0000",-43.83207,172.09431,"Dorie",299,NA,0,"Canterbury",1010,2.9,8.2,NA
"14815","20180830:0000",-43.83207,172.09431,"Dorie",299,NA,0,"Canterbury",1010,0.7,7.7,NA
"14816","20180831:0000",-43.83207,172.09431,"Dorie",299,NA,0,"Canterbury",1010,11.5,6,NA
"14817","20180901:0000",-43.83207,172.09431,"Dorie",299,NA,0,"Canterbury",1010,5.8,8.8,NA
"14818","20180902:0000",-43.83207,172.09431,"Dorie",299,NA,0,"Canterbury",1010,0.7,7.5,NA
"14819","20180903:0000",-43.83207,172.09431,"Dorie",299,NA,0,"Canterbury",1010,32.8,7.1,NA
"14820","20180904:0000",-43.83207,172.09431,"Dorie",299,NA,0,"Canterbury",1010,10.4,7.2,NA
"14821","20180905:0000",-43.83207,172.09431,"Dorie",299,NA,0,"Canterbury",1010,0.7,4.95,NA
"14822","20180906:0000",-43.83207,172.09431,"Dorie",299,NA,0,"Canterbury",1010,1.8,4.8,NA
"14823","20180907:0000",-43.83207,172.09431,"Dorie",299,NA,0,"Canterbury",1010,0,4.45,NA
"14824","20180908:0000",-43.83207,172.09431,"Dorie",299,NA,0,"Canterbury",1010,0.7,4.25,NA
"14825","20180909:0000",-43.83207,172.09431,"Dorie",299,NA,0,"Canterbury",1010,4.7,5.8,NA
"14826","20180910:0000",-43.83207,172.09431,"Dorie",299,NA,0,"Canterbury",1010,7.6,5.4,NA
"14827","20180911:0000",-43.83207,172.09431,"Dorie",299,NA,0,"Canterbury",1010,2.2,9.5,NA
"14828","20180912:0000",-43.83207,172.09431,"Dorie",299,NA,0,"Canterbury",1010,4,9.1,NA
"14829","20180913:0000",-43.83207,172.09431,"Dorie",299,NA,0,"Canterbury",1010,13,11.7,NA
"14830","20180914:0000",-43.83207,172.09431,"Dorie",299,NA,0,"Canterbury",1010,7.2,13.05,NA
"14831","20180915:0000",-43.83207,172.09431,"Dorie",299,NA,0,"Canterbury",1010,11.9,15.45,NA
"14832","20180916:0000",-43.83207,172.09431,"Dorie",299,NA,0,"Canterbury",1010,21.6,12.9,NA
"14833","20180917:0000",-43.83207,172.09431,"Dorie",299,NA,0,"Canterbury",1010,14,10.5,NA
"14834","20180918:0000",-43.83207,172.09431,"Dorie",299,NA,0,"Canterbury",1010,5.4,8.75,NA
"14835","20180919:0000",-43.83207,172.09431,"Dorie",299,NA,0,"Canterbury",1010,15.8,10.4,NA
"14836","20180920:0000",-43.83207,172.09431,"Dorie",299,NA,0,"Canterbury",1010,1.8,11.8,NA
"14837","20180921:0000",-43.83207,172.09431,"Dorie",299,NA,0,"Canterbury",1010,5.4,9.6,NA
"14838","20180922:0000",-43.83207,172.09431,"Dorie",299,NA,0,"Canterbury",1010,5,9.55,NA
"14839","20180923:0000",-43.83207,172.09431,"Dorie",299,NA,0,"Canterbury",1010,15.5,12.35,NA
"14840","20180924:0000",-43.83207,172.09431,"Dorie",299,NA,0,"Canterbury",1010,0.7,8.8,NA
"14841","20180925:0000",-43.83207,172.09431,"Dorie",299,NA,0,"Canterbury",1010,23,9.4,NA
"14842","20180926:0000",-43.83207,172.09431,"Dorie",299,NA,0,"Canterbury",1010,19.4,6.45,NA
"14843","20180927:0000",-43.83207,172.09431,"Dorie",299,NA,0,"Canterbury",1010,11.2,7.45,NA
"14844","20180928:0000",-43.83207,172.09431,"Dorie",299,NA,0,"Canterbury",1010,6.8,7.25,NA
"14845","20180929:0000",-43.83207,172.09431,"Dorie",299,NA,0,"Canterbury",1010,7.2,10.7,NA
"14846","20180930:0000",-43.83207,172.09431,"Dorie",299,NA,0,"Canterbury",1010,10.8,11.05,NA
"14847","20181001:0000",-43.83207,172.09431,"Dorie",299,NA,0,"Canterbury",1010,7.2,9.25,NA
"14848","20181002:0000",-43.83207,172.09431,"Dorie",299,NA,0,"Canterbury",1010,0.4,9.35,NA
"14849","20181003:0000",-43.83207,172.09431,"Dorie",299,NA,0,"Canterbury",1010,0.7,10.5,NA
"14850","20181004:0000",-43.83207,172.09431,"Dorie",299,NA,0,"Canterbury",1010,9,11.65,NA
"14851","20181005:0000",-43.83207,172.09431,"Dorie",299,NA,0,"Canterbury",1010,5,10.1,NA
"14852","20181006:0000",-43.83207,172.09431,"Dorie",299,NA,0,"Canterbury",1010,9,8.2,NA
"14853","20181007:0000",-43.83207,172.09431,"Dorie",299,NA,0,"Canterbury",1010,4.3,12.25,NA
"14854","20181008:0000",-43.83207,172.09431,"Dorie",299,NA,0,"Canterbury",1010,2.9,9.7,NA
"14855","20181009:0000",-43.83207,172.09431,"Dorie",299,NA,0,"Canterbury",1010,3.6,9.95,NA
"14856","20181010:0000",-43.83207,172.09431,"Dorie",299,NA,0,"Canterbury",1010,22.3,12.7,NA
"14857","20181011:0000",-43.83207,172.09431,"Dorie",299,NA,0,"Canterbury",1010,1.4,9.2,NA
"14858","20181012:0000",-43.83207,172.09431,"Dorie",299,NA,0,"Canterbury",1010,30.2,6.55,NA
"14859","20181013:0000",-43.83207,172.09431,"Dorie",299,NA,0,"Canterbury",1010,11.5,8.55,NA
"14860","20181014:0000",-43.83207,172.09431,"Dorie",299,NA,0,"Canterbury",1010,22.3,9.05,NA
"14861","20181015:0000",-43.83207,172.09431,"Dorie",299,NA,0,"Canterbury",1010,0.7,5.75,NA
"14862","20181016:0000",-43.83207,172.09431,"Dorie",299,NA,0,"Canterbury",1010,7.9,10.8,NA
"14863","20181017:0000",-43.83207,172.09431,"Dorie",299,NA,0,"Canterbury",1010,9,13.2,NA
"14864","20181018:0000",-43.83207,172.09431,"Dorie",299,NA,0,"Canterbury",1010,8.6,14.2,NA
"14865","20181019:0000",-43.83207,172.09431,"Dorie",299,NA,0,"Canterbury",1010,10.8,14.2,NA
"14866","20181020:0000",-43.83207,172.09431,"Dorie",299,NA,0,"Canterbury",1010,2.2,14.4,NA
"14867","20181021:0000",-43.83207,172.09431,"Dorie",299,NA,0,"Canterbury",1010,5.8,14.8,NA
"14868","20181022:0000",-43.83207,172.09431,"Dorie",299,NA,0,"Canterbury",1010,3.6,15.05,NA
"14869","20181023:0000",-43.83207,172.09431,"Dorie",299,NA,0,"Canterbury",1010,10.8,17.25,NA
"14870","20181024:0000",-43.83207,172.09431,"Dorie",299,NA,0,"Canterbury",1010,10.1,19.45,NA
"14871","20181025:0000",-43.83207,172.09431,"Dorie",299,NA,0,"Canterbury",1010,18.7,10.6,NA
"14872","20181026:0000",-43.83207,172.09431,"Dorie",299,NA,0,"Canterbury",1010,1.1,10.3,NA
"14873","20181027:0000",-43.83207,172.09431,"Dorie",299,NA,0,"Canterbury",1010,5.4,13.4,NA
"14874","20181028:0000",-43.83207,172.09431,"Dorie",299,NA,0,"Canterbury",1010,12.2,10.35,NA
"14875","20181029:0000",-43.83207,172.09431,"Dorie",299,NA,0,"Canterbury",1010,6.8,11.3,NA
"14876","20181030:0000",-43.83207,172.09431,"Dorie",299,NA,0,"Canterbury",1010,10.4,10,NA
"14877","20181031:0000",-43.83207,172.09431,"Dorie",299,NA,0,"Canterbury",1010,7.2,9.85,NA
"14878","20200301:0000",-43.83207,172.09431,"Dorie",299,NA,0,"Canterbury",1010,9.4,17.2,NA
"14879","20200302:0000",-43.83207,172.09431,"Dorie",299,NA,0,"Canterbury",1010,9.4,17.85,NA
"14880","20200303:0000",-43.83207,172.09431,"Dorie",299,NA,0,"Canterbury",1010,11.9,20.7,NA
"14881","20200304:0000",-43.83207,172.09431,"Dorie",299,NA,0,"Canterbury",1010,7.2,11.7,NA
"14882","20200305:0000",-43.83207,172.09431,"Dorie",299,NA,0,"Canterbury",1010,3.2,11.85,NA
"14883","20200306:0000",-43.83207,172.09431,"Dorie",299,NA,0,"Canterbury",1010,5.4,13.2,NA
"14884","20200307:0000",-43.83207,172.09431,"Dorie",299,NA,0,"Canterbury",1010,7.2,19.1,NA
"14885","20200308:0000",-43.83207,172.09431,"Dorie",299,NA,0,"Canterbury",1010,9,13.05,NA
"14886","20200309:0000",-43.83207,172.09431,"Dorie",299,NA,0,"Canterbury",1010,4,19.5,NA
"14887","20200310:0000",-43.83207,172.09431,"Dorie",299,NA,0,"Canterbury",1010,12.2,14.3,NA
"14888","20200311:0000",-43.83207,172.09431,"Dorie",299,NA,0,"Canterbury",1010,4.3,11,NA
"14889","20200312:0000",-43.83207,172.09431,"Dorie",299,NA,0,"Canterbury",1010,3.2,13.6,NA
"14890","20200313:0000",-43.83207,172.09431,"Dorie",299,NA,0,"Canterbury",1010,0,14.15,NA
"14891","20200314:0000",-43.83207,172.09431,"Dorie",299,NA,0,"Canterbury",1010,5,16,NA
"14892","20200315:0000",-43.83207,172.09431,"Dorie",299,NA,0,"Canterbury",1010,0,15.85,NA
"14893","20200316:0000",-43.83207,172.09431,"Dorie",299,NA,0,"Canterbury",1010,3.2,13.35,NA
"14894","20200317:0000",-43.83207,172.09431,"Dorie",299,NA,0,"Canterbury",1010,9.7,10.45,NA
"14895","20200318:0000",-43.83207,172.09431,"Dorie",299,NA,0,"Canterbury",1010,0,10,NA
"14896","20200319:0000",-43.83207,172.09431,"Dorie",299,NA,0,"Canterbury",1010,4.3,15.95,NA
"14897","20200320:0000",-43.83207,172.09431,"Dorie",299,NA,0,"Canterbury",1010,11.2,12.2,NA
"14898","20200321:0000",-43.83207,172.09431,"Dorie",299,NA,0,"Canterbury",1010,0.4,12.35,NA
"14899","20200322:0000",-43.83207,172.09431,"Dorie",299,NA,0,"Canterbury",1010,0,14.6,NA
"14900","20200323:0000",-43.83207,172.09431,"Dorie",299,NA,0,"Canterbury",1010,0,15.9,NA
"14901","20200324:0000",-43.83207,172.09431,"Dorie",299,NA,0,"Canterbury",1010,4.7,7.05,NA
"14902","20200325:0000",-43.83207,172.09431,"Dorie",299,NA,0,"Canterbury",1010,0.7,11.85,NA
"14903","20200326:0000",-43.83207,172.09431,"Dorie",299,NA,0,"Canterbury",1010,2.2,14,NA
"14904","20200327:0000",-43.83207,172.09431,"Dorie",299,NA,0,"Canterbury",1010,18.4,11.45,NA
"14905","20200328:0000",-43.83207,172.09431,"Dorie",299,NA,0,"Canterbury",1010,8.6,10.3,NA
"14906","20200329:0000",-43.83207,172.09431,"Dorie",299,NA,0,"Canterbury",1010,6.8,9,NA
"14907","20200330:0000",-43.83207,172.09431,"Dorie",299,NA,0,"Canterbury",1010,7.2,11.05,NA
"14908","20200331:0000",-43.83207,172.09431,"Dorie",299,NA,0,"Canterbury",1010,0,14.85,NA
"14909","20200401:0000",-43.83207,172.09431,"Dorie",299,NA,0,"Canterbury",1010,5.8,12.85,NA
"14910","20200402:0000",-43.83207,172.09431,"Dorie",299,NA,0,"Canterbury",1010,4.3,13.2,NA
"14911","20200403:0000",-43.83207,172.09431,"Dorie",299,NA,0,"Canterbury",1010,0.7,12.05,NA
"14912","20200404:0000",-43.83207,172.09431,"Dorie",299,NA,0,"Canterbury",1010,7.6,13.75,NA
"14913","20200405:0000",-43.83207,172.09431,"Dorie",299,NA,0,"Canterbury",1010,6.8,15.8,NA
"14914","20200406:0000",-43.83207,172.09431,"Dorie",299,NA,0,"Canterbury",1010,10.8,15.4,NA
"14915","20200407:0000",-43.83207,172.09431,"Dorie",299,NA,0,"Canterbury",1010,10.4,17.2,NA
"14916","20200408:0000",-43.83207,172.09431,"Dorie",299,NA,0,"Canterbury",1010,0.7,13.4,NA
"14917","20200409:0000",-43.83207,172.09431,"Dorie",299,NA,0,"Canterbury",1010,5.8,11.45,NA
"14918","20200410:0000",-43.83207,172.09431,"Dorie",299,NA,0,"Canterbury",1010,3.6,13.85,NA
"14919","20200411:0000",-43.83207,172.09431,"Dorie",299,NA,0,"Canterbury",1010,12.6,16.15,NA
"14920","20200412:0000",-43.83207,172.09431,"Dorie",299,NA,0,"Canterbury",1010,17.6,14.95,NA
"14921","20200413:0000",-43.83207,172.09431,"Dorie",299,NA,0,"Canterbury",1010,2.5,11.9,NA
"14922","20200414:0000",-43.83207,172.09431,"Dorie",299,NA,0,"Canterbury",1010,15.5,7.2,NA
"14923","20200415:0000",-43.83207,172.09431,"Dorie",299,NA,0,"Canterbury",1010,6.5,7.45,NA
"14924","20200416:0000",-43.83207,172.09431,"Dorie",299,NA,0,"Canterbury",1010,0.4,9.45,NA
"14925","20200417:0000",-43.83207,172.09431,"Dorie",299,NA,0,"Canterbury",1010,0.4,9.35,NA
"14926","20200418:0000",-43.83207,172.09431,"Dorie",299,NA,0,"Canterbury",1010,5.8,14.15,NA
"14927","20200419:0000",-43.83207,172.09431,"Dorie",299,NA,0,"Canterbury",1010,11.5,11.45,NA
"14928","20200420:0000",-43.83207,172.09431,"Dorie",299,NA,0,"Canterbury",1010,3.2,11.85,NA
"14929","20200421:0000",-43.83207,172.09431,"Dorie",299,NA,0,"Canterbury",1010,3.6,10.05,NA
"14930","20200422:0000",-43.83207,172.09431,"Dorie",299,NA,0,"Canterbury",1010,4,11.65,NA
"14931","20200423:0000",-43.83207,172.09431,"Dorie",299,NA,0,"Canterbury",1010,0.7,10.05,NA
"14932","20200424:0000",-43.83207,172.09431,"Dorie",299,NA,0,"Canterbury",1010,0.7,12,NA
"14933","20200425:0000",-43.83207,172.09431,"Dorie",299,NA,0,"Canterbury",1010,21.2,14.55,NA
"14934","20200426:0000",-43.83207,172.09431,"Dorie",299,NA,0,"Canterbury",1010,2.9,10.75,NA
"14935","20200427:0000",-43.83207,172.09431,"Dorie",299,NA,0,"Canterbury",1010,29.9,15.2,NA
"14936","20200428:0000",-43.83207,172.09431,"Dorie",299,NA,0,"Canterbury",1010,6.1,10.45,NA
"14937","20200429:0000",-43.83207,172.09431,"Dorie",299,NA,0,"Canterbury",1010,7.9,12.95,NA
"14938","20200430:0000",-43.83207,172.09431,"Dorie",299,NA,0,"Canterbury",1010,1.8,12.8,NA
"14939","20200501:0000",-43.83207,172.09431,"Dorie",299,NA,0,"Canterbury",1010,5,12.9,NA
"14940","20200502:0000",-43.83207,172.09431,"Dorie",299,NA,0,"Canterbury",1010,11.9,13.5,NA
"14941","20200503:0000",-43.83207,172.09431,"Dorie",299,NA,0,"Canterbury",1010,11.9,17.75,NA
"14942","20200504:0000",-43.83207,172.09431,"Dorie",299,NA,0,"Canterbury",1010,5.8,12.05,NA
"14943","20200505:0000",-43.83207,172.09431,"Dorie",299,NA,0,"Canterbury",1010,7.9,8.75,NA
"14944","20200506:0000",-43.83207,172.09431,"Dorie",299,NA,0,"Canterbury",1010,7.6,7.9,NA
"14945","20200507:0000",-43.83207,172.09431,"Dorie",299,NA,0,"Canterbury",1010,1.4,10.75,NA
"14946","20200508:0000",-43.83207,172.09431,"Dorie",299,NA,0,"Canterbury",1010,0.4,9.75,NA
"14947","20200509:0000",-43.83207,172.09431,"Dorie",299,NA,0,"Canterbury",1010,5.8,11.75,NA
"14948","20200510:0000",-43.83207,172.09431,"Dorie",299,NA,0,"Canterbury",1010,10.4,13.35,NA
"14949","20200511:0000",-43.83207,172.09431,"Dorie",299,NA,0,"Canterbury",1010,9.4,11.85,NA
"14950","20200512:0000",-43.83207,172.09431,"Dorie",299,NA,0,"Canterbury",1010,12.6,11.45,NA
"14951","20200513:0000",-43.83207,172.09431,"Dorie",299,NA,0,"Canterbury",1010,1.8,9.75,NA
"14952","20200514:0000",-43.83207,172.09431,"Dorie",299,NA,0,"Canterbury",1010,7.2,11.3,NA
"14953","20200515:0000",-43.83207,172.09431,"Dorie",299,NA,0,"Canterbury",1010,1.1,8.8,NA
"14954","20200516:0000",-43.83207,172.09431,"Dorie",299,NA,0,"Canterbury",1010,1.1,8.75,NA
"14955","20200517:0000",-43.83207,172.09431,"Dorie",299,NA,0,"Canterbury",1010,1.8,7.25,NA
"14956","20200518:0000",-43.83207,172.09431,"Dorie",299,NA,0,"Canterbury",1010,4.7,5.15,NA
"14957","20200519:0000",-43.83207,172.09431,"Dorie",299,NA,0,"Canterbury",1010,2.2,8.8,NA
"14958","20200520:0000",-43.83207,172.09431,"Dorie",299,NA,0,"Canterbury",1010,0,4.7,NA
"14959","20200521:0000",-43.83207,172.09431,"Dorie",299,NA,0,"Canterbury",1010,14.8,9.1,NA
"14960","20200522:0000",-43.83207,172.09431,"Dorie",299,NA,0,"Canterbury",1010,13.3,12.5,NA
"14961","20200523:0000",-43.83207,172.09431,"Dorie",299,NA,0,"Canterbury",1010,0.4,7.9,NA
"14962","20200524:0000",-43.83207,172.09431,"Dorie",299,NA,0,"Canterbury",1010,1.8,9.1,NA
"14963","20200525:0000",-43.83207,172.09431,"Dorie",299,NA,0,"Canterbury",1010,5.8,8.7,NA
"14964","20200526:0000",-43.83207,172.09431,"Dorie",299,NA,0,"Canterbury",1010,0.4,9.4,NA
"14965","20200527:0000",-43.83207,172.09431,"Dorie",299,NA,0,"Canterbury",1010,1.4,7,NA
"14966","20200528:0000",-43.83207,172.09431,"Dorie",299,NA,0,"Canterbury",1010,0,6.25,NA
"14967","20200529:0000",-43.83207,172.09431,"Dorie",299,NA,0,"Canterbury",1010,2.9,7.05,NA
"14968","20200530:0000",-43.83207,172.09431,"Dorie",299,NA,0,"Canterbury",1010,0.7,8.7,NA
"14969","20200531:0000",-43.83207,172.09431,"Dorie",299,NA,0,"Canterbury",1010,3.6,5.7,NA
"14970","20200601:0000",-43.83207,172.09431,"Dorie",299,NA,0,"Canterbury",1010,2.9,8.35,NA
"14971","20200602:0000",-43.83207,172.09431,"Dorie",299,NA,0,"Canterbury",1010,0.4,9.8,NA
"14972","20200603:0000",-43.83207,172.09431,"Dorie",299,NA,0,"Canterbury",1010,10.8,9,NA
"14973","20200604:0000",-43.83207,172.09431,"Dorie",299,NA,0,"Canterbury",1010,18.4,7.8,NA
"14974","20200605:0000",-43.83207,172.09431,"Dorie",299,NA,0,"Canterbury",1010,9,5.75,NA
"14975","20200606:0000",-43.83207,172.09431,"Dorie",299,NA,0,"Canterbury",1010,10.1,3,NA
"14976","20200607:0000",-43.83207,172.09431,"Dorie",299,NA,0,"Canterbury",1010,4.3,6.15,NA
"14977","20200608:0000",-43.83207,172.09431,"Dorie",299,NA,0,"Canterbury",1010,2.9,7.45,NA
"14978","20200609:0000",-43.83207,172.09431,"Dorie",299,NA,0,"Canterbury",1010,5.4,7.85,NA
"14979","20200610:0000",-43.83207,172.09431,"Dorie",299,NA,0,"Canterbury",1010,5.4,9.4,NA
"14980","20200611:0000",-43.83207,172.09431,"Dorie",299,NA,0,"Canterbury",1010,3.2,8.1,NA
"14981","20200612:0000",-43.83207,172.09431,"Dorie",299,NA,0,"Canterbury",1010,6.5,7.9,NA
"14982","20200613:0000",-43.83207,172.09431,"Dorie",299,NA,0,"Canterbury",1010,2.2,4.95,NA
"14983","20200614:0000",-43.83207,172.09431,"Dorie",299,NA,0,"Canterbury",1010,0.4,2.85,NA
"14984","20200615:0000",-43.83207,172.09431,"Dorie",299,NA,0,"Canterbury",1010,12.6,7.55,NA
"14985","20200616:0000",-43.83207,172.09431,"Dorie",299,NA,0,"Canterbury",1010,4.7,13.35,NA
"14986","20200617:0000",-43.83207,172.09431,"Dorie",299,NA,0,"Canterbury",1010,17.6,12.5,NA
"14987","20200618:0000",-43.83207,172.09431,"Dorie",299,NA,0,"Canterbury",1010,10.1,6.5,NA
"14988","20200619:0000",-43.83207,172.09431,"Dorie",299,NA,0,"Canterbury",1010,13.7,6.2,NA
"14989","20200620:0000",-43.83207,172.09431,"Dorie",299,NA,0,"Canterbury",1010,6.8,4.95,NA
"14990","20200621:0000",-43.83207,172.09431,"Dorie",299,NA,0,"Canterbury",1010,0,6.35,NA
"14991","20200622:0000",-43.83207,172.09431,"Dorie",299,NA,0,"Canterbury",1010,0,5.4,NA
"14992","20200623:0000",-43.83207,172.09431,"Dorie",299,NA,0,"Canterbury",1010,2.5,6.1,NA
"14993","20200624:0000",-43.83207,172.09431,"Dorie",299,NA,0,"Canterbury",1010,7.9,6.3,NA
"14994","20200625:0000",-43.83207,172.09431,"Dorie",299,NA,0,"Canterbury",1010,0,7.1,NA
"14995","20200626:0000",-43.83207,172.09431,"Dorie",299,NA,0,"Canterbury",1010,0,6.05,NA
"14996","20200627:0000",-43.83207,172.09431,"Dorie",299,NA,0,"Canterbury",1010,1.8,7.9,NA
"14997","20200628:0000",-43.83207,172.09431,"Dorie",299,NA,0,"Canterbury",1010,4.3,8.6,NA
"14998","20200629:0000",-43.83207,172.09431,"Dorie",299,NA,0,"Canterbury",1010,18,7.2,NA
"14999","20200630:0000",-43.83207,172.09431,"Dorie",299,NA,0,"Canterbury",1010,10.1,6.95,NA
"15000","20200701:0000",-43.83207,172.09431,"Dorie",299,NA,0,"Canterbury",1010,18.4,4.75,NA
"15001","20200702:0000",-43.83207,172.09431,"Dorie",299,NA,0,"Canterbury",1010,11.5,5.9,NA
"15002","20200703:0000",-43.83207,172.09431,"Dorie",299,NA,0,"Canterbury",1010,0.7,4.55,NA
"15003","20200704:0000",-43.83207,172.09431,"Dorie",299,NA,0,"Canterbury",1010,3.2,6.1,NA
"15004","20200705:0000",-43.83207,172.09431,"Dorie",299,NA,0,"Canterbury",1010,7.2,9.85,NA
"15005","20200706:0000",-43.83207,172.09431,"Dorie",299,NA,0,"Canterbury",1010,6.8,7.4,NA
"15006","20200707:0000",-43.83207,172.09431,"Dorie",299,NA,0,"Canterbury",1010,4.7,5.65,NA
"15007","20200708:0000",-43.83207,172.09431,"Dorie",299,NA,0,"Canterbury",1010,14.4,5.35,NA
"15008","20200709:0000",-43.83207,172.09431,"Dorie",299,NA,0,"Canterbury",1010,6.5,6.05,NA
"15009","20200710:0000",-43.83207,172.09431,"Dorie",299,NA,0,"Canterbury",1010,0.4,6.2,NA
"15010","20200711:0000",-43.83207,172.09431,"Dorie",299,NA,0,"Canterbury",1010,2.2,7.05,NA
"15011","20200712:0000",-43.83207,172.09431,"Dorie",299,NA,0,"Canterbury",1010,19.1,8,NA
"15012","20200713:0000",-43.83207,172.09431,"Dorie",299,NA,0,"Canterbury",1010,5.4,5.8,NA
"15013","20200714:0000",-43.83207,172.09431,"Dorie",299,NA,0,"Canterbury",1010,1.4,4.75,NA
"15014","20200715:0000",-43.83207,172.09431,"Dorie",299,NA,0,"Canterbury",1010,5.4,2.65,NA
"15015","20200716:0000",-43.83207,172.09431,"Dorie",299,NA,0,"Canterbury",1010,0,2.6,NA
"15016","20200717:0000",-43.83207,172.09431,"Dorie",299,NA,0,"Canterbury",1010,0.4,3.4,NA
"15017","20200718:0000",-43.83207,172.09431,"Dorie",299,NA,0,"Canterbury",1010,1.1,4.45,NA
"15018","20200719:0000",-43.83207,172.09431,"Dorie",299,NA,0,"Canterbury",1010,0,8,NA
"15019","20200720:0000",-43.83207,172.09431,"Dorie",299,NA,0,"Canterbury",1010,11.9,10.15,NA
"15020","20200721:0000",-43.83207,172.09431,"Dorie",299,NA,0,"Canterbury",1010,17.6,11.3,NA
"15021","20200722:0000",-43.83207,172.09431,"Dorie",299,NA,0,"Canterbury",1010,16.9,8.1,NA
"15022","20200723:0000",-43.83207,172.09431,"Dorie",299,NA,0,"Canterbury",1010,0.7,6.45,NA
"15023","20200724:0000",-43.83207,172.09431,"Dorie",299,NA,0,"Canterbury",1010,4,4.6,NA
"15024","20200725:0000",-43.83207,172.09431,"Dorie",299,NA,0,"Canterbury",1010,1.1,6.2,NA
"15025","20200726:0000",-43.83207,172.09431,"Dorie",299,NA,0,"Canterbury",1010,1.8,6.7,NA
"15026","20200727:0000",-43.83207,172.09431,"Dorie",299,NA,0,"Canterbury",1010,1.4,6.1,NA
"15027","20200728:0000",-43.83207,172.09431,"Dorie",299,NA,0,"Canterbury",1010,4.3,4.35,NA
"15028","20200729:0000",-43.83207,172.09431,"Dorie",299,NA,0,"Canterbury",1010,0,7.05,NA
"15029","20200730:0000",-43.83207,172.09431,"Dorie",299,NA,0,"Canterbury",1010,9.7,11.35,NA
"15030","20200731:0000",-43.83207,172.09431,"Dorie",299,NA,0,"Canterbury",1010,9,10.75,NA
"15031","20200801:0000",-43.83207,172.09431,"Dorie",299,NA,0,"Canterbury",1010,16.9,11.1,NA
"15032","20200802:0000",-43.83207,172.09431,"Dorie",299,NA,0,"Canterbury",1010,4,12.05,NA
"15033","20200803:0000",-43.83207,172.09431,"Dorie",299,NA,0,"Canterbury",1010,1.8,10.25,NA
"15034","20200804:0000",-43.83207,172.09431,"Dorie",299,NA,0,"Canterbury",1010,0.7,8.65,NA
"15035","20200805:0000",-43.83207,172.09431,"Dorie",299,NA,0,"Canterbury",1010,9,5.5,NA
"15036","20200806:0000",-43.83207,172.09431,"Dorie",299,NA,0,"Canterbury",1010,13.7,9.95,NA
"15037","20200807:0000",-43.83207,172.09431,"Dorie",299,NA,0,"Canterbury",1010,5.8,9.7,NA
"15038","20200808:0000",-43.83207,172.09431,"Dorie",299,NA,0,"Canterbury",1010,9.7,8.2,NA
"15039","20200809:0000",-43.83207,172.09431,"Dorie",299,NA,0,"Canterbury",1010,2.9,7.95,NA
"15040","20200810:0000",-43.83207,172.09431,"Dorie",299,NA,0,"Canterbury",1010,2.9,10.75,NA
"15041","20200811:0000",-43.83207,172.09431,"Dorie",299,NA,0,"Canterbury",1010,2.2,6.6,NA
"15042","20200812:0000",-43.83207,172.09431,"Dorie",299,NA,0,"Canterbury",1010,0.4,4.75,NA
"15043","20200813:0000",-43.83207,172.09431,"Dorie",299,NA,0,"Canterbury",1010,6.1,6.7,NA
"15044","20200814:0000",-43.83207,172.09431,"Dorie",299,NA,0,"Canterbury",1010,0,7.05,NA
"15045","20200815:0000",-43.83207,172.09431,"Dorie",299,NA,0,"Canterbury",1010,0,3.4,NA
"15046","20200816:0000",-43.83207,172.09431,"Dorie",299,NA,0,"Canterbury",1010,2.5,5.05,NA
"15047","20200817:0000",-43.83207,172.09431,"Dorie",299,NA,0,"Canterbury",1010,2.2,3.35,NA
"15048","20200818:0000",-43.83207,172.09431,"Dorie",299,NA,0,"Canterbury",1010,3.2,5.05,NA
"15049","20200819:0000",-43.83207,172.09431,"Dorie",299,NA,0,"Canterbury",1010,5,9.7,NA
"15050","20200820:0000",-43.83207,172.09431,"Dorie",299,NA,0,"Canterbury",1010,6.8,9.4,NA
"15051","20200821:0000",-43.83207,172.09431,"Dorie",299,NA,0,"Canterbury",1010,2.5,7.9,NA
"15052","20200822:0000",-43.83207,172.09431,"Dorie",299,NA,0,"Canterbury",1010,1.8,9.15,NA
"15053","20200823:0000",-43.83207,172.09431,"Dorie",299,NA,0,"Canterbury",1010,1.8,10.25,NA
"15054","20200824:0000",-43.83207,172.09431,"Dorie",299,NA,0,"Canterbury",1010,0.4,10.35,NA
"15055","20200825:0000",-43.83207,172.09431,"Dorie",299,NA,0,"Canterbury",1010,1.8,8.1,NA
"15056","20200826:0000",-43.83207,172.09431,"Dorie",299,NA,0,"Canterbury",1010,6.1,6.3,NA
"15057","20200827:0000",-43.83207,172.09431,"Dorie",299,NA,0,"Canterbury",1010,6.1,8.05,NA
"15058","20200828:0000",-43.83207,172.09431,"Dorie",299,NA,0,"Canterbury",1010,10.4,8.15,NA
"15059","20200829:0000",-43.83207,172.09431,"Dorie",299,NA,0,"Canterbury",1010,6.8,11.95,NA
"15060","20200830:0000",-43.83207,172.09431,"Dorie",299,NA,0,"Canterbury",1010,20.2,15.7,NA
"15061","20200831:0000",-43.83207,172.09431,"Dorie",299,NA,0,"Canterbury",1010,3.2,10.85,NA
"15062","20180101:0000",-43.63978,171.65205,"Methven",923,"Methven",100150,"Canterbury",1010,2.9,14.35,NA
"15063","20180102:0000",-43.63978,171.65205,"Methven",923,"Methven",100150,"Canterbury",1010,2.5,18.05,NA
"15064","20180103:0000",-43.63978,171.65205,"Methven",923,"Methven",100150,"Canterbury",1010,2.9,20.05,NA
"15065","20180104:0000",-43.63978,171.65205,"Methven",923,"Methven",100150,"Canterbury",1010,5.4,19.4,NA
"15066","20180105:0000",-43.63978,171.65205,"Methven",923,"Methven",100150,"Canterbury",1010,7.9,14.05,NA
"15067","20180106:0000",-43.63978,171.65205,"Methven",923,"Methven",100150,"Canterbury",1010,5.8,12.6,NA
"15068","20180107:0000",-43.63978,171.65205,"Methven",923,"Methven",100150,"Canterbury",1010,6.1,14.15,NA
"15069","20180108:0000",-43.63978,171.65205,"Methven",923,"Methven",100150,"Canterbury",1010,6.5,18.45,NA
"15070","20180109:0000",-43.63978,171.65205,"Methven",923,"Methven",100150,"Canterbury",1010,7.6,19.85,NA
"15071","20180110:0000",-43.63978,171.65205,"Methven",923,"Methven",100150,"Canterbury",1010,6.5,14.4,NA
"15072","20180111:0000",-43.63978,171.65205,"Methven",923,"Methven",100150,"Canterbury",1010,3.6,11.35,NA
"15073","20180112:0000",-43.63978,171.65205,"Methven",923,"Methven",100150,"Canterbury",1010,5,12.7,NA
"15074","20180113:0000",-43.63978,171.65205,"Methven",923,"Methven",100150,"Canterbury",1010,4.3,17.95,NA
"15075","20180114:0000",-43.63978,171.65205,"Methven",923,"Methven",100150,"Canterbury",1010,5.8,21.2,NA
"15076","20180115:0000",-43.63978,171.65205,"Methven",923,"Methven",100150,"Canterbury",1010,8.3,23.25,NA
"15077","20180116:0000",-43.63978,171.65205,"Methven",923,"Methven",100150,"Canterbury",1010,4.3,24.25,NA
"15078","20180117:0000",-43.63978,171.65205,"Methven",923,"Methven",100150,"Canterbury",1010,4.7,23.45,NA
"15079","20180118:0000",-43.63978,171.65205,"Methven",923,"Methven",100150,"Canterbury",1010,7.2,21.6,NA
"15080","20180119:0000",-43.63978,171.65205,"Methven",923,"Methven",100150,"Canterbury",1010,2.9,20.1,NA
"15081","20180120:0000",-43.63978,171.65205,"Methven",923,"Methven",100150,"Canterbury",1010,10.8,22.35,NA
"15082","20180121:0000",-43.63978,171.65205,"Methven",923,"Methven",100150,"Canterbury",1010,4,17.9,NA
"15083","20180122:0000",-43.63978,171.65205,"Methven",923,"Methven",100150,"Canterbury",1010,3.2,20.2,NA
"15084","20180123:0000",-43.63978,171.65205,"Methven",923,"Methven",100150,"Canterbury",1010,3.6,23.2,NA
"15085","20180124:0000",-43.63978,171.65205,"Methven",923,"Methven",100150,"Canterbury",1010,6.8,23.95,NA
"15086","20180125:0000",-43.63978,171.65205,"Methven",923,"Methven",100150,"Canterbury",1010,4.7,23.55,NA
"15087","20180126:0000",-43.63978,171.65205,"Methven",923,"Methven",100150,"Canterbury",1010,0.4,17.9,NA
"15088","20180127:0000",-43.63978,171.65205,"Methven",923,"Methven",100150,"Canterbury",1010,4.7,21.85,NA
"15089","20180128:0000",-43.63978,171.65205,"Methven",923,"Methven",100150,"Canterbury",1010,2.9,21.4,NA
"15090","20180129:0000",-43.63978,171.65205,"Methven",923,"Methven",100150,"Canterbury",1010,3.6,20.75,NA
"15091","20180130:0000",-43.63978,171.65205,"Methven",923,"Methven",100150,"Canterbury",1010,2.2,24.85,NA
"15092","20180131:0000",-43.63978,171.65205,"Methven",923,"Methven",100150,"Canterbury",1010,2.5,20.25,NA
"15093","20180201:0000",-43.63978,171.65205,"Methven",923,"Methven",100150,"Canterbury",1010,4.3,21.85,NA
"15094","20180202:0000",-43.63978,171.65205,"Methven",923,"Methven",100150,"Canterbury",1010,9,11.15,NA
"15095","20180203:0000",-43.63978,171.65205,"Methven",923,"Methven",100150,"Canterbury",1010,7.2,11.6,NA
"15096","20180204:0000",-43.63978,171.65205,"Methven",923,"Methven",100150,"Canterbury",1010,2.9,15.4,NA
"15097","20180205:0000",-43.63978,171.65205,"Methven",923,"Methven",100150,"Canterbury",1010,6.8,18.45,NA
"15098","20180206:0000",-43.63978,171.65205,"Methven",923,"Methven",100150,"Canterbury",1010,6.1,11.1,NA
"15099","20180207:0000",-43.63978,171.65205,"Methven",923,"Methven",100150,"Canterbury",1010,2.9,13.5,NA
"15100","20180208:0000",-43.63978,171.65205,"Methven",923,"Methven",100150,"Canterbury",1010,5,14.75,NA
"15101","20180209:0000",-43.63978,171.65205,"Methven",923,"Methven",100150,"Canterbury",1010,3.6,15.8,NA
"15102","20180210:0000",-43.63978,171.65205,"Methven",923,"Methven",100150,"Canterbury",1010,2.9,16.1,NA
"15103","20180211:0000",-43.63978,171.65205,"Methven",923,"Methven",100150,"Canterbury",1010,4.7,17.8,NA
"15104","20180212:0000",-43.63978,171.65205,"Methven",923,"Methven",100150,"Canterbury",1010,4,20.6,NA
"15105","20180213:0000",-43.63978,171.65205,"Methven",923,"Methven",100150,"Canterbury",1010,4.3,21.35,NA
"15106","20180214:0000",-43.63978,171.65205,"Methven",923,"Methven",100150,"Canterbury",1010,3.6,15.75,NA
"15107","20180215:0000",-43.63978,171.65205,"Methven",923,"Methven",100150,"Canterbury",1010,3.2,19.05,NA
"15108","20180216:0000",-43.63978,171.65205,"Methven",923,"Methven",100150,"Canterbury",1010,2.9,18.65,NA
"15109","20180217:0000",-43.63978,171.65205,"Methven",923,"Methven",100150,"Canterbury",1010,10.8,20.05,NA
"15110","20180218:0000",-43.63978,171.65205,"Methven",923,"Methven",100150,"Canterbury",1010,4.3,16.55,NA
"15111","20180219:0000",-43.63978,171.65205,"Methven",923,"Methven",100150,"Canterbury",1010,7.2,16.8,NA
"15112","20180220:0000",-43.63978,171.65205,"Methven",923,"Methven",100150,"Canterbury",1010,7.9,10.7,NA
"15113","20180221:0000",-43.63978,171.65205,"Methven",923,"Methven",100150,"Canterbury",1010,9,10,NA
"15114","20180222:0000",-43.63978,171.65205,"Methven",923,"Methven",100150,"Canterbury",1010,5,11.6,NA
"15115","20180223:0000",-43.63978,171.65205,"Methven",923,"Methven",100150,"Canterbury",1010,2.9,NA,NA
"15116","20180224:0000",-43.63978,171.65205,"Methven",923,"Methven",100150,"Canterbury",1010,NA,NA,NA
"15117","20180225:0000",-43.63978,171.65205,"Methven",923,"Methven",100150,"Canterbury",1010,NA,NA,NA
"15118","20180226:0000",-43.63978,171.65205,"Methven",923,"Methven",100150,"Canterbury",1010,NA,NA,NA
"15119","20180227:0000",-43.63978,171.65205,"Methven",923,"Methven",100150,"Canterbury",1010,NA,NA,NA
"15120","20180228:0000",-43.63978,171.65205,"Methven",923,"Methven",100150,"Canterbury",1010,NA,NA,NA
"15121","20180301:0000",-43.63978,171.65205,"Methven",923,"Methven",100150,"Canterbury",1010,NA,NA,NA
"15122","20180302:0000",-43.63978,171.65205,"Methven",923,"Methven",100150,"Canterbury",1010,2.5,NA,NA
"15123","20180303:0000",-43.63978,171.65205,"Methven",923,"Methven",100150,"Canterbury",1010,3.6,20.55,NA
"15124","20180304:0000",-43.63978,171.65205,"Methven",923,"Methven",100150,"Canterbury",1010,8.3,21.25,NA
"15125","20180305:0000",-43.63978,171.65205,"Methven",923,"Methven",100150,"Canterbury",1010,2.2,18.1,NA
"15126","20180306:0000",-43.63978,171.65205,"Methven",923,"Methven",100150,"Canterbury",1010,4.3,14.2,NA
"15127","20180307:0000",-43.63978,171.65205,"Methven",923,"Methven",100150,"Canterbury",1010,2.9,12.2,NA
"15128","20180308:0000",-43.63978,171.65205,"Methven",923,"Methven",100150,"Canterbury",1010,5.8,12.45,NA
"15129","20180309:0000",-43.63978,171.65205,"Methven",923,"Methven",100150,"Canterbury",1010,3.6,11.65,NA
"15130","20180310:0000",-43.63978,171.65205,"Methven",923,"Methven",100150,"Canterbury",1010,5,11.7,NA
"15131","20180311:0000",-43.63978,171.65205,"Methven",923,"Methven",100150,"Canterbury",1010,5,14.7,NA
"15132","20180312:0000",-43.63978,171.65205,"Methven",923,"Methven",100150,"Canterbury",1010,6.5,17.8,NA
"15133","20180313:0000",-43.63978,171.65205,"Methven",923,"Methven",100150,"Canterbury",1010,15.1,17.7,NA
"15134","20180314:0000",-43.63978,171.65205,"Methven",923,"Methven",100150,"Canterbury",1010,3.2,14.35,NA
"15135","20180315:0000",-43.63978,171.65205,"Methven",923,"Methven",100150,"Canterbury",1010,13.3,16.3,NA
"15136","20180316:0000",-43.63978,171.65205,"Methven",923,"Methven",100150,"Canterbury",1010,6.5,15.35,NA
"15137","20180317:0000",-43.63978,171.65205,"Methven",923,"Methven",100150,"Canterbury",1010,1.1,10.15,NA
"15138","20180318:0000",-43.63978,171.65205,"Methven",923,"Methven",100150,"Canterbury",1010,3.6,13.1,NA
"15139","20180319:0000",-43.63978,171.65205,"Methven",923,"Methven",100150,"Canterbury",1010,11.5,15.7,NA
"15140","20180320:0000",-43.63978,171.65205,"Methven",923,"Methven",100150,"Canterbury",1010,10.1,21.75,NA
"15141","20180321:0000",-43.63978,171.65205,"Methven",923,"Methven",100150,"Canterbury",1010,6.1,18.7,NA
"15142","20180322:0000",-43.63978,171.65205,"Methven",923,"Methven",100150,"Canterbury",1010,6.5,8.25,NA
"15143","20180323:0000",-43.63978,171.65205,"Methven",923,"Methven",100150,"Canterbury",1010,4.7,8.35,NA
"15144","20180324:0000",-43.63978,171.65205,"Methven",923,"Methven",100150,"Canterbury",1010,2.5,12.25,NA
"15145","20180325:0000",-43.63978,171.65205,"Methven",923,"Methven",100150,"Canterbury",1010,10.4,15.2,NA
"15146","20180326:0000",-43.63978,171.65205,"Methven",923,"Methven",100150,"Canterbury",1010,15.1,17.9,NA
"15147","20180327:0000",-43.63978,171.65205,"Methven",923,"Methven",100150,"Canterbury",1010,7.9,20.5,NA
"15148","20180328:0000",-43.63978,171.65205,"Methven",923,"Methven",100150,"Canterbury",1010,3.2,16.1,NA
"15149","20180329:0000",-43.63978,171.65205,"Methven",923,"Methven",100150,"Canterbury",1010,5,13.95,NA
"15150","20180330:0000",-43.63978,171.65205,"Methven",923,"Methven",100150,"Canterbury",1010,9,15.25,NA
"15151","20180331:0000",-43.63978,171.65205,"Methven",923,"Methven",100150,"Canterbury",1010,5,19.45,NA
"15152","20180401:0000",-43.63978,171.65205,"Methven",923,"Methven",100150,"Canterbury",1010,1.8,10.55,NA
"15153","20180402:0000",-43.63978,171.65205,"Methven",923,"Methven",100150,"Canterbury",1010,10.8,13.75,NA
"15154","20180403:0000",-43.63978,171.65205,"Methven",923,"Methven",100150,"Canterbury",1010,9.7,19.6,NA
"15155","20180404:0000",-43.63978,171.65205,"Methven",923,"Methven",100150,"Canterbury",1010,16.2,14.6,NA
"15156","20180405:0000",-43.63978,171.65205,"Methven",923,"Methven",100150,"Canterbury",1010,3.6,15.85,NA
"15157","20180406:0000",-43.63978,171.65205,"Methven",923,"Methven",100150,"Canterbury",1010,9.7,17.25,NA
"15158","20180407:0000",-43.63978,171.65205,"Methven",923,"Methven",100150,"Canterbury",1010,5.4,11.1,NA
"15159","20180408:0000",-43.63978,171.65205,"Methven",923,"Methven",100150,"Canterbury",1010,2.5,10.75,NA
"15160","20180409:0000",-43.63978,171.65205,"Methven",923,"Methven",100150,"Canterbury",1010,2.2,7.55,NA
"15161","20180410:0000",-43.63978,171.65205,"Methven",923,"Methven",100150,"Canterbury",1010,1.1,2.95,NA
"15162","20180411:0000",-43.63978,171.65205,"Methven",923,"Methven",100150,"Canterbury",1010,9,5.1,NA
"15163","20180412:0000",-43.63978,171.65205,"Methven",923,"Methven",100150,"Canterbury",1010,2.9,6.05,NA
"15164","20180413:0000",-43.63978,171.65205,"Methven",923,"Methven",100150,"Canterbury",1010,4.7,8.05,NA
"15165","20180414:0000",-43.63978,171.65205,"Methven",923,"Methven",100150,"Canterbury",1010,5.4,7,NA
"15166","20180415:0000",-43.63978,171.65205,"Methven",923,"Methven",100150,"Canterbury",1010,4,9.05,NA
"15167","20180416:0000",-43.63978,171.65205,"Methven",923,"Methven",100150,"Canterbury",1010,11.2,12.9,NA
"15168","20180417:0000",-43.63978,171.65205,"Methven",923,"Methven",100150,"Canterbury",1010,6.8,13.75,NA
"15169","20180418:0000",-43.63978,171.65205,"Methven",923,"Methven",100150,"Canterbury",1010,2.9,8.35,NA
"15170","20180419:0000",-43.63978,171.65205,"Methven",923,"Methven",100150,"Canterbury",1010,14,12.15,NA
"15171","20180420:0000",-43.63978,171.65205,"Methven",923,"Methven",100150,"Canterbury",1010,16.6,15.8,NA
"15172","20180421:0000",-43.63978,171.65205,"Methven",923,"Methven",100150,"Canterbury",1010,3.6,12.4,NA
"15173","20180422:0000",-43.63978,171.65205,"Methven",923,"Methven",100150,"Canterbury",1010,5,8.2,NA
"15174","20180423:0000",-43.63978,171.65205,"Methven",923,"Methven",100150,"Canterbury",1010,7.2,10.4,NA
"15175","20180424:0000",-43.63978,171.65205,"Methven",923,"Methven",100150,"Canterbury",1010,11.5,14.8,NA
"15176","20180425:0000",-43.63978,171.65205,"Methven",923,"Methven",100150,"Canterbury",1010,3.2,9.7,NA
"15177","20180426:0000",-43.63978,171.65205,"Methven",923,"Methven",100150,"Canterbury",1010,9.4,13.85,NA
"15178","20180427:0000",-43.63978,171.65205,"Methven",923,"Methven",100150,"Canterbury",1010,5.4,12.1,NA
"15179","20180428:0000",-43.63978,171.65205,"Methven",923,"Methven",100150,"Canterbury",1010,7.2,9.45,NA
"15180","20180429:0000",-43.63978,171.65205,"Methven",923,"Methven",100150,"Canterbury",1010,6.1,9,NA
"15181","20180430:0000",-43.63978,171.65205,"Methven",923,"Methven",100150,"Canterbury",1010,1.8,9.35,NA
"15182","20180501:0000",-43.63978,171.65205,"Methven",923,"Methven",100150,"Canterbury",1010,3.2,11.25,NA
"15183","20180502:0000",-43.63978,171.65205,"Methven",923,"Methven",100150,"Canterbury",1010,4,11,NA
"15184","20180503:0000",-43.63978,171.65205,"Methven",923,"Methven",100150,"Canterbury",1010,2.9,8.65,NA
"15185","20180504:0000",-43.63978,171.65205,"Methven",923,"Methven",100150,"Canterbury",1010,1.8,10.2,NA
"15186","20180505:0000",-43.63978,171.65205,"Methven",923,"Methven",100150,"Canterbury",1010,2.9,10.3,NA
"15187","20180506:0000",-43.63978,171.65205,"Methven",923,"Methven",100150,"Canterbury",1010,14.4,11.6,NA
"15188","20180507:0000",-43.63978,171.65205,"Methven",923,"Methven",100150,"Canterbury",1010,5.8,12.15,NA
"15189","20180508:0000",-43.63978,171.65205,"Methven",923,"Methven",100150,"Canterbury",1010,13.3,16.1,NA
"15190","20180509:0000",-43.63978,171.65205,"Methven",923,"Methven",100150,"Canterbury",1010,12.6,16.6,NA
"15191","20180510:0000",-43.63978,171.65205,"Methven",923,"Methven",100150,"Canterbury",1010,3.6,9.75,NA
"15192","20180511:0000",-43.63978,171.65205,"Methven",923,"Methven",100150,"Canterbury",1010,1.8,13.5,NA
"15193","20180512:0000",-43.63978,171.65205,"Methven",923,"Methven",100150,"Canterbury",1010,4.7,8.7,NA
"15194","20180513:0000",-43.63978,171.65205,"Methven",923,"Methven",100150,"Canterbury",1010,2.2,5.65,NA
"15195","20180514:0000",-43.63978,171.65205,"Methven",923,"Methven",100150,"Canterbury",1010,1.4,7,NA
"15196","20180515:0000",-43.63978,171.65205,"Methven",923,"Methven",100150,"Canterbury",1010,2.2,9.35,NA
"15197","20180516:0000",-43.63978,171.65205,"Methven",923,"Methven",100150,"Canterbury",1010,5,6.9,NA
"15198","20180517:0000",-43.63978,171.65205,"Methven",923,"Methven",100150,"Canterbury",1010,3.6,8.55,NA
"15199","20180518:0000",-43.63978,171.65205,"Methven",923,"Methven",100150,"Canterbury",1010,7.2,10.95,NA
"15200","20180519:0000",-43.63978,171.65205,"Methven",923,"Methven",100150,"Canterbury",1010,15.1,11.4,NA
"15201","20180520:0000",-43.63978,171.65205,"Methven",923,"Methven",100150,"Canterbury",1010,14.4,11.85,NA
"15202","20180521:0000",-43.63978,171.65205,"Methven",923,"Methven",100150,"Canterbury",1010,4.7,8.4,NA
"15203","20180522:0000",-43.63978,171.65205,"Methven",923,"Methven",100150,"Canterbury",1010,17.3,7.9,NA
"15204","20180523:0000",-43.63978,171.65205,"Methven",923,"Methven",100150,"Canterbury",1010,6.5,5.9,NA
"15205","20180524:0000",-43.63978,171.65205,"Methven",923,"Methven",100150,"Canterbury",1010,15.8,5.85,NA
"15206","20180525:0000",-43.63978,171.65205,"Methven",923,"Methven",100150,"Canterbury",1010,5,4.95,NA
"15207","20180526:0000",-43.63978,171.65205,"Methven",923,"Methven",100150,"Canterbury",1010,5,6.8,NA
"15208","20180527:0000",-43.63978,171.65205,"Methven",923,"Methven",100150,"Canterbury",1010,4,6.65,NA
"15209","20180528:0000",-43.63978,171.65205,"Methven",923,"Methven",100150,"Canterbury",1010,5,4.7,NA
"15210","20180529:0000",-43.63978,171.65205,"Methven",923,"Methven",100150,"Canterbury",1010,7.2,3.85,NA
"15211","20180530:0000",-43.63978,171.65205,"Methven",923,"Methven",100150,"Canterbury",1010,4,3.8,NA
"15212","20180531:0000",-43.63978,171.65205,"Methven",923,"Methven",100150,"Canterbury",1010,6.5,3.05,NA
"15213","20180601:0000",-43.63978,171.65205,"Methven",923,"Methven",100150,"Canterbury",1010,6.5,4.4,NA
"15214","20180602:0000",-43.63978,171.65205,"Methven",923,"Methven",100150,"Canterbury",1010,4.7,5.4,NA
"15215","20180603:0000",-43.63978,171.65205,"Methven",923,"Methven",100150,"Canterbury",1010,4,4.1,NA
"15216","20180604:0000",-43.63978,171.65205,"Methven",923,"Methven",100150,"Canterbury",1010,1.1,5.35,NA
"15217","20180605:0000",-43.63978,171.65205,"Methven",923,"Methven",100150,"Canterbury",1010,2.2,9.2,NA
"15218","20180606:0000",-43.63978,171.65205,"Methven",923,"Methven",100150,"Canterbury",1010,4,4.2,NA
"15219","20180607:0000",-43.63978,171.65205,"Methven",923,"Methven",100150,"Canterbury",1010,4.3,9.15,NA
"15220","20180608:0000",-43.63978,171.65205,"Methven",923,"Methven",100150,"Canterbury",1010,3.2,8.8,NA
"15221","20180609:0000",-43.63978,171.65205,"Methven",923,"Methven",100150,"Canterbury",1010,14.4,8.75,NA
"15222","20180610:0000",-43.63978,171.65205,"Methven",923,"Methven",100150,"Canterbury",1010,2.9,9.1,NA
"15223","20180611:0000",-43.63978,171.65205,"Methven",923,"Methven",100150,"Canterbury",1010,4,7,NA
"15224","20180612:0000",-43.63978,171.65205,"Methven",923,"Methven",100150,"Canterbury",1010,1.8,6.05,NA
"15225","20180613:0000",-43.63978,171.65205,"Methven",923,"Methven",100150,"Canterbury",1010,3.6,7.7,NA
"15226","20180614:0000",-43.63978,171.65205,"Methven",923,"Methven",100150,"Canterbury",1010,3.6,7.65,NA
"15227","20180615:0000",-43.63978,171.65205,"Methven",923,"Methven",100150,"Canterbury",1010,1.8,6.9,NA
"15228","20180616:0000",-43.63978,171.65205,"Methven",923,"Methven",100150,"Canterbury",1010,4.3,8.8,NA
"15229","20180617:0000",-43.63978,171.65205,"Methven",923,"Methven",100150,"Canterbury",1010,2.5,6.45,NA
"15230","20180618:0000",-43.63978,171.65205,"Methven",923,"Methven",100150,"Canterbury",1010,5,3.45,NA
"15231","20180619:0000",-43.63978,171.65205,"Methven",923,"Methven",100150,"Canterbury",1010,6.1,6.05,NA
"15232","20180620:0000",-43.63978,171.65205,"Methven",923,"Methven",100150,"Canterbury",1010,2.5,7.7,NA
"15233","20180621:0000",-43.63978,171.65205,"Methven",923,"Methven",100150,"Canterbury",1010,5.4,4.6,NA
"15234","20180622:0000",-43.63978,171.65205,"Methven",923,"Methven",100150,"Canterbury",1010,3.2,2.8,NA
"15235","20180623:0000",-43.63978,171.65205,"Methven",923,"Methven",100150,"Canterbury",1010,3.6,4.4,NA
"15236","20180624:0000",-43.63978,171.65205,"Methven",923,"Methven",100150,"Canterbury",1010,6.5,6.55,NA
"15237","20180625:0000",-43.63978,171.65205,"Methven",923,"Methven",100150,"Canterbury",1010,5.8,5.85,NA
"15238","20180626:0000",-43.63978,171.65205,"Methven",923,"Methven",100150,"Canterbury",1010,2.9,4.7,NA
"15239","20180627:0000",-43.63978,171.65205,"Methven",923,"Methven",100150,"Canterbury",1010,9.4,6.9,NA
"15240","20180628:0000",-43.63978,171.65205,"Methven",923,"Methven",100150,"Canterbury",1010,7.9,7.35,NA
"15241","20180629:0000",-43.63978,171.65205,"Methven",923,"Methven",100150,"Canterbury",1010,7.6,5.85,NA
"15242","20180630:0000",-43.63978,171.65205,"Methven",923,"Methven",100150,"Canterbury",1010,5.8,6.3,NA
"15243","20180701:0000",-43.63978,171.65205,"Methven",923,"Methven",100150,"Canterbury",1010,11.9,8.4,NA
"15244","20180702:0000",-43.63978,171.65205,"Methven",923,"Methven",100150,"Canterbury",1010,4.7,7.7,NA
"15245","20180703:0000",-43.63978,171.65205,"Methven",923,"Methven",100150,"Canterbury",1010,5.8,4.9,NA
"15246","20180704:0000",-43.63978,171.65205,"Methven",923,"Methven",100150,"Canterbury",1010,10.8,6.65,NA
"15247","20180705:0000",-43.63978,171.65205,"Methven",923,"Methven",100150,"Canterbury",1010,3.6,6.55,NA
"15248","20180706:0000",-43.63978,171.65205,"Methven",923,"Methven",100150,"Canterbury",1010,14,9.25,NA
"15249","20180707:0000",-43.63978,171.65205,"Methven",923,"Methven",100150,"Canterbury",1010,7.9,14.35,NA
"15250","20180708:0000",-43.63978,171.65205,"Methven",923,"Methven",100150,"Canterbury",1010,5.4,12.25,NA
"15251","20180709:0000",-43.63978,171.65205,"Methven",923,"Methven",100150,"Canterbury",1010,5.8,9.25,NA
"15252","20180710:0000",-43.63978,171.65205,"Methven",923,"Methven",100150,"Canterbury",1010,6.1,6.65,NA
"15253","20180711:0000",-43.63978,171.65205,"Methven",923,"Methven",100150,"Canterbury",1010,5,7.15,NA
"15254","20180712:0000",-43.63978,171.65205,"Methven",923,"Methven",100150,"Canterbury",1010,2.5,5.65,NA
"15255","20180713:0000",-43.63978,171.65205,"Methven",923,"Methven",100150,"Canterbury",1010,4,6.85,NA
"15256","20180714:0000",-43.63978,171.65205,"Methven",923,"Methven",100150,"Canterbury",1010,5.8,7.15,NA
"15257","20180715:0000",-43.63978,171.65205,"Methven",923,"Methven",100150,"Canterbury",1010,2.2,3.55,NA
"15258","20180716:0000",-43.63978,171.65205,"Methven",923,"Methven",100150,"Canterbury",1010,2.2,7.55,NA
"15259","20180717:0000",-43.63978,171.65205,"Methven",923,"Methven",100150,"Canterbury",1010,11.2,10.05,NA
"15260","20180718:0000",-43.63978,171.65205,"Methven",923,"Methven",100150,"Canterbury",1010,6.8,8.7,NA
"15261","20180719:0000",-43.63978,171.65205,"Methven",923,"Methven",100150,"Canterbury",1010,6.8,9.9,NA
"15262","20180720:0000",-43.63978,171.65205,"Methven",923,"Methven",100150,"Canterbury",1010,6.5,9.55,NA
"15263","20180721:0000",-43.63978,171.65205,"Methven",923,"Methven",100150,"Canterbury",1010,6.8,10.9,NA
"15264","20180722:0000",-43.63978,171.65205,"Methven",923,"Methven",100150,"Canterbury",1010,9.7,10.65,NA
"15265","20180723:0000",-43.63978,171.65205,"Methven",923,"Methven",100150,"Canterbury",1010,7.6,6.6,NA
"15266","20180724:0000",-43.63978,171.65205,"Methven",923,"Methven",100150,"Canterbury",1010,4,4.9,NA
"15267","20180725:0000",-43.63978,171.65205,"Methven",923,"Methven",100150,"Canterbury",1010,3.2,4.3,NA
"15268","20180726:0000",-43.63978,171.65205,"Methven",923,"Methven",100150,"Canterbury",1010,2.5,5.4,NA
"15269","20180727:0000",-43.63978,171.65205,"Methven",923,"Methven",100150,"Canterbury",1010,4.7,8,NA
"15270","20180728:0000",-43.63978,171.65205,"Methven",923,"Methven",100150,"Canterbury",1010,12.6,8.75,NA
"15271","20180729:0000",-43.63978,171.65205,"Methven",923,"Methven",100150,"Canterbury",1010,2.9,8.95,NA
"15272","20180730:0000",-43.63978,171.65205,"Methven",923,"Methven",100150,"Canterbury",1010,5.8,5.8,NA
"15273","20180731:0000",-43.63978,171.65205,"Methven",923,"Methven",100150,"Canterbury",1010,7.9,8.65,NA
"15274","20180801:0000",-43.63978,171.65205,"Methven",923,"Methven",100150,"Canterbury",1010,8.3,10.8,NA
"15275","20180802:0000",-43.63978,171.65205,"Methven",923,"Methven",100150,"Canterbury",1010,8.3,11.55,NA
"15276","20180803:0000",-43.63978,171.65205,"Methven",923,"Methven",100150,"Canterbury",1010,2.9,6.55,NA
"15277","20180804:0000",-43.63978,171.65205,"Methven",923,"Methven",100150,"Canterbury",1010,3.6,8.6,NA
"15278","20180805:0000",-43.63978,171.65205,"Methven",923,"Methven",100150,"Canterbury",1010,3.2,4.5,NA
"15279","20180806:0000",-43.63978,171.65205,"Methven",923,"Methven",100150,"Canterbury",1010,5,6.7,NA
"15280","20180807:0000",-43.63978,171.65205,"Methven",923,"Methven",100150,"Canterbury",1010,2.5,8.65,NA
"15281","20180808:0000",-43.63978,171.65205,"Methven",923,"Methven",100150,"Canterbury",1010,11.9,7.7,NA
"15282","20180809:0000",-43.63978,171.65205,"Methven",923,"Methven",100150,"Canterbury",1010,5.8,10.8,NA
"15283","20180810:0000",-43.63978,171.65205,"Methven",923,"Methven",100150,"Canterbury",1010,3.2,8.65,NA
"15284","20180811:0000",-43.63978,171.65205,"Methven",923,"Methven",100150,"Canterbury",1010,7.9,8.1,NA
"15285","20180812:0000",-43.63978,171.65205,"Methven",923,"Methven",100150,"Canterbury",1010,2.9,10.6,NA
"15286","20180813:0000",-43.63978,171.65205,"Methven",923,"Methven",100150,"Canterbury",1010,9.7,9.95,NA
"15287","20180814:0000",-43.63978,171.65205,"Methven",923,"Methven",100150,"Canterbury",1010,2.9,7.2,NA
"15288","20180815:0000",-43.63978,171.65205,"Methven",923,"Methven",100150,"Canterbury",1010,8.3,8.3,NA
"15289","20180816:0000",-43.63978,171.65205,"Methven",923,"Methven",100150,"Canterbury",1010,18.4,10.7,NA
"15290","20180817:0000",-43.63978,171.65205,"Methven",923,"Methven",100150,"Canterbury",1010,2.9,6.9,NA
"15291","20180818:0000",-43.63978,171.65205,"Methven",923,"Methven",100150,"Canterbury",1010,4.7,5.65,NA
"15292","20180819:0000",-43.63978,171.65205,"Methven",923,"Methven",100150,"Canterbury",1010,4.3,4.5,NA
"15293","20180820:0000",-43.63978,171.65205,"Methven",923,"Methven",100150,"Canterbury",1010,3.6,4.6,NA
"15294","20180821:0000",-43.63978,171.65205,"Methven",923,"Methven",100150,"Canterbury",1010,2.9,6,NA
"15295","20180822:0000",-43.63978,171.65205,"Methven",923,"Methven",100150,"Canterbury",1010,6.5,6.85,NA
"15296","20180823:0000",-43.63978,171.65205,"Methven",923,"Methven",100150,"Canterbury",1010,4.7,6.55,NA
"15297","20180824:0000",-43.63978,171.65205,"Methven",923,"Methven",100150,"Canterbury",1010,2.9,7.9,NA
"15298","20180825:0000",-43.63978,171.65205,"Methven",923,"Methven",100150,"Canterbury",1010,2.9,7.05,NA
"15299","20180826:0000",-43.63978,171.65205,"Methven",923,"Methven",100150,"Canterbury",1010,10.4,9.25,NA
"15300","20180827:0000",-43.63978,171.65205,"Methven",923,"Methven",100150,"Canterbury",1010,5,9.6,NA
"15301","20180828:0000",-43.63978,171.65205,"Methven",923,"Methven",100150,"Canterbury",1010,4.3,8.25,NA
"15302","20180829:0000",-43.63978,171.65205,"Methven",923,"Methven",100150,"Canterbury",1010,6.5,7.75,NA
"15303","20180830:0000",-43.63978,171.65205,"Methven",923,"Methven",100150,"Canterbury",1010,6.8,9.3,NA
"15304","20180831:0000",-43.63978,171.65205,"Methven",923,"Methven",100150,"Canterbury",1010,4,5.9,NA
"15305","20180901:0000",-43.63978,171.65205,"Methven",923,"Methven",100150,"Canterbury",1010,5,8.55,NA
"15306","20180902:0000",-43.63978,171.65205,"Methven",923,"Methven",100150,"Canterbury",1010,2.5,7.3,NA
"15307","20180903:0000",-43.63978,171.65205,"Methven",923,"Methven",100150,"Canterbury",1010,10.8,5.95,NA
"15308","20180904:0000",-43.63978,171.65205,"Methven",923,"Methven",100150,"Canterbury",1010,4.7,6.25,NA
"15309","20180905:0000",-43.63978,171.65205,"Methven",923,"Methven",100150,"Canterbury",1010,5,6.5,NA
"15310","20180906:0000",-43.63978,171.65205,"Methven",923,"Methven",100150,"Canterbury",1010,5,4.95,NA
"15311","20180907:0000",-43.63978,171.65205,"Methven",923,"Methven",100150,"Canterbury",1010,4,4.55,NA
"15312","20180908:0000",-43.63978,171.65205,"Methven",923,"Methven",100150,"Canterbury",1010,3.6,4.35,NA
"15313","20180909:0000",-43.63978,171.65205,"Methven",923,"Methven",100150,"Canterbury",1010,3.2,4.25,NA
"15314","20180910:0000",-43.63978,171.65205,"Methven",923,"Methven",100150,"Canterbury",1010,4.7,4.75,NA
"15315","20180911:0000",-43.63978,171.65205,"Methven",923,"Methven",100150,"Canterbury",1010,5.4,9.5,NA
"15316","20180912:0000",-43.63978,171.65205,"Methven",923,"Methven",100150,"Canterbury",1010,4.7,10.05,NA
"15317","20180913:0000",-43.63978,171.65205,"Methven",923,"Methven",100150,"Canterbury",1010,9,12.65,NA
"15318","20180914:0000",-43.63978,171.65205,"Methven",923,"Methven",100150,"Canterbury",1010,4.3,16.7,NA
"15319","20180915:0000",-43.63978,171.65205,"Methven",923,"Methven",100150,"Canterbury",1010,10.1,13.95,NA
"15320","20180916:0000",-43.63978,171.65205,"Methven",923,"Methven",100150,"Canterbury",1010,10.4,15.8,NA
"15321","20180917:0000",-43.63978,171.65205,"Methven",923,"Methven",100150,"Canterbury",1010,4.7,8.2,NA
"15322","20180918:0000",-43.63978,171.65205,"Methven",923,"Methven",100150,"Canterbury",1010,3.6,8.15,NA
"15323","20180919:0000",-43.63978,171.65205,"Methven",923,"Methven",100150,"Canterbury",1010,4.3,8.85,NA
"15324","20180920:0000",-43.63978,171.65205,"Methven",923,"Methven",100150,"Canterbury",1010,4.3,12.9,NA
"15325","20180921:0000",-43.63978,171.65205,"Methven",923,"Methven",100150,"Canterbury",1010,2.5,9.5,NA
"15326","20180922:0000",-43.63978,171.65205,"Methven",923,"Methven",100150,"Canterbury",1010,7.2,10.85,NA
"15327","20180923:0000",-43.63978,171.65205,"Methven",923,"Methven",100150,"Canterbury",1010,9.7,12.75,NA
"15328","20180924:0000",-43.63978,171.65205,"Methven",923,"Methven",100150,"Canterbury",1010,2.5,7.55,NA
"15329","20180925:0000",-43.63978,171.65205,"Methven",923,"Methven",100150,"Canterbury",1010,5.8,8.7,NA
"15330","20180926:0000",-43.63978,171.65205,"Methven",923,"Methven",100150,"Canterbury",1010,5,5.85,NA
"15331","20180927:0000",-43.63978,171.65205,"Methven",923,"Methven",100150,"Canterbury",1010,5,7.6,NA
"15332","20180928:0000",-43.63978,171.65205,"Methven",923,"Methven",100150,"Canterbury",1010,2.2,7.5,NA
"15333","20180929:0000",-43.63978,171.65205,"Methven",923,"Methven",100150,"Canterbury",1010,15.8,12.75,NA
"15334","20180930:0000",-43.63978,171.65205,"Methven",923,"Methven",100150,"Canterbury",1010,4.7,11.55,NA
"15335","20181001:0000",-43.63978,171.65205,"Methven",923,"Methven",100150,"Canterbury",1010,5,10.2,NA
"15336","20181002:0000",-43.63978,171.65205,"Methven",923,"Methven",100150,"Canterbury",1010,7.2,11.2,NA
"15337","20181003:0000",-43.63978,171.65205,"Methven",923,"Methven",100150,"Canterbury",1010,2.2,10.45,NA
"15338","20181004:0000",-43.63978,171.65205,"Methven",923,"Methven",100150,"Canterbury",1010,13.7,12.4,NA
"15339","20181005:0000",-43.63978,171.65205,"Methven",923,"Methven",100150,"Canterbury",1010,2.2,8.85,NA
"15340","20181006:0000",-43.63978,171.65205,"Methven",923,"Methven",100150,"Canterbury",1010,2.9,8.3,NA
"15341","20181007:0000",-43.63978,171.65205,"Methven",923,"Methven",100150,"Canterbury",1010,2.9,11.7,NA
"15342","20181008:0000",-43.63978,171.65205,"Methven",923,"Methven",100150,"Canterbury",1010,3.2,10.6,NA
"15343","20181009:0000",-43.63978,171.65205,"Methven",923,"Methven",100150,"Canterbury",1010,7.2,10.5,NA
"15344","20181010:0000",-43.63978,171.65205,"Methven",923,"Methven",100150,"Canterbury",1010,22.3,13.75,NA
"15345","20181011:0000",-43.63978,171.65205,"Methven",923,"Methven",100150,"Canterbury",1010,5,7.8,NA
"15346","20181012:0000",-43.63978,171.65205,"Methven",923,"Methven",100150,"Canterbury",1010,11.9,4.35,NA
"15347","20181013:0000",-43.63978,171.65205,"Methven",923,"Methven",100150,"Canterbury",1010,6.5,6.75,NA
"15348","20181014:0000",-43.63978,171.65205,"Methven",923,"Methven",100150,"Canterbury",1010,3.6,8.25,NA
"15349","20181015:0000",-43.63978,171.65205,"Methven",923,"Methven",100150,"Canterbury",1010,2.2,5.7,NA
"15350","20181016:0000",-43.63978,171.65205,"Methven",923,"Methven",100150,"Canterbury",1010,2.2,10.05,NA
"15351","20181017:0000",-43.63978,171.65205,"Methven",923,"Methven",100150,"Canterbury",1010,10.8,13.65,NA
"15352","20181018:0000",-43.63978,171.65205,"Methven",923,"Methven",100150,"Canterbury",1010,3.6,13.15,NA
"15353","20181019:0000",-43.63978,171.65205,"Methven",923,"Methven",100150,"Canterbury",1010,4,14,NA
"15354","20181020:0000",-43.63978,171.65205,"Methven",923,"Methven",100150,"Canterbury",1010,4.7,18.2,NA
"15355","20181021:0000",-43.63978,171.65205,"Methven",923,"Methven",100150,"Canterbury",1010,5.8,17.2,NA
"15356","20181022:0000",-43.63978,171.65205,"Methven",923,"Methven",100150,"Canterbury",1010,3.6,15.55,NA
"15357","20181023:0000",-43.63978,171.65205,"Methven",923,"Methven",100150,"Canterbury",1010,7.6,16.75,NA
"15358","20181024:0000",-43.63978,171.65205,"Methven",923,"Methven",100150,"Canterbury",1010,5,19.55,NA
"15359","20181025:0000",-43.63978,171.65205,"Methven",923,"Methven",100150,"Canterbury",1010,7.9,9.2,NA
"15360","20181026:0000",-43.63978,171.65205,"Methven",923,"Methven",100150,"Canterbury",1010,2.9,8.3,NA
"15361","20181027:0000",-43.63978,171.65205,"Methven",923,"Methven",100150,"Canterbury",1010,2.5,11.8,NA
"15362","20181028:0000",-43.63978,171.65205,"Methven",923,"Methven",100150,"Canterbury",1010,3.6,10.8,NA
"15363","20181029:0000",-43.63978,171.65205,"Methven",923,"Methven",100150,"Canterbury",1010,4,9.3,NA
"15364","20181030:0000",-43.63978,171.65205,"Methven",923,"Methven",100150,"Canterbury",1010,6.5,8.75,NA
"15365","20181031:0000",-43.63978,171.65205,"Methven",923,"Methven",100150,"Canterbury",1010,4.7,10.95,NA
"15366","20181101:0000",-43.63978,171.65205,"Methven",923,"Methven",100150,"Canterbury",1010,3.2,9.55,NA
"15367","20181102:0000",-43.63978,171.65205,"Methven",923,"Methven",100150,"Canterbury",1010,5,10.65,NA
"15368","20181103:0000",-43.63978,171.65205,"Methven",923,"Methven",100150,"Canterbury",1010,13.7,19.2,NA
"15369","20181104:0000",-43.63978,171.65205,"Methven",923,"Methven",100150,"Canterbury",1010,15.1,13.25,NA
"15370","20181105:0000",-43.63978,171.65205,"Methven",923,"Methven",100150,"Canterbury",1010,16.6,13.95,NA
"15371","20181106:0000",-43.63978,171.65205,"Methven",923,"Methven",100150,"Canterbury",1010,4.3,14.95,NA
"15372","20181107:0000",-43.63978,171.65205,"Methven",923,"Methven",100150,"Canterbury",1010,7.2,17.55,NA
"15373","20181108:0000",-43.63978,171.65205,"Methven",923,"Methven",100150,"Canterbury",1010,6.1,18.45,NA
"15374","20181109:0000",-43.63978,171.65205,"Methven",923,"Methven",100150,"Canterbury",1010,4.7,5.2,NA
"15375","20181110:0000",-43.63978,171.65205,"Methven",923,"Methven",100150,"Canterbury",1010,5.8,7.6,NA
"15376","20181111:0000",-43.63978,171.65205,"Methven",923,"Methven",100150,"Canterbury",1010,5,11.15,NA
"15377","20181112:0000",-43.63978,171.65205,"Methven",923,"Methven",100150,"Canterbury",1010,4.3,13.7,NA
"15378","20181113:0000",-43.63978,171.65205,"Methven",923,"Methven",100150,"Canterbury",1010,4,13.05,NA
"15379","20181114:0000",-43.63978,171.65205,"Methven",923,"Methven",100150,"Canterbury",1010,4,12.9,NA
"15380","20181115:0000",-43.63978,171.65205,"Methven",923,"Methven",100150,"Canterbury",1010,2.9,17.55,NA
"15381","20181116:0000",-43.63978,171.65205,"Methven",923,"Methven",100150,"Canterbury",1010,15.8,17.45,NA
"15382","20181117:0000",-43.63978,171.65205,"Methven",923,"Methven",100150,"Canterbury",1010,5.8,14,NA
"15383","20181118:0000",-43.63978,171.65205,"Methven",923,"Methven",100150,"Canterbury",1010,4.7,14,NA
"15384","20181119:0000",-43.63978,171.65205,"Methven",923,"Methven",100150,"Canterbury",1010,10.4,4.9,NA
"15385","20181120:0000",-43.63978,171.65205,"Methven",923,"Methven",100150,"Canterbury",1010,6.5,6.15,NA
"15386","20181121:0000",-43.63978,171.65205,"Methven",923,"Methven",100150,"Canterbury",1010,4,7.8,NA
"15387","20181122:0000",-43.63978,171.65205,"Methven",923,"Methven",100150,"Canterbury",1010,4,11.9,NA
"15388","20181123:0000",-43.63978,171.65205,"Methven",923,"Methven",100150,"Canterbury",1010,2.9,10.75,NA
"15389","20181124:0000",-43.63978,171.65205,"Methven",923,"Methven",100150,"Canterbury",1010,2.9,13.75,NA
"15390","20181125:0000",-43.63978,171.65205,"Methven",923,"Methven",100150,"Canterbury",1010,15.1,13.65,NA
"15391","20181126:0000",-43.63978,171.65205,"Methven",923,"Methven",100150,"Canterbury",1010,7.9,12.05,NA
"15392","20181127:0000",-43.63978,171.65205,"Methven",923,"Methven",100150,"Canterbury",1010,5,12.2,NA
"15393","20181128:0000",-43.63978,171.65205,"Methven",923,"Methven",100150,"Canterbury",1010,4.3,11.95,NA
"15394","20181129:0000",-43.63978,171.65205,"Methven",923,"Methven",100150,"Canterbury",1010,5.8,13.45,NA
"15395","20181130:0000",-43.63978,171.65205,"Methven",923,"Methven",100150,"Canterbury",1010,3.6,12.15,NA
"15396","20181201:0000",-43.63978,171.65205,"Methven",923,"Methven",100150,"Canterbury",1010,4,15.85,NA
"15397","20181202:0000",-43.63978,171.65205,"Methven",923,"Methven",100150,"Canterbury",1010,2.5,15.85,NA
"15398","20181203:0000",-43.63978,171.65205,"Methven",923,"Methven",100150,"Canterbury",1010,4.7,16.8,NA
"15399","20181204:0000",-43.63978,171.65205,"Methven",923,"Methven",100150,"Canterbury",1010,8.6,17.9,NA
"15400","20181205:0000",-43.63978,171.65205,"Methven",923,"Methven",100150,"Canterbury",1010,4,13.95,NA
"15401","20181206:0000",-43.63978,171.65205,"Methven",923,"Methven",100150,"Canterbury",1010,3.2,11.4,NA
"15402","20181207:0000",-43.63978,171.65205,"Methven",923,"Methven",100150,"Canterbury",1010,8.3,14.1,NA
"15403","20181208:0000",-43.63978,171.65205,"Methven",923,"Methven",100150,"Canterbury",1010,3.6,16.5,NA
"15404","20181209:0000",-43.63978,171.65205,"Methven",923,"Methven",100150,"Canterbury",1010,3.2,19.35,NA
"15405","20181210:0000",-43.63978,171.65205,"Methven",923,"Methven",100150,"Canterbury",1010,5.8,11.7,NA
"15406","20181211:0000",-43.63978,171.65205,"Methven",923,"Methven",100150,"Canterbury",1010,2.9,12.05,NA
"15407","20181212:0000",-43.63978,171.65205,"Methven",923,"Methven",100150,"Canterbury",1010,3.6,14,NA
"15408","20181213:0000",-43.63978,171.65205,"Methven",923,"Methven",100150,"Canterbury",1010,2.9,14.2,NA
"15409","20181214:0000",-43.63978,171.65205,"Methven",923,"Methven",100150,"Canterbury",1010,2.2,16.8,NA
"15410","20181215:0000",-43.63978,171.65205,"Methven",923,"Methven",100150,"Canterbury",1010,4,15,NA
"15411","20181216:0000",-43.63978,171.65205,"Methven",923,"Methven",100150,"Canterbury",1010,2.5,15.1,NA
"15412","20181217:0000",-43.63978,171.65205,"Methven",923,"Methven",100150,"Canterbury",1010,2.9,20.3,NA
"15413","20181218:0000",-43.63978,171.65205,"Methven",923,"Methven",100150,"Canterbury",1010,3.6,19.4,NA
"15414","20181219:0000",-43.63978,171.65205,"Methven",923,"Methven",100150,"Canterbury",1010,6.5,11.9,NA
"15415","20181220:0000",-43.63978,171.65205,"Methven",923,"Methven",100150,"Canterbury",1010,2.2,10.4,NA
"15416","20181221:0000",-43.63978,171.65205,"Methven",923,"Methven",100150,"Canterbury",1010,2.5,12,NA
"15417","20181222:0000",-43.63978,171.65205,"Methven",923,"Methven",100150,"Canterbury",1010,3.6,12.9,NA
"15418","20181223:0000",-43.63978,171.65205,"Methven",923,"Methven",100150,"Canterbury",1010,3.6,11.3,NA
"15419","20181224:0000",-43.63978,171.65205,"Methven",923,"Methven",100150,"Canterbury",1010,9,12.95,NA
"15420","20181225:0000",-43.63978,171.65205,"Methven",923,"Methven",100150,"Canterbury",1010,4,16.85,NA
"15421","20181226:0000",-43.63978,171.65205,"Methven",923,"Methven",100150,"Canterbury",1010,6.1,13,NA
"15422","20181227:0000",-43.63978,171.65205,"Methven",923,"Methven",100150,"Canterbury",1010,4.3,14.15,NA
"15423","20181228:0000",-43.63978,171.65205,"Methven",923,"Methven",100150,"Canterbury",1010,3.6,15.7,NA
"15424","20181229:0000",-43.63978,171.65205,"Methven",923,"Methven",100150,"Canterbury",1010,8.6,19.9,NA
"15425","20181230:0000",-43.63978,171.65205,"Methven",923,"Methven",100150,"Canterbury",1010,14.8,21.85,NA
"15426","20181231:0000",-43.63978,171.65205,"Methven",923,"Methven",100150,"Canterbury",1010,4.3,18.7,NA
"15427","20190101:0000",-43.63978,171.65205,"Methven",923,"Methven",100150,"Canterbury",1010,3.6,18.9,NA
"15428","20190102:0000",-43.63978,171.65205,"Methven",923,"Methven",100150,"Canterbury",1010,19.8,20.75,NA
"15429","20190103:0000",-43.63978,171.65205,"Methven",923,"Methven",100150,"Canterbury",1010,11.5,19,NA
"15430","20190104:0000",-43.63978,171.65205,"Methven",923,"Methven",100150,"Canterbury",1010,6.1,16,NA
"15431","20190105:0000",-43.63978,171.65205,"Methven",923,"Methven",100150,"Canterbury",1010,3.6,19.9,NA
"15432","20190106:0000",-43.63978,171.65205,"Methven",923,"Methven",100150,"Canterbury",1010,5.8,13.7,NA
"15433","20190107:0000",-43.63978,171.65205,"Methven",923,"Methven",100150,"Canterbury",1010,5,15.9,NA
"15434","20190108:0000",-43.63978,171.65205,"Methven",923,"Methven",100150,"Canterbury",1010,5,16.95,NA
"15435","20190109:0000",-43.63978,171.65205,"Methven",923,"Methven",100150,"Canterbury",1010,2.9,19.75,NA
"15436","20190110:0000",-43.63978,171.65205,"Methven",923,"Methven",100150,"Canterbury",1010,7.9,19,NA
"15437","20190111:0000",-43.63978,171.65205,"Methven",923,"Methven",100150,"Canterbury",1010,4.3,12.3,NA
"15438","20190112:0000",-43.63978,171.65205,"Methven",923,"Methven",100150,"Canterbury",1010,4.3,15,NA
"15439","20190113:0000",-43.63978,171.65205,"Methven",923,"Methven",100150,"Canterbury",1010,7.9,15.45,NA
"15440","20190114:0000",-43.63978,171.65205,"Methven",923,"Methven",100150,"Canterbury",1010,7.9,13.1,NA
"15441","20190115:0000",-43.63978,171.65205,"Methven",923,"Methven",100150,"Canterbury",1010,2.9,13.95,NA
"15442","20190116:0000",-43.63978,171.65205,"Methven",923,"Methven",100150,"Canterbury",1010,3.6,15.5,NA
"15443","20190117:0000",-43.63978,171.65205,"Methven",923,"Methven",100150,"Canterbury",1010,2.9,17.8,NA
"15444","20190118:0000",-43.63978,171.65205,"Methven",923,"Methven",100150,"Canterbury",1010,3.2,17.85,NA
"15445","20190119:0000",-43.63978,171.65205,"Methven",923,"Methven",100150,"Canterbury",1010,7.6,21.55,NA
"15446","20190120:0000",-43.63978,171.65205,"Methven",923,"Methven",100150,"Canterbury",1010,6.5,17.3,NA
"15447","20190121:0000",-43.63978,171.65205,"Methven",923,"Methven",100150,"Canterbury",1010,3.2,17.85,NA
"15448","20190122:0000",-43.63978,171.65205,"Methven",923,"Methven",100150,"Canterbury",1010,11.2,18.05,NA
"15449","20190123:0000",-43.63978,171.65205,"Methven",923,"Methven",100150,"Canterbury",1010,12.2,24.05,NA
"15450","20190124:0000",-43.63978,171.65205,"Methven",923,"Methven",100150,"Canterbury",1010,3.6,11.45,NA
"15451","20190125:0000",-43.63978,171.65205,"Methven",923,"Methven",100150,"Canterbury",1010,4.3,14.55,NA
"15452","20190126:0000",-43.63978,171.65205,"Methven",923,"Methven",100150,"Canterbury",1010,3.2,20.45,NA
"15453","20190127:0000",-43.63978,171.65205,"Methven",923,"Methven",100150,"Canterbury",1010,7.6,20.45,NA
"15454","20190128:0000",-43.63978,171.65205,"Methven",923,"Methven",100150,"Canterbury",1010,8.6,21.15,NA
"15455","20190129:0000",-43.63978,171.65205,"Methven",923,"Methven",100150,"Canterbury",1010,4,20.6,NA
"15456","20190130:0000",-43.63978,171.65205,"Methven",923,"Methven",100150,"Canterbury",1010,4.3,23.3,NA
"15457","20190131:0000",-43.63978,171.65205,"Methven",923,"Methven",100150,"Canterbury",1010,3.2,24.35,NA
"15458","20190201:0000",-43.63978,171.65205,"Methven",923,"Methven",100150,"Canterbury",1010,18.4,25.5,NA
"15459","20190202:0000",-43.63978,171.65205,"Methven",923,"Methven",100150,"Canterbury",1010,5,13.75,NA
"15460","20190203:0000",-43.63978,171.65205,"Methven",923,"Methven",100150,"Canterbury",1010,3.6,16.4,NA
"15461","20190204:0000",-43.63978,171.65205,"Methven",923,"Methven",100150,"Canterbury",1010,14,20.35,NA
"15462","20190205:0000",-43.63978,171.65205,"Methven",923,"Methven",100150,"Canterbury",1010,16.2,17.9,NA
"15463","20190206:0000",-43.63978,171.65205,"Methven",923,"Methven",100150,"Canterbury",1010,2.9,10.6,NA
"15464","20190207:0000",-43.63978,171.65205,"Methven",923,"Methven",100150,"Canterbury",1010,2.9,11.35,NA
"15465","20190208:0000",-43.63978,171.65205,"Methven",923,"Methven",100150,"Canterbury",1010,3.6,15.05,NA
"15466","20190209:0000",-43.63978,171.65205,"Methven",923,"Methven",100150,"Canterbury",1010,6.8,21.2,NA
"15467","20190210:0000",-43.63978,171.65205,"Methven",923,"Methven",100150,"Canterbury",1010,10.8,23.05,NA
"15468","20190211:0000",-43.63978,171.65205,"Methven",923,"Methven",100150,"Canterbury",1010,12.6,22.6,NA
"15469","20190212:0000",-43.63978,171.65205,"Methven",923,"Methven",100150,"Canterbury",1010,6.5,22.35,NA
"15470","20190213:0000",-43.63978,171.65205,"Methven",923,"Methven",100150,"Canterbury",1010,1.4,18.8,NA
"15471","20190214:0000",-43.63978,171.65205,"Methven",923,"Methven",100150,"Canterbury",1010,9.4,19,NA
"15472","20190215:0000",-43.63978,171.65205,"Methven",923,"Methven",100150,"Canterbury",1010,1.4,17.2,NA
"15473","20190216:0000",-43.63978,171.65205,"Methven",923,"Methven",100150,"Canterbury",1010,5,12.15,NA
"15474","20190217:0000",-43.63978,171.65205,"Methven",923,"Methven",100150,"Canterbury",1010,1.8,13.7,NA
"15475","20190218:0000",-43.63978,171.65205,"Methven",923,"Methven",100150,"Canterbury",1010,2.2,18,NA
"15476","20190219:0000",-43.63978,171.65205,"Methven",923,"Methven",100150,"Canterbury",1010,14,21.55,NA
"15477","20190220:0000",-43.63978,171.65205,"Methven",923,"Methven",100150,"Canterbury",1010,7.6,20.8,NA
"15478","20190221:0000",-43.63978,171.65205,"Methven",923,"Methven",100150,"Canterbury",1010,3.2,20.15,NA
"15479","20190222:0000",-43.63978,171.65205,"Methven",923,"Methven",100150,"Canterbury",1010,4.3,19,NA
"15480","20190223:0000",-43.63978,171.65205,"Methven",923,"Methven",100150,"Canterbury",1010,5,11.65,NA
"15481","20190224:0000",-43.63978,171.65205,"Methven",923,"Methven",100150,"Canterbury",1010,5,9.9,NA
"15482","20190225:0000",-43.63978,171.65205,"Methven",923,"Methven",100150,"Canterbury",1010,4,11.65,NA
"15483","20190226:0000",-43.63978,171.65205,"Methven",923,"Methven",100150,"Canterbury",1010,10.8,15.55,NA
"15484","20190227:0000",-43.63978,171.65205,"Methven",923,"Methven",100150,"Canterbury",1010,20.2,19.1,NA
"15485","20190228:0000",-43.63978,171.65205,"Methven",923,"Methven",100150,"Canterbury",1010,2.9,8.75,NA
"15486","20190301:0000",-43.63978,171.65205,"Methven",923,"Methven",100150,"Canterbury",1010,10.4,12.5,NA
"15487","20190302:0000",-43.63978,171.65205,"Methven",923,"Methven",100150,"Canterbury",1010,2.2,13.2,NA
"15488","20190303:0000",-43.63978,171.65205,"Methven",923,"Methven",100150,"Canterbury",1010,2.9,17.45,NA
"15489","20190304:0000",-43.63978,171.65205,"Methven",923,"Methven",100150,"Canterbury",1010,3.2,18.4,NA
"15490","20190305:0000",-43.63978,171.65205,"Methven",923,"Methven",100150,"Canterbury",1010,13.7,22.55,NA
"15491","20190306:0000",-43.63978,171.65205,"Methven",923,"Methven",100150,"Canterbury",1010,4.3,21.8,NA
"15492","20190307:0000",-43.63978,171.65205,"Methven",923,"Methven",100150,"Canterbury",1010,8.3,20.15,NA
"15493","20190308:0000",-43.63978,171.65205,"Methven",923,"Methven",100150,"Canterbury",1010,6.5,11.6,NA
"15494","20190309:0000",-43.63978,171.65205,"Methven",923,"Methven",100150,"Canterbury",1010,2.2,12.65,NA
"15495","20190310:0000",-43.63978,171.65205,"Methven",923,"Methven",100150,"Canterbury",1010,2.2,13.1,NA
"15496","20190311:0000",-43.63978,171.65205,"Methven",923,"Methven",100150,"Canterbury",1010,2.9,14.95,NA
"15497","20190312:0000",-43.63978,171.65205,"Methven",923,"Methven",100150,"Canterbury",1010,4.3,19.5,NA
"15498","20190313:0000",-43.63978,171.65205,"Methven",923,"Methven",100150,"Canterbury",1010,2.5,19.35,NA
"15499","20190314:0000",-43.63978,171.65205,"Methven",923,"Methven",100150,"Canterbury",1010,1.8,11.85,NA
"15500","20190315:0000",-43.63978,171.65205,"Methven",923,"Methven",100150,"Canterbury",1010,2.9,15.2,NA
"15501","20190316:0000",-43.63978,171.65205,"Methven",923,"Methven",100150,"Canterbury",1010,13.3,14.5,NA
"15502","20190317:0000",-43.63978,171.65205,"Methven",923,"Methven",100150,"Canterbury",1010,2.9,14.75,NA
"15503","20190318:0000",-43.63978,171.65205,"Methven",923,"Methven",100150,"Canterbury",1010,2.5,16.55,NA
"15504","20190319:0000",-43.63978,171.65205,"Methven",923,"Methven",100150,"Canterbury",1010,1.4,16.4,NA
"15505","20190320:0000",-43.63978,171.65205,"Methven",923,"Methven",100150,"Canterbury",1010,1.4,14.8,NA
"15506","20190321:0000",-43.63978,171.65205,"Methven",923,"Methven",100150,"Canterbury",1010,2.5,16.8,NA
"15507","20190322:0000",-43.63978,171.65205,"Methven",923,"Methven",100150,"Canterbury",1010,2.2,17.35,NA
"15508","20190323:0000",-43.63978,171.65205,"Methven",923,"Methven",100150,"Canterbury",1010,3.6,15,NA
"15509","20190324:0000",-43.63978,171.65205,"Methven",923,"Methven",100150,"Canterbury",1010,2.2,19.2,NA
"15510","20190325:0000",-43.63978,171.65205,"Methven",923,"Methven",100150,"Canterbury",1010,15.1,18,NA
"15511","20190326:0000",-43.63978,171.65205,"Methven",923,"Methven",100150,"Canterbury",1010,8.3,23.6,NA
"15512","20190327:0000",-43.63978,171.65205,"Methven",923,"Methven",100150,"Canterbury",1010,20.9,19.5,NA
"15513","20190328:0000",-43.63978,171.65205,"Methven",923,"Methven",100150,"Canterbury",1010,2.2,13.35,NA
"15514","20190329:0000",-43.63978,171.65205,"Methven",923,"Methven",100150,"Canterbury",1010,2.9,11.9,NA
"15515","20190330:0000",-43.63978,171.65205,"Methven",923,"Methven",100150,"Canterbury",1010,4,14.15,NA
"15516","20190331:0000",-43.63978,171.65205,"Methven",923,"Methven",100150,"Canterbury",1010,4.3,17.6,NA
"15517","20190401:0000",-43.63978,171.65205,"Methven",923,"Methven",100150,"Canterbury",1010,13.7,18.1,NA
"15518","20190402:0000",-43.63978,171.65205,"Methven",923,"Methven",100150,"Canterbury",1010,3.6,9.4,NA
"15519","20190403:0000",-43.63978,171.65205,"Methven",923,"Methven",100150,"Canterbury",1010,4.3,9.8,NA
"15520","20190404:0000",-43.63978,171.65205,"Methven",923,"Methven",100150,"Canterbury",1010,2.9,10.5,NA
"15521","20190405:0000",-43.63978,171.65205,"Methven",923,"Methven",100150,"Canterbury",1010,4.7,7.65,NA
"15522","20190406:0000",-43.63978,171.65205,"Methven",923,"Methven",100150,"Canterbury",1010,3.2,7.95,NA
"15523","20190407:0000",-43.63978,171.65205,"Methven",923,"Methven",100150,"Canterbury",1010,4.3,7.75,NA
"15524","20190408:0000",-43.63978,171.65205,"Methven",923,"Methven",100150,"Canterbury",1010,5.8,10.8,NA
"15525","20190409:0000",-43.63978,171.65205,"Methven",923,"Methven",100150,"Canterbury",1010,2.5,13.2,NA
"15526","20190410:0000",-43.63978,171.65205,"Methven",923,"Methven",100150,"Canterbury",1010,6.5,16.75,NA
"15527","20190411:0000",-43.63978,171.65205,"Methven",923,"Methven",100150,"Canterbury",1010,2.9,10.1,NA
"15528","20190412:0000",-43.63978,171.65205,"Methven",923,"Methven",100150,"Canterbury",1010,7.9,8.9,NA
"15529","20190413:0000",-43.63978,171.65205,"Methven",923,"Methven",100150,"Canterbury",1010,6.1,7.85,NA
"15530","20190414:0000",-43.63978,171.65205,"Methven",923,"Methven",100150,"Canterbury",1010,9.7,8.55,NA
"15531","20190415:0000",-43.63978,171.65205,"Methven",923,"Methven",100150,"Canterbury",1010,3.6,10.5,NA
"15532","20190416:0000",-43.63978,171.65205,"Methven",923,"Methven",100150,"Canterbury",1010,2.2,10.3,NA
"15533","20190417:0000",-43.63978,171.65205,"Methven",923,"Methven",100150,"Canterbury",1010,4.3,9.45,NA
"15534","20190418:0000",-43.63978,171.65205,"Methven",923,"Methven",100150,"Canterbury",1010,1.4,7.35,NA
"15535","20190419:0000",-43.63978,171.65205,"Methven",923,"Methven",100150,"Canterbury",1010,2.2,10.95,NA
"15536","20190420:0000",-43.63978,171.65205,"Methven",923,"Methven",100150,"Canterbury",1010,4,13.15,NA
"15537","20190421:0000",-43.63978,171.65205,"Methven",923,"Methven",100150,"Canterbury",1010,4.3,9.6,NA
"15538","20190422:0000",-43.63978,171.65205,"Methven",923,"Methven",100150,"Canterbury",1010,2.5,10.8,NA
"15539","20190423:0000",-43.63978,171.65205,"Methven",923,"Methven",100150,"Canterbury",1010,2.9,12.75,NA
"15540","20190424:0000",-43.63978,171.65205,"Methven",923,"Methven",100150,"Canterbury",1010,3.6,9.5,NA
"15541","20190425:0000",-43.63978,171.65205,"Methven",923,"Methven",100150,"Canterbury",1010,1.8,14.05,NA
"15542","20190426:0000",-43.63978,171.65205,"Methven",923,"Methven",100150,"Canterbury",1010,4.3,14.85,NA
"15543","20190427:0000",-43.63978,171.65205,"Methven",923,"Methven",100150,"Canterbury",1010,11.5,13.75,NA
"15544","20190428:0000",-43.63978,171.65205,"Methven",923,"Methven",100150,"Canterbury",1010,12.2,9.75,NA
"15545","20190429:0000",-43.63978,171.65205,"Methven",923,"Methven",100150,"Canterbury",1010,4.7,9.05,NA
"15546","20190430:0000",-43.63978,171.65205,"Methven",923,"Methven",100150,"Canterbury",1010,4.7,7.95,NA
"15547","20190501:0000",-43.63978,171.65205,"Methven",923,"Methven",100150,"Canterbury",1010,7.6,10.6,NA
"15548","20190502:0000",-43.63978,171.65205,"Methven",923,"Methven",100150,"Canterbury",1010,6.8,13.9,NA
"15549","20190503:0000",-43.63978,171.65205,"Methven",923,"Methven",100150,"Canterbury",1010,7.6,12.75,NA
"15550","20190504:0000",-43.63978,171.65205,"Methven",923,"Methven",100150,"Canterbury",1010,11.5,14,NA
"15551","20190505:0000",-43.63978,171.65205,"Methven",923,"Methven",100150,"Canterbury",1010,3.6,13.85,NA
"15552","20190506:0000",-43.63978,171.65205,"Methven",923,"Methven",100150,"Canterbury",1010,2.2,9.35,NA
"15553","20190507:0000",-43.63978,171.65205,"Methven",923,"Methven",100150,"Canterbury",1010,2.2,11,NA
"15554","20190508:0000",-43.63978,171.65205,"Methven",923,"Methven",100150,"Canterbury",1010,3.6,12.1,NA
"15555","20190509:0000",-43.63978,171.65205,"Methven",923,"Methven",100150,"Canterbury",1010,6.1,13.25,NA
"15556","20190510:0000",-43.63978,171.65205,"Methven",923,"Methven",100150,"Canterbury",1010,6.8,15.7,NA
"15557","20190511:0000",-43.63978,171.65205,"Methven",923,"Methven",100150,"Canterbury",1010,4.7,10.95,NA
"15558","20190512:0000",-43.63978,171.65205,"Methven",923,"Methven",100150,"Canterbury",1010,20.2,12.15,NA
"15559","20190513:0000",-43.63978,171.65205,"Methven",923,"Methven",100150,"Canterbury",1010,4.3,10,NA
"15560","20190514:0000",-43.63978,171.65205,"Methven",923,"Methven",100150,"Canterbury",1010,10.1,8.3,NA
"15561","20190515:0000",-43.63978,171.65205,"Methven",923,"Methven",100150,"Canterbury",1010,4,11.5,NA
"15562","20190516:0000",-43.63978,171.65205,"Methven",923,"Methven",100150,"Canterbury",1010,3.6,10.25,NA
"15563","20190517:0000",-43.63978,171.65205,"Methven",923,"Methven",100150,"Canterbury",1010,7.2,6.4,NA
"15564","20190518:0000",-43.63978,171.65205,"Methven",923,"Methven",100150,"Canterbury",1010,14,7.85,NA
"15565","20190519:0000",-43.63978,171.65205,"Methven",923,"Methven",100150,"Canterbury",1010,2.5,8.55,NA
"15566","20190520:0000",-43.63978,171.65205,"Methven",923,"Methven",100150,"Canterbury",1010,3.2,9.4,NA
"15567","20190521:0000",-43.63978,171.65205,"Methven",923,"Methven",100150,"Canterbury",1010,4.7,8.7,NA
"15568","20190522:0000",-43.63978,171.65205,"Methven",923,"Methven",100150,"Canterbury",1010,3.2,9,NA
"15569","20190523:0000",-43.63978,171.65205,"Methven",923,"Methven",100150,"Canterbury",1010,4.7,9.85,NA
"15570","20190524:0000",-43.63978,171.65205,"Methven",923,"Methven",100150,"Canterbury",1010,4,10.6,NA
"15571","20190525:0000",-43.63978,171.65205,"Methven",923,"Methven",100150,"Canterbury",1010,8.6,10.55,NA
"15572","20190526:0000",-43.63978,171.65205,"Methven",923,"Methven",100150,"Canterbury",1010,22.7,14.9,NA
"15573","20190527:0000",-43.63978,171.65205,"Methven",923,"Methven",100150,"Canterbury",1010,11.2,15.5,NA
"15574","20190528:0000",-43.63978,171.65205,"Methven",923,"Methven",100150,"Canterbury",1010,6.1,12.75,NA
"15575","20190529:0000",-43.63978,171.65205,"Methven",923,"Methven",100150,"Canterbury",1010,13,12.45,NA
"15576","20190530:0000",-43.63978,171.65205,"Methven",923,"Methven",100150,"Canterbury",1010,17.3,12.35,NA
"15577","20190531:0000",-43.63978,171.65205,"Methven",923,"Methven",100150,"Canterbury",1010,3.2,7.2,NA
"15578","20190601:0000",-43.63978,171.65205,"Methven",923,"Methven",100150,"Canterbury",1010,9.4,3.15,NA
"15579","20190602:0000",-43.63978,171.65205,"Methven",923,"Methven",100150,"Canterbury",1010,3.6,4.5,NA
"15580","20190603:0000",-43.63978,171.65205,"Methven",923,"Methven",100150,"Canterbury",1010,7.2,5.75,NA
"15581","20190604:0000",-43.63978,171.65205,"Methven",923,"Methven",100150,"Canterbury",1010,2.9,4.7,NA
"15582","20190605:0000",-43.63978,171.65205,"Methven",923,"Methven",100150,"Canterbury",1010,5,4.2,NA
"15583","20190606:0000",-43.63978,171.65205,"Methven",923,"Methven",100150,"Canterbury",1010,13,6.45,NA
"15584","20190607:0000",-43.63978,171.65205,"Methven",923,"Methven",100150,"Canterbury",1010,5.4,7.75,NA
"15585","20190608:0000",-43.63978,171.65205,"Methven",923,"Methven",100150,"Canterbury",1010,6.1,9.05,NA
"15586","20190609:0000",-43.63978,171.65205,"Methven",923,"Methven",100150,"Canterbury",1010,7.6,8.5,NA
"15587","20190610:0000",-43.63978,171.65205,"Methven",923,"Methven",100150,"Canterbury",1010,6.5,9.1,NA
"15588","20190611:0000",-43.63978,171.65205,"Methven",923,"Methven",100150,"Canterbury",1010,7.6,9.15,NA
"15589","20190612:0000",-43.63978,171.65205,"Methven",923,"Methven",100150,"Canterbury",1010,5.4,9.6,NA
"15590","20190613:0000",-43.63978,171.65205,"Methven",923,"Methven",100150,"Canterbury",1010,2.9,9.9,NA
"15591","20190614:0000",-43.63978,171.65205,"Methven",923,"Methven",100150,"Canterbury",1010,3.2,7.7,NA
"15592","20190615:0000",-43.63978,171.65205,"Methven",923,"Methven",100150,"Canterbury",1010,3.6,7.65,NA
"15593","20190616:0000",-43.63978,171.65205,"Methven",923,"Methven",100150,"Canterbury",1010,5.4,5.4,NA
"15594","20190617:0000",-43.63978,171.65205,"Methven",923,"Methven",100150,"Canterbury",1010,4.3,5.25,NA
"15595","20190618:0000",-43.63978,171.65205,"Methven",923,"Methven",100150,"Canterbury",1010,4,3.95,NA
"15596","20190619:0000",-43.63978,171.65205,"Methven",923,"Methven",100150,"Canterbury",1010,3.2,6.3,NA
"15597","20190620:0000",-43.63978,171.65205,"Methven",923,"Methven",100150,"Canterbury",1010,4,5.1,NA
"15598","20190621:0000",-43.63978,171.65205,"Methven",923,"Methven",100150,"Canterbury",1010,10.1,7.35,NA
"15599","20190622:0000",-43.63978,171.65205,"Methven",923,"Methven",100150,"Canterbury",1010,3.6,7.25,NA
"15600","20190623:0000",-43.63978,171.65205,"Methven",923,"Methven",100150,"Canterbury",1010,2.2,4.9,NA
"15601","20190624:0000",-43.63978,171.65205,"Methven",923,"Methven",100150,"Canterbury",1010,4.3,6.25,NA
"15602","20190625:0000",-43.63978,171.65205,"Methven",923,"Methven",100150,"Canterbury",1010,5.4,8.35,NA
"15603","20190626:0000",-43.63978,171.65205,"Methven",923,"Methven",100150,"Canterbury",1010,4.7,5.7,NA
"15604","20190627:0000",-43.63978,171.65205,"Methven",923,"Methven",100150,"Canterbury",1010,9.7,7.1,NA
"15605","20190628:0000",-43.63978,171.65205,"Methven",923,"Methven",100150,"Canterbury",1010,6.5,6.85,NA
"15606","20190629:0000",-43.63978,171.65205,"Methven",923,"Methven",100150,"Canterbury",1010,11.2,9.45,NA
"15607","20190630:0000",-43.63978,171.65205,"Methven",923,"Methven",100150,"Canterbury",1010,6.5,9.6,NA
"15608","20190701:0000",-43.63978,171.65205,"Methven",923,"Methven",100150,"Canterbury",1010,8.6,10.2,NA
"15609","20190702:0000",-43.63978,171.65205,"Methven",923,"Methven",100150,"Canterbury",1010,7.9,12.6,NA
"15610","20190703:0000",-43.63978,171.65205,"Methven",923,"Methven",100150,"Canterbury",1010,16.9,17.15,NA
"15611","20190704:0000",-43.63978,171.65205,"Methven",923,"Methven",100150,"Canterbury",1010,2.5,6.15,NA
"15612","20190705:0000",-43.63978,171.65205,"Methven",923,"Methven",100150,"Canterbury",1010,4,5.15,NA
"15613","20190706:0000",-43.63978,171.65205,"Methven",923,"Methven",100150,"Canterbury",1010,2.9,5.75,NA
"15614","20190707:0000",-43.63978,171.65205,"Methven",923,"Methven",100150,"Canterbury",1010,13.7,8.75,NA
"15615","20190708:0000",-43.63978,171.65205,"Methven",923,"Methven",100150,"Canterbury",1010,4.7,6.15,NA
"15616","20190709:0000",-43.63978,171.65205,"Methven",923,"Methven",100150,"Canterbury",1010,11.5,8.1,NA
"15617","20190710:0000",-43.63978,171.65205,"Methven",923,"Methven",100150,"Canterbury",1010,7.2,7.95,NA
"15618","20190711:0000",-43.63978,171.65205,"Methven",923,"Methven",100150,"Canterbury",1010,5.4,10.35,NA
"15619","20190712:0000",-43.63978,171.65205,"Methven",923,"Methven",100150,"Canterbury",1010,5,8.7,NA
"15620","20190713:0000",-43.63978,171.65205,"Methven",923,"Methven",100150,"Canterbury",1010,11.2,11.05,NA
"15621","20190714:0000",-43.63978,171.65205,"Methven",923,"Methven",100150,"Canterbury",1010,13.3,12.3,NA
"15622","20190715:0000",-43.63978,171.65205,"Methven",923,"Methven",100150,"Canterbury",1010,3.2,5.1,NA
"15623","20190716:0000",-43.63978,171.65205,"Methven",923,"Methven",100150,"Canterbury",1010,2.9,7.2,NA
"15624","20190717:0000",-43.63978,171.65205,"Methven",923,"Methven",100150,"Canterbury",1010,3.2,5.65,NA
"15625","20190718:0000",-43.63978,171.65205,"Methven",923,"Methven",100150,"Canterbury",1010,11.5,6.3,NA
"15626","20190719:0000",-43.63978,171.65205,"Methven",923,"Methven",100150,"Canterbury",1010,2.2,7.65,NA
"15627","20190720:0000",-43.63978,171.65205,"Methven",923,"Methven",100150,"Canterbury",1010,4.7,7.7,NA
"15628","20190721:0000",-43.63978,171.65205,"Methven",923,"Methven",100150,"Canterbury",1010,7.6,8.2,NA
"15629","20190722:0000",-43.63978,171.65205,"Methven",923,"Methven",100150,"Canterbury",1010,3.6,7.65,NA
"15630","20190723:0000",-43.63978,171.65205,"Methven",923,"Methven",100150,"Canterbury",1010,3.6,7,NA
"15631","20190724:0000",-43.63978,171.65205,"Methven",923,"Methven",100150,"Canterbury",1010,2.5,7.75,NA
"15632","20190725:0000",-43.63978,171.65205,"Methven",923,"Methven",100150,"Canterbury",1010,2.9,5.85,NA
"15633","20190726:0000",-43.63978,171.65205,"Methven",923,"Methven",100150,"Canterbury",1010,6.1,8.85,NA
"15634","20190727:0000",-43.63978,171.65205,"Methven",923,"Methven",100150,"Canterbury",1010,4.3,10.25,NA
"15635","20190728:0000",-43.63978,171.65205,"Methven",923,"Methven",100150,"Canterbury",1010,2.9,10.9,NA
"15636","20190729:0000",-43.63978,171.65205,"Methven",923,"Methven",100150,"Canterbury",1010,3.6,10.8,NA
"15637","20190730:0000",-43.63978,171.65205,"Methven",923,"Methven",100150,"Canterbury",1010,2.9,10.8,NA
"15638","20190731:0000",-43.63978,171.65205,"Methven",923,"Methven",100150,"Canterbury",1010,9,5.45,NA
"15639","20190801:0000",-43.63978,171.65205,"Methven",923,"Methven",100150,"Canterbury",1010,1.4,5.65,NA
"15640","20190802:0000",-43.63978,171.65205,"Methven",923,"Methven",100150,"Canterbury",1010,2.9,6.6,NA
"15641","20190803:0000",-43.63978,171.65205,"Methven",923,"Methven",100150,"Canterbury",1010,6.1,8.7,NA
"15642","20190804:0000",-43.63978,171.65205,"Methven",923,"Methven",100150,"Canterbury",1010,8.6,4.05,NA
"15643","20190805:0000",-43.63978,171.65205,"Methven",923,"Methven",100150,"Canterbury",1010,4.3,4.8,NA
"15644","20190806:0000",-43.63978,171.65205,"Methven",923,"Methven",100150,"Canterbury",1010,4.7,7.5,NA
"15645","20190807:0000",-43.63978,171.65205,"Methven",923,"Methven",100150,"Canterbury",1010,7.6,8.2,NA
"15646","20190808:0000",-43.63978,171.65205,"Methven",923,"Methven",100150,"Canterbury",1010,12.6,11.3,NA
"15647","20190809:0000",-43.63978,171.65205,"Methven",923,"Methven",100150,"Canterbury",1010,2.5,8.9,NA
"15648","20190810:0000",-43.63978,171.65205,"Methven",923,"Methven",100150,"Canterbury",1010,7.9,4.05,NA
"15649","20190811:0000",-43.63978,171.65205,"Methven",923,"Methven",100150,"Canterbury",1010,3.2,4.6,NA
"15650","20190812:0000",-43.63978,171.65205,"Methven",923,"Methven",100150,"Canterbury",1010,0,5.75,NA
"15651","20190813:0000",-43.63978,171.65205,"Methven",923,"Methven",100150,"Canterbury",1010,4,7.6,NA
"15652","20190814:0000",-43.63978,171.65205,"Methven",923,"Methven",100150,"Canterbury",1010,3.6,4.65,NA
"15653","20190815:0000",-43.63978,171.65205,"Methven",923,"Methven",100150,"Canterbury",1010,8.3,7.5,NA
"15654","20190816:0000",-43.63978,171.65205,"Methven",923,"Methven",100150,"Canterbury",1010,17.3,8.15,NA
"15655","20190817:0000",-43.63978,171.65205,"Methven",923,"Methven",100150,"Canterbury",1010,10.8,3.8,NA
"15656","20190818:0000",-43.63978,171.65205,"Methven",923,"Methven",100150,"Canterbury",1010,5.8,4.2,NA
"15657","20190819:0000",-43.63978,171.65205,"Methven",923,"Methven",100150,"Canterbury",1010,2.2,4.5,NA
"15658","20190820:0000",-43.63978,171.65205,"Methven",923,"Methven",100150,"Canterbury",1010,13.7,8.5,NA
"15659","20190821:0000",-43.63978,171.65205,"Methven",923,"Methven",100150,"Canterbury",1010,3.6,9.85,NA
"15660","20190822:0000",-43.63978,171.65205,"Methven",923,"Methven",100150,"Canterbury",1010,1.4,8.15,NA
"15661","20190823:0000",-43.63978,171.65205,"Methven",923,"Methven",100150,"Canterbury",1010,9.4,8.7,NA
"15662","20190824:0000",-43.63978,171.65205,"Methven",923,"Methven",100150,"Canterbury",1010,6.8,9.4,NA
"15663","20190825:0000",-43.63978,171.65205,"Methven",923,"Methven",100150,"Canterbury",1010,13,10.05,NA
"15664","20190826:0000",-43.63978,171.65205,"Methven",923,"Methven",100150,"Canterbury",1010,4.7,8.3,NA
"15665","20190827:0000",-43.63978,171.65205,"Methven",923,"Methven",100150,"Canterbury",1010,6.1,7,NA
"15666","20190828:0000",-43.63978,171.65205,"Methven",923,"Methven",100150,"Canterbury",1010,11.5,10.45,NA
"15667","20190829:0000",-43.63978,171.65205,"Methven",923,"Methven",100150,"Canterbury",1010,14.4,13.35,NA
"15668","20190830:0000",-43.63978,171.65205,"Methven",923,"Methven",100150,"Canterbury",1010,11.9,8.45,NA
"15669","20190831:0000",-43.63978,171.65205,"Methven",923,"Methven",100150,"Canterbury",1010,9.4,11.85,NA
"15670","20190901:0000",-43.63978,171.65205,"Methven",923,"Methven",100150,"Canterbury",1010,7.6,15.55,NA
"15671","20190902:0000",-43.63978,171.65205,"Methven",923,"Methven",100150,"Canterbury",1010,2.9,8.8,NA
"15672","20190903:0000",-43.63978,171.65205,"Methven",923,"Methven",100150,"Canterbury",1010,6.5,7.5,NA
"15673","20190904:0000",-43.63978,171.65205,"Methven",923,"Methven",100150,"Canterbury",1010,5.8,7.3,NA
"15674","20190905:0000",-43.63978,171.65205,"Methven",923,"Methven",100150,"Canterbury",1010,1.4,7.9,NA
"15675","20190906:0000",-43.63978,171.65205,"Methven",923,"Methven",100150,"Canterbury",1010,4.3,7.65,NA
"15676","20190907:0000",-43.63978,171.65205,"Methven",923,"Methven",100150,"Canterbury",1010,4,6.05,NA
"15677","20190908:0000",-43.63978,171.65205,"Methven",923,"Methven",100150,"Canterbury",1010,2.9,2,NA
"15678","20190909:0000",-43.63978,171.65205,"Methven",923,"Methven",100150,"Canterbury",1010,4,3.4,NA
"15679","20190910:0000",-43.63978,171.65205,"Methven",923,"Methven",100150,"Canterbury",1010,7.2,4.75,NA
"15680","20190911:0000",-43.63978,171.65205,"Methven",923,"Methven",100150,"Canterbury",1010,2.9,6.1,NA
"15681","20190912:0000",-43.63978,171.65205,"Methven",923,"Methven",100150,"Canterbury",1010,15.1,9,NA
"15682","20190913:0000",-43.63978,171.65205,"Methven",923,"Methven",100150,"Canterbury",1010,11.9,10.25,NA
"15683","20190914:0000",-43.63978,171.65205,"Methven",923,"Methven",100150,"Canterbury",1010,2.2,6.8,NA
"15684","20190915:0000",-43.63978,171.65205,"Methven",923,"Methven",100150,"Canterbury",1010,4.3,10.1,NA
"15685","20190916:0000",-43.63978,171.65205,"Methven",923,"Methven",100150,"Canterbury",1010,2.9,12.15,NA
"15686","20190917:0000",-43.63978,171.65205,"Methven",923,"Methven",100150,"Canterbury",1010,20.2,10.85,NA
"15687","20190918:0000",-43.63978,171.65205,"Methven",923,"Methven",100150,"Canterbury",1010,8.6,7.7,NA
"15688","20190919:0000",-43.63978,171.65205,"Methven",923,"Methven",100150,"Canterbury",1010,7.2,9.85,NA
"15689","20190920:0000",-43.63978,171.65205,"Methven",923,"Methven",100150,"Canterbury",1010,5.8,8.65,NA
"15690","20190921:0000",-43.63978,171.65205,"Methven",923,"Methven",100150,"Canterbury",1010,5.4,10.35,NA
"15691","20190922:0000",-43.63978,171.65205,"Methven",923,"Methven",100150,"Canterbury",1010,3.2,10.8,NA
"15692","20190923:0000",-43.63978,171.65205,"Methven",923,"Methven",100150,"Canterbury",1010,15.8,13.25,NA
"15693","20190924:0000",-43.63978,171.65205,"Methven",923,"Methven",100150,"Canterbury",1010,3.6,9.45,NA
"15694","20190925:0000",-43.63978,171.65205,"Methven",923,"Methven",100150,"Canterbury",1010,7.2,7.35,NA
"15695","20190926:0000",-43.63978,171.65205,"Methven",923,"Methven",100150,"Canterbury",1010,8.6,7.5,NA
"15696","20190927:0000",-43.63978,171.65205,"Methven",923,"Methven",100150,"Canterbury",1010,3.6,9.6,NA
"15697","20190928:0000",-43.63978,171.65205,"Methven",923,"Methven",100150,"Canterbury",1010,16.9,11.05,NA
"15698","20190929:0000",-43.63978,171.65205,"Methven",923,"Methven",100150,"Canterbury",1010,13,17.1,NA
"15699","20190930:0000",-43.63978,171.65205,"Methven",923,"Methven",100150,"Canterbury",1010,2.5,12.2,NA
"15700","20191001:0000",-43.63978,171.65205,"Methven",923,"Methven",100150,"Canterbury",1010,8.6,5.65,NA
"15701","20191002:0000",-43.63978,171.65205,"Methven",923,"Methven",100150,"Canterbury",1010,8.6,6.3,NA
"15702","20191003:0000",-43.63978,171.65205,"Methven",923,"Methven",100150,"Canterbury",1010,5,5.9,NA
"15703","20191004:0000",-43.63978,171.65205,"Methven",923,"Methven",100150,"Canterbury",1010,7.6,11,NA
"15704","20191005:0000",-43.63978,171.65205,"Methven",923,"Methven",100150,"Canterbury",1010,4.7,7.55,NA
"15705","20191006:0000",-43.63978,171.65205,"Methven",923,"Methven",100150,"Canterbury",1010,5.8,7.5,NA
"15706","20191007:0000",-43.63978,171.65205,"Methven",923,"Methven",100150,"Canterbury",1010,4.3,11.1,NA
"15707","20191008:0000",-43.63978,171.65205,"Methven",923,"Methven",100150,"Canterbury",1010,10.4,14.85,NA
"15708","20191009:0000",-43.63978,171.65205,"Methven",923,"Methven",100150,"Canterbury",1010,3.2,13.9,NA
"15709","20191010:0000",-43.63978,171.65205,"Methven",923,"Methven",100150,"Canterbury",1010,5.8,12.5,NA
"15710","20191011:0000",-43.63978,171.65205,"Methven",923,"Methven",100150,"Canterbury",1010,2.2,9.8,NA
"15711","20191012:0000",-43.63978,171.65205,"Methven",923,"Methven",100150,"Canterbury",1010,5,8.25,NA
"15712","20191013:0000",-43.63978,171.65205,"Methven",923,"Methven",100150,"Canterbury",1010,2.9,7.55,NA
"15713","20191014:0000",-43.63978,171.65205,"Methven",923,"Methven",100150,"Canterbury",1010,2.2,10.4,NA
"15714","20191015:0000",-43.63978,171.65205,"Methven",923,"Methven",100150,"Canterbury",1010,6.1,9.55,NA
"15715","20191016:0000",-43.63978,171.65205,"Methven",923,"Methven",100150,"Canterbury",1010,3.6,10.2,NA
"15716","20191017:0000",-43.63978,171.65205,"Methven",923,"Methven",100150,"Canterbury",1010,2.2,9.55,NA
"15717","20191018:0000",-43.63978,171.65205,"Methven",923,"Methven",100150,"Canterbury",1010,1.4,8.1,NA
"15718","20191019:0000",-43.63978,171.65205,"Methven",923,"Methven",100150,"Canterbury",1010,2.2,10.4,NA
"15719","20191020:0000",-43.63978,171.65205,"Methven",923,"Methven",100150,"Canterbury",1010,4.3,12.75,NA
"15720","20191021:0000",-43.63978,171.65205,"Methven",923,"Methven",100150,"Canterbury",1010,9.7,13.35,NA
"15721","20191022:0000",-43.63978,171.65205,"Methven",923,"Methven",100150,"Canterbury",1010,2.5,8.3,NA
"15722","20191023:0000",-43.63978,171.65205,"Methven",923,"Methven",100150,"Canterbury",1010,5,7.6,NA
"15723","20191024:0000",-43.63978,171.65205,"Methven",923,"Methven",100150,"Canterbury",1010,5,9.55,NA
"15724","20191025:0000",-43.63978,171.65205,"Methven",923,"Methven",100150,"Canterbury",1010,2.9,6.85,NA
"15725","20191026:0000",-43.63978,171.65205,"Methven",923,"Methven",100150,"Canterbury",1010,3.2,17.4,NA
"15726","20191027:0000",-43.63978,171.65205,"Methven",923,"Methven",100150,"Canterbury",1010,22.3,17,NA
"15727","20191028:0000",-43.63978,171.65205,"Methven",923,"Methven",100150,"Canterbury",1010,4,12.6,NA
"15728","20191029:0000",-43.63978,171.65205,"Methven",923,"Methven",100150,"Canterbury",1010,12.2,11.05,NA
"15729","20191030:0000",-43.63978,171.65205,"Methven",923,"Methven",100150,"Canterbury",1010,10.1,11.7,NA
"15730","20191031:0000",-43.63978,171.65205,"Methven",923,"Methven",100150,"Canterbury",1010,6.5,10.95,NA
"15731","20191101:0000",-43.63978,171.65205,"Methven",923,"Methven",100150,"Canterbury",1010,2.5,9.45,NA
"15732","20191102:0000",-43.63978,171.65205,"Methven",923,"Methven",100150,"Canterbury",1010,4.3,18.8,NA
"15733","20191103:0000",-43.63978,171.65205,"Methven",923,"Methven",100150,"Canterbury",1010,8.3,23.7,NA
"15734","20191104:0000",-43.63978,171.65205,"Methven",923,"Methven",100150,"Canterbury",1010,8.3,21.15,NA
"15735","20191105:0000",-43.63978,171.65205,"Methven",923,"Methven",100150,"Canterbury",1010,11.5,17.2,NA
"15736","20191106:0000",-43.63978,171.65205,"Methven",923,"Methven",100150,"Canterbury",1010,3.2,13.5,NA
"15737","20191107:0000",-43.63978,171.65205,"Methven",923,"Methven",100150,"Canterbury",1010,7.9,15.95,NA
"15738","20191108:0000",-43.63978,171.65205,"Methven",923,"Methven",100150,"Canterbury",1010,34.6,19.35,NA
"15739","20191109:0000",-43.63978,171.65205,"Methven",923,"Methven",100150,"Canterbury",1010,13.3,20.5,NA
"15740","20191110:0000",-43.63978,171.65205,"Methven",923,"Methven",100150,"Canterbury",1010,7.6,12.8,NA
"15741","20191111:0000",-43.63978,171.65205,"Methven",923,"Methven",100150,"Canterbury",1010,4.3,8.9,NA
"15742","20191112:0000",-43.63978,171.65205,"Methven",923,"Methven",100150,"Canterbury",1010,2.5,11.15,NA
"15743","20191113:0000",-43.63978,171.65205,"Methven",923,"Methven",100150,"Canterbury",1010,14,12.2,NA
"15744","20191114:0000",-43.63978,171.65205,"Methven",923,"Methven",100150,"Canterbury",1010,5.8,12.65,NA
"15745","20191115:0000",-43.63978,171.65205,"Methven",923,"Methven",100150,"Canterbury",1010,5.8,11,NA
"15746","20191116:0000",-43.63978,171.65205,"Methven",923,"Methven",100150,"Canterbury",1010,10.1,15.45,NA
"15747","20191117:0000",-43.63978,171.65205,"Methven",923,"Methven",100150,"Canterbury",1010,13.3,12.15,NA
"15748","20191118:0000",-43.63978,171.65205,"Methven",923,"Methven",100150,"Canterbury",1010,7.2,12.55,NA
"15749","20191119:0000",-43.63978,171.65205,"Methven",923,"Methven",100150,"Canterbury",1010,6.8,11.3,NA
"15750","20191120:0000",-43.63978,171.65205,"Methven",923,"Methven",100150,"Canterbury",1010,6.5,11.2,NA
"15751","20191121:0000",-43.63978,171.65205,"Methven",923,"Methven",100150,"Canterbury",1010,12.6,13.25,NA
"15752","20191122:0000",-43.63978,171.65205,"Methven",923,"Methven",100150,"Canterbury",1010,10.1,19,NA
"15753","20191123:0000",-43.63978,171.65205,"Methven",923,"Methven",100150,"Canterbury",1010,4.3,15.7,NA
"15754","20191124:0000",-43.63978,171.65205,"Methven",923,"Methven",100150,"Canterbury",1010,16.9,18.3,NA
"15755","20191125:0000",-43.63978,171.65205,"Methven",923,"Methven",100150,"Canterbury",1010,2.9,14.15,NA
"15756","20191126:0000",-43.63978,171.65205,"Methven",923,"Methven",100150,"Canterbury",1010,3.2,16.9,NA
"15757","20191127:0000",-43.63978,171.65205,"Methven",923,"Methven",100150,"Canterbury",1010,15.1,19.3,NA
"15758","20191128:0000",-43.63978,171.65205,"Methven",923,"Methven",100150,"Canterbury",1010,20.2,21.15,NA
"15759","20191129:0000",-43.63978,171.65205,"Methven",923,"Methven",100150,"Canterbury",1010,2.9,13,NA
"15760","20191130:0000",-43.63978,171.65205,"Methven",923,"Methven",100150,"Canterbury",1010,2.9,17.6,NA
"15761","20191201:0000",-43.63978,171.65205,"Methven",923,"Methven",100150,"Canterbury",1010,11.9,17.35,NA
"15762","20191202:0000",-43.63978,171.65205,"Methven",923,"Methven",100150,"Canterbury",1010,4.3,16.2,NA
"15763","20191203:0000",-43.63978,171.65205,"Methven",923,"Methven",100150,"Canterbury",1010,9.7,19.1,NA
"15764","20191204:0000",-43.63978,171.65205,"Methven",923,"Methven",100150,"Canterbury",1010,10.8,17.15,NA
"15765","20191205:0000",-43.63978,171.65205,"Methven",923,"Methven",100150,"Canterbury",1010,14,12.95,NA
"15766","20191206:0000",-43.63978,171.65205,"Methven",923,"Methven",100150,"Canterbury",1010,10.1,18.25,NA
"15767","20191207:0000",-43.63978,171.65205,"Methven",923,"Methven",100150,"Canterbury",1010,2.5,17.2,NA
"15768","20191208:0000",-43.63978,171.65205,"Methven",923,"Methven",100150,"Canterbury",1010,30.6,15.35,NA
"15769","20191209:0000",-43.63978,171.65205,"Methven",923,"Methven",100150,"Canterbury",1010,5.4,11.85,NA
"15770","20191210:0000",-43.63978,171.65205,"Methven",923,"Methven",100150,"Canterbury",1010,2.9,12.65,NA
"15771","20191211:0000",-43.63978,171.65205,"Methven",923,"Methven",100150,"Canterbury",1010,3.2,16.15,NA
"15772","20191212:0000",-43.63978,171.65205,"Methven",923,"Methven",100150,"Canterbury",1010,2.9,15.85,NA
"15773","20191213:0000",-43.63978,171.65205,"Methven",923,"Methven",100150,"Canterbury",1010,10.8,17.05,NA
"15774","20191214:0000",-43.63978,171.65205,"Methven",923,"Methven",100150,"Canterbury",1010,5.4,14.95,NA
"15775","20191215:0000",-43.63978,171.65205,"Methven",923,"Methven",100150,"Canterbury",1010,14.4,16.05,NA
"15776","20191216:0000",-43.63978,171.65205,"Methven",923,"Methven",100150,"Canterbury",1010,4.3,12.25,NA
"15777","20191217:0000",-43.63978,171.65205,"Methven",923,"Methven",100150,"Canterbury",1010,7.6,11.5,NA
"15778","20191218:0000",-43.63978,171.65205,"Methven",923,"Methven",100150,"Canterbury",1010,5.8,11.5,NA
"15779","20191219:0000",-43.63978,171.65205,"Methven",923,"Methven",100150,"Canterbury",1010,3.2,11.75,NA
"15780","20191220:0000",-43.63978,171.65205,"Methven",923,"Methven",100150,"Canterbury",1010,6.8,14.65,NA
"15781","20191221:0000",-43.63978,171.65205,"Methven",923,"Methven",100150,"Canterbury",1010,5,12.7,NA
"15782","20191222:0000",-43.63978,171.65205,"Methven",923,"Methven",100150,"Canterbury",1010,8.6,17.75,NA
"15783","20191223:0000",-43.63978,171.65205,"Methven",923,"Methven",100150,"Canterbury",1010,2.5,13.7,NA
"15784","20191224:0000",-43.63978,171.65205,"Methven",923,"Methven",100150,"Canterbury",1010,3.6,12.3,NA
"15785","20191225:0000",-43.63978,171.65205,"Methven",923,"Methven",100150,"Canterbury",1010,3.6,13.1,NA
"15786","20191226:0000",-43.63978,171.65205,"Methven",923,"Methven",100150,"Canterbury",1010,2.5,14.6,NA
"15787","20191227:0000",-43.63978,171.65205,"Methven",923,"Methven",100150,"Canterbury",1010,14.4,13.8,NA
"15788","20191228:0000",-43.63978,171.65205,"Methven",923,"Methven",100150,"Canterbury",1010,4.3,12.7,NA
"15789","20191229:0000",-43.63978,171.65205,"Methven",923,"Methven",100150,"Canterbury",1010,2.5,15.15,NA
"15790","20191230:0000",-43.63978,171.65205,"Methven",923,"Methven",100150,"Canterbury",1010,7.6,14.9,NA
"15791","20191231:0000",-43.63978,171.65205,"Methven",923,"Methven",100150,"Canterbury",1010,3.2,18.1,NA
"15792","20200101:0000",-43.63978,171.65205,"Methven",923,"Methven",100150,"Canterbury",1010,14,20.85,NA
"15793","20200102:0000",-43.63978,171.65205,"Methven",923,"Methven",100150,"Canterbury",1010,3.2,18.15,NA
"15794","20200103:0000",-43.63978,171.65205,"Methven",923,"Methven",100150,"Canterbury",1010,2.9,13.15,NA
"15795","20200104:0000",-43.63978,171.65205,"Methven",923,"Methven",100150,"Canterbury",1010,3.6,11.45,NA
"15796","20200105:0000",-43.63978,171.65205,"Methven",923,"Methven",100150,"Canterbury",1010,6.1,17.3,NA
"15797","20200106:0000",-43.63978,171.65205,"Methven",923,"Methven",100150,"Canterbury",1010,5.8,13.75,NA
"15798","20200107:0000",-43.63978,171.65205,"Methven",923,"Methven",100150,"Canterbury",1010,6.1,12.5,NA
"15799","20200108:0000",-43.63978,171.65205,"Methven",923,"Methven",100150,"Canterbury",1010,4.3,12.65,NA
"15800","20200109:0000",-43.63978,171.65205,"Methven",923,"Methven",100150,"Canterbury",1010,11.2,14.4,NA
"15801","20200110:0000",-43.63978,171.65205,"Methven",923,"Methven",100150,"Canterbury",1010,1.4,14.5,NA
"15802","20200111:0000",-43.63978,171.65205,"Methven",923,"Methven",100150,"Canterbury",1010,11.9,17.3,NA
"15803","20200112:0000",-43.63978,171.65205,"Methven",923,"Methven",100150,"Canterbury",1010,10.4,22.4,NA
"15804","20200113:0000",-43.63978,171.65205,"Methven",923,"Methven",100150,"Canterbury",1010,6.5,13.6,NA
"15805","20200114:0000",-43.63978,171.65205,"Methven",923,"Methven",100150,"Canterbury",1010,2.9,12.9,NA
"15806","20200115:0000",-43.63978,171.65205,"Methven",923,"Methven",100150,"Canterbury",1010,2.5,13.15,NA
"15807","20200116:0000",-43.63978,171.65205,"Methven",923,"Methven",100150,"Canterbury",1010,2.9,12.65,NA
"15808","20200117:0000",-43.63978,171.65205,"Methven",923,"Methven",100150,"Canterbury",1010,3.6,14.05,NA
"15809","20200118:0000",-43.63978,171.65205,"Methven",923,"Methven",100150,"Canterbury",1010,4.3,14.45,NA
"15810","20200119:0000",-43.63978,171.65205,"Methven",923,"Methven",100150,"Canterbury",1010,3.2,16.65,NA
"15811","20200120:0000",-43.63978,171.65205,"Methven",923,"Methven",100150,"Canterbury",1010,1.8,17.05,NA
"15812","20200121:0000",-43.63978,171.65205,"Methven",923,"Methven",100150,"Canterbury",1010,3.2,17.4,NA
"15813","20200122:0000",-43.63978,171.65205,"Methven",923,"Methven",100150,"Canterbury",1010,1.8,20.45,NA
"15814","20200123:0000",-43.63978,171.65205,"Methven",923,"Methven",100150,"Canterbury",1010,10.4,20.5,NA
"15815","20200124:0000",-43.63978,171.65205,"Methven",923,"Methven",100150,"Canterbury",1010,4.3,20.55,NA
"15816","20200125:0000",-43.63978,171.65205,"Methven",923,"Methven",100150,"Canterbury",1010,14.8,24.7,NA
"15817","20200126:0000",-43.63978,171.65205,"Methven",923,"Methven",100150,"Canterbury",1010,3.2,18.5,NA
"15818","20200127:0000",-43.63978,171.65205,"Methven",923,"Methven",100150,"Canterbury",1010,2.2,19.25,NA
"15819","20200128:0000",-43.63978,171.65205,"Methven",923,"Methven",100150,"Canterbury",1010,3.2,17.6,NA
"15820","20200129:0000",-43.63978,171.65205,"Methven",923,"Methven",100150,"Canterbury",1010,4.7,20.65,NA
"15821","20200130:0000",-43.63978,171.65205,"Methven",923,"Methven",100150,"Canterbury",1010,5.8,18.7,NA
"15822","20200131:0000",-43.63978,171.65205,"Methven",923,"Methven",100150,"Canterbury",1010,6.5,16.7,NA
"15823","20200201:0000",-43.63978,171.65205,"Methven",923,"Methven",100150,"Canterbury",1010,3.6,17.75,NA
"15824","20200202:0000",-43.63978,171.65205,"Methven",923,"Methven",100150,"Canterbury",1010,11.2,23.95,NA
"15825","20200203:0000",-43.63978,171.65205,"Methven",923,"Methven",100150,"Canterbury",1010,16.9,23.35,NA
"15826","20200204:0000",-43.63978,171.65205,"Methven",923,"Methven",100150,"Canterbury",1010,4.3,15.2,NA
"15827","20200205:0000",-43.63978,171.65205,"Methven",923,"Methven",100150,"Canterbury",1010,5.8,12.6,NA
"15828","20200206:0000",-43.63978,171.65205,"Methven",923,"Methven",100150,"Canterbury",1010,3.2,14.35,NA
"15829","20200207:0000",-43.63978,171.65205,"Methven",923,"Methven",100150,"Canterbury",1010,1.8,13.35,NA
"15830","20200208:0000",-43.63978,171.65205,"Methven",923,"Methven",100150,"Canterbury",1010,5.8,12.3,NA
"15831","20200209:0000",-43.63978,171.65205,"Methven",923,"Methven",100150,"Canterbury",1010,6.8,12.85,NA
"15832","20200210:0000",-43.63978,171.65205,"Methven",923,"Methven",100150,"Canterbury",1010,4,16.1,NA
"15833","20200211:0000",-43.63978,171.65205,"Methven",923,"Methven",100150,"Canterbury",1010,2.2,17,NA
"15834","20200212:0000",-43.63978,171.65205,"Methven",923,"Methven",100150,"Canterbury",1010,2.2,17.65,NA
"15835","20200213:0000",-43.63978,171.65205,"Methven",923,"Methven",100150,"Canterbury",1010,3.6,19.55,NA
"15836","20200214:0000",-43.63978,171.65205,"Methven",923,"Methven",100150,"Canterbury",1010,4.7,12.15,NA
"15837","20200215:0000",-43.63978,171.65205,"Methven",923,"Methven",100150,"Canterbury",1010,2.9,16.9,NA
"15838","20200216:0000",-43.63978,171.65205,"Methven",923,"Methven",100150,"Canterbury",1010,11.5,19.2,NA
"15839","20200217:0000",-43.63978,171.65205,"Methven",923,"Methven",100150,"Canterbury",1010,12.2,25.7,NA
"15840","20200218:0000",-43.63978,171.65205,"Methven",923,"Methven",100150,"Canterbury",1010,2.9,21.5,NA
"15841","20200219:0000",-43.63978,171.65205,"Methven",923,"Methven",100150,"Canterbury",1010,4.3,16.8,NA
"15842","20200220:0000",-43.63978,171.65205,"Methven",923,"Methven",100150,"Canterbury",1010,2.5,16.65,NA
"15843","20200221:0000",-43.63978,171.65205,"Methven",923,"Methven",100150,"Canterbury",1010,6.1,19.2,NA
"15844","20200222:0000",-43.63978,171.65205,"Methven",923,"Methven",100150,"Canterbury",1010,2.5,14.35,NA
"15845","20200223:0000",-43.63978,171.65205,"Methven",923,"Methven",100150,"Canterbury",1010,6.5,12.95,NA
"15846","20200224:0000",-43.63978,171.65205,"Methven",923,"Methven",100150,"Canterbury",1010,2.9,14.9,NA
"15847","20200225:0000",-43.63978,171.65205,"Methven",923,"Methven",100150,"Canterbury",1010,4,16.15,NA
"15848","20200226:0000",-43.63978,171.65205,"Methven",923,"Methven",100150,"Canterbury",1010,2.5,17,NA
"15849","20200227:0000",-43.63978,171.65205,"Methven",923,"Methven",100150,"Canterbury",1010,11.2,18.45,NA
"15850","20200228:0000",-43.63978,171.65205,"Methven",923,"Methven",100150,"Canterbury",1010,10.8,18.4,NA
"15851","20200229:0000",-43.63978,171.65205,"Methven",923,"Methven",100150,"Canterbury",1010,5.4,12.6,NA
"15852","20200301:0000",-43.63978,171.65205,"Methven",923,"Methven",100150,"Canterbury",1010,5,14.55,NA
"15853","20200302:0000",-43.63978,171.65205,"Methven",923,"Methven",100150,"Canterbury",1010,2.9,18.15,NA
"15854","20200303:0000",-43.63978,171.65205,"Methven",923,"Methven",100150,"Canterbury",1010,10.1,19.1,NA
"15855","20200304:0000",-43.63978,171.65205,"Methven",923,"Methven",100150,"Canterbury",1010,8.6,9.95,NA
"15856","20200305:0000",-43.63978,171.65205,"Methven",923,"Methven",100150,"Canterbury",1010,5.4,10.4,NA
"15857","20200306:0000",-43.63978,171.65205,"Methven",923,"Methven",100150,"Canterbury",1010,3.2,12.1,NA
"15858","20200307:0000",-43.63978,171.65205,"Methven",923,"Methven",100150,"Canterbury",1010,4,17.25,NA
"15859","20200308:0000",-43.63978,171.65205,"Methven",923,"Methven",100150,"Canterbury",1010,4,16.75,NA
"15860","20200309:0000",-43.63978,171.65205,"Methven",923,"Methven",100150,"Canterbury",1010,2.2,18.75,NA
"15861","20200310:0000",-43.63978,171.65205,"Methven",923,"Methven",100150,"Canterbury",1010,5.8,13.3,NA
"15862","20200311:0000",-43.63978,171.65205,"Methven",923,"Methven",100150,"Canterbury",1010,4.7,9.75,NA
"15863","20200312:0000",-43.63978,171.65205,"Methven",923,"Methven",100150,"Canterbury",1010,2.2,13.6,NA
"15864","20200313:0000",-43.63978,171.65205,"Methven",923,"Methven",100150,"Canterbury",1010,2.5,12.3,NA
"15865","20200314:0000",-43.63978,171.65205,"Methven",923,"Methven",100150,"Canterbury",1010,1.4,15.05,NA
"15866","20200315:0000",-43.63978,171.65205,"Methven",923,"Methven",100150,"Canterbury",1010,4.7,15.8,NA
"15867","20200316:0000",-43.63978,171.65205,"Methven",923,"Methven",100150,"Canterbury",1010,4.3,14.55,NA
"15868","20200317:0000",-43.63978,171.65205,"Methven",923,"Methven",100150,"Canterbury",1010,2.2,9.6,NA
"15869","20200318:0000",-43.63978,171.65205,"Methven",923,"Methven",100150,"Canterbury",1010,3.6,9.7,NA
"15870","20200319:0000",-43.63978,171.65205,"Methven",923,"Methven",100150,"Canterbury",1010,6.1,14,NA
"15871","20200320:0000",-43.63978,171.65205,"Methven",923,"Methven",100150,"Canterbury",1010,6.5,10.15,NA
"15872","20200321:0000",-43.63978,171.65205,"Methven",923,"Methven",100150,"Canterbury",1010,1.4,12.35,NA
"15873","20200322:0000",-43.63978,171.65205,"Methven",923,"Methven",100150,"Canterbury",1010,8.3,15.9,NA
"15874","20200323:0000",-43.63978,171.65205,"Methven",923,"Methven",100150,"Canterbury",1010,1.4,13.9,NA
"15875","20200324:0000",-43.63978,171.65205,"Methven",923,"Methven",100150,"Canterbury",1010,8.6,7.5,NA
"15876","20200325:0000",-43.63978,171.65205,"Methven",923,"Methven",100150,"Canterbury",1010,2.9,13.1,NA
"15877","20200326:0000",-43.63978,171.65205,"Methven",923,"Methven",100150,"Canterbury",1010,4.3,13,NA
"15878","20200327:0000",-43.63978,171.65205,"Methven",923,"Methven",100150,"Canterbury",1010,9.7,9.55,NA
"15879","20200328:0000",-43.63978,171.65205,"Methven",923,"Methven",100150,"Canterbury",1010,1.8,10,NA
"15880","20200329:0000",-43.63978,171.65205,"Methven",923,"Methven",100150,"Canterbury",1010,1.1,9.1,NA
"15881","20200330:0000",-43.63978,171.65205,"Methven",923,"Methven",100150,"Canterbury",1010,2.2,10.7,NA
"15882","20200331:0000",-43.63978,171.65205,"Methven",923,"Methven",100150,"Canterbury",1010,1.4,13.35,NA
"15883","20200401:0000",-43.63978,171.65205,"Methven",923,"Methven",100150,"Canterbury",1010,3.2,12.3,NA
"15884","20200402:0000",-43.63978,171.65205,"Methven",923,"Methven",100150,"Canterbury",1010,3.2,11.65,NA
"15885","20200403:0000",-43.63978,171.65205,"Methven",923,"Methven",100150,"Canterbury",1010,1.4,10.45,NA
"15886","20200404:0000",-43.63978,171.65205,"Methven",923,"Methven",100150,"Canterbury",1010,2.9,11.3,NA
"15887","20200405:0000",-43.63978,171.65205,"Methven",923,"Methven",100150,"Canterbury",1010,2.2,13.85,NA
"15888","20200406:0000",-43.63978,171.65205,"Methven",923,"Methven",100150,"Canterbury",1010,7.9,17.5,NA
"15889","20200407:0000",-43.63978,171.65205,"Methven",923,"Methven",100150,"Canterbury",1010,10.8,19.45,NA
"15890","20200408:0000",-43.63978,171.65205,"Methven",923,"Methven",100150,"Canterbury",1010,2.2,12.15,NA
"15891","20200409:0000",-43.63978,171.65205,"Methven",923,"Methven",100150,"Canterbury",1010,3.6,11.2,NA
"15892","20200410:0000",-43.63978,171.65205,"Methven",923,"Methven",100150,"Canterbury",1010,7.9,14.05,NA
"15893","20200411:0000",-43.63978,171.65205,"Methven",923,"Methven",100150,"Canterbury",1010,5.4,13.15,NA
"15894","20200412:0000",-43.63978,171.65205,"Methven",923,"Methven",100150,"Canterbury",1010,7.6,14.75,NA
"15895","20200413:0000",-43.63978,171.65205,"Methven",923,"Methven",100150,"Canterbury",1010,6.5,12.75,NA
"15896","20200414:0000",-43.63978,171.65205,"Methven",923,"Methven",100150,"Canterbury",1010,5.8,7.35,NA
"15897","20200415:0000",-43.63978,171.65205,"Methven",923,"Methven",100150,"Canterbury",1010,5.8,5.7,NA
"15898","20200416:0000",-43.63978,171.65205,"Methven",923,"Methven",100150,"Canterbury",1010,5.4,10.5,NA
"15899","20200417:0000",-43.63978,171.65205,"Methven",923,"Methven",100150,"Canterbury",1010,1.8,8.25,NA
"15900","20200418:0000",-43.63978,171.65205,"Methven",923,"Methven",100150,"Canterbury",1010,3.2,12.95,NA
"15901","20200419:0000",-43.63978,171.65205,"Methven",923,"Methven",100150,"Canterbury",1010,18.7,11.85,NA
"15902","20200420:0000",-43.63978,171.65205,"Methven",923,"Methven",100150,"Canterbury",1010,10.8,9.5,NA
"15903","20200421:0000",-43.63978,171.65205,"Methven",923,"Methven",100150,"Canterbury",1010,6.8,10.25,NA
"15904","20200422:0000",-43.63978,171.65205,"Methven",923,"Methven",100150,"Canterbury",1010,4,10.7,NA
"15905","20200423:0000",-43.63978,171.65205,"Methven",923,"Methven",100150,"Canterbury",1010,2.9,10.7,NA
"15906","20200424:0000",-43.63978,171.65205,"Methven",923,"Methven",100150,"Canterbury",1010,10.1,12.55,NA
"15907","20200425:0000",-43.63978,171.65205,"Methven",923,"Methven",100150,"Canterbury",1010,10.8,14.95,NA
"15908","20200426:0000",-43.63978,171.65205,"Methven",923,"Methven",100150,"Canterbury",1010,2.5,10.25,NA
"15909","20200427:0000",-43.63978,171.65205,"Methven",923,"Methven",100150,"Canterbury",1010,9.4,13,NA
"15910","20200428:0000",-43.63978,171.65205,"Methven",923,"Methven",100150,"Canterbury",1010,5,10.35,NA
"15911","20200429:0000",-43.63978,171.65205,"Methven",923,"Methven",100150,"Canterbury",1010,6.1,11.4,NA
"15912","20200430:0000",-43.63978,171.65205,"Methven",923,"Methven",100150,"Canterbury",1010,11.5,14.15,NA
"15913","20200501:0000",-43.63978,171.65205,"Methven",923,"Methven",100150,"Canterbury",1010,10.4,16.45,NA
"15914","20200502:0000",-43.63978,171.65205,"Methven",923,"Methven",100150,"Canterbury",1010,7.9,15,NA
"15915","20200503:0000",-43.63978,171.65205,"Methven",923,"Methven",100150,"Canterbury",1010,8.6,17.45,NA
"15916","20200504:0000",-43.63978,171.65205,"Methven",923,"Methven",100150,"Canterbury",1010,9.4,12.05,NA
"15917","20200505:0000",-43.63978,171.65205,"Methven",923,"Methven",100150,"Canterbury",1010,2.2,8.1,NA
"15918","20200506:0000",-43.63978,171.65205,"Methven",923,"Methven",100150,"Canterbury",1010,10.8,8,NA
"15919","20200507:0000",-43.63978,171.65205,"Methven",923,"Methven",100150,"Canterbury",1010,7.9,11.25,NA
"15920","20200508:0000",-43.63978,171.65205,"Methven",923,"Methven",100150,"Canterbury",1010,10.8,13,NA
"15921","20200509:0000",-43.63978,171.65205,"Methven",923,"Methven",100150,"Canterbury",1010,4.3,11.3,NA
"15922","20200510:0000",-43.63978,171.65205,"Methven",923,"Methven",100150,"Canterbury",1010,6.5,12.45,NA
"15923","20200511:0000",-43.63978,171.65205,"Methven",923,"Methven",100150,"Canterbury",1010,5,12.25,NA
"15924","20200512:0000",-43.63978,171.65205,"Methven",923,"Methven",100150,"Canterbury",1010,3.6,11.05,NA
"15925","20200513:0000",-43.63978,171.65205,"Methven",923,"Methven",100150,"Canterbury",1010,2.5,9.75,NA
"15926","20200514:0000",-43.63978,171.65205,"Methven",923,"Methven",100150,"Canterbury",1010,6.1,10.6,NA
"15927","20200515:0000",-43.63978,171.65205,"Methven",923,"Methven",100150,"Canterbury",1010,3.6,9.3,NA
"15928","20200516:0000",-43.63978,171.65205,"Methven",923,"Methven",100150,"Canterbury",1010,3.6,7.65,NA
"15929","20200517:0000",-43.63978,171.65205,"Methven",923,"Methven",100150,"Canterbury",1010,5,8.75,NA
"15930","20200518:0000",-43.63978,171.65205,"Methven",923,"Methven",100150,"Canterbury",1010,2.9,7.75,NA
"15931","20200519:0000",-43.63978,171.65205,"Methven",923,"Methven",100150,"Canterbury",1010,2.5,7.5,NA
"15932","20200520:0000",-43.63978,171.65205,"Methven",923,"Methven",100150,"Canterbury",1010,2.2,6.4,NA
"15933","20200521:0000",-43.63978,171.65205,"Methven",923,"Methven",100150,"Canterbury",1010,11.9,8.15,NA
"15934","20200522:0000",-43.63978,171.65205,"Methven",923,"Methven",100150,"Canterbury",1010,14,15.6,NA
"15935","20200523:0000",-43.63978,171.65205,"Methven",923,"Methven",100150,"Canterbury",1010,2.2,8.5,NA
"15936","20200524:0000",-43.63978,171.65205,"Methven",923,"Methven",100150,"Canterbury",1010,2.5,8.45,NA
"15937","20200525:0000",-43.63978,171.65205,"Methven",923,"Methven",100150,"Canterbury",1010,4,7.1,NA
"15938","20200526:0000",-43.63978,171.65205,"Methven",923,"Methven",100150,"Canterbury",1010,2.2,9.3,NA
"15939","20200527:0000",-43.63978,171.65205,"Methven",923,"Methven",100150,"Canterbury",1010,5.8,8.1,NA
"15940","20200528:0000",-43.63978,171.65205,"Methven",923,"Methven",100150,"Canterbury",1010,3.6,4.9,NA
"15941","20200529:0000",-43.63978,171.65205,"Methven",923,"Methven",100150,"Canterbury",1010,4.3,5.85,NA
"15942","20200530:0000",-43.63978,171.65205,"Methven",923,"Methven",100150,"Canterbury",1010,8.6,9.65,NA
"15943","20200531:0000",-43.63978,171.65205,"Methven",923,"Methven",100150,"Canterbury",1010,7.6,6.75,NA
"15944","20200601:0000",-43.63978,171.65205,"Methven",923,"Methven",100150,"Canterbury",1010,3.2,5.35,NA
"15945","20200602:0000",-43.63978,171.65205,"Methven",923,"Methven",100150,"Canterbury",1010,4.7,8.8,NA
"15946","20200603:0000",-43.63978,171.65205,"Methven",923,"Methven",100150,"Canterbury",1010,11.9,10,NA
"15947","20200604:0000",-43.63978,171.65205,"Methven",923,"Methven",100150,"Canterbury",1010,7.2,8.1,NA
"15948","20200605:0000",-43.63978,171.65205,"Methven",923,"Methven",100150,"Canterbury",1010,3.6,4.7,NA
"15949","20200606:0000",-43.63978,171.65205,"Methven",923,"Methven",100150,"Canterbury",1010,3.6,2,NA
"15950","20200607:0000",-43.63978,171.65205,"Methven",923,"Methven",100150,"Canterbury",1010,5,6,NA
"15951","20200608:0000",-43.63978,171.65205,"Methven",923,"Methven",100150,"Canterbury",1010,6.1,8.5,NA
"15952","20200609:0000",-43.63978,171.65205,"Methven",923,"Methven",100150,"Canterbury",1010,7.2,9.9,NA
"15953","20200610:0000",-43.63978,171.65205,"Methven",923,"Methven",100150,"Canterbury",1010,11.2,9.4,NA
"15954","20200611:0000",-43.63978,171.65205,"Methven",923,"Methven",100150,"Canterbury",1010,14.4,13.45,NA
"15955","20200612:0000",-43.63978,171.65205,"Methven",923,"Methven",100150,"Canterbury",1010,3.6,6.65,NA
"15956","20200613:0000",-43.63978,171.65205,"Methven",923,"Methven",100150,"Canterbury",1010,4.7,4.35,NA
"15957","20200614:0000",-43.63978,171.65205,"Methven",923,"Methven",100150,"Canterbury",1010,5,5.1,NA
"15958","20200615:0000",-43.63978,171.65205,"Methven",923,"Methven",100150,"Canterbury",1010,3.6,7.85,NA
"15959","20200616:0000",-43.63978,171.65205,"Methven",923,"Methven",100150,"Canterbury",1010,4.7,14.75,NA
"15960","20200617:0000",-43.63978,171.65205,"Methven",923,"Methven",100150,"Canterbury",1010,5,12.65,NA
"15961","20200618:0000",-43.63978,171.65205,"Methven",923,"Methven",100150,"Canterbury",1010,7.2,3.95,NA
"15962","20200619:0000",-43.63978,171.65205,"Methven",923,"Methven",100150,"Canterbury",1010,4,5.4,NA
"15963","20200620:0000",-43.63978,171.65205,"Methven",923,"Methven",100150,"Canterbury",1010,4,5.9,NA
"15964","20200621:0000",-43.63978,171.65205,"Methven",923,"Methven",100150,"Canterbury",1010,4.3,5,NA
"15965","20200622:0000",-43.63978,171.65205,"Methven",923,"Methven",100150,"Canterbury",1010,2.2,3.95,NA
"15966","20200623:0000",-43.63978,171.65205,"Methven",923,"Methven",100150,"Canterbury",1010,3.6,6.1,NA
"15967","20200624:0000",-43.63978,171.65205,"Methven",923,"Methven",100150,"Canterbury",1010,4.3,3.8,NA
"15968","20200625:0000",-43.63978,171.65205,"Methven",923,"Methven",100150,"Canterbury",1010,2.5,3.75,NA
"15969","20200626:0000",-43.63978,171.65205,"Methven",923,"Methven",100150,"Canterbury",1010,2.5,6.7,NA
"15970","20200627:0000",-43.63978,171.65205,"Methven",923,"Methven",100150,"Canterbury",1010,4,8.15,NA
"15971","20200628:0000",-43.63978,171.65205,"Methven",923,"Methven",100150,"Canterbury",1010,4,7.5,NA
"15972","20200629:0000",-43.63978,171.65205,"Methven",923,"Methven",100150,"Canterbury",1010,2.5,6.85,NA
"15973","20200630:0000",-43.63978,171.65205,"Methven",923,"Methven",100150,"Canterbury",1010,2.2,5.45,NA
"15974","20200701:0000",-43.63978,171.65205,"Methven",923,"Methven",100150,"Canterbury",1010,5,4,NA
"15975","20200702:0000",-43.63978,171.65205,"Methven",923,"Methven",100150,"Canterbury",1010,5.8,5.7,NA
"15976","20200703:0000",-43.63978,171.65205,"Methven",923,"Methven",100150,"Canterbury",1010,4.7,4.5,NA
"15977","20200704:0000",-43.63978,171.65205,"Methven",923,"Methven",100150,"Canterbury",1010,1.8,7.1,NA
"15978","20200705:0000",-43.63978,171.65205,"Methven",923,"Methven",100150,"Canterbury",1010,6.5,9.45,NA
"15979","20200706:0000",-43.63978,171.65205,"Methven",923,"Methven",100150,"Canterbury",1010,3.2,7.4,NA
"15980","20200707:0000",-43.63978,171.65205,"Methven",923,"Methven",100150,"Canterbury",1010,6.5,6.2,NA
"15981","20200708:0000",-43.63978,171.65205,"Methven",923,"Methven",100150,"Canterbury",1010,4.3,5.9,NA
"15982","20200709:0000",-43.63978,171.65205,"Methven",923,"Methven",100150,"Canterbury",1010,3.2,5.9,NA
"15983","20200710:0000",-43.63978,171.65205,"Methven",923,"Methven",100150,"Canterbury",1010,3.2,7.35,NA
"15984","20200711:0000",-43.63978,171.65205,"Methven",923,"Methven",100150,"Canterbury",1010,9.7,8.15,NA
"15985","20200712:0000",-43.63978,171.65205,"Methven",923,"Methven",100150,"Canterbury",1010,6.1,10.85,NA
"15986","20200713:0000",-43.63978,171.65205,"Methven",923,"Methven",100150,"Canterbury",1010,2.9,5.05,NA
"15987","20200714:0000",-43.63978,171.65205,"Methven",923,"Methven",100150,"Canterbury",1010,5.4,5.6,NA
"15988","20200715:0000",-43.63978,171.65205,"Methven",923,"Methven",100150,"Canterbury",1010,2.2,3.5,NA
"15989","20200716:0000",-43.63978,171.65205,"Methven",923,"Methven",100150,"Canterbury",1010,3.2,2.85,NA
"15990","20200717:0000",-43.63978,171.65205,"Methven",923,"Methven",100150,"Canterbury",1010,2.2,2,NA
"15991","20200718:0000",-43.63978,171.65205,"Methven",923,"Methven",100150,"Canterbury",1010,5,3.25,NA
"15992","20200719:0000",-43.63978,171.65205,"Methven",923,"Methven",100150,"Canterbury",1010,2.2,6.2,NA
"15993","20200720:0000",-43.63978,171.65205,"Methven",923,"Methven",100150,"Canterbury",1010,13.3,8.95,NA
"15994","20200721:0000",-43.63978,171.65205,"Methven",923,"Methven",100150,"Canterbury",1010,6.5,11.25,NA
"15995","20200722:0000",-43.63978,171.65205,"Methven",923,"Methven",100150,"Canterbury",1010,4.7,8.1,NA
"15996","20200723:0000",-43.63978,171.65205,"Methven",923,"Methven",100150,"Canterbury",1010,3.2,6.45,NA
"15997","20200724:0000",-43.63978,171.65205,"Methven",923,"Methven",100150,"Canterbury",1010,7.2,5.3,NA
"15998","20200725:0000",-43.63978,171.65205,"Methven",923,"Methven",100150,"Canterbury",1010,9,6.75,NA
"15999","20200726:0000",-43.63978,171.65205,"Methven",923,"Methven",100150,"Canterbury",1010,7.9,9.4,NA
"16000","20200727:0000",-43.63978,171.65205,"Methven",923,"Methven",100150,"Canterbury",1010,5,5.35,NA
"16001","20200728:0000",-43.63978,171.65205,"Methven",923,"Methven",100150,"Canterbury",1010,3.2,5.05,NA
"16002","20200729:0000",-43.63978,171.65205,"Methven",923,"Methven",100150,"Canterbury",1010,1.4,7.25,NA
"16003","20200730:0000",-43.63978,171.65205,"Methven",923,"Methven",100150,"Canterbury",1010,4,10.5,NA
"16004","20200731:0000",-43.63978,171.65205,"Methven",923,"Methven",100150,"Canterbury",1010,11.5,13.55,NA
"16005","20200801:0000",-43.63978,171.65205,"Methven",923,"Methven",100150,"Canterbury",1010,7.2,14.3,NA
"16006","20200802:0000",-43.63978,171.65205,"Methven",923,"Methven",100150,"Canterbury",1010,15.1,14.75,NA
"16007","20200803:0000",-43.63978,171.65205,"Methven",923,"Methven",100150,"Canterbury",1010,2.9,11.65,NA
"16008","20200804:0000",-43.63978,171.65205,"Methven",923,"Methven",100150,"Canterbury",1010,6.5,9.35,NA
"16009","20200805:0000",-43.63978,171.65205,"Methven",923,"Methven",100150,"Canterbury",1010,3.6,7.4,NA
"16010","20200806:0000",-43.63978,171.65205,"Methven",923,"Methven",100150,"Canterbury",1010,2.5,9.35,NA
"16011","20200807:0000",-43.63978,171.65205,"Methven",923,"Methven",100150,"Canterbury",1010,5,9.7,NA
"16012","20200808:0000",-43.63978,171.65205,"Methven",923,"Methven",100150,"Canterbury",1010,3.2,6.25,NA
"16013","20200809:0000",-43.63978,171.65205,"Methven",923,"Methven",100150,"Canterbury",1010,9.4,8.4,NA
"16014","20200810:0000",-43.63978,171.65205,"Methven",923,"Methven",100150,"Canterbury",1010,11.2,12.25,NA
"16015","20200811:0000",-43.63978,171.65205,"Methven",923,"Methven",100150,"Canterbury",1010,3.6,7.7,NA
"16016","20200812:0000",-43.63978,171.65205,"Methven",923,"Methven",100150,"Canterbury",1010,4.3,5.35,NA
"16017","20200813:0000",-43.63978,171.65205,"Methven",923,"Methven",100150,"Canterbury",1010,6.1,6.6,NA
"16018","20200814:0000",-43.63978,171.65205,"Methven",923,"Methven",100150,"Canterbury",1010,3.2,6.1,NA
"16019","20200815:0000",-43.63978,171.65205,"Methven",923,"Methven",100150,"Canterbury",1010,2.2,5.05,NA
"16020","20200816:0000",-43.63978,171.65205,"Methven",923,"Methven",100150,"Canterbury",1010,5.8,4.85,NA
"16021","20200817:0000",-43.63978,171.65205,"Methven",923,"Methven",100150,"Canterbury",1010,4.3,4.2,NA
"16022","20200818:0000",-43.63978,171.65205,"Methven",923,"Methven",100150,"Canterbury",1010,6.5,7.75,NA
"16023","20200819:0000",-43.63978,171.65205,"Methven",923,"Methven",100150,"Canterbury",1010,8.6,10.7,NA
"16024","20200820:0000",-43.63978,171.65205,"Methven",923,"Methven",100150,"Canterbury",1010,6.1,10.15,NA
"16025","20200821:0000",-43.63978,171.65205,"Methven",923,"Methven",100150,"Canterbury",1010,2.9,7.8,NA
"16026","20200822:0000",-43.63978,171.65205,"Methven",923,"Methven",100150,"Canterbury",1010,2.5,9.55,NA
"16027","20200823:0000",-43.63978,171.65205,"Methven",923,"Methven",100150,"Canterbury",1010,5,7.75,NA
"16028","20200824:0000",-43.63978,171.65205,"Methven",923,"Methven",100150,"Canterbury",1010,2.9,9.5,NA
"16029","20200825:0000",-43.63978,171.65205,"Methven",923,"Methven",100150,"Canterbury",1010,5.4,8.8,NA
"16030","20200826:0000",-43.63978,171.65205,"Methven",923,"Methven",100150,"Canterbury",1010,7.9,5.55,NA
"16031","20200827:0000",-43.63978,171.65205,"Methven",923,"Methven",100150,"Canterbury",1010,4,7.8,NA
"16032","20200828:0000",-43.63978,171.65205,"Methven",923,"Methven",100150,"Canterbury",1010,2.9,7.5,NA
"16033","20200829:0000",-43.63978,171.65205,"Methven",923,"Methven",100150,"Canterbury",1010,2.9,11.55,NA
"16034","20200830:0000",-43.63978,171.65205,"Methven",923,"Methven",100150,"Canterbury",1010,11.9,13.85,NA
"16035","20200831:0000",-43.63978,171.65205,"Methven",923,"Methven",100150,"Canterbury",1010,16.6,17.15,NA
"16036","20180101:0000",-43.79393,171.9607,"Rakaia",1355,"Rakaia",100157,"Canterbury",1010,2.9,15.3,NA
"16037","20180102:0000",-43.79393,171.9607,"Rakaia",1355,"Rakaia",100157,"Canterbury",1010,4.3,17.9,NA
"16038","20180103:0000",-43.79393,171.9607,"Rakaia",1355,"Rakaia",100157,"Canterbury",1010,5.4,19.75,NA
"16039","20180104:0000",-43.79393,171.9607,"Rakaia",1355,"Rakaia",100157,"Canterbury",1010,10.8,18.45,NA
"16040","20180105:0000",-43.79393,171.9607,"Rakaia",1355,"Rakaia",100157,"Canterbury",1010,17.3,15.8,NA
"16041","20180106:0000",-43.79393,171.9607,"Rakaia",1355,"Rakaia",100157,"Canterbury",1010,29.5,14.2,NA
"16042","20180107:0000",-43.79393,171.9607,"Rakaia",1355,"Rakaia",100157,"Canterbury",1010,5,13,NA
"16043","20180108:0000",-43.79393,171.9607,"Rakaia",1355,"Rakaia",100157,"Canterbury",1010,18.7,16.55,NA
"16044","20180109:0000",-43.79393,171.9607,"Rakaia",1355,"Rakaia",100157,"Canterbury",1010,9,18.4,NA
"16045","20180110:0000",-43.79393,171.9607,"Rakaia",1355,"Rakaia",100157,"Canterbury",1010,14.8,14.75,NA
"16046","20180111:0000",-43.79393,171.9607,"Rakaia",1355,"Rakaia",100157,"Canterbury",1010,2.5,12.1,NA
"16047","20180112:0000",-43.79393,171.9607,"Rakaia",1355,"Rakaia",100157,"Canterbury",1010,9.4,13.3,NA
"16048","20180113:0000",-43.79393,171.9607,"Rakaia",1355,"Rakaia",100157,"Canterbury",1010,13,17.35,NA
"16049","20180114:0000",-43.79393,171.9607,"Rakaia",1355,"Rakaia",100157,"Canterbury",1010,5,20.9,NA
"16050","20180115:0000",-43.79393,171.9607,"Rakaia",1355,"Rakaia",100157,"Canterbury",1010,14.8,22.95,NA
"16051","20180116:0000",-43.79393,171.9607,"Rakaia",1355,"Rakaia",100157,"Canterbury",1010,12.6,22.65,NA
"16052","20180117:0000",-43.79393,171.9607,"Rakaia",1355,"Rakaia",100157,"Canterbury",1010,14.8,22.55,NA
"16053","20180118:0000",-43.79393,171.9607,"Rakaia",1355,"Rakaia",100157,"Canterbury",1010,10.8,21.25,NA
"16054","20180119:0000",-43.79393,171.9607,"Rakaia",1355,"Rakaia",100157,"Canterbury",1010,4.7,20.55,NA
"16055","20180120:0000",-43.79393,171.9607,"Rakaia",1355,"Rakaia",100157,"Canterbury",1010,4.3,20.65,NA
"16056","20180121:0000",-43.79393,171.9607,"Rakaia",1355,"Rakaia",100157,"Canterbury",1010,9.7,17.9,NA
"16057","20180122:0000",-43.79393,171.9607,"Rakaia",1355,"Rakaia",100157,"Canterbury",1010,2.2,20.3,NA
"16058","20180123:0000",-43.79393,171.9607,"Rakaia",1355,"Rakaia",100157,"Canterbury",1010,9,23.4,NA
"16059","20180124:0000",-43.79393,171.9607,"Rakaia",1355,"Rakaia",100157,"Canterbury",1010,5.8,22.9,NA
"16060","20180125:0000",-43.79393,171.9607,"Rakaia",1355,"Rakaia",100157,"Canterbury",1010,6.1,23.75,NA
"16061","20180126:0000",-43.79393,171.9607,"Rakaia",1355,"Rakaia",100157,"Canterbury",1010,5.8,18.75,NA
"16062","20180127:0000",-43.79393,171.9607,"Rakaia",1355,"Rakaia",100157,"Canterbury",1010,16.6,20.9,NA
"16063","20180128:0000",-43.79393,171.9607,"Rakaia",1355,"Rakaia",100157,"Canterbury",1010,4.3,20.9,NA
"16064","20180129:0000",-43.79393,171.9607,"Rakaia",1355,"Rakaia",100157,"Canterbury",1010,13.7,21.3,NA
"16065","20180130:0000",-43.79393,171.9607,"Rakaia",1355,"Rakaia",100157,"Canterbury",1010,7.2,25.75,NA
"16066","20180131:0000",-43.79393,171.9607,"Rakaia",1355,"Rakaia",100157,"Canterbury",1010,23.8,22.25,NA
"16067","20180201:0000",-43.79393,171.9607,"Rakaia",1355,"Rakaia",100157,"Canterbury",1010,8.6,24.15,NA
"16068","20180202:0000",-43.79393,171.9607,"Rakaia",1355,"Rakaia",100157,"Canterbury",1010,18,12.4,NA
"16069","20180203:0000",-43.79393,171.9607,"Rakaia",1355,"Rakaia",100157,"Canterbury",1010,7.2,12.3,NA
"16070","20180204:0000",-43.79393,171.9607,"Rakaia",1355,"Rakaia",100157,"Canterbury",1010,13.7,16.85,NA
"16071","20180205:0000",-43.79393,171.9607,"Rakaia",1355,"Rakaia",100157,"Canterbury",1010,19.8,18.75,NA
"16072","20180206:0000",-43.79393,171.9607,"Rakaia",1355,"Rakaia",100157,"Canterbury",1010,8.6,10.95,NA
"16073","20180207:0000",-43.79393,171.9607,"Rakaia",1355,"Rakaia",100157,"Canterbury",1010,6.8,14.2,NA
"16074","20180208:0000",-43.79393,171.9607,"Rakaia",1355,"Rakaia",100157,"Canterbury",1010,11.5,14.9,NA
"16075","20180209:0000",-43.79393,171.9607,"Rakaia",1355,"Rakaia",100157,"Canterbury",1010,16.6,17.9,NA
"16076","20180210:0000",-43.79393,171.9607,"Rakaia",1355,"Rakaia",100157,"Canterbury",1010,4.3,15.35,NA
"16077","20180211:0000",-43.79393,171.9607,"Rakaia",1355,"Rakaia",100157,"Canterbury",1010,6.1,18.2,NA
"16078","20180212:0000",-43.79393,171.9607,"Rakaia",1355,"Rakaia",100157,"Canterbury",1010,5.8,21.1,NA
"16079","20180213:0000",-43.79393,171.9607,"Rakaia",1355,"Rakaia",100157,"Canterbury",1010,9.4,20.3,NA
"16080","20180214:0000",-43.79393,171.9607,"Rakaia",1355,"Rakaia",100157,"Canterbury",1010,16.6,16.3,NA
"16081","20180215:0000",-43.79393,171.9607,"Rakaia",1355,"Rakaia",100157,"Canterbury",1010,10.8,20.85,NA
"16082","20180216:0000",-43.79393,171.9607,"Rakaia",1355,"Rakaia",100157,"Canterbury",1010,5.4,19.45,NA
"16083","20180217:0000",-43.79393,171.9607,"Rakaia",1355,"Rakaia",100157,"Canterbury",1010,31,20.5,NA
"16084","20180218:0000",-43.79393,171.9607,"Rakaia",1355,"Rakaia",100157,"Canterbury",1010,10.1,19.55,NA
"16085","20180219:0000",-43.79393,171.9607,"Rakaia",1355,"Rakaia",100157,"Canterbury",1010,9,18.2,NA
"16086","20180220:0000",-43.79393,171.9607,"Rakaia",1355,"Rakaia",100157,"Canterbury",1010,11.9,11.75,NA
"16087","20180221:0000",-43.79393,171.9607,"Rakaia",1355,"Rakaia",100157,"Canterbury",1010,21.6,11.45,NA
"16088","20180222:0000",-43.79393,171.9607,"Rakaia",1355,"Rakaia",100157,"Canterbury",1010,12.2,12.85,NA
"16089","20180223:0000",-43.79393,171.9607,"Rakaia",1355,"Rakaia",100157,"Canterbury",1010,5.8,13.05,NA
"16090","20180224:0000",-43.79393,171.9607,"Rakaia",1355,"Rakaia",100157,"Canterbury",1010,3.2,15,NA
"16091","20180225:0000",-43.79393,171.9607,"Rakaia",1355,"Rakaia",100157,"Canterbury",1010,25.2,18.55,NA
"16092","20180226:0000",-43.79393,171.9607,"Rakaia",1355,"Rakaia",100157,"Canterbury",1010,8.6,13.45,NA
"16093","20180227:0000",-43.79393,171.9607,"Rakaia",1355,"Rakaia",100157,"Canterbury",1010,4,13.85,NA
"16094","20180228:0000",-43.79393,171.9607,"Rakaia",1355,"Rakaia",100157,"Canterbury",1010,6.8,16.9,NA
"16095","20180301:0000",-43.79393,171.9607,"Rakaia",1355,"Rakaia",100157,"Canterbury",1010,3.6,19.75,NA
"16096","20180302:0000",-43.79393,171.9607,"Rakaia",1355,"Rakaia",100157,"Canterbury",1010,4,20.3,NA
"16097","20180303:0000",-43.79393,171.9607,"Rakaia",1355,"Rakaia",100157,"Canterbury",1010,2.9,20.3,NA
"16098","20180304:0000",-43.79393,171.9607,"Rakaia",1355,"Rakaia",100157,"Canterbury",1010,6.1,21.1,NA
"16099","20180305:0000",-43.79393,171.9607,"Rakaia",1355,"Rakaia",100157,"Canterbury",1010,9.4,18.85,NA
"16100","20180306:0000",-43.79393,171.9607,"Rakaia",1355,"Rakaia",100157,"Canterbury",1010,8.6,15.25,NA
"16101","20180307:0000",-43.79393,171.9607,"Rakaia",1355,"Rakaia",100157,"Canterbury",1010,5,13.6,NA
"16102","20180308:0000",-43.79393,171.9607,"Rakaia",1355,"Rakaia",100157,"Canterbury",1010,3.6,12.75,NA
"16103","20180309:0000",-43.79393,171.9607,"Rakaia",1355,"Rakaia",100157,"Canterbury",1010,10.1,13.15,NA
"16104","20180310:0000",-43.79393,171.9607,"Rakaia",1355,"Rakaia",100157,"Canterbury",1010,5,12,NA
"16105","20180311:0000",-43.79393,171.9607,"Rakaia",1355,"Rakaia",100157,"Canterbury",1010,8.6,13.65,NA
"16106","20180312:0000",-43.79393,171.9607,"Rakaia",1355,"Rakaia",100157,"Canterbury",1010,11.9,15.95,NA
"16107","20180313:0000",-43.79393,171.9607,"Rakaia",1355,"Rakaia",100157,"Canterbury",1010,3.6,15.25,NA
"16108","20180314:0000",-43.79393,171.9607,"Rakaia",1355,"Rakaia",100157,"Canterbury",1010,7.9,13.75,NA
"16109","20180315:0000",-43.79393,171.9607,"Rakaia",1355,"Rakaia",100157,"Canterbury",1010,6.5,17.1,NA
"16110","20180316:0000",-43.79393,171.9607,"Rakaia",1355,"Rakaia",100157,"Canterbury",1010,4.7,14.85,NA
"16111","20180317:0000",-43.79393,171.9607,"Rakaia",1355,"Rakaia",100157,"Canterbury",1010,5,12.15,NA
"16112","20180318:0000",-43.79393,171.9607,"Rakaia",1355,"Rakaia",100157,"Canterbury",1010,6.1,13.2,NA
"16113","20180319:0000",-43.79393,171.9607,"Rakaia",1355,"Rakaia",100157,"Canterbury",1010,14.4,17.95,NA
"16114","20180320:0000",-43.79393,171.9607,"Rakaia",1355,"Rakaia",100157,"Canterbury",1010,9.4,20.65,NA
"16115","20180321:0000",-43.79393,171.9607,"Rakaia",1355,"Rakaia",100157,"Canterbury",1010,7.2,16.1,NA
"16116","20180322:0000",-43.79393,171.9607,"Rakaia",1355,"Rakaia",100157,"Canterbury",1010,22.3,9.4,NA
"16117","20180323:0000",-43.79393,171.9607,"Rakaia",1355,"Rakaia",100157,"Canterbury",1010,7.2,9.8,NA
"16118","20180324:0000",-43.79393,171.9607,"Rakaia",1355,"Rakaia",100157,"Canterbury",1010,3.6,13.2,NA
"16119","20180325:0000",-43.79393,171.9607,"Rakaia",1355,"Rakaia",100157,"Canterbury",1010,4,14.5,NA
"16120","20180326:0000",-43.79393,171.9607,"Rakaia",1355,"Rakaia",100157,"Canterbury",1010,7.2,18.1,NA
"16121","20180327:0000",-43.79393,171.9607,"Rakaia",1355,"Rakaia",100157,"Canterbury",1010,16.2,20.85,NA
"16122","20180328:0000",-43.79393,171.9607,"Rakaia",1355,"Rakaia",100157,"Canterbury",1010,6.5,15.35,NA
"16123","20180329:0000",-43.79393,171.9607,"Rakaia",1355,"Rakaia",100157,"Canterbury",1010,10.1,14.9,NA
"16124","20180330:0000",-43.79393,171.9607,"Rakaia",1355,"Rakaia",100157,"Canterbury",1010,2.2,14.3,NA
"16125","20180331:0000",-43.79393,171.9607,"Rakaia",1355,"Rakaia",100157,"Canterbury",1010,18.4,19.4,NA
"16126","20180401:0000",-43.79393,171.9607,"Rakaia",1355,"Rakaia",100157,"Canterbury",1010,2.2,10.65,NA
"16127","20180402:0000",-43.79393,171.9607,"Rakaia",1355,"Rakaia",100157,"Canterbury",1010,4.3,13.95,NA
"16128","20180403:0000",-43.79393,171.9607,"Rakaia",1355,"Rakaia",100157,"Canterbury",1010,6.5,18.8,NA
"16129","20180404:0000",-43.79393,171.9607,"Rakaia",1355,"Rakaia",100157,"Canterbury",1010,22.3,14.75,NA
"16130","20180405:0000",-43.79393,171.9607,"Rakaia",1355,"Rakaia",100157,"Canterbury",1010,5.8,13.95,NA
"16131","20180406:0000",-43.79393,171.9607,"Rakaia",1355,"Rakaia",100157,"Canterbury",1010,5.8,15.6,NA
"16132","20180407:0000",-43.79393,171.9607,"Rakaia",1355,"Rakaia",100157,"Canterbury",1010,11.9,11.95,NA
"16133","20180408:0000",-43.79393,171.9607,"Rakaia",1355,"Rakaia",100157,"Canterbury",1010,7.9,12.1,NA
"16134","20180409:0000",-43.79393,171.9607,"Rakaia",1355,"Rakaia",100157,"Canterbury",1010,2.5,9.5,NA
"16135","20180410:0000",-43.79393,171.9607,"Rakaia",1355,"Rakaia",100157,"Canterbury",1010,19.4,6.15,NA
"16136","20180411:0000",-43.79393,171.9607,"Rakaia",1355,"Rakaia",100157,"Canterbury",1010,28.1,6.75,NA
"16137","20180412:0000",-43.79393,171.9607,"Rakaia",1355,"Rakaia",100157,"Canterbury",1010,6.1,6.95,NA
"16138","20180413:0000",-43.79393,171.9607,"Rakaia",1355,"Rakaia",100157,"Canterbury",1010,10.1,8.55,NA
"16139","20180414:0000",-43.79393,171.9607,"Rakaia",1355,"Rakaia",100157,"Canterbury",1010,7.9,7.55,NA
"16140","20180415:0000",-43.79393,171.9607,"Rakaia",1355,"Rakaia",100157,"Canterbury",1010,12.2,8.75,NA
"16141","20180416:0000",-43.79393,171.9607,"Rakaia",1355,"Rakaia",100157,"Canterbury",1010,11.9,14.8,NA
"16142","20180417:0000",-43.79393,171.9607,"Rakaia",1355,"Rakaia",100157,"Canterbury",1010,11.9,14.2,NA
"16143","20180418:0000",-43.79393,171.9607,"Rakaia",1355,"Rakaia",100157,"Canterbury",1010,9.7,9.55,NA
"16144","20180419:0000",-43.79393,171.9607,"Rakaia",1355,"Rakaia",100157,"Canterbury",1010,7.2,12.6,NA
"16145","20180420:0000",-43.79393,171.9607,"Rakaia",1355,"Rakaia",100157,"Canterbury",1010,4,16.6,NA
"16146","20180421:0000",-43.79393,171.9607,"Rakaia",1355,"Rakaia",100157,"Canterbury",1010,5.8,11.7,NA
"16147","20180422:0000",-43.79393,171.9607,"Rakaia",1355,"Rakaia",100157,"Canterbury",1010,9,8.65,NA
"16148","20180423:0000",-43.79393,171.9607,"Rakaia",1355,"Rakaia",100157,"Canterbury",1010,4.3,9.5,NA
"16149","20180424:0000",-43.79393,171.9607,"Rakaia",1355,"Rakaia",100157,"Canterbury",1010,14.4,12.45,NA
"16150","20180425:0000",-43.79393,171.9607,"Rakaia",1355,"Rakaia",100157,"Canterbury",1010,7.9,9.7,NA
"16151","20180426:0000",-43.79393,171.9607,"Rakaia",1355,"Rakaia",100157,"Canterbury",1010,7.6,14,NA
"16152","20180427:0000",-43.79393,171.9607,"Rakaia",1355,"Rakaia",100157,"Canterbury",1010,6.1,14.45,NA
"16153","20180428:0000",-43.79393,171.9607,"Rakaia",1355,"Rakaia",100157,"Canterbury",1010,9.7,11.05,NA
"16154","20180429:0000",-43.79393,171.9607,"Rakaia",1355,"Rakaia",100157,"Canterbury",1010,27.4,10.3,NA
"16155","20180430:0000",-43.79393,171.9607,"Rakaia",1355,"Rakaia",100157,"Canterbury",1010,6.5,10.1,NA
"16156","20180501:0000",-43.79393,171.9607,"Rakaia",1355,"Rakaia",100157,"Canterbury",1010,7.2,9.75,NA
"16157","20180502:0000",-43.79393,171.9607,"Rakaia",1355,"Rakaia",100157,"Canterbury",1010,4.7,11.2,NA
"16158","20180503:0000",-43.79393,171.9607,"Rakaia",1355,"Rakaia",100157,"Canterbury",1010,5,10.45,NA
"16159","20180504:0000",-43.79393,171.9607,"Rakaia",1355,"Rakaia",100157,"Canterbury",1010,12.2,11.2,NA
"16160","20180505:0000",-43.79393,171.9607,"Rakaia",1355,"Rakaia",100157,"Canterbury",1010,7.2,13.55,NA
"16161","20180506:0000",-43.79393,171.9607,"Rakaia",1355,"Rakaia",100157,"Canterbury",1010,3.2,12.45,NA
"16162","20180507:0000",-43.79393,171.9607,"Rakaia",1355,"Rakaia",100157,"Canterbury",1010,18.7,12.05,NA
"16163","20180508:0000",-43.79393,171.9607,"Rakaia",1355,"Rakaia",100157,"Canterbury",1010,22,14.85,NA
"16164","20180509:0000",-43.79393,171.9607,"Rakaia",1355,"Rakaia",100157,"Canterbury",1010,11.2,14.85,NA
"16165","20180510:0000",-43.79393,171.9607,"Rakaia",1355,"Rakaia",100157,"Canterbury",1010,8.6,11.45,NA
"16166","20180511:0000",-43.79393,171.9607,"Rakaia",1355,"Rakaia",100157,"Canterbury",1010,6.1,12.75,NA
"16167","20180512:0000",-43.79393,171.9607,"Rakaia",1355,"Rakaia",100157,"Canterbury",1010,12.2,10.35,NA
"16168","20180513:0000",-43.79393,171.9607,"Rakaia",1355,"Rakaia",100157,"Canterbury",1010,2.5,7.65,NA
"16169","20180514:0000",-43.79393,171.9607,"Rakaia",1355,"Rakaia",100157,"Canterbury",1010,4,8.8,NA
"16170","20180515:0000",-43.79393,171.9607,"Rakaia",1355,"Rakaia",100157,"Canterbury",1010,2.2,8.4,NA
"16171","20180516:0000",-43.79393,171.9607,"Rakaia",1355,"Rakaia",100157,"Canterbury",1010,3.6,6.55,NA
"16172","20180517:0000",-43.79393,171.9607,"Rakaia",1355,"Rakaia",100157,"Canterbury",1010,5.8,8.4,NA
"16173","20180518:0000",-43.79393,171.9607,"Rakaia",1355,"Rakaia",100157,"Canterbury",1010,10.4,11.25,NA
"16174","20180519:0000",-43.79393,171.9607,"Rakaia",1355,"Rakaia",100157,"Canterbury",1010,3.6,10.45,NA
"16175","20180520:0000",-43.79393,171.9607,"Rakaia",1355,"Rakaia",100157,"Canterbury",1010,25.2,10.3,NA
"16176","20180521:0000",-43.79393,171.9607,"Rakaia",1355,"Rakaia",100157,"Canterbury",1010,7.9,9.1,NA
"16177","20180522:0000",-43.79393,171.9607,"Rakaia",1355,"Rakaia",100157,"Canterbury",1010,24.5,9.45,NA
"16178","20180523:0000",-43.79393,171.9607,"Rakaia",1355,"Rakaia",100157,"Canterbury",1010,9.4,7.05,NA
"16179","20180524:0000",-43.79393,171.9607,"Rakaia",1355,"Rakaia",100157,"Canterbury",1010,25.9,7.1,NA
"16180","20180525:0000",-43.79393,171.9607,"Rakaia",1355,"Rakaia",100157,"Canterbury",1010,6.1,5.4,NA
"16181","20180526:0000",-43.79393,171.9607,"Rakaia",1355,"Rakaia",100157,"Canterbury",1010,8.6,5.2,NA
"16182","20180527:0000",-43.79393,171.9607,"Rakaia",1355,"Rakaia",100157,"Canterbury",1010,9.4,6.45,NA
"16183","20180528:0000",-43.79393,171.9607,"Rakaia",1355,"Rakaia",100157,"Canterbury",1010,20.9,5.05,NA
"16184","20180529:0000",-43.79393,171.9607,"Rakaia",1355,"Rakaia",100157,"Canterbury",1010,9,5.25,NA
"16185","20180530:0000",-43.79393,171.9607,"Rakaia",1355,"Rakaia",100157,"Canterbury",1010,9.4,4.75,NA
"16186","20180531:0000",-43.79393,171.9607,"Rakaia",1355,"Rakaia",100157,"Canterbury",1010,6.5,4.3,NA
"16187","20180601:0000",-43.79393,171.9607,"Rakaia",1355,"Rakaia",100157,"Canterbury",1010,7.9,6.45,NA
"16188","20180602:0000",-43.79393,171.9607,"Rakaia",1355,"Rakaia",100157,"Canterbury",1010,8.6,5.5,NA
"16189","20180603:0000",-43.79393,171.9607,"Rakaia",1355,"Rakaia",100157,"Canterbury",1010,7.6,6.1,NA
"16190","20180604:0000",-43.79393,171.9607,"Rakaia",1355,"Rakaia",100157,"Canterbury",1010,8.6,6.6,NA
"16191","20180605:0000",-43.79393,171.9607,"Rakaia",1355,"Rakaia",100157,"Canterbury",1010,11.9,8.6,NA
"16192","20180606:0000",-43.79393,171.9607,"Rakaia",1355,"Rakaia",100157,"Canterbury",1010,19.8,5.75,NA
"16193","20180607:0000",-43.79393,171.9607,"Rakaia",1355,"Rakaia",100157,"Canterbury",1010,9.7,8.4,NA
"16194","20180608:0000",-43.79393,171.9607,"Rakaia",1355,"Rakaia",100157,"Canterbury",1010,6.5,9.05,NA
"16195","20180609:0000",-43.79393,171.9607,"Rakaia",1355,"Rakaia",100157,"Canterbury",1010,4.3,8.95,NA
"16196","20180610:0000",-43.79393,171.9607,"Rakaia",1355,"Rakaia",100157,"Canterbury",1010,5.8,8.85,NA
"16197","20180611:0000",-43.79393,171.9607,"Rakaia",1355,"Rakaia",100157,"Canterbury",1010,6.5,8.05,NA
"16198","20180612:0000",-43.79393,171.9607,"Rakaia",1355,"Rakaia",100157,"Canterbury",1010,2.9,6.3,NA
"16199","20180613:0000",-43.79393,171.9607,"Rakaia",1355,"Rakaia",100157,"Canterbury",1010,15.8,7.75,NA
"16200","20180614:0000",-43.79393,171.9607,"Rakaia",1355,"Rakaia",100157,"Canterbury",1010,9.4,NA,NA
"16201","20180615:0000",-43.79393,171.9607,"Rakaia",1355,"Rakaia",100157,"Canterbury",1010,NA,NA,NA
"16202","20180616:0000",-43.79393,171.9607,"Rakaia",1355,"Rakaia",100157,"Canterbury",1010,6.5,9.35,NA
"16203","20180617:0000",-43.79393,171.9607,"Rakaia",1355,"Rakaia",100157,"Canterbury",1010,5.8,7.65,NA
"16204","20180618:0000",-43.79393,171.9607,"Rakaia",1355,"Rakaia",100157,"Canterbury",1010,4.7,6.15,NA
"16205","20180619:0000",-43.79393,171.9607,"Rakaia",1355,"Rakaia",100157,"Canterbury",1010,12.2,7.35,NA
"16206","20180620:0000",-43.79393,171.9607,"Rakaia",1355,"Rakaia",100157,"Canterbury",1010,5.8,7.5,NA
"16207","20180621:0000",-43.79393,171.9607,"Rakaia",1355,"Rakaia",100157,"Canterbury",1010,5,5.3,NA
"16208","20180622:0000",-43.79393,171.9607,"Rakaia",1355,"Rakaia",100157,"Canterbury",1010,5,2.8,NA
"16209","20180623:0000",-43.79393,171.9607,"Rakaia",1355,"Rakaia",100157,"Canterbury",1010,6.5,4.15,NA
"16210","20180624:0000",-43.79393,171.9607,"Rakaia",1355,"Rakaia",100157,"Canterbury",1010,13.3,6.7,NA
"16211","20180625:0000",-43.79393,171.9607,"Rakaia",1355,"Rakaia",100157,"Canterbury",1010,7.9,6.45,NA
"16212","20180626:0000",-43.79393,171.9607,"Rakaia",1355,"Rakaia",100157,"Canterbury",1010,10.1,4.75,NA
"16213","20180627:0000",-43.79393,171.9607,"Rakaia",1355,"Rakaia",100157,"Canterbury",1010,10.8,6.8,NA
"16214","20180628:0000",-43.79393,171.9607,"Rakaia",1355,"Rakaia",100157,"Canterbury",1010,6.8,7.7,NA
"16215","20180629:0000",-43.79393,171.9607,"Rakaia",1355,"Rakaia",100157,"Canterbury",1010,8.6,6.25,NA
"16216","20180630:0000",-43.79393,171.9607,"Rakaia",1355,"Rakaia",100157,"Canterbury",1010,9,5.6,NA
"16217","20180701:0000",-43.79393,171.9607,"Rakaia",1355,"Rakaia",100157,"Canterbury",1010,11.5,8.55,NA
"16218","20180702:0000",-43.79393,171.9607,"Rakaia",1355,"Rakaia",100157,"Canterbury",1010,9.4,9,NA
"16219","20180703:0000",-43.79393,171.9607,"Rakaia",1355,"Rakaia",100157,"Canterbury",1010,7.9,4.9,NA
"16220","20180704:0000",-43.79393,171.9607,"Rakaia",1355,"Rakaia",100157,"Canterbury",1010,5.8,6.85,NA
"16221","20180705:0000",-43.79393,171.9607,"Rakaia",1355,"Rakaia",100157,"Canterbury",1010,5.8,5.05,NA
"16222","20180706:0000",-43.79393,171.9607,"Rakaia",1355,"Rakaia",100157,"Canterbury",1010,5.8,9.3,NA
"16223","20180707:0000",-43.79393,171.9607,"Rakaia",1355,"Rakaia",100157,"Canterbury",1010,29.9,13.3,NA
"16224","20180708:0000",-43.79393,171.9607,"Rakaia",1355,"Rakaia",100157,"Canterbury",1010,10.1,10.1,NA
"16225","20180709:0000",-43.79393,171.9607,"Rakaia",1355,"Rakaia",100157,"Canterbury",1010,11.9,10.45,NA
"16226","20180710:0000",-43.79393,171.9607,"Rakaia",1355,"Rakaia",100157,"Canterbury",1010,6.8,6.6,NA
"16227","20180711:0000",-43.79393,171.9607,"Rakaia",1355,"Rakaia",100157,"Canterbury",1010,8.6,6.8,NA
"16228","20180712:0000",-43.79393,171.9607,"Rakaia",1355,"Rakaia",100157,"Canterbury",1010,6.1,6.5,NA
"16229","20180713:0000",-43.79393,171.9607,"Rakaia",1355,"Rakaia",100157,"Canterbury",1010,5,4.25,NA
"16230","20180714:0000",-43.79393,171.9607,"Rakaia",1355,"Rakaia",100157,"Canterbury",1010,8.3,6.05,NA
"16231","20180715:0000",-43.79393,171.9607,"Rakaia",1355,"Rakaia",100157,"Canterbury",1010,4,4.5,NA
"16232","20180716:0000",-43.79393,171.9607,"Rakaia",1355,"Rakaia",100157,"Canterbury",1010,3.2,7.85,NA
"16233","20180717:0000",-43.79393,171.9607,"Rakaia",1355,"Rakaia",100157,"Canterbury",1010,7.6,11.05,NA
"16234","20180718:0000",-43.79393,171.9607,"Rakaia",1355,"Rakaia",100157,"Canterbury",1010,10.1,8,NA
"16235","20180719:0000",-43.79393,171.9607,"Rakaia",1355,"Rakaia",100157,"Canterbury",1010,6.1,6.2,NA
"16236","20180720:0000",-43.79393,171.9607,"Rakaia",1355,"Rakaia",100157,"Canterbury",1010,6.8,6.85,NA
"16237","20180721:0000",-43.79393,171.9607,"Rakaia",1355,"Rakaia",100157,"Canterbury",1010,17.3,10.4,NA
"16238","20180722:0000",-43.79393,171.9607,"Rakaia",1355,"Rakaia",100157,"Canterbury",1010,21.6,10.4,NA
"16239","20180723:0000",-43.79393,171.9607,"Rakaia",1355,"Rakaia",100157,"Canterbury",1010,13,7.3,NA
"16240","20180724:0000",-43.79393,171.9607,"Rakaia",1355,"Rakaia",100157,"Canterbury",1010,11.5,6.15,NA
"16241","20180725:0000",-43.79393,171.9607,"Rakaia",1355,"Rakaia",100157,"Canterbury",1010,2.5,3.9,NA
"16242","20180726:0000",-43.79393,171.9607,"Rakaia",1355,"Rakaia",100157,"Canterbury",1010,9,5.3,NA
"16243","20180727:0000",-43.79393,171.9607,"Rakaia",1355,"Rakaia",100157,"Canterbury",1010,10.4,8.3,NA
"16244","20180728:0000",-43.79393,171.9607,"Rakaia",1355,"Rakaia",100157,"Canterbury",1010,17.3,9.35,NA
"16245","20180729:0000",-43.79393,171.9607,"Rakaia",1355,"Rakaia",100157,"Canterbury",1010,6.1,7.4,NA
"16246","20180730:0000",-43.79393,171.9607,"Rakaia",1355,"Rakaia",100157,"Canterbury",1010,7.9,4.85,NA
"16247","20180731:0000",-43.79393,171.9607,"Rakaia",1355,"Rakaia",100157,"Canterbury",1010,15.8,9.2,NA
"16248","20180801:0000",-43.79393,171.9607,"Rakaia",1355,"Rakaia",100157,"Canterbury",1010,13,11.65,NA
"16249","20180802:0000",-43.79393,171.9607,"Rakaia",1355,"Rakaia",100157,"Canterbury",1010,9,9.95,NA
"16250","20180803:0000",-43.79393,171.9607,"Rakaia",1355,"Rakaia",100157,"Canterbury",1010,9,6.75,NA
"16251","20180804:0000",-43.79393,171.9607,"Rakaia",1355,"Rakaia",100157,"Canterbury",1010,9.7,8.15,NA
"16252","20180805:0000",-43.79393,171.9607,"Rakaia",1355,"Rakaia",100157,"Canterbury",1010,6.5,5.4,NA
"16253","20180806:0000",-43.79393,171.9607,"Rakaia",1355,"Rakaia",100157,"Canterbury",1010,8.6,7.05,NA
"16254","20180807:0000",-43.79393,171.9607,"Rakaia",1355,"Rakaia",100157,"Canterbury",1010,14.4,10.2,NA
"16255","20180808:0000",-43.79393,171.9607,"Rakaia",1355,"Rakaia",100157,"Canterbury",1010,10.4,10.5,NA
"16256","20180809:0000",-43.79393,171.9607,"Rakaia",1355,"Rakaia",100157,"Canterbury",1010,7.2,8.55,NA
"16257","20180810:0000",-43.79393,171.9607,"Rakaia",1355,"Rakaia",100157,"Canterbury",1010,5.8,8.75,NA
"16258","20180811:0000",-43.79393,171.9607,"Rakaia",1355,"Rakaia",100157,"Canterbury",1010,5.8,6.2,NA
"16259","20180812:0000",-43.79393,171.9607,"Rakaia",1355,"Rakaia",100157,"Canterbury",1010,22.3,8.5,NA
"16260","20180813:0000",-43.79393,171.9607,"Rakaia",1355,"Rakaia",100157,"Canterbury",1010,7.2,11.1,NA
"16261","20180814:0000",-43.79393,171.9607,"Rakaia",1355,"Rakaia",100157,"Canterbury",1010,9,5.95,NA
"16262","20180815:0000",-43.79393,171.9607,"Rakaia",1355,"Rakaia",100157,"Canterbury",1010,7.9,7.95,NA
"16263","20180816:0000",-43.79393,171.9607,"Rakaia",1355,"Rakaia",100157,"Canterbury",1010,21.2,10.85,NA
"16264","20180817:0000",-43.79393,171.9607,"Rakaia",1355,"Rakaia",100157,"Canterbury",1010,8.3,7.3,NA
"16265","20180818:0000",-43.79393,171.9607,"Rakaia",1355,"Rakaia",100157,"Canterbury",1010,9.4,7,NA
"16266","20180819:0000",-43.79393,171.9607,"Rakaia",1355,"Rakaia",100157,"Canterbury",1010,5,4.05,NA
"16267","20180820:0000",-43.79393,171.9607,"Rakaia",1355,"Rakaia",100157,"Canterbury",1010,6.5,7.7,NA
"16268","20180821:0000",-43.79393,171.9607,"Rakaia",1355,"Rakaia",100157,"Canterbury",1010,5.8,6.2,NA
"16269","20180822:0000",-43.79393,171.9607,"Rakaia",1355,"Rakaia",100157,"Canterbury",1010,5.8,7.85,NA
"16270","20180823:0000",-43.79393,171.9607,"Rakaia",1355,"Rakaia",100157,"Canterbury",1010,11.5,7.3,NA
"16271","20180824:0000",-43.79393,171.9607,"Rakaia",1355,"Rakaia",100157,"Canterbury",1010,11.5,7.55,NA
"16272","20180825:0000",-43.79393,171.9607,"Rakaia",1355,"Rakaia",100157,"Canterbury",1010,11.9,6.35,NA
"16273","20180826:0000",-43.79393,171.9607,"Rakaia",1355,"Rakaia",100157,"Canterbury",1010,5,9.3,NA
"16274","20180827:0000",-43.79393,171.9607,"Rakaia",1355,"Rakaia",100157,"Canterbury",1010,7.9,8.95,NA
"16275","20180828:0000",-43.79393,171.9607,"Rakaia",1355,"Rakaia",100157,"Canterbury",1010,9.7,8.05,NA
"16276","20180829:0000",-43.79393,171.9607,"Rakaia",1355,"Rakaia",100157,"Canterbury",1010,7.2,8.5,NA
"16277","20180830:0000",-43.79393,171.9607,"Rakaia",1355,"Rakaia",100157,"Canterbury",1010,5,9.1,NA
"16278","20180831:0000",-43.79393,171.9607,"Rakaia",1355,"Rakaia",100157,"Canterbury",1010,14,6.7,NA
"16279","20180901:0000",-43.79393,171.9607,"Rakaia",1355,"Rakaia",100157,"Canterbury",1010,6.5,7.45,NA
"16280","20180902:0000",-43.79393,171.9607,"Rakaia",1355,"Rakaia",100157,"Canterbury",1010,5,7.85,NA
"16281","20180903:0000",-43.79393,171.9607,"Rakaia",1355,"Rakaia",100157,"Canterbury",1010,32,7.5,NA
"16282","20180904:0000",-43.79393,171.9607,"Rakaia",1355,"Rakaia",100157,"Canterbury",1010,15.1,7.45,NA
"16283","20180905:0000",-43.79393,171.9607,"Rakaia",1355,"Rakaia",100157,"Canterbury",1010,5,5.1,NA
"16284","20180906:0000",-43.79393,171.9607,"Rakaia",1355,"Rakaia",100157,"Canterbury",1010,6.1,5.15,NA
"16285","20180907:0000",-43.79393,171.9607,"Rakaia",1355,"Rakaia",100157,"Canterbury",1010,4.7,4.45,NA
"16286","20180908:0000",-43.79393,171.9607,"Rakaia",1355,"Rakaia",100157,"Canterbury",1010,2.2,3.75,NA
"16287","20180909:0000",-43.79393,171.9607,"Rakaia",1355,"Rakaia",100157,"Canterbury",1010,5,5,NA
"16288","20180910:0000",-43.79393,171.9607,"Rakaia",1355,"Rakaia",100157,"Canterbury",1010,3.6,5.1,NA
"16289","20180911:0000",-43.79393,171.9607,"Rakaia",1355,"Rakaia",100157,"Canterbury",1010,5.4,9.8,NA
"16290","20180912:0000",-43.79393,171.9607,"Rakaia",1355,"Rakaia",100157,"Canterbury",1010,5,9.25,NA
"16291","20180913:0000",-43.79393,171.9607,"Rakaia",1355,"Rakaia",100157,"Canterbury",1010,11.5,13.1,NA
"16292","20180914:0000",-43.79393,171.9607,"Rakaia",1355,"Rakaia",100157,"Canterbury",1010,11.5,13.1,NA
"16293","20180915:0000",-43.79393,171.9607,"Rakaia",1355,"Rakaia",100157,"Canterbury",1010,10.4,13.45,NA
"16294","20180916:0000",-43.79393,171.9607,"Rakaia",1355,"Rakaia",100157,"Canterbury",1010,24.1,14.05,NA
"16295","20180917:0000",-43.79393,171.9607,"Rakaia",1355,"Rakaia",100157,"Canterbury",1010,14.8,10.15,NA
"16296","20180918:0000",-43.79393,171.9607,"Rakaia",1355,"Rakaia",100157,"Canterbury",1010,5.8,9.25,NA
"16297","20180919:0000",-43.79393,171.9607,"Rakaia",1355,"Rakaia",100157,"Canterbury",1010,15.8,10.4,NA
"16298","20180920:0000",-43.79393,171.9607,"Rakaia",1355,"Rakaia",100157,"Canterbury",1010,7.2,10.75,NA
"16299","20180921:0000",-43.79393,171.9607,"Rakaia",1355,"Rakaia",100157,"Canterbury",1010,8.3,9.05,NA
"16300","20180922:0000",-43.79393,171.9607,"Rakaia",1355,"Rakaia",100157,"Canterbury",1010,5.4,8.95,NA
"16301","20180923:0000",-43.79393,171.9607,"Rakaia",1355,"Rakaia",100157,"Canterbury",1010,14.8,11.9,NA
"16302","20180924:0000",-43.79393,171.9607,"Rakaia",1355,"Rakaia",100157,"Canterbury",1010,5.8,9,NA
"16303","20180925:0000",-43.79393,171.9607,"Rakaia",1355,"Rakaia",100157,"Canterbury",1010,20.9,9.45,NA
"16304","20180926:0000",-43.79393,171.9607,"Rakaia",1355,"Rakaia",100157,"Canterbury",1010,14.4,6.7,NA
"16305","20180927:0000",-43.79393,171.9607,"Rakaia",1355,"Rakaia",100157,"Canterbury",1010,10.8,7.85,NA
"16306","20180928:0000",-43.79393,171.9607,"Rakaia",1355,"Rakaia",100157,"Canterbury",1010,7.2,7.45,NA
"16307","20180929:0000",-43.79393,171.9607,"Rakaia",1355,"Rakaia",100157,"Canterbury",1010,9,11.15,NA
"16308","20180930:0000",-43.79393,171.9607,"Rakaia",1355,"Rakaia",100157,"Canterbury",1010,11.5,11.5,NA
"16309","20181001:0000",-43.79393,171.9607,"Rakaia",1355,"Rakaia",100157,"Canterbury",1010,11.5,9.55,NA
"16310","20181002:0000",-43.79393,171.9607,"Rakaia",1355,"Rakaia",100157,"Canterbury",1010,4.7,10.35,NA
"16311","20181003:0000",-43.79393,171.9607,"Rakaia",1355,"Rakaia",100157,"Canterbury",1010,2.9,9.05,NA
"16312","20181004:0000",-43.79393,171.9607,"Rakaia",1355,"Rakaia",100157,"Canterbury",1010,7.2,12.25,NA
"16313","20181005:0000",-43.79393,171.9607,"Rakaia",1355,"Rakaia",100157,"Canterbury",1010,4.3,9.9,NA
"16314","20181006:0000",-43.79393,171.9607,"Rakaia",1355,"Rakaia",100157,"Canterbury",1010,11.2,7.6,NA
"16315","20181007:0000",-43.79393,171.9607,"Rakaia",1355,"Rakaia",100157,"Canterbury",1010,9.4,12.4,NA
"16316","20181008:0000",-43.79393,171.9607,"Rakaia",1355,"Rakaia",100157,"Canterbury",1010,4.7,10.6,NA
"16317","20181009:0000",-43.79393,171.9607,"Rakaia",1355,"Rakaia",100157,"Canterbury",1010,6.5,9.9,NA
"16318","20181010:0000",-43.79393,171.9607,"Rakaia",1355,"Rakaia",100157,"Canterbury",1010,26.6,13.5,NA
"16319","20181011:0000",-43.79393,171.9607,"Rakaia",1355,"Rakaia",100157,"Canterbury",1010,2.2,8.95,NA
"16320","20181012:0000",-43.79393,171.9607,"Rakaia",1355,"Rakaia",100157,"Canterbury",1010,29.2,6.8,NA
"16321","20181013:0000",-43.79393,171.9607,"Rakaia",1355,"Rakaia",100157,"Canterbury",1010,14.8,7.9,NA
"16322","20181014:0000",-43.79393,171.9607,"Rakaia",1355,"Rakaia",100157,"Canterbury",1010,16.6,8.45,NA
"16323","20181015:0000",-43.79393,171.9607,"Rakaia",1355,"Rakaia",100157,"Canterbury",1010,3.6,6.05,NA
"16324","20181016:0000",-43.79393,171.9607,"Rakaia",1355,"Rakaia",100157,"Canterbury",1010,5.8,9.55,NA
"16325","20181017:0000",-43.79393,171.9607,"Rakaia",1355,"Rakaia",100157,"Canterbury",1010,11.9,14.55,NA
"16326","20181018:0000",-43.79393,171.9607,"Rakaia",1355,"Rakaia",100157,"Canterbury",1010,9,13.4,NA
"16327","20181019:0000",-43.79393,171.9607,"Rakaia",1355,"Rakaia",100157,"Canterbury",1010,10.1,17.05,NA
"16328","20181020:0000",-43.79393,171.9607,"Rakaia",1355,"Rakaia",100157,"Canterbury",1010,5.4,15.45,NA
"16329","20181021:0000",-43.79393,171.9607,"Rakaia",1355,"Rakaia",100157,"Canterbury",1010,9,15.55,NA
"16330","20181022:0000",-43.79393,171.9607,"Rakaia",1355,"Rakaia",100157,"Canterbury",1010,4,15.05,NA
"16331","20181023:0000",-43.79393,171.9607,"Rakaia",1355,"Rakaia",100157,"Canterbury",1010,7.2,17.45,NA
"16332","20181024:0000",-43.79393,171.9607,"Rakaia",1355,"Rakaia",100157,"Canterbury",1010,10.1,18.55,NA
"16333","20181025:0000",-43.79393,171.9607,"Rakaia",1355,"Rakaia",100157,"Canterbury",1010,21.6,9.9,NA
"16334","20181026:0000",-43.79393,171.9607,"Rakaia",1355,"Rakaia",100157,"Canterbury",1010,9.7,9.5,NA
"16335","20181027:0000",-43.79393,171.9607,"Rakaia",1355,"Rakaia",100157,"Canterbury",1010,10.1,13.2,NA
"16336","20181028:0000",-43.79393,171.9607,"Rakaia",1355,"Rakaia",100157,"Canterbury",1010,11.9,10.45,NA
"16337","20181029:0000",-43.79393,171.9607,"Rakaia",1355,"Rakaia",100157,"Canterbury",1010,8.6,10.65,NA
"16338","20181030:0000",-43.79393,171.9607,"Rakaia",1355,"Rakaia",100157,"Canterbury",1010,13,10.55,NA
"16339","20181031:0000",-43.79393,171.9607,"Rakaia",1355,"Rakaia",100157,"Canterbury",1010,9.4,9.75,NA
"16340","20181101:0000",-43.79393,171.9607,"Rakaia",1355,"Rakaia",100157,"Canterbury",1010,17.3,10.95,NA
"16341","20181102:0000",-43.79393,171.9607,"Rakaia",1355,"Rakaia",100157,"Canterbury",1010,6.5,10.2,NA
"16342","20181103:0000",-43.79393,171.9607,"Rakaia",1355,"Rakaia",100157,"Canterbury",1010,29.5,19.6,NA
"16343","20181104:0000",-43.79393,171.9607,"Rakaia",1355,"Rakaia",100157,"Canterbury",1010,13,13.25,NA
"16344","20181105:0000",-43.79393,171.9607,"Rakaia",1355,"Rakaia",100157,"Canterbury",1010,5,14.8,NA
"16345","20181106:0000",-43.79393,171.9607,"Rakaia",1355,"Rakaia",100157,"Canterbury",1010,13,14.45,NA
"16346","20181107:0000",-43.79393,171.9607,"Rakaia",1355,"Rakaia",100157,"Canterbury",1010,22.7,16.25,NA
"16347","20181108:0000",-43.79393,171.9607,"Rakaia",1355,"Rakaia",100157,"Canterbury",1010,18,20.1,NA
"16348","20181109:0000",-43.79393,171.9607,"Rakaia",1355,"Rakaia",100157,"Canterbury",1010,15.8,7.8,NA
"16349","20181110:0000",-43.79393,171.9607,"Rakaia",1355,"Rakaia",100157,"Canterbury",1010,7.2,7.85,NA
"16350","20181111:0000",-43.79393,171.9607,"Rakaia",1355,"Rakaia",100157,"Canterbury",1010,11.2,13,NA
"16351","20181112:0000",-43.79393,171.9607,"Rakaia",1355,"Rakaia",100157,"Canterbury",1010,6.5,13.4,NA
"16352","20181113:0000",-43.79393,171.9607,"Rakaia",1355,"Rakaia",100157,"Canterbury",1010,7.6,13,NA
"16353","20181114:0000",-43.79393,171.9607,"Rakaia",1355,"Rakaia",100157,"Canterbury",1010,15.5,15.05,NA
"16354","20181115:0000",-43.79393,171.9607,"Rakaia",1355,"Rakaia",100157,"Canterbury",1010,5.8,16.9,NA
"16355","20181116:0000",-43.79393,171.9607,"Rakaia",1355,"Rakaia",100157,"Canterbury",1010,21.6,15.25,NA
"16356","20181117:0000",-43.79393,171.9607,"Rakaia",1355,"Rakaia",100157,"Canterbury",1010,7.6,14.7,NA
"16357","20181118:0000",-43.79393,171.9607,"Rakaia",1355,"Rakaia",100157,"Canterbury",1010,14,15,NA
"16358","20181119:0000",-43.79393,171.9607,"Rakaia",1355,"Rakaia",100157,"Canterbury",1010,12.2,6.2,NA
"16359","20181120:0000",-43.79393,171.9607,"Rakaia",1355,"Rakaia",100157,"Canterbury",1010,13.7,7.7,NA
"16360","20181121:0000",-43.79393,171.9607,"Rakaia",1355,"Rakaia",100157,"Canterbury",1010,15.1,8.55,NA
"16361","20181122:0000",-43.79393,171.9607,"Rakaia",1355,"Rakaia",100157,"Canterbury",1010,7.9,12.7,NA
"16362","20181123:0000",-43.79393,171.9607,"Rakaia",1355,"Rakaia",100157,"Canterbury",1010,4.3,12.05,NA
"16363","20181124:0000",-43.79393,171.9607,"Rakaia",1355,"Rakaia",100157,"Canterbury",1010,6.1,14.75,NA
"16364","20181125:0000",-43.79393,171.9607,"Rakaia",1355,"Rakaia",100157,"Canterbury",1010,10.8,14.4,NA
"16365","20181126:0000",-43.79393,171.9607,"Rakaia",1355,"Rakaia",100157,"Canterbury",1010,13,13.15,NA
"16366","20181127:0000",-43.79393,171.9607,"Rakaia",1355,"Rakaia",100157,"Canterbury",1010,7.9,12.45,NA
"16367","20181128:0000",-43.79393,171.9607,"Rakaia",1355,"Rakaia",100157,"Canterbury",1010,9,14.05,NA
"16368","20181129:0000",-43.79393,171.9607,"Rakaia",1355,"Rakaia",100157,"Canterbury",1010,11.2,13.8,NA
"16369","20181130:0000",-43.79393,171.9607,"Rakaia",1355,"Rakaia",100157,"Canterbury",1010,11.2,12.1,NA
"16370","20181201:0000",-43.79393,171.9607,"Rakaia",1355,"Rakaia",100157,"Canterbury",1010,8.3,16.65,NA
"16371","20181202:0000",-43.79393,171.9607,"Rakaia",1355,"Rakaia",100157,"Canterbury",1010,6.1,16.2,NA
"16372","20181203:0000",-43.79393,171.9607,"Rakaia",1355,"Rakaia",100157,"Canterbury",1010,10.8,17.15,NA
"16373","20181204:0000",-43.79393,171.9607,"Rakaia",1355,"Rakaia",100157,"Canterbury",1010,14,18.25,NA
"16374","20181205:0000",-43.79393,171.9607,"Rakaia",1355,"Rakaia",100157,"Canterbury",1010,15.1,15.3,NA
"16375","20181206:0000",-43.79393,171.9607,"Rakaia",1355,"Rakaia",100157,"Canterbury",1010,14.8,11.5,NA
"16376","20181207:0000",-43.79393,171.9607,"Rakaia",1355,"Rakaia",100157,"Canterbury",1010,8.6,13.15,NA
"16377","20181208:0000",-43.79393,171.9607,"Rakaia",1355,"Rakaia",100157,"Canterbury",1010,9.4,15.6,NA
"16378","20181209:0000",-43.79393,171.9607,"Rakaia",1355,"Rakaia",100157,"Canterbury",1010,9.4,19.3,NA
"16379","20181210:0000",-43.79393,171.9607,"Rakaia",1355,"Rakaia",100157,"Canterbury",1010,9,12.9,NA
"16380","20181211:0000",-43.79393,171.9607,"Rakaia",1355,"Rakaia",100157,"Canterbury",1010,10.1,12.6,NA
"16381","20181212:0000",-43.79393,171.9607,"Rakaia",1355,"Rakaia",100157,"Canterbury",1010,5.4,15.1,NA
"16382","20181213:0000",-43.79393,171.9607,"Rakaia",1355,"Rakaia",100157,"Canterbury",1010,5.4,14.85,NA
"16383","20181214:0000",-43.79393,171.9607,"Rakaia",1355,"Rakaia",100157,"Canterbury",1010,8.6,17.3,NA
"16384","20181215:0000",-43.79393,171.9607,"Rakaia",1355,"Rakaia",100157,"Canterbury",1010,13,14.5,NA
"16385","20181216:0000",-43.79393,171.9607,"Rakaia",1355,"Rakaia",100157,"Canterbury",1010,6.5,15.9,NA
"16386","20181217:0000",-43.79393,171.9607,"Rakaia",1355,"Rakaia",100157,"Canterbury",1010,6.5,18.75,NA
"16387","20181218:0000",-43.79393,171.9607,"Rakaia",1355,"Rakaia",100157,"Canterbury",1010,11.2,19.9,NA
"16388","20181219:0000",-43.79393,171.9607,"Rakaia",1355,"Rakaia",100157,"Canterbury",1010,12.6,12.35,NA
"16389","20181220:0000",-43.79393,171.9607,"Rakaia",1355,"Rakaia",100157,"Canterbury",1010,9.4,11.45,NA
"16390","20181221:0000",-43.79393,171.9607,"Rakaia",1355,"Rakaia",100157,"Canterbury",1010,10.8,12.6,NA
"16391","20181222:0000",-43.79393,171.9607,"Rakaia",1355,"Rakaia",100157,"Canterbury",1010,4.3,12.95,NA
"16392","20181223:0000",-43.79393,171.9607,"Rakaia",1355,"Rakaia",100157,"Canterbury",1010,8.3,12.8,NA
"16393","20181224:0000",-43.79393,171.9607,"Rakaia",1355,"Rakaia",100157,"Canterbury",1010,14.4,13.65,NA
"16394","20181225:0000",-43.79393,171.9607,"Rakaia",1355,"Rakaia",100157,"Canterbury",1010,14.4,17.65,NA
"16395","20181226:0000",-43.79393,171.9607,"Rakaia",1355,"Rakaia",100157,"Canterbury",1010,9.7,14.8,NA
"16396","20181227:0000",-43.79393,171.9607,"Rakaia",1355,"Rakaia",100157,"Canterbury",1010,5,14.6,NA
"16397","20181228:0000",-43.79393,171.9607,"Rakaia",1355,"Rakaia",100157,"Canterbury",1010,13,16.45,NA
"16398","20181229:0000",-43.79393,171.9607,"Rakaia",1355,"Rakaia",100157,"Canterbury",1010,6.8,20.65,NA
"16399","20181230:0000",-43.79393,171.9607,"Rakaia",1355,"Rakaia",100157,"Canterbury",1010,21.6,21.55,NA
"16400","20181231:0000",-43.79393,171.9607,"Rakaia",1355,"Rakaia",100157,"Canterbury",1010,8.3,18.05,NA
"16401","20190101:0000",-43.79393,171.9607,"Rakaia",1355,"Rakaia",100157,"Canterbury",1010,3.6,19.25,NA
"16402","20190102:0000",-43.79393,171.9607,"Rakaia",1355,"Rakaia",100157,"Canterbury",1010,20.9,21.45,NA
"16403","20190103:0000",-43.79393,171.9607,"Rakaia",1355,"Rakaia",100157,"Canterbury",1010,4,18.9,NA
"16404","20190104:0000",-43.79393,171.9607,"Rakaia",1355,"Rakaia",100157,"Canterbury",1010,8.3,15.15,NA
"16405","20190105:0000",-43.79393,171.9607,"Rakaia",1355,"Rakaia",100157,"Canterbury",1010,17.3,21.85,NA
"16406","20190106:0000",-43.79393,171.9607,"Rakaia",1355,"Rakaia",100157,"Canterbury",1010,18.7,15.25,NA
"16407","20190107:0000",-43.79393,171.9607,"Rakaia",1355,"Rakaia",100157,"Canterbury",1010,11.2,16.85,NA
"16408","20190108:0000",-43.79393,171.9607,"Rakaia",1355,"Rakaia",100157,"Canterbury",1010,8.6,15.35,NA
"16409","20190109:0000",-43.79393,171.9607,"Rakaia",1355,"Rakaia",100157,"Canterbury",1010,18,20.7,NA
"16410","20190110:0000",-43.79393,171.9607,"Rakaia",1355,"Rakaia",100157,"Canterbury",1010,11.5,20.4,NA
"16411","20190111:0000",-43.79393,171.9607,"Rakaia",1355,"Rakaia",100157,"Canterbury",1010,14.4,13.3,NA
"16412","20190112:0000",-43.79393,171.9607,"Rakaia",1355,"Rakaia",100157,"Canterbury",1010,6.5,14.2,NA
"16413","20190113:0000",-43.79393,171.9607,"Rakaia",1355,"Rakaia",100157,"Canterbury",1010,11.5,17.85,NA
"16414","20190114:0000",-43.79393,171.9607,"Rakaia",1355,"Rakaia",100157,"Canterbury",1010,17.6,13.6,NA
"16415","20190115:0000",-43.79393,171.9607,"Rakaia",1355,"Rakaia",100157,"Canterbury",1010,3.2,13.8,NA
"16416","20190116:0000",-43.79393,171.9607,"Rakaia",1355,"Rakaia",100157,"Canterbury",1010,8.6,14.8,NA
"16417","20190117:0000",-43.79393,171.9607,"Rakaia",1355,"Rakaia",100157,"Canterbury",1010,11.5,18.85,NA
"16418","20190118:0000",-43.79393,171.9607,"Rakaia",1355,"Rakaia",100157,"Canterbury",1010,10.1,16.5,NA
"16419","20190119:0000",-43.79393,171.9607,"Rakaia",1355,"Rakaia",100157,"Canterbury",1010,16.9,22.3,NA
"16420","20190120:0000",-43.79393,171.9607,"Rakaia",1355,"Rakaia",100157,"Canterbury",1010,8.6,17.3,NA
"16421","20190121:0000",-43.79393,171.9607,"Rakaia",1355,"Rakaia",100157,"Canterbury",1010,5.4,19.3,NA
"16422","20190122:0000",-43.79393,171.9607,"Rakaia",1355,"Rakaia",100157,"Canterbury",1010,8.3,19.5,NA
"16423","20190123:0000",-43.79393,171.9607,"Rakaia",1355,"Rakaia",100157,"Canterbury",1010,17.3,22.85,NA
"16424","20190124:0000",-43.79393,171.9607,"Rakaia",1355,"Rakaia",100157,"Canterbury",1010,5.8,11.2,NA
"16425","20190125:0000",-43.79393,171.9607,"Rakaia",1355,"Rakaia",100157,"Canterbury",1010,3.6,13.95,NA
"16426","20190126:0000",-43.79393,171.9607,"Rakaia",1355,"Rakaia",100157,"Canterbury",1010,10.8,19,NA
"16427","20190127:0000",-43.79393,171.9607,"Rakaia",1355,"Rakaia",100157,"Canterbury",1010,13,20.75,NA
"16428","20190128:0000",-43.79393,171.9607,"Rakaia",1355,"Rakaia",100157,"Canterbury",1010,14.4,20.15,NA
"16429","20190129:0000",-43.79393,171.9607,"Rakaia",1355,"Rakaia",100157,"Canterbury",1010,11.9,19.05,NA
"16430","20190130:0000",-43.79393,171.9607,"Rakaia",1355,"Rakaia",100157,"Canterbury",1010,5,22,NA
"16431","20190131:0000",-43.79393,171.9607,"Rakaia",1355,"Rakaia",100157,"Canterbury",1010,9.7,23.15,NA
"16432","20190201:0000",-43.79393,171.9607,"Rakaia",1355,"Rakaia",100157,"Canterbury",1010,47.5,23.65,NA
"16433","20190202:0000",-43.79393,171.9607,"Rakaia",1355,"Rakaia",100157,"Canterbury",1010,4,13.55,NA
"16434","20190203:0000",-43.79393,171.9607,"Rakaia",1355,"Rakaia",100157,"Canterbury",1010,10.8,16.85,NA
"16435","20190204:0000",-43.79393,171.9607,"Rakaia",1355,"Rakaia",100157,"Canterbury",1010,4,20.8,NA
"16436","20190205:0000",-43.79393,171.9607,"Rakaia",1355,"Rakaia",100157,"Canterbury",1010,9.4,19.6,NA
"16437","20190206:0000",-43.79393,171.9607,"Rakaia",1355,"Rakaia",100157,"Canterbury",1010,7.2,12,NA
"16438","20190207:0000",-43.79393,171.9607,"Rakaia",1355,"Rakaia",100157,"Canterbury",1010,4.3,11.4,NA
"16439","20190208:0000",-43.79393,171.9607,"Rakaia",1355,"Rakaia",100157,"Canterbury",1010,15.1,15.95,NA
"16440","20190209:0000",-43.79393,171.9607,"Rakaia",1355,"Rakaia",100157,"Canterbury",1010,5.8,19.6,NA
"16441","20190210:0000",-43.79393,171.9607,"Rakaia",1355,"Rakaia",100157,"Canterbury",1010,7.9,21.9,NA
"16442","20190211:0000",-43.79393,171.9607,"Rakaia",1355,"Rakaia",100157,"Canterbury",1010,9,19.4,NA
"16443","20190212:0000",-43.79393,171.9607,"Rakaia",1355,"Rakaia",100157,"Canterbury",1010,10.8,20.65,NA
"16444","20190213:0000",-43.79393,171.9607,"Rakaia",1355,"Rakaia",100157,"Canterbury",1010,3.6,20.95,NA
"16445","20190214:0000",-43.79393,171.9607,"Rakaia",1355,"Rakaia",100157,"Canterbury",1010,10.8,22.05,NA
"16446","20190215:0000",-43.79393,171.9607,"Rakaia",1355,"Rakaia",100157,"Canterbury",1010,2.5,17.55,NA
"16447","20190216:0000",-43.79393,171.9607,"Rakaia",1355,"Rakaia",100157,"Canterbury",1010,13.7,13.7,NA
"16448","20190217:0000",-43.79393,171.9607,"Rakaia",1355,"Rakaia",100157,"Canterbury",1010,4,13.1,NA
"16449","20190218:0000",-43.79393,171.9607,"Rakaia",1355,"Rakaia",100157,"Canterbury",1010,5.4,17.3,NA
"16450","20190219:0000",-43.79393,171.9607,"Rakaia",1355,"Rakaia",100157,"Canterbury",1010,13.7,21.75,NA
"16451","20190220:0000",-43.79393,171.9607,"Rakaia",1355,"Rakaia",100157,"Canterbury",1010,5.8,19.65,NA
"16452","20190221:0000",-43.79393,171.9607,"Rakaia",1355,"Rakaia",100157,"Canterbury",1010,7.6,22.2,NA
"16453","20190222:0000",-43.79393,171.9607,"Rakaia",1355,"Rakaia",100157,"Canterbury",1010,10.8,19.6,NA
"16454","20190223:0000",-43.79393,171.9607,"Rakaia",1355,"Rakaia",100157,"Canterbury",1010,7.2,11.05,NA
"16455","20190224:0000",-43.79393,171.9607,"Rakaia",1355,"Rakaia",100157,"Canterbury",1010,15.8,11.85,NA
"16456","20190225:0000",-43.79393,171.9607,"Rakaia",1355,"Rakaia",100157,"Canterbury",1010,14,11.6,NA
"16457","20190226:0000",-43.79393,171.9607,"Rakaia",1355,"Rakaia",100157,"Canterbury",1010,7.9,14.85,NA
"16458","20190227:0000",-43.79393,171.9607,"Rakaia",1355,"Rakaia",100157,"Canterbury",1010,23,18.7,NA
"16459","20190228:0000",-43.79393,171.9607,"Rakaia",1355,"Rakaia",100157,"Canterbury",1010,9.7,7.65,NA
"16460","20190301:0000",-43.79393,171.9607,"Rakaia",1355,"Rakaia",100157,"Canterbury",1010,6.8,12.1,NA
"16461","20190302:0000",-43.79393,171.9607,"Rakaia",1355,"Rakaia",100157,"Canterbury",1010,5.4,13.7,NA
"16462","20190303:0000",-43.79393,171.9607,"Rakaia",1355,"Rakaia",100157,"Canterbury",1010,7.9,17.8,NA
"16463","20190304:0000",-43.79393,171.9607,"Rakaia",1355,"Rakaia",100157,"Canterbury",1010,8.3,21.2,NA
"16464","20190305:0000",-43.79393,171.9607,"Rakaia",1355,"Rakaia",100157,"Canterbury",1010,8.3,20.85,NA
"16465","20190306:0000",-43.79393,171.9607,"Rakaia",1355,"Rakaia",100157,"Canterbury",1010,7.2,19.95,NA
"16466","20190307:0000",-43.79393,171.9607,"Rakaia",1355,"Rakaia",100157,"Canterbury",1010,23.8,19.9,NA
"16467","20190308:0000",-43.79393,171.9607,"Rakaia",1355,"Rakaia",100157,"Canterbury",1010,10.1,12.6,NA
"16468","20190309:0000",-43.79393,171.9607,"Rakaia",1355,"Rakaia",100157,"Canterbury",1010,8.6,13.2,NA
"16469","20190310:0000",-43.79393,171.9607,"Rakaia",1355,"Rakaia",100157,"Canterbury",1010,8.6,13.9,NA
"16470","20190311:0000",-43.79393,171.9607,"Rakaia",1355,"Rakaia",100157,"Canterbury",1010,2.9,14.55,NA
"16471","20190312:0000",-43.79393,171.9607,"Rakaia",1355,"Rakaia",100157,"Canterbury",1010,5,20.75,NA
"16472","20190313:0000",-43.79393,171.9607,"Rakaia",1355,"Rakaia",100157,"Canterbury",1010,5,19.85,NA
"16473","20190314:0000",-43.79393,171.9607,"Rakaia",1355,"Rakaia",100157,"Canterbury",1010,3.6,14.2,NA
"16474","20190315:0000",-43.79393,171.9607,"Rakaia",1355,"Rakaia",100157,"Canterbury",1010,2.2,14.95,NA
"16475","20190316:0000",-43.79393,171.9607,"Rakaia",1355,"Rakaia",100157,"Canterbury",1010,10.8,15.7,NA
"16476","20190317:0000",-43.79393,171.9607,"Rakaia",1355,"Rakaia",100157,"Canterbury",1010,5,14.25,NA
"16477","20190318:0000",-43.79393,171.9607,"Rakaia",1355,"Rakaia",100157,"Canterbury",1010,10.4,16.7,NA
"16478","20190319:0000",-43.79393,171.9607,"Rakaia",1355,"Rakaia",100157,"Canterbury",1010,4,17.4,NA
"16479","20190320:0000",-43.79393,171.9607,"Rakaia",1355,"Rakaia",100157,"Canterbury",1010,5,17.1,NA
"16480","20190321:0000",-43.79393,171.9607,"Rakaia",1355,"Rakaia",100157,"Canterbury",1010,10.4,17.3,NA
"16481","20190322:0000",-43.79393,171.9607,"Rakaia",1355,"Rakaia",100157,"Canterbury",1010,10.8,16.9,NA
"16482","20190323:0000",-43.79393,171.9607,"Rakaia",1355,"Rakaia",100157,"Canterbury",1010,3.6,16.1,NA
"16483","20190324:0000",-43.79393,171.9607,"Rakaia",1355,"Rakaia",100157,"Canterbury",1010,10.1,19.7,NA
"16484","20190325:0000",-43.79393,171.9607,"Rakaia",1355,"Rakaia",100157,"Canterbury",1010,17.3,19.45,NA
"16485","20190326:0000",-43.79393,171.9607,"Rakaia",1355,"Rakaia",100157,"Canterbury",1010,24.5,23.45,NA
"16486","20190327:0000",-43.79393,171.9607,"Rakaia",1355,"Rakaia",100157,"Canterbury",1010,12.6,19.25,NA
"16487","20190328:0000",-43.79393,171.9607,"Rakaia",1355,"Rakaia",100157,"Canterbury",1010,8.6,14.9,NA
"16488","20190329:0000",-43.79393,171.9607,"Rakaia",1355,"Rakaia",100157,"Canterbury",1010,6.1,13.55,NA
"16489","20190330:0000",-43.79393,171.9607,"Rakaia",1355,"Rakaia",100157,"Canterbury",1010,10.1,15.1,NA
"16490","20190331:0000",-43.79393,171.9607,"Rakaia",1355,"Rakaia",100157,"Canterbury",1010,18,18.8,NA
"16491","20190401:0000",-43.79393,171.9607,"Rakaia",1355,"Rakaia",100157,"Canterbury",1010,18.4,18.75,NA
"16492","20190402:0000",-43.79393,171.9607,"Rakaia",1355,"Rakaia",100157,"Canterbury",1010,5.8,11.75,NA
"16493","20190403:0000",-43.79393,171.9607,"Rakaia",1355,"Rakaia",100157,"Canterbury",1010,5.8,10.9,NA
"16494","20190404:0000",-43.79393,171.9607,"Rakaia",1355,"Rakaia",100157,"Canterbury",1010,5.8,12.35,NA
"16495","20190405:0000",-43.79393,171.9607,"Rakaia",1355,"Rakaia",100157,"Canterbury",1010,16.9,9.3,NA
"16496","20190406:0000",-43.79393,171.9607,"Rakaia",1355,"Rakaia",100157,"Canterbury",1010,11.9,8.4,NA
"16497","20190407:0000",-43.79393,171.9607,"Rakaia",1355,"Rakaia",100157,"Canterbury",1010,11.5,8.15,NA
"16498","20190408:0000",-43.79393,171.9607,"Rakaia",1355,"Rakaia",100157,"Canterbury",1010,7.9,10.45,NA
"16499","20190409:0000",-43.79393,171.9607,"Rakaia",1355,"Rakaia",100157,"Canterbury",1010,13.7,13.5,NA
"16500","20190410:0000",-43.79393,171.9607,"Rakaia",1355,"Rakaia",100157,"Canterbury",1010,13.3,17.75,NA
"16501","20190411:0000",-43.79393,171.9607,"Rakaia",1355,"Rakaia",100157,"Canterbury",1010,9,11.55,NA
"16502","20190412:0000",-43.79393,171.9607,"Rakaia",1355,"Rakaia",100157,"Canterbury",1010,20.5,9.75,NA
"16503","20190413:0000",-43.79393,171.9607,"Rakaia",1355,"Rakaia",100157,"Canterbury",1010,7.9,9.25,NA
"16504","20190414:0000",-43.79393,171.9607,"Rakaia",1355,"Rakaia",100157,"Canterbury",1010,9,9.1,NA
"16505","20190415:0000",-43.79393,171.9607,"Rakaia",1355,"Rakaia",100157,"Canterbury",1010,10.1,11.55,NA
"16506","20190416:0000",-43.79393,171.9607,"Rakaia",1355,"Rakaia",100157,"Canterbury",1010,7.9,9.9,NA
"16507","20190417:0000",-43.79393,171.9607,"Rakaia",1355,"Rakaia",100157,"Canterbury",1010,7.2,7.85,NA
"16508","20190418:0000",-43.79393,171.9607,"Rakaia",1355,"Rakaia",100157,"Canterbury",1010,9.7,8,NA
"16509","20190419:0000",-43.79393,171.9607,"Rakaia",1355,"Rakaia",100157,"Canterbury",1010,9.4,11.6,NA
"16510","20190420:0000",-43.79393,171.9607,"Rakaia",1355,"Rakaia",100157,"Canterbury",1010,3.2,11.85,NA
"16511","20190421:0000",-43.79393,171.9607,"Rakaia",1355,"Rakaia",100157,"Canterbury",1010,14.4,11.45,NA
"16512","20190422:0000",-43.79393,171.9607,"Rakaia",1355,"Rakaia",100157,"Canterbury",1010,8.6,11.75,NA
"16513","20190423:0000",-43.79393,171.9607,"Rakaia",1355,"Rakaia",100157,"Canterbury",1010,12.6,11.5,NA
"16514","20190424:0000",-43.79393,171.9607,"Rakaia",1355,"Rakaia",100157,"Canterbury",1010,3.2,9.15,NA
"16515","20190425:0000",-43.79393,171.9607,"Rakaia",1355,"Rakaia",100157,"Canterbury",1010,7.2,13.45,NA
"16516","20190426:0000",-43.79393,171.9607,"Rakaia",1355,"Rakaia",100157,"Canterbury",1010,4,14.25,NA
"16517","20190427:0000",-43.79393,171.9607,"Rakaia",1355,"Rakaia",100157,"Canterbury",1010,21.2,16.95,NA
"16518","20190428:0000",-43.79393,171.9607,"Rakaia",1355,"Rakaia",100157,"Canterbury",1010,5,11.1,NA
"16519","20190429:0000",-43.79393,171.9607,"Rakaia",1355,"Rakaia",100157,"Canterbury",1010,19.8,10.65,NA
"16520","20190430:0000",-43.79393,171.9607,"Rakaia",1355,"Rakaia",100157,"Canterbury",1010,10.1,7.9,NA
"16521","20190501:0000",-43.79393,171.9607,"Rakaia",1355,"Rakaia",100157,"Canterbury",1010,9,9.95,NA
"16522","20190502:0000",-43.79393,171.9607,"Rakaia",1355,"Rakaia",100157,"Canterbury",1010,10.4,11.95,NA
"16523","20190503:0000",-43.79393,171.9607,"Rakaia",1355,"Rakaia",100157,"Canterbury",1010,4,12.7,NA
"16524","20190504:0000",-43.79393,171.9607,"Rakaia",1355,"Rakaia",100157,"Canterbury",1010,10.8,15.05,NA
"16525","20190505:0000",-43.79393,171.9607,"Rakaia",1355,"Rakaia",100157,"Canterbury",1010,9.4,13.6,NA
"16526","20190506:0000",-43.79393,171.9607,"Rakaia",1355,"Rakaia",100157,"Canterbury",1010,4.3,10.4,NA
"16527","20190507:0000",-43.79393,171.9607,"Rakaia",1355,"Rakaia",100157,"Canterbury",1010,3.2,12.6,NA
"16528","20190508:0000",-43.79393,171.9607,"Rakaia",1355,"Rakaia",100157,"Canterbury",1010,5.4,11.35,NA
"16529","20190509:0000",-43.79393,171.9607,"Rakaia",1355,"Rakaia",100157,"Canterbury",1010,11.5,14.9,NA
"16530","20190510:0000",-43.79393,171.9607,"Rakaia",1355,"Rakaia",100157,"Canterbury",1010,9.4,14.9,NA
"16531","20190511:0000",-43.79393,171.9607,"Rakaia",1355,"Rakaia",100157,"Canterbury",1010,4,11.6,NA
"16532","20190512:0000",-43.79393,171.9607,"Rakaia",1355,"Rakaia",100157,"Canterbury",1010,2.9,12.7,NA
"16533","20190513:0000",-43.79393,171.9607,"Rakaia",1355,"Rakaia",100157,"Canterbury",1010,8.3,9.8,NA
"16534","20190514:0000",-43.79393,171.9607,"Rakaia",1355,"Rakaia",100157,"Canterbury",1010,7.9,10.3,NA
"16535","20190515:0000",-43.79393,171.9607,"Rakaia",1355,"Rakaia",100157,"Canterbury",1010,19.1,10.95,NA
"16536","20190516:0000",-43.79393,171.9607,"Rakaia",1355,"Rakaia",100157,"Canterbury",1010,13,10.75,NA
"16537","20190517:0000",-43.79393,171.9607,"Rakaia",1355,"Rakaia",100157,"Canterbury",1010,7.2,6.35,NA
"16538","20190518:0000",-43.79393,171.9607,"Rakaia",1355,"Rakaia",100157,"Canterbury",1010,7.2,9.2,NA
"16539","20190519:0000",-43.79393,171.9607,"Rakaia",1355,"Rakaia",100157,"Canterbury",1010,3.6,8.65,NA
"16540","20190520:0000",-43.79393,171.9607,"Rakaia",1355,"Rakaia",100157,"Canterbury",1010,5,8,NA
"16541","20190521:0000",-43.79393,171.9607,"Rakaia",1355,"Rakaia",100157,"Canterbury",1010,5.4,7.55,NA
"16542","20190522:0000",-43.79393,171.9607,"Rakaia",1355,"Rakaia",100157,"Canterbury",1010,6.5,7.9,NA
"16543","20190523:0000",-43.79393,171.9607,"Rakaia",1355,"Rakaia",100157,"Canterbury",1010,3.2,9.3,NA
"16544","20190524:0000",-43.79393,171.9607,"Rakaia",1355,"Rakaia",100157,"Canterbury",1010,5.4,8.8,NA
"16545","20190525:0000",-43.79393,171.9607,"Rakaia",1355,"Rakaia",100157,"Canterbury",1010,3.2,9.65,NA
"16546","20190526:0000",-43.79393,171.9607,"Rakaia",1355,"Rakaia",100157,"Canterbury",1010,16.9,12.6,NA
"16547","20190527:0000",-43.79393,171.9607,"Rakaia",1355,"Rakaia",100157,"Canterbury",1010,23.8,15.65,NA
"16548","20190528:0000",-43.79393,171.9607,"Rakaia",1355,"Rakaia",100157,"Canterbury",1010,7.6,13.5,NA
"16549","20190529:0000",-43.79393,171.9607,"Rakaia",1355,"Rakaia",100157,"Canterbury",1010,7.9,12.3,NA
"16550","20190530:0000",-43.79393,171.9607,"Rakaia",1355,"Rakaia",100157,"Canterbury",1010,38.2,14.55,NA
"16551","20190531:0000",-43.79393,171.9607,"Rakaia",1355,"Rakaia",100157,"Canterbury",1010,5.8,7.6,NA
"16552","20190601:0000",-43.79393,171.9607,"Rakaia",1355,"Rakaia",100157,"Canterbury",1010,25.6,6.55,NA
"16553","20190602:0000",-43.79393,171.9607,"Rakaia",1355,"Rakaia",100157,"Canterbury",1010,18.4,6.5,NA
"16554","20190603:0000",-43.79393,171.9607,"Rakaia",1355,"Rakaia",100157,"Canterbury",1010,6.1,6,NA
"16555","20190604:0000",-43.79393,171.9607,"Rakaia",1355,"Rakaia",100157,"Canterbury",1010,5.4,4.55,NA
"16556","20190605:0000",-43.79393,171.9607,"Rakaia",1355,"Rakaia",100157,"Canterbury",1010,7.9,4.25,NA
"16557","20190606:0000",-43.79393,171.9607,"Rakaia",1355,"Rakaia",100157,"Canterbury",1010,10.8,6.3,NA
"16558","20190607:0000",-43.79393,171.9607,"Rakaia",1355,"Rakaia",100157,"Canterbury",1010,12.2,7.9,NA
"16559","20190608:0000",-43.79393,171.9607,"Rakaia",1355,"Rakaia",100157,"Canterbury",1010,25.2,8.35,NA
"16560","20190609:0000",-43.79393,171.9607,"Rakaia",1355,"Rakaia",100157,"Canterbury",1010,10.8,6.5,NA
"16561","20190610:0000",-43.79393,171.9607,"Rakaia",1355,"Rakaia",100157,"Canterbury",1010,6.5,8.15,NA
"16562","20190611:0000",-43.79393,171.9607,"Rakaia",1355,"Rakaia",100157,"Canterbury",1010,8.6,9.95,NA
"16563","20190612:0000",-43.79393,171.9607,"Rakaia",1355,"Rakaia",100157,"Canterbury",1010,6.8,9.45,NA
"16564","20190613:0000",-43.79393,171.9607,"Rakaia",1355,"Rakaia",100157,"Canterbury",1010,4.7,10.8,NA
"16565","20190614:0000",-43.79393,171.9607,"Rakaia",1355,"Rakaia",100157,"Canterbury",1010,10.1,10.9,NA
"16566","20190615:0000",-43.79393,171.9607,"Rakaia",1355,"Rakaia",100157,"Canterbury",1010,14.8,10.2,NA
"16567","20190616:0000",-43.79393,171.9607,"Rakaia",1355,"Rakaia",100157,"Canterbury",1010,10.1,5.35,NA
"16568","20190617:0000",-43.79393,171.9607,"Rakaia",1355,"Rakaia",100157,"Canterbury",1010,8.6,5.7,NA
"16569","20190618:0000",-43.79393,171.9607,"Rakaia",1355,"Rakaia",100157,"Canterbury",1010,5.4,5.3,NA
"16570","20190619:0000",-43.79393,171.9607,"Rakaia",1355,"Rakaia",100157,"Canterbury",1010,5.8,4.8,NA
"16571","20190620:0000",-43.79393,171.9607,"Rakaia",1355,"Rakaia",100157,"Canterbury",1010,9.4,3.55,NA
"16572","20190621:0000",-43.79393,171.9607,"Rakaia",1355,"Rakaia",100157,"Canterbury",1010,5.8,8,NA
"16573","20190622:0000",-43.79393,171.9607,"Rakaia",1355,"Rakaia",100157,"Canterbury",1010,9.7,7,NA
"16574","20190623:0000",-43.79393,171.9607,"Rakaia",1355,"Rakaia",100157,"Canterbury",1010,5.4,4.8,NA
"16575","20190624:0000",-43.79393,171.9607,"Rakaia",1355,"Rakaia",100157,"Canterbury",1010,11.2,6.4,NA
"16576","20190625:0000",-43.79393,171.9607,"Rakaia",1355,"Rakaia",100157,"Canterbury",1010,7.6,5.95,NA
"16577","20190626:0000",-43.79393,171.9607,"Rakaia",1355,"Rakaia",100157,"Canterbury",1010,5.4,5.35,NA
"16578","20190627:0000",-43.79393,171.9607,"Rakaia",1355,"Rakaia",100157,"Canterbury",1010,9,6.5,NA
"16579","20190628:0000",-43.79393,171.9607,"Rakaia",1355,"Rakaia",100157,"Canterbury",1010,9.4,5.45,NA
"16580","20190629:0000",-43.79393,171.9607,"Rakaia",1355,"Rakaia",100157,"Canterbury",1010,5.8,7.25,NA
"16581","20190630:0000",-43.79393,171.9607,"Rakaia",1355,"Rakaia",100157,"Canterbury",1010,10.1,7,NA
"16582","20190701:0000",-43.79393,171.9607,"Rakaia",1355,"Rakaia",100157,"Canterbury",1010,7.6,8.5,NA
"16583","20190702:0000",-43.79393,171.9607,"Rakaia",1355,"Rakaia",100157,"Canterbury",1010,5.8,10.95,NA
"16584","20190703:0000",-43.79393,171.9607,"Rakaia",1355,"Rakaia",100157,"Canterbury",1010,12.2,13.8,NA
"16585","20190704:0000",-43.79393,171.9607,"Rakaia",1355,"Rakaia",100157,"Canterbury",1010,6.1,7.25,NA
"16586","20190705:0000",-43.79393,171.9607,"Rakaia",1355,"Rakaia",100157,"Canterbury",1010,15.5,6.6,NA
"16587","20190706:0000",-43.79393,171.9607,"Rakaia",1355,"Rakaia",100157,"Canterbury",1010,14.4,8.1,NA
"16588","20190707:0000",-43.79393,171.9607,"Rakaia",1355,"Rakaia",100157,"Canterbury",1010,7.2,8.35,NA
"16589","20190708:0000",-43.79393,171.9607,"Rakaia",1355,"Rakaia",100157,"Canterbury",1010,6.5,5.65,NA
"16590","20190709:0000",-43.79393,171.9607,"Rakaia",1355,"Rakaia",100157,"Canterbury",1010,8.6,8.1,NA
"16591","20190710:0000",-43.79393,171.9607,"Rakaia",1355,"Rakaia",100157,"Canterbury",1010,6.8,8.85,NA
"16592","20190711:0000",-43.79393,171.9607,"Rakaia",1355,"Rakaia",100157,"Canterbury",1010,6.5,9.4,NA
"16593","20190712:0000",-43.79393,171.9607,"Rakaia",1355,"Rakaia",100157,"Canterbury",1010,8.3,8.7,NA
"16594","20190713:0000",-43.79393,171.9607,"Rakaia",1355,"Rakaia",100157,"Canterbury",1010,8.3,9.8,NA
"16595","20190714:0000",-43.79393,171.9607,"Rakaia",1355,"Rakaia",100157,"Canterbury",1010,10.1,12.15,NA
"16596","20190715:0000",-43.79393,171.9607,"Rakaia",1355,"Rakaia",100157,"Canterbury",1010,5,6.6,NA
"16597","20190716:0000",-43.79393,171.9607,"Rakaia",1355,"Rakaia",100157,"Canterbury",1010,6.5,6.95,NA
"16598","20190717:0000",-43.79393,171.9607,"Rakaia",1355,"Rakaia",100157,"Canterbury",1010,6.8,5.35,NA
"16599","20190718:0000",-43.79393,171.9607,"Rakaia",1355,"Rakaia",100157,"Canterbury",1010,9,6.65,NA
"16600","20190719:0000",-43.79393,171.9607,"Rakaia",1355,"Rakaia",100157,"Canterbury",1010,2.9,5.85,NA
"16601","20190720:0000",-43.79393,171.9607,"Rakaia",1355,"Rakaia",100157,"Canterbury",1010,19.8,8.4,NA
"16602","20190721:0000",-43.79393,171.9607,"Rakaia",1355,"Rakaia",100157,"Canterbury",1010,19.4,9.15,NA
"16603","20190722:0000",-43.79393,171.9607,"Rakaia",1355,"Rakaia",100157,"Canterbury",1010,5,6.8,NA
"16604","20190723:0000",-43.79393,171.9607,"Rakaia",1355,"Rakaia",100157,"Canterbury",1010,5.8,8.5,NA
"16605","20190724:0000",-43.79393,171.9607,"Rakaia",1355,"Rakaia",100157,"Canterbury",1010,2.9,9.55,NA
"16606","20190725:0000",-43.79393,171.9607,"Rakaia",1355,"Rakaia",100157,"Canterbury",1010,6.1,7.8,NA
"16607","20190726:0000",-43.79393,171.9607,"Rakaia",1355,"Rakaia",100157,"Canterbury",1010,6.5,7.55,NA
"16608","20190727:0000",-43.79393,171.9607,"Rakaia",1355,"Rakaia",100157,"Canterbury",1010,6.1,9.15,NA
"16609","20190728:0000",-43.79393,171.9607,"Rakaia",1355,"Rakaia",100157,"Canterbury",1010,5.8,9.75,NA
"16610","20190729:0000",-43.79393,171.9607,"Rakaia",1355,"Rakaia",100157,"Canterbury",1010,8.6,11.3,NA
"16611","20190730:0000",-43.79393,171.9607,"Rakaia",1355,"Rakaia",100157,"Canterbury",1010,4,11.6,NA
"16612","20190731:0000",-43.79393,171.9607,"Rakaia",1355,"Rakaia",100157,"Canterbury",1010,31.7,7.5,NA
"16613","20190801:0000",-43.79393,171.9607,"Rakaia",1355,"Rakaia",100157,"Canterbury",1010,14.4,6.65,NA
"16614","20190802:0000",-43.79393,171.9607,"Rakaia",1355,"Rakaia",100157,"Canterbury",1010,11.2,6.55,NA
"16615","20190803:0000",-43.79393,171.9607,"Rakaia",1355,"Rakaia",100157,"Canterbury",1010,4,7.6,NA
"16616","20190804:0000",-43.79393,171.9607,"Rakaia",1355,"Rakaia",100157,"Canterbury",1010,7.6,5.25,NA
"16617","20190805:0000",-43.79393,171.9607,"Rakaia",1355,"Rakaia",100157,"Canterbury",1010,11.2,5.05,NA
"16618","20190806:0000",-43.79393,171.9607,"Rakaia",1355,"Rakaia",100157,"Canterbury",1010,7.9,7.25,NA
"16619","20190807:0000",-43.79393,171.9607,"Rakaia",1355,"Rakaia",100157,"Canterbury",1010,5,9.5,NA
"16620","20190808:0000",-43.79393,171.9607,"Rakaia",1355,"Rakaia",100157,"Canterbury",1010,9.4,9.4,NA
"16621","20190809:0000",-43.79393,171.9607,"Rakaia",1355,"Rakaia",100157,"Canterbury",1010,6.1,9,NA
"16622","20190810:0000",-43.79393,171.9607,"Rakaia",1355,"Rakaia",100157,"Canterbury",1010,9.7,6.1,NA
"16623","20190811:0000",-43.79393,171.9607,"Rakaia",1355,"Rakaia",100157,"Canterbury",1010,20.9,6.25,NA
"16624","20190812:0000",-43.79393,171.9607,"Rakaia",1355,"Rakaia",100157,"Canterbury",1010,5,7.25,NA
"16625","20190813:0000",-43.79393,171.9607,"Rakaia",1355,"Rakaia",100157,"Canterbury",1010,9.7,7.7,NA
"16626","20190814:0000",-43.79393,171.9607,"Rakaia",1355,"Rakaia",100157,"Canterbury",1010,6.1,5.5,NA
"16627","20190815:0000",-43.79393,171.9607,"Rakaia",1355,"Rakaia",100157,"Canterbury",1010,5.8,6.65,NA
"16628","20190816:0000",-43.79393,171.9607,"Rakaia",1355,"Rakaia",100157,"Canterbury",1010,7.6,8.9,NA
"16629","20190817:0000",-43.79393,171.9607,"Rakaia",1355,"Rakaia",100157,"Canterbury",1010,14.8,6.95,NA
"16630","20190818:0000",-43.79393,171.9607,"Rakaia",1355,"Rakaia",100157,"Canterbury",1010,10.4,5.15,NA
"16631","20190819:0000",-43.79393,171.9607,"Rakaia",1355,"Rakaia",100157,"Canterbury",1010,10.4,6.05,NA
"16632","20190820:0000",-43.79393,171.9607,"Rakaia",1355,"Rakaia",100157,"Canterbury",1010,23.4,8.75,NA
"16633","20190821:0000",-43.79393,171.9607,"Rakaia",1355,"Rakaia",100157,"Canterbury",1010,2.2,10.1,NA
"16634","20190822:0000",-43.79393,171.9607,"Rakaia",1355,"Rakaia",100157,"Canterbury",1010,12.6,9.15,NA
"16635","20190823:0000",-43.79393,171.9607,"Rakaia",1355,"Rakaia",100157,"Canterbury",1010,6.8,8.45,NA
"16636","20190824:0000",-43.79393,171.9607,"Rakaia",1355,"Rakaia",100157,"Canterbury",1010,5.8,7.75,NA
"16637","20190825:0000",-43.79393,171.9607,"Rakaia",1355,"Rakaia",100157,"Canterbury",1010,13.3,9.65,NA
"16638","20190826:0000",-43.79393,171.9607,"Rakaia",1355,"Rakaia",100157,"Canterbury",1010,14.8,8.15,NA
"16639","20190827:0000",-43.79393,171.9607,"Rakaia",1355,"Rakaia",100157,"Canterbury",1010,9,6.95,NA
"16640","20190828:0000",-43.79393,171.9607,"Rakaia",1355,"Rakaia",100157,"Canterbury",1010,6.5,9.25,NA
"16641","20190829:0000",-43.79393,171.9607,"Rakaia",1355,"Rakaia",100157,"Canterbury",1010,20.5,11.9,NA
"16642","20190830:0000",-43.79393,171.9607,"Rakaia",1355,"Rakaia",100157,"Canterbury",1010,4,8.4,NA
"16643","20190831:0000",-43.79393,171.9607,"Rakaia",1355,"Rakaia",100157,"Canterbury",1010,7.6,10.5,NA
"16644","20190901:0000",-43.79393,171.9607,"Rakaia",1355,"Rakaia",100157,"Canterbury",1010,7.2,12.75,NA
"16645","20190902:0000",-43.79393,171.9607,"Rakaia",1355,"Rakaia",100157,"Canterbury",1010,12.2,8.7,NA
"16646","20190903:0000",-43.79393,171.9607,"Rakaia",1355,"Rakaia",100157,"Canterbury",1010,5.4,7.35,NA
"16647","20190904:0000",-43.79393,171.9607,"Rakaia",1355,"Rakaia",100157,"Canterbury",1010,2.9,8.2,NA
"16648","20190905:0000",-43.79393,171.9607,"Rakaia",1355,"Rakaia",100157,"Canterbury",1010,15.1,9.65,NA
"16649","20190906:0000",-43.79393,171.9607,"Rakaia",1355,"Rakaia",100157,"Canterbury",1010,22.3,8.65,NA
"16650","20190907:0000",-43.79393,171.9607,"Rakaia",1355,"Rakaia",100157,"Canterbury",1010,8.6,6.75,NA
"16651","20190908:0000",-43.79393,171.9607,"Rakaia",1355,"Rakaia",100157,"Canterbury",1010,11.5,3.2,NA
"16652","20190909:0000",-43.79393,171.9607,"Rakaia",1355,"Rakaia",100157,"Canterbury",1010,8.6,4.75,NA
"16653","20190910:0000",-43.79393,171.9607,"Rakaia",1355,"Rakaia",100157,"Canterbury",1010,5,5.4,NA
"16654","20190911:0000",-43.79393,171.9607,"Rakaia",1355,"Rakaia",100157,"Canterbury",1010,8.6,6.9,NA
"16655","20190912:0000",-43.79393,171.9607,"Rakaia",1355,"Rakaia",100157,"Canterbury",1010,6.5,9.5,NA
"16656","20190913:0000",-43.79393,171.9607,"Rakaia",1355,"Rakaia",100157,"Canterbury",1010,16.9,13.7,NA
"16657","20190914:0000",-43.79393,171.9607,"Rakaia",1355,"Rakaia",100157,"Canterbury",1010,8.6,7.6,NA
"16658","20190915:0000",-43.79393,171.9607,"Rakaia",1355,"Rakaia",100157,"Canterbury",1010,11.9,10.95,NA
"16659","20190916:0000",-43.79393,171.9607,"Rakaia",1355,"Rakaia",100157,"Canterbury",1010,10.1,12.25,NA
"16660","20190917:0000",-43.79393,171.9607,"Rakaia",1355,"Rakaia",100157,"Canterbury",1010,14.4,11.8,NA
"16661","20190918:0000",-43.79393,171.9607,"Rakaia",1355,"Rakaia",100157,"Canterbury",1010,6.5,7.3,NA
"16662","20190919:0000",-43.79393,171.9607,"Rakaia",1355,"Rakaia",100157,"Canterbury",1010,6.5,9.15,NA
"16663","20190920:0000",-43.79393,171.9607,"Rakaia",1355,"Rakaia",100157,"Canterbury",1010,5.4,8.2,NA
"16664","20190921:0000",-43.79393,171.9607,"Rakaia",1355,"Rakaia",100157,"Canterbury",1010,11.2,11,NA
"16665","20190922:0000",-43.79393,171.9607,"Rakaia",1355,"Rakaia",100157,"Canterbury",1010,6.8,10.65,NA
"16666","20190923:0000",-43.79393,171.9607,"Rakaia",1355,"Rakaia",100157,"Canterbury",1010,29.2,12.9,NA
"16667","20190924:0000",-43.79393,171.9607,"Rakaia",1355,"Rakaia",100157,"Canterbury",1010,5.8,9.25,NA
"16668","20190925:0000",-43.79393,171.9607,"Rakaia",1355,"Rakaia",100157,"Canterbury",1010,11.2,7.8,NA
"16669","20190926:0000",-43.79393,171.9607,"Rakaia",1355,"Rakaia",100157,"Canterbury",1010,14,8.35,NA
"16670","20190927:0000",-43.79393,171.9607,"Rakaia",1355,"Rakaia",100157,"Canterbury",1010,5,10.75,NA
"16671","20190928:0000",-43.79393,171.9607,"Rakaia",1355,"Rakaia",100157,"Canterbury",1010,14.4,11.95,NA
"16672","20190929:0000",-43.79393,171.9607,"Rakaia",1355,"Rakaia",100157,"Canterbury",1010,8.6,16.85,NA
"16673","20190930:0000",-43.79393,171.9607,"Rakaia",1355,"Rakaia",100157,"Canterbury",1010,8.3,13.2,NA
"16674","20191001:0000",-43.79393,171.9607,"Rakaia",1355,"Rakaia",100157,"Canterbury",1010,14,6.9,NA
"16675","20191002:0000",-43.79393,171.9607,"Rakaia",1355,"Rakaia",100157,"Canterbury",1010,24.5,7.25,NA
"16676","20191003:0000",-43.79393,171.9607,"Rakaia",1355,"Rakaia",100157,"Canterbury",1010,7.6,6,NA
"16677","20191004:0000",-43.79393,171.9607,"Rakaia",1355,"Rakaia",100157,"Canterbury",1010,9,9.25,NA
"16678","20191005:0000",-43.79393,171.9607,"Rakaia",1355,"Rakaia",100157,"Canterbury",1010,15.1,8.45,NA
"16679","20191006:0000",-43.79393,171.9607,"Rakaia",1355,"Rakaia",100157,"Canterbury",1010,6.1,7.25,NA
"16680","20191007:0000",-43.79393,171.9607,"Rakaia",1355,"Rakaia",100157,"Canterbury",1010,8.6,13.1,NA
"16681","20191008:0000",-43.79393,171.9607,"Rakaia",1355,"Rakaia",100157,"Canterbury",1010,7.2,14.75,NA
"16682","20191009:0000",-43.79393,171.9607,"Rakaia",1355,"Rakaia",100157,"Canterbury",1010,9,14.85,NA
"16683","20191010:0000",-43.79393,171.9607,"Rakaia",1355,"Rakaia",100157,"Canterbury",1010,11.2,12.5,NA
"16684","20191011:0000",-43.79393,171.9607,"Rakaia",1355,"Rakaia",100157,"Canterbury",1010,5,10.75,NA
"16685","20191012:0000",-43.79393,171.9607,"Rakaia",1355,"Rakaia",100157,"Canterbury",1010,12.6,9.5,NA
"16686","20191013:0000",-43.79393,171.9607,"Rakaia",1355,"Rakaia",100157,"Canterbury",1010,10.1,8.7,NA
"16687","20191014:0000",-43.79393,171.9607,"Rakaia",1355,"Rakaia",100157,"Canterbury",1010,10.1,11.3,NA
"16688","20191015:0000",-43.79393,171.9607,"Rakaia",1355,"Rakaia",100157,"Canterbury",1010,4.7,11.55,NA
"16689","20191016:0000",-43.79393,171.9607,"Rakaia",1355,"Rakaia",100157,"Canterbury",1010,8.3,10.5,NA
"16690","20191017:0000",-43.79393,171.9607,"Rakaia",1355,"Rakaia",100157,"Canterbury",1010,5.4,9.75,NA
"16691","20191018:0000",-43.79393,171.9607,"Rakaia",1355,"Rakaia",100157,"Canterbury",1010,1.4,8.5,NA
"16692","20191019:0000",-43.79393,171.9607,"Rakaia",1355,"Rakaia",100157,"Canterbury",1010,8.6,10.95,NA
"16693","20191020:0000",-43.79393,171.9607,"Rakaia",1355,"Rakaia",100157,"Canterbury",1010,8.6,14.15,NA
"16694","20191021:0000",-43.79393,171.9607,"Rakaia",1355,"Rakaia",100157,"Canterbury",1010,24.1,12.8,NA
"16695","20191022:0000",-43.79393,171.9607,"Rakaia",1355,"Rakaia",100157,"Canterbury",1010,6.5,7.7,NA
"16696","20191023:0000",-43.79393,171.9607,"Rakaia",1355,"Rakaia",100157,"Canterbury",1010,15.5,7.95,NA
"16697","20191024:0000",-43.79393,171.9607,"Rakaia",1355,"Rakaia",100157,"Canterbury",1010,16.9,9.85,NA
"16698","20191025:0000",-43.79393,171.9607,"Rakaia",1355,"Rakaia",100157,"Canterbury",1010,6.1,6.45,NA
"16699","20191026:0000",-43.79393,171.9607,"Rakaia",1355,"Rakaia",100157,"Canterbury",1010,14.8,14,NA
"16700","20191027:0000",-43.79393,171.9607,"Rakaia",1355,"Rakaia",100157,"Canterbury",1010,27.4,16.85,NA
"16701","20191028:0000",-43.79393,171.9607,"Rakaia",1355,"Rakaia",100157,"Canterbury",1010,5,13.45,NA
"16702","20191029:0000",-43.79393,171.9607,"Rakaia",1355,"Rakaia",100157,"Canterbury",1010,3.6,10.35,NA
"16703","20191030:0000",-43.79393,171.9607,"Rakaia",1355,"Rakaia",100157,"Canterbury",1010,9.4,12.25,NA
"16704","20191031:0000",-43.79393,171.9607,"Rakaia",1355,"Rakaia",100157,"Canterbury",1010,7.6,9.3,NA
"16705","20191101:0000",-43.79393,171.9607,"Rakaia",1355,"Rakaia",100157,"Canterbury",1010,7.9,9,NA
"16706","20191102:0000",-43.79393,171.9607,"Rakaia",1355,"Rakaia",100157,"Canterbury",1010,12.2,19.55,NA
"16707","20191103:0000",-43.79393,171.9607,"Rakaia",1355,"Rakaia",100157,"Canterbury",1010,11.2,21.65,NA
"16708","20191104:0000",-43.79393,171.9607,"Rakaia",1355,"Rakaia",100157,"Canterbury",1010,4.7,19.4,NA
"16709","20191105:0000",-43.79393,171.9607,"Rakaia",1355,"Rakaia",100157,"Canterbury",1010,5.8,14.05,NA
"16710","20191106:0000",-43.79393,171.9607,"Rakaia",1355,"Rakaia",100157,"Canterbury",1010,11.2,12.3,NA
"16711","20191107:0000",-43.79393,171.9607,"Rakaia",1355,"Rakaia",100157,"Canterbury",1010,5.8,17.25,NA
"16712","20191108:0000",-43.79393,171.9607,"Rakaia",1355,"Rakaia",100157,"Canterbury",1010,25.2,19.35,NA
"16713","20191109:0000",-43.79393,171.9607,"Rakaia",1355,"Rakaia",100157,"Canterbury",1010,6.5,20.65,NA
"16714","20191110:0000",-43.79393,171.9607,"Rakaia",1355,"Rakaia",100157,"Canterbury",1010,24.5,13.5,NA
"16715","20191111:0000",-43.79393,171.9607,"Rakaia",1355,"Rakaia",100157,"Canterbury",1010,19.4,10.1,NA
"16716","20191112:0000",-43.79393,171.9607,"Rakaia",1355,"Rakaia",100157,"Canterbury",1010,4.3,10.55,NA
"16717","20191113:0000",-43.79393,171.9607,"Rakaia",1355,"Rakaia",100157,"Canterbury",1010,11.5,14.1,NA
"16718","20191114:0000",-43.79393,171.9607,"Rakaia",1355,"Rakaia",100157,"Canterbury",1010,12.2,12.85,NA
"16719","20191115:0000",-43.79393,171.9607,"Rakaia",1355,"Rakaia",100157,"Canterbury",1010,5.4,13,NA
"16720","20191116:0000",-43.79393,171.9607,"Rakaia",1355,"Rakaia",100157,"Canterbury",1010,26.6,16.9,NA
"16721","20191117:0000",-43.79393,171.9607,"Rakaia",1355,"Rakaia",100157,"Canterbury",1010,14.4,13.45,NA
"16722","20191118:0000",-43.79393,171.9607,"Rakaia",1355,"Rakaia",100157,"Canterbury",1010,7.2,12,NA
"16723","20191119:0000",-43.79393,171.9607,"Rakaia",1355,"Rakaia",100157,"Canterbury",1010,24.5,11.55,NA
"16724","20191120:0000",-43.79393,171.9607,"Rakaia",1355,"Rakaia",100157,"Canterbury",1010,7.6,11.15,NA
"16725","20191121:0000",-43.79393,171.9607,"Rakaia",1355,"Rakaia",100157,"Canterbury",1010,8.3,11.25,NA
"16726","20191122:0000",-43.79393,171.9607,"Rakaia",1355,"Rakaia",100157,"Canterbury",1010,7.6,16.75,NA
"16727","20191123:0000",-43.79393,171.9607,"Rakaia",1355,"Rakaia",100157,"Canterbury",1010,5,16.3,NA
"16728","20191124:0000",-43.79393,171.9607,"Rakaia",1355,"Rakaia",100157,"Canterbury",1010,22.3,19.5,NA
"16729","20191125:0000",-43.79393,171.9607,"Rakaia",1355,"Rakaia",100157,"Canterbury",1010,10.8,12.85,NA
"16730","20191126:0000",-43.79393,171.9607,"Rakaia",1355,"Rakaia",100157,"Canterbury",1010,13.3,18.55,NA
"16731","20191127:0000",-43.79393,171.9607,"Rakaia",1355,"Rakaia",100157,"Canterbury",1010,23.8,18.3,NA
"16732","20191128:0000",-43.79393,171.9607,"Rakaia",1355,"Rakaia",100157,"Canterbury",1010,20.5,23.2,NA
"16733","20191129:0000",-43.79393,171.9607,"Rakaia",1355,"Rakaia",100157,"Canterbury",1010,9.7,13.75,NA
"16734","20191130:0000",-43.79393,171.9607,"Rakaia",1355,"Rakaia",100157,"Canterbury",1010,7.9,16.45,NA
"16735","20191201:0000",-43.79393,171.9607,"Rakaia",1355,"Rakaia",100157,"Canterbury",1010,14,18.6,NA
"16736","20191202:0000",-43.79393,171.9607,"Rakaia",1355,"Rakaia",100157,"Canterbury",1010,10.4,17.55,NA
"16737","20191203:0000",-43.79393,171.9607,"Rakaia",1355,"Rakaia",100157,"Canterbury",1010,14.8,19.2,NA
"16738","20191204:0000",-43.79393,171.9607,"Rakaia",1355,"Rakaia",100157,"Canterbury",1010,28.1,17.9,NA
"16739","20191205:0000",-43.79393,171.9607,"Rakaia",1355,"Rakaia",100157,"Canterbury",1010,16.2,15.15,NA
"16740","20191206:0000",-43.79393,171.9607,"Rakaia",1355,"Rakaia",100157,"Canterbury",1010,14.4,18.15,NA
"16741","20191207:0000",-43.79393,171.9607,"Rakaia",1355,"Rakaia",100157,"Canterbury",1010,7.9,18.2,NA
"16742","20191208:0000",-43.79393,171.9607,"Rakaia",1355,"Rakaia",100157,"Canterbury",1010,16.9,17.5,NA
"16743","20191209:0000",-43.79393,171.9607,"Rakaia",1355,"Rakaia",100157,"Canterbury",1010,8.6,11.4,NA
"16744","20191210:0000",-43.79393,171.9607,"Rakaia",1355,"Rakaia",100157,"Canterbury",1010,9.4,13.35,NA
"16745","20191211:0000",-43.79393,171.9607,"Rakaia",1355,"Rakaia",100157,"Canterbury",1010,6.8,16.6,NA
"16746","20191212:0000",-43.79393,171.9607,"Rakaia",1355,"Rakaia",100157,"Canterbury",1010,4.3,17,NA
"16747","20191213:0000",-43.79393,171.9607,"Rakaia",1355,"Rakaia",100157,"Canterbury",1010,19.4,18.75,NA
"16748","20191214:0000",-43.79393,171.9607,"Rakaia",1355,"Rakaia",100157,"Canterbury",1010,5.4,16.4,NA
"16749","20191215:0000",-43.79393,171.9607,"Rakaia",1355,"Rakaia",100157,"Canterbury",1010,14.4,15.7,NA
"16750","20191216:0000",-43.79393,171.9607,"Rakaia",1355,"Rakaia",100157,"Canterbury",1010,5.4,12.75,NA
"16751","20191217:0000",-43.79393,171.9607,"Rakaia",1355,"Rakaia",100157,"Canterbury",1010,20.5,12.95,NA
"16752","20191218:0000",-43.79393,171.9607,"Rakaia",1355,"Rakaia",100157,"Canterbury",1010,23.4,12.05,NA
"16753","20191219:0000",-43.79393,171.9607,"Rakaia",1355,"Rakaia",100157,"Canterbury",1010,8.3,13.7,NA
"16754","20191220:0000",-43.79393,171.9607,"Rakaia",1355,"Rakaia",100157,"Canterbury",1010,12.2,14.3,NA
"16755","20191221:0000",-43.79393,171.9607,"Rakaia",1355,"Rakaia",100157,"Canterbury",1010,8.6,10.9,NA
"16756","20191222:0000",-43.79393,171.9607,"Rakaia",1355,"Rakaia",100157,"Canterbury",1010,11.2,17.15,NA
"16757","20191223:0000",-43.79393,171.9607,"Rakaia",1355,"Rakaia",100157,"Canterbury",1010,3.6,13.75,NA
"16758","20191224:0000",-43.79393,171.9607,"Rakaia",1355,"Rakaia",100157,"Canterbury",1010,8.3,13.3,NA
"16759","20191225:0000",-43.79393,171.9607,"Rakaia",1355,"Rakaia",100157,"Canterbury",1010,6.1,14.25,NA
"16760","20191226:0000",-43.79393,171.9607,"Rakaia",1355,"Rakaia",100157,"Canterbury",1010,10.4,14.45,NA
"16761","20191227:0000",-43.79393,171.9607,"Rakaia",1355,"Rakaia",100157,"Canterbury",1010,5.4,15.3,NA
"16762","20191228:0000",-43.79393,171.9607,"Rakaia",1355,"Rakaia",100157,"Canterbury",1010,7.2,12.05,NA
"16763","20191229:0000",-43.79393,171.9607,"Rakaia",1355,"Rakaia",100157,"Canterbury",1010,12.2,15.25,NA
"16764","20191230:0000",-43.79393,171.9607,"Rakaia",1355,"Rakaia",100157,"Canterbury",1010,9.7,15.6,NA
"16765","20191231:0000",-43.79393,171.9607,"Rakaia",1355,"Rakaia",100157,"Canterbury",1010,9.4,17.1,NA
"16766","20200101:0000",-43.79393,171.9607,"Rakaia",1355,"Rakaia",100157,"Canterbury",1010,5.4,20.65,NA
"16767","20200102:0000",-43.79393,171.9607,"Rakaia",1355,"Rakaia",100157,"Canterbury",1010,10.1,18.65,NA
"16768","20200103:0000",-43.79393,171.9607,"Rakaia",1355,"Rakaia",100157,"Canterbury",1010,3.6,14.35,NA
"16769","20200104:0000",-43.79393,171.9607,"Rakaia",1355,"Rakaia",100157,"Canterbury",1010,6.1,11.75,NA
"16770","20200105:0000",-43.79393,171.9607,"Rakaia",1355,"Rakaia",100157,"Canterbury",1010,16.9,17.7,NA
"16771","20200106:0000",-43.79393,171.9607,"Rakaia",1355,"Rakaia",100157,"Canterbury",1010,7.9,14.8,NA
"16772","20200107:0000",-43.79393,171.9607,"Rakaia",1355,"Rakaia",100157,"Canterbury",1010,23.4,13.05,NA
"16773","20200108:0000",-43.79393,171.9607,"Rakaia",1355,"Rakaia",100157,"Canterbury",1010,2.5,14.1,NA
"16774","20200109:0000",-43.79393,171.9607,"Rakaia",1355,"Rakaia",100157,"Canterbury",1010,5,15.2,NA
"16775","20200110:0000",-43.79393,171.9607,"Rakaia",1355,"Rakaia",100157,"Canterbury",1010,1.4,15.5,NA
"16776","20200111:0000",-43.79393,171.9607,"Rakaia",1355,"Rakaia",100157,"Canterbury",1010,10.8,19.05,NA
"16777","20200112:0000",-43.79393,171.9607,"Rakaia",1355,"Rakaia",100157,"Canterbury",1010,11.5,22.3,NA
"16778","20200113:0000",-43.79393,171.9607,"Rakaia",1355,"Rakaia",100157,"Canterbury",1010,4.3,12.45,NA
"16779","20200114:0000",-43.79393,171.9607,"Rakaia",1355,"Rakaia",100157,"Canterbury",1010,4.3,12.2,NA
"16780","20200115:0000",-43.79393,171.9607,"Rakaia",1355,"Rakaia",100157,"Canterbury",1010,7.9,12.2,NA
"16781","20200116:0000",-43.79393,171.9607,"Rakaia",1355,"Rakaia",100157,"Canterbury",1010,8.6,12.7,NA
"16782","20200117:0000",-43.79393,171.9607,"Rakaia",1355,"Rakaia",100157,"Canterbury",1010,11.9,15.15,NA
"16783","20200118:0000",-43.79393,171.9607,"Rakaia",1355,"Rakaia",100157,"Canterbury",1010,15.5,16.1,NA
"16784","20200119:0000",-43.79393,171.9607,"Rakaia",1355,"Rakaia",100157,"Canterbury",1010,9.4,16.95,NA
"16785","20200120:0000",-43.79393,171.9607,"Rakaia",1355,"Rakaia",100157,"Canterbury",1010,2.5,16.9,NA
"16786","20200121:0000",-43.79393,171.9607,"Rakaia",1355,"Rakaia",100157,"Canterbury",1010,3.6,18.15,NA
"16787","20200122:0000",-43.79393,171.9607,"Rakaia",1355,"Rakaia",100157,"Canterbury",1010,9.4,20.15,NA
"16788","20200123:0000",-43.79393,171.9607,"Rakaia",1355,"Rakaia",100157,"Canterbury",1010,6.5,17.95,NA
"16789","20200124:0000",-43.79393,171.9607,"Rakaia",1355,"Rakaia",100157,"Canterbury",1010,13,20.35,NA
"16790","20200125:0000",-43.79393,171.9607,"Rakaia",1355,"Rakaia",100157,"Canterbury",1010,3.6,24.35,NA
"16791","20200126:0000",-43.79393,171.9607,"Rakaia",1355,"Rakaia",100157,"Canterbury",1010,3.2,18.75,NA
"16792","20200127:0000",-43.79393,171.9607,"Rakaia",1355,"Rakaia",100157,"Canterbury",1010,4,21.65,NA
"16793","20200128:0000",-43.79393,171.9607,"Rakaia",1355,"Rakaia",100157,"Canterbury",1010,8.6,18.65,NA
"16794","20200129:0000",-43.79393,171.9607,"Rakaia",1355,"Rakaia",100157,"Canterbury",1010,2.9,22.1,NA
"16795","20200130:0000",-43.79393,171.9607,"Rakaia",1355,"Rakaia",100157,"Canterbury",1010,7.9,18.95,NA
"16796","20200131:0000",-43.79393,171.9607,"Rakaia",1355,"Rakaia",100157,"Canterbury",1010,16.6,17.4,NA
"16797","20200201:0000",-43.79393,171.9607,"Rakaia",1355,"Rakaia",100157,"Canterbury",1010,6.5,18.6,NA
"16798","20200202:0000",-43.79393,171.9607,"Rakaia",1355,"Rakaia",100157,"Canterbury",1010,31,25.3,NA
"16799","20200203:0000",-43.79393,171.9607,"Rakaia",1355,"Rakaia",100157,"Canterbury",1010,24.1,23.75,NA
"16800","20200204:0000",-43.79393,171.9607,"Rakaia",1355,"Rakaia",100157,"Canterbury",1010,12.2,17.4,NA
"16801","20200205:0000",-43.79393,171.9607,"Rakaia",1355,"Rakaia",100157,"Canterbury",1010,7.9,13.9,NA
"16802","20200206:0000",-43.79393,171.9607,"Rakaia",1355,"Rakaia",100157,"Canterbury",1010,5.8,14.9,NA
"16803","20200207:0000",-43.79393,171.9607,"Rakaia",1355,"Rakaia",100157,"Canterbury",1010,3.6,14.5,NA
"16804","20200208:0000",-43.79393,171.9607,"Rakaia",1355,"Rakaia",100157,"Canterbury",1010,9.4,12.45,NA
"16805","20200209:0000",-43.79393,171.9607,"Rakaia",1355,"Rakaia",100157,"Canterbury",1010,6.1,13.6,NA
"16806","20200210:0000",-43.79393,171.9607,"Rakaia",1355,"Rakaia",100157,"Canterbury",1010,5,15.1,NA
"16807","20200211:0000",-43.79393,171.9607,"Rakaia",1355,"Rakaia",100157,"Canterbury",1010,7.6,14.05,NA
"16808","20200212:0000",-43.79393,171.9607,"Rakaia",1355,"Rakaia",100157,"Canterbury",1010,9.7,17.9,NA
"16809","20200213:0000",-43.79393,171.9607,"Rakaia",1355,"Rakaia",100157,"Canterbury",1010,4.7,18.8,NA
"16810","20200214:0000",-43.79393,171.9607,"Rakaia",1355,"Rakaia",100157,"Canterbury",1010,7.6,13.5,NA
"16811","20200215:0000",-43.79393,171.9607,"Rakaia",1355,"Rakaia",100157,"Canterbury",1010,10.1,17.05,NA
"16812","20200216:0000",-43.79393,171.9607,"Rakaia",1355,"Rakaia",100157,"Canterbury",1010,13,20.5,NA
"16813","20200217:0000",-43.79393,171.9607,"Rakaia",1355,"Rakaia",100157,"Canterbury",1010,5.8,27,NA
"16814","20200218:0000",-43.79393,171.9607,"Rakaia",1355,"Rakaia",100157,"Canterbury",1010,9,18.8,NA
"16815","20200219:0000",-43.79393,171.9607,"Rakaia",1355,"Rakaia",100157,"Canterbury",1010,7.9,16.8,NA
"16816","20180101:0000",-43.29206,170.99523,"Ashburton Lakes",2066,NA,0,"Canterbury",1010,8.6,8.4,NA
"16817","20180102:0000",-43.29206,170.99523,"Ashburton Lakes",2066,NA,0,"Canterbury",1010,2.9,11.7,NA
"16818","20180103:0000",-43.29206,170.99523,"Ashburton Lakes",2066,NA,0,"Canterbury",1010,5,10.85,NA
"16819","20180104:0000",-43.29206,170.99523,"Ashburton Lakes",2066,NA,0,"Canterbury",1010,2.5,11.6,NA
"16820","20180105:0000",-43.29206,170.99523,"Ashburton Lakes",2066,NA,0,"Canterbury",1010,7.9,7.25,NA
"16821","20180106:0000",-43.29206,170.99523,"Ashburton Lakes",2066,NA,0,"Canterbury",1010,6.8,6.05,NA
"16822","20180107:0000",-43.29206,170.99523,"Ashburton Lakes",2066,NA,0,"Canterbury",1010,7.6,5.5,NA
"16823","20180108:0000",-43.29206,170.99523,"Ashburton Lakes",2066,NA,0,"Canterbury",1010,3.6,9.1,NA
"16824","20180109:0000",-43.29206,170.99523,"Ashburton Lakes",2066,NA,0,"Canterbury",1010,15.8,10.1,NA
"16825","20180110:0000",-43.29206,170.99523,"Ashburton Lakes",2066,NA,0,"Canterbury",1010,3.2,8.8,NA
"16826","20180111:0000",-43.29206,170.99523,"Ashburton Lakes",2066,NA,0,"Canterbury",1010,1.4,4.8,NA
"16827","20180112:0000",-43.29206,170.99523,"Ashburton Lakes",2066,NA,0,"Canterbury",1010,2.9,5.7,NA
"16828","20180113:0000",-43.29206,170.99523,"Ashburton Lakes",2066,NA,0,"Canterbury",1010,9,7.15,NA
"16829","20180114:0000",-43.29206,170.99523,"Ashburton Lakes",2066,NA,0,"Canterbury",1010,15.5,9.9,NA
"16830","20180115:0000",-43.29206,170.99523,"Ashburton Lakes",2066,NA,0,"Canterbury",1010,8.6,11,NA
"16831","20180116:0000",-43.29206,170.99523,"Ashburton Lakes",2066,NA,0,"Canterbury",1010,6.5,10.4,NA
"16832","20180117:0000",-43.29206,170.99523,"Ashburton Lakes",2066,NA,0,"Canterbury",1010,10.8,9.9,NA
"16833","20180118:0000",-43.29206,170.99523,"Ashburton Lakes",2066,NA,0,"Canterbury",1010,10.1,10.1,NA
"16834","20180119:0000",-43.29206,170.99523,"Ashburton Lakes",2066,NA,0,"Canterbury",1010,6.8,10,NA
"16835","20180120:0000",-43.29206,170.99523,"Ashburton Lakes",2066,NA,0,"Canterbury",1010,19.1,11.95,NA
"16836","20180121:0000",-43.29206,170.99523,"Ashburton Lakes",2066,NA,0,"Canterbury",1010,5,13.5,NA
"16837","20180122:0000",-43.29206,170.99523,"Ashburton Lakes",2066,NA,0,"Canterbury",1010,13.7,11.4,NA
"16838","20180123:0000",-43.29206,170.99523,"Ashburton Lakes",2066,NA,0,"Canterbury",1010,7.2,12.1,NA
"16839","20180124:0000",-43.29206,170.99523,"Ashburton Lakes",2066,NA,0,"Canterbury",1010,19.8,14.45,NA
"16840","20180125:0000",-43.29206,170.99523,"Ashburton Lakes",2066,NA,0,"Canterbury",1010,16.9,15.9,NA
"16841","20180126:0000",-43.29206,170.99523,"Ashburton Lakes",2066,NA,0,"Canterbury",1010,2.9,11.9,NA
"16842","20180127:0000",-43.29206,170.99523,"Ashburton Lakes",2066,NA,0,"Canterbury",1010,2.2,13.7,NA
"16843","20180128:0000",-43.29206,170.99523,"Ashburton Lakes",2066,NA,0,"Canterbury",1010,2.9,15.95,NA
"16844","20180129:0000",-43.29206,170.99523,"Ashburton Lakes",2066,NA,0,"Canterbury",1010,13,15.1,NA
"16845","20180130:0000",-43.29206,170.99523,"Ashburton Lakes",2066,NA,0,"Canterbury",1010,11.5,15.45,NA
"16846","20180131:0000",-43.29206,170.99523,"Ashburton Lakes",2066,NA,0,"Canterbury",1010,16.6,11.85,NA
"16847","20180201:0000",-43.29206,170.99523,"Ashburton Lakes",2066,NA,0,"Canterbury",1010,24.1,11.2,NA
"16848","20180202:0000",-43.29206,170.99523,"Ashburton Lakes",2066,NA,0,"Canterbury",1010,0,0.8,NA
"16849","20180203:0000",-43.29206,170.99523,"Ashburton Lakes",2066,NA,0,"Canterbury",1010,2.5,2.75,NA
"16850","20180204:0000",-43.29206,170.99523,"Ashburton Lakes",2066,NA,0,"Canterbury",1010,11.2,3.1,NA
"16851","20180205:0000",-43.29206,170.99523,"Ashburton Lakes",2066,NA,0,"Canterbury",1010,51.5,4.7,NA
"16852","20180206:0000",-43.29206,170.99523,"Ashburton Lakes",2066,NA,0,"Canterbury",1010,13,4.45,NA
"16853","20180207:0000",-43.29206,170.99523,"Ashburton Lakes",2066,NA,0,"Canterbury",1010,2.5,6.2,NA
"16854","20180208:0000",-43.29206,170.99523,"Ashburton Lakes",2066,NA,0,"Canterbury",1010,1.4,9.25,NA
"16855","20180209:0000",-43.29206,170.99523,"Ashburton Lakes",2066,NA,0,"Canterbury",1010,6.1,10.25,NA
"16856","20180210:0000",-43.29206,170.99523,"Ashburton Lakes",2066,NA,0,"Canterbury",1010,4.3,10.75,NA
"16857","20180211:0000",-43.29206,170.99523,"Ashburton Lakes",2066,NA,0,"Canterbury",1010,5,10.65,NA
"16858","20180212:0000",-43.29206,170.99523,"Ashburton Lakes",2066,NA,0,"Canterbury",1010,15.5,9.95,NA
"16859","20180213:0000",-43.29206,170.99523,"Ashburton Lakes",2066,NA,0,"Canterbury",1010,12.6,10.1,NA
"16860","20180214:0000",-43.29206,170.99523,"Ashburton Lakes",2066,NA,0,"Canterbury",1010,1.8,8.55,NA
"16861","20180215:0000",-43.29206,170.99523,"Ashburton Lakes",2066,NA,0,"Canterbury",1010,19.4,6.95,NA
"16862","20180216:0000",-43.29206,170.99523,"Ashburton Lakes",2066,NA,0,"Canterbury",1010,23.4,7.85,NA
"16863","20180217:0000",-43.29206,170.99523,"Ashburton Lakes",2066,NA,0,"Canterbury",1010,27.7,8.6,NA
"16864","20180218:0000",-43.29206,170.99523,"Ashburton Lakes",2066,NA,0,"Canterbury",1010,15.8,7.9,NA
"16865","20180219:0000",-43.29206,170.99523,"Ashburton Lakes",2066,NA,0,"Canterbury",1010,28.8,7,NA
"16866","20180220:0000",-43.29206,170.99523,"Ashburton Lakes",2066,NA,0,"Canterbury",1010,3.2,3.35,NA
"16867","20180221:0000",-43.29206,170.99523,"Ashburton Lakes",2066,NA,0,"Canterbury",1010,0,0.45,NA
"16868","20180222:0000",-43.29206,170.99523,"Ashburton Lakes",2066,NA,0,"Canterbury",1010,2.5,3.3,NA
"16869","20180223:0000",-43.29206,170.99523,"Ashburton Lakes",2066,NA,0,"Canterbury",1010,14.4,4.75,NA
"16870","20180224:0000",-43.29206,170.99523,"Ashburton Lakes",2066,NA,0,"Canterbury",1010,3.6,7.5,NA
"16871","20180225:0000",-43.29206,170.99523,"Ashburton Lakes",2066,NA,0,"Canterbury",1010,23.4,6.85,NA
"16872","20180226:0000",-43.29206,170.99523,"Ashburton Lakes",2066,NA,0,"Canterbury",1010,5,5.2,NA
"16873","20180227:0000",-43.29206,170.99523,"Ashburton Lakes",2066,NA,0,"Canterbury",1010,1.1,5.65,NA
"16874","20180228:0000",-43.29206,170.99523,"Ashburton Lakes",2066,NA,0,"Canterbury",1010,7.9,7.9,NA
"16875","20180301:0000",-43.29206,170.99523,"Ashburton Lakes",2066,NA,0,"Canterbury",1010,11.2,9.25,NA
"16876","20180302:0000",-43.29206,170.99523,"Ashburton Lakes",2066,NA,0,"Canterbury",1010,3.2,9.8,NA
"16877","20180303:0000",-43.29206,170.99523,"Ashburton Lakes",2066,NA,0,"Canterbury",1010,6.8,10.4,NA
"16878","20180304:0000",-43.29206,170.99523,"Ashburton Lakes",2066,NA,0,"Canterbury",1010,8.6,9.8,NA
"16879","20180305:0000",-43.29206,170.99523,"Ashburton Lakes",2066,NA,0,"Canterbury",1010,3.6,10.4,NA
"16880","20180306:0000",-43.29206,170.99523,"Ashburton Lakes",2066,NA,0,"Canterbury",1010,0.7,6.75,NA
"16881","20180307:0000",-43.29206,170.99523,"Ashburton Lakes",2066,NA,0,"Canterbury",1010,1.8,3,NA
"16882","20180308:0000",-43.29206,170.99523,"Ashburton Lakes",2066,NA,0,"Canterbury",1010,3.2,5.9,NA
"16883","20180309:0000",-43.29206,170.99523,"Ashburton Lakes",2066,NA,0,"Canterbury",1010,3.6,5.35,NA
"16884","20180310:0000",-43.29206,170.99523,"Ashburton Lakes",2066,NA,0,"Canterbury",1010,3.2,4.4,NA
"16885","20180311:0000",-43.29206,170.99523,"Ashburton Lakes",2066,NA,0,"Canterbury",1010,8.3,8.8,NA
"16886","20180312:0000",-43.29206,170.99523,"Ashburton Lakes",2066,NA,0,"Canterbury",1010,11.2,9.15,NA
"16887","20180313:0000",-43.29206,170.99523,"Ashburton Lakes",2066,NA,0,"Canterbury",1010,30.2,5.25,NA
"16888","20180314:0000",-43.29206,170.99523,"Ashburton Lakes",2066,NA,0,"Canterbury",1010,13.3,3.55,NA
"16889","20180315:0000",-43.29206,170.99523,"Ashburton Lakes",2066,NA,0,"Canterbury",1010,18,5.25,NA
"16890","20180316:0000",-43.29206,170.99523,"Ashburton Lakes",2066,NA,0,"Canterbury",1010,42.8,6.3,NA
"16891","20180317:0000",-43.29206,170.99523,"Ashburton Lakes",2066,NA,0,"Canterbury",1010,1.4,5.35,NA
"16892","20180318:0000",-43.29206,170.99523,"Ashburton Lakes",2066,NA,0,"Canterbury",1010,8.6,5.55,NA
"16893","20180319:0000",-43.29206,170.99523,"Ashburton Lakes",2066,NA,0,"Canterbury",1010,22,7.65,NA
"16894","20180320:0000",-43.29206,170.99523,"Ashburton Lakes",2066,NA,0,"Canterbury",1010,17.6,9.2,NA
"16895","20180321:0000",-43.29206,170.99523,"Ashburton Lakes",2066,NA,0,"Canterbury",1010,12.2,10.05,NA
"16896","20180322:0000",-43.29206,170.99523,"Ashburton Lakes",2066,NA,0,"Canterbury",1010,7.2,-0.8,NA
"16897","20180323:0000",-43.29206,170.99523,"Ashburton Lakes",2066,NA,0,"Canterbury",1010,0,1,NA
"16898","20180324:0000",-43.29206,170.99523,"Ashburton Lakes",2066,NA,0,"Canterbury",1010,12.2,1.25,NA
"16899","20180325:0000",-43.29206,170.99523,"Ashburton Lakes",2066,NA,0,"Canterbury",1010,11.9,3.3,NA
"16900","20180326:0000",-43.29206,170.99523,"Ashburton Lakes",2066,NA,0,"Canterbury",1010,20.2,6,NA
"16901","20180327:0000",-43.29206,170.99523,"Ashburton Lakes",2066,NA,0,"Canterbury",1010,21.6,8.15,NA
"16902","20180328:0000",-43.29206,170.99523,"Ashburton Lakes",2066,NA,0,"Canterbury",1010,11.9,7.95,NA
"16903","20180329:0000",-43.29206,170.99523,"Ashburton Lakes",2066,NA,0,"Canterbury",1010,8.3,6.15,NA
"16904","20180330:0000",-43.29206,170.99523,"Ashburton Lakes",2066,NA,0,"Canterbury",1010,3.6,8.35,NA
"16905","20180331:0000",-43.29206,170.99523,"Ashburton Lakes",2066,NA,0,"Canterbury",1010,34.9,6.5,NA
"16906","20180401:0000",-43.29206,170.99523,"Ashburton Lakes",2066,NA,0,"Canterbury",1010,5.4,5.7,NA
"16907","20180402:0000",-43.29206,170.99523,"Ashburton Lakes",2066,NA,0,"Canterbury",1010,20.9,4.7,NA
"16908","20180403:0000",-43.29206,170.99523,"Ashburton Lakes",2066,NA,0,"Canterbury",1010,28.4,5.85,NA
"16909","20180404:0000",-43.29206,170.99523,"Ashburton Lakes",2066,NA,0,"Canterbury",1010,31,4.8,NA
"16910","20180405:0000",-43.29206,170.99523,"Ashburton Lakes",2066,NA,0,"Canterbury",1010,12.6,7.15,NA
"16911","20180406:0000",-43.29206,170.99523,"Ashburton Lakes",2066,NA,0,"Canterbury",1010,12.2,5.7,NA
"16912","20180407:0000",-43.29206,170.99523,"Ashburton Lakes",2066,NA,0,"Canterbury",1010,6.5,4,NA
"16913","20180408:0000",-43.29206,170.99523,"Ashburton Lakes",2066,NA,0,"Canterbury",1010,17.3,2.05,NA
"16914","20180409:0000",-43.29206,170.99523,"Ashburton Lakes",2066,NA,0,"Canterbury",1010,10.1,0.3,NA
"16915","20180410:0000",-43.29206,170.99523,"Ashburton Lakes",2066,NA,0,"Canterbury",1010,9.7,-6.3,NA
"16916","20180411:0000",-43.29206,170.99523,"Ashburton Lakes",2066,NA,0,"Canterbury",1010,4.3,-2.5,NA
"16917","20180412:0000",-43.29206,170.99523,"Ashburton Lakes",2066,NA,0,"Canterbury",1010,19.4,-3.3,NA
"16918","20180413:0000",-43.29206,170.99523,"Ashburton Lakes",2066,NA,0,"Canterbury",1010,5,-1.2,NA
"16919","20180414:0000",-43.29206,170.99523,"Ashburton Lakes",2066,NA,0,"Canterbury",1010,0.7,0.5,NA
"16920","20180415:0000",-43.29206,170.99523,"Ashburton Lakes",2066,NA,0,"Canterbury",1010,7.9,2.6,NA
"16921","20180416:0000",-43.29206,170.99523,"Ashburton Lakes",2066,NA,0,"Canterbury",1010,37.1,3.75,NA
"16922","20180417:0000",-43.29206,170.99523,"Ashburton Lakes",2066,NA,0,"Canterbury",1010,34.6,0.1,NA
"16923","20180418:0000",-43.29206,170.99523,"Ashburton Lakes",2066,NA,0,"Canterbury",1010,12.6,-0.8,NA
"16924","20180419:0000",-43.29206,170.99523,"Ashburton Lakes",2066,NA,0,"Canterbury",1010,21.6,0,NA
"16925","20180420:0000",-43.29206,170.99523,"Ashburton Lakes",2066,NA,0,"Canterbury",1010,49.3,2.05,NA
"16926","20180421:0000",-43.29206,170.99523,"Ashburton Lakes",2066,NA,0,"Canterbury",1010,41.8,1.9,NA
"16927","20180422:0000",-43.29206,170.99523,"Ashburton Lakes",2066,NA,0,"Canterbury",1010,6.1,2.7,NA
"16928","20180423:0000",-43.29206,170.99523,"Ashburton Lakes",2066,NA,0,"Canterbury",1010,4.7,4.45,NA
"16929","20180424:0000",-43.29206,170.99523,"Ashburton Lakes",2066,NA,0,"Canterbury",1010,13.7,3.6,NA
"16930","20180425:0000",-43.29206,170.99523,"Ashburton Lakes",2066,NA,0,"Canterbury",1010,7.9,5.45,NA
"16931","20180426:0000",-43.29206,170.99523,"Ashburton Lakes",2066,NA,0,"Canterbury",1010,3.6,7,NA
"16932","20180427:0000",-43.29206,170.99523,"Ashburton Lakes",2066,NA,0,"Canterbury",1010,18,3.2,NA
"16933","20180428:0000",-43.29206,170.99523,"Ashburton Lakes",2066,NA,0,"Canterbury",1010,0,0.05,NA
"16934","20180429:0000",-43.29206,170.99523,"Ashburton Lakes",2066,NA,0,"Canterbury",1010,0,2.7,NA
"16935","20180430:0000",-43.29206,170.99523,"Ashburton Lakes",2066,NA,0,"Canterbury",1010,1.4,4.15,NA
"16936","20180501:0000",-43.29206,170.99523,"Ashburton Lakes",2066,NA,0,"Canterbury",1010,6.1,5.85,NA
"16937","20180502:0000",-43.29206,170.99523,"Ashburton Lakes",2066,NA,0,"Canterbury",1010,5.8,5.85,NA
"16938","20180503:0000",-43.29206,170.99523,"Ashburton Lakes",2066,NA,0,"Canterbury",1010,3.6,8.85,NA
"16939","20180504:0000",-43.29206,170.99523,"Ashburton Lakes",2066,NA,0,"Canterbury",1010,6.5,10,NA
"16940","20180505:0000",-43.29206,170.99523,"Ashburton Lakes",2066,NA,0,"Canterbury",1010,14.8,4.45,NA
"16941","20180506:0000",-43.29206,170.99523,"Ashburton Lakes",2066,NA,0,"Canterbury",1010,16.9,1.25,NA
"16942","20180507:0000",-43.29206,170.99523,"Ashburton Lakes",2066,NA,0,"Canterbury",1010,15.5,1.05,NA
"16943","20180508:0000",-43.29206,170.99523,"Ashburton Lakes",2066,NA,0,"Canterbury",1010,27.7,3.15,NA
"16944","20180509:0000",-43.29206,170.99523,"Ashburton Lakes",2066,NA,0,"Canterbury",1010,15.5,5.25,NA
"16945","20180510:0000",-43.29206,170.99523,"Ashburton Lakes",2066,NA,0,"Canterbury",1010,15.1,3.55,NA
"16946","20180511:0000",-43.29206,170.99523,"Ashburton Lakes",2066,NA,0,"Canterbury",1010,14.8,5.1,NA
"16947","20180512:0000",-43.29206,170.99523,"Ashburton Lakes",2066,NA,0,"Canterbury",1010,2.9,3.1,NA
"16948","20180513:0000",-43.29206,170.99523,"Ashburton Lakes",2066,NA,0,"Canterbury",1010,1.4,1.35,NA
"16949","20180514:0000",-43.29206,170.99523,"Ashburton Lakes",2066,NA,0,"Canterbury",1010,1.1,1.8,NA
"16950","20180515:0000",-43.29206,170.99523,"Ashburton Lakes",2066,NA,0,"Canterbury",1010,3.2,2.45,NA
"16951","20180516:0000",-43.29206,170.99523,"Ashburton Lakes",2066,NA,0,"Canterbury",1010,1.4,2.55,NA
"16952","20180517:0000",-43.29206,170.99523,"Ashburton Lakes",2066,NA,0,"Canterbury",1010,10.1,-1.05,NA
"16953","20180518:0000",-43.29206,170.99523,"Ashburton Lakes",2066,NA,0,"Canterbury",1010,28.4,-0.5,NA
"16954","20180519:0000",-43.29206,170.99523,"Ashburton Lakes",2066,NA,0,"Canterbury",1010,50.8,-0.7,NA
"16955","20180520:0000",-43.29206,170.99523,"Ashburton Lakes",2066,NA,0,"Canterbury",1010,46.8,0.2,NA
"16956","20180521:0000",-43.29206,170.99523,"Ashburton Lakes",2066,NA,0,"Canterbury",1010,21.6,-2.95,NA
"16957","20180522:0000",-43.29206,170.99523,"Ashburton Lakes",2066,NA,0,"Canterbury",1010,31,-2.15,NA
"16958","20180523:0000",-43.29206,170.99523,"Ashburton Lakes",2066,NA,0,"Canterbury",1010,7.9,-3.2,NA
"16959","20180524:0000",-43.29206,170.99523,"Ashburton Lakes",2066,NA,0,"Canterbury",1010,18.4,-4.3,NA
"16960","20180525:0000",-43.29206,170.99523,"Ashburton Lakes",2066,NA,0,"Canterbury",1010,4.3,-4.05,NA
"16961","20180526:0000",-43.29206,170.99523,"Ashburton Lakes",2066,NA,0,"Canterbury",1010,10.8,-2.95,NA
"16962","20180527:0000",-43.29206,170.99523,"Ashburton Lakes",2066,NA,0,"Canterbury",1010,5.4,-2.85,NA
"16963","20180528:0000",-43.29206,170.99523,"Ashburton Lakes",2066,NA,0,"Canterbury",1010,2.9,-3.3,NA
"16964","20180529:0000",-43.29206,170.99523,"Ashburton Lakes",2066,NA,0,"Canterbury",1010,2.2,-1.2,NA
"16965","20180530:0000",-43.29206,170.99523,"Ashburton Lakes",2066,NA,0,"Canterbury",1010,2.9,3.45,NA
"16966","20180531:0000",-43.29206,170.99523,"Ashburton Lakes",2066,NA,0,"Canterbury",1010,0.4,4.2,NA
"16967","20180601:0000",-43.29206,170.99523,"Ashburton Lakes",2066,NA,0,"Canterbury",1010,1.4,2.4,NA
"16968","20180602:0000",-43.29206,170.99523,"Ashburton Lakes",2066,NA,0,"Canterbury",1010,1.1,-0.8,NA
"16969","20180603:0000",-43.29206,170.99523,"Ashburton Lakes",2066,NA,0,"Canterbury",1010,0.4,-1.4,NA
"16970","20180604:0000",-43.29206,170.99523,"Ashburton Lakes",2066,NA,0,"Canterbury",1010,13.7,0.7,NA
"16971","20180605:0000",-43.29206,170.99523,"Ashburton Lakes",2066,NA,0,"Canterbury",1010,10.8,1.6,NA
"16972","20180606:0000",-43.29206,170.99523,"Ashburton Lakes",2066,NA,0,"Canterbury",1010,5.8,-2.7,NA
"16973","20180607:0000",-43.29206,170.99523,"Ashburton Lakes",2066,NA,0,"Canterbury",1010,11.5,-1.9,NA
"16974","20180608:0000",-43.29206,170.99523,"Ashburton Lakes",2066,NA,0,"Canterbury",1010,7.9,3.7,NA
"16975","20180609:0000",-43.29206,170.99523,"Ashburton Lakes",2066,NA,0,"Canterbury",1010,24.5,0.75,NA
"16976","20180610:0000",-43.29206,170.99523,"Ashburton Lakes",2066,NA,0,"Canterbury",1010,14.8,1.2,NA
"16977","20180611:0000",-43.29206,170.99523,"Ashburton Lakes",2066,NA,0,"Canterbury",1010,0,-0.95,NA
"16978","20180612:0000",-43.29206,170.99523,"Ashburton Lakes",2066,NA,0,"Canterbury",1010,4.3,-1.6,NA
"16979","20180613:0000",-43.29206,170.99523,"Ashburton Lakes",2066,NA,0,"Canterbury",1010,0,0.4,NA
"16980","20180614:0000",-43.29206,170.99523,"Ashburton Lakes",2066,NA,0,"Canterbury",1010,4,3.2,NA
"16981","20180615:0000",-43.29206,170.99523,"Ashburton Lakes",2066,NA,0,"Canterbury",1010,13.7,2.9,NA
"16982","20180616:0000",-43.29206,170.99523,"Ashburton Lakes",2066,NA,0,"Canterbury",1010,13.3,1.9,NA
"16983","20180617:0000",-43.29206,170.99523,"Ashburton Lakes",2066,NA,0,"Canterbury",1010,14,0.1,NA
"16984","20180618:0000",-43.29206,170.99523,"Ashburton Lakes",2066,NA,0,"Canterbury",1010,2.5,-0.45,NA
"16985","20180619:0000",-43.29206,170.99523,"Ashburton Lakes",2066,NA,0,"Canterbury",1010,1.8,-2.4,NA
"16986","20180620:0000",-43.29206,170.99523,"Ashburton Lakes",2066,NA,0,"Canterbury",1010,0,-1.15,NA
"16987","20180621:0000",-43.29206,170.99523,"Ashburton Lakes",2066,NA,0,"Canterbury",1010,0.4,-0.0499999999999998,NA
"16988","20180622:0000",-43.29206,170.99523,"Ashburton Lakes",2066,NA,0,"Canterbury",1010,2.9,2.05,NA
"16989","20180623:0000",-43.29206,170.99523,"Ashburton Lakes",2066,NA,0,"Canterbury",1010,6.8,-1.45,NA
"16990","20180624:0000",-43.29206,170.99523,"Ashburton Lakes",2066,NA,0,"Canterbury",1010,23,-1.2,NA
"16991","20180625:0000",-43.29206,170.99523,"Ashburton Lakes",2066,NA,0,"Canterbury",1010,19.4,-4.55,NA
"16992","20180626:0000",-43.29206,170.99523,"Ashburton Lakes",2066,NA,0,"Canterbury",1010,10.8,-2.95,NA
"16993","20180627:0000",-43.29206,170.99523,"Ashburton Lakes",2066,NA,0,"Canterbury",1010,4.3,-2.55,NA
"16994","20180628:0000",-43.29206,170.99523,"Ashburton Lakes",2066,NA,0,"Canterbury",1010,9.4,-1.75,NA
"16995","20180629:0000",-43.29206,170.99523,"Ashburton Lakes",2066,NA,0,"Canterbury",1010,1.4,-1.75,NA
"16996","20180630:0000",-43.29206,170.99523,"Ashburton Lakes",2066,NA,0,"Canterbury",1010,7.9,-0.75,NA
"16997","20180701:0000",-43.29206,170.99523,"Ashburton Lakes",2066,NA,0,"Canterbury",1010,12.6,-0.3,NA
"16998","20180702:0000",-43.29206,170.99523,"Ashburton Lakes",2066,NA,0,"Canterbury",1010,4,0.2,NA
"16999","20180703:0000",-43.29206,170.99523,"Ashburton Lakes",2066,NA,0,"Canterbury",1010,3.2,2.1,NA
"17000","20180704:0000",-43.29206,170.99523,"Ashburton Lakes",2066,NA,0,"Canterbury",1010,16.6,3.85,NA
"17001","20180705:0000",-43.29206,170.99523,"Ashburton Lakes",2066,NA,0,"Canterbury",1010,7.9,2.1,NA
"17002","20180706:0000",-43.29206,170.99523,"Ashburton Lakes",2066,NA,0,"Canterbury",1010,16.6,1.7,NA
"17003","20180707:0000",-43.29206,170.99523,"Ashburton Lakes",2066,NA,0,"Canterbury",1010,22.3,1.5,NA
"17004","20180708:0000",-43.29206,170.99523,"Ashburton Lakes",2066,NA,0,"Canterbury",1010,17.6,1.9,NA
"17005","20180709:0000",-43.29206,170.99523,"Ashburton Lakes",2066,NA,0,"Canterbury",1010,31.3,-2.25,NA
"17006","20180710:0000",-43.29206,170.99523,"Ashburton Lakes",2066,NA,0,"Canterbury",1010,4.7,-2,NA
"17007","20180711:0000",-43.29206,170.99523,"Ashburton Lakes",2066,NA,0,"Canterbury",1010,18.4,-2.4,NA
"17008","20180712:0000",-43.29206,170.99523,"Ashburton Lakes",2066,NA,0,"Canterbury",1010,0.4,-1.7,NA
"17009","20180713:0000",-43.29206,170.99523,"Ashburton Lakes",2066,NA,0,"Canterbury",1010,15.8,-2.05,NA
"17010","20180714:0000",-43.29206,170.99523,"Ashburton Lakes",2066,NA,0,"Canterbury",1010,7.2,-0.0500000000000003,NA
"17011","20180715:0000",-43.29206,170.99523,"Ashburton Lakes",2066,NA,0,"Canterbury",1010,5,-0.0499999999999998,NA
"17012","20180716:0000",-43.29206,170.99523,"Ashburton Lakes",2066,NA,0,"Canterbury",1010,5.8,-0.7,NA
"17013","20180717:0000",-43.29206,170.99523,"Ashburton Lakes",2066,NA,0,"Canterbury",1010,13.7,0.25,NA
"17014","20180718:0000",-43.29206,170.99523,"Ashburton Lakes",2066,NA,0,"Canterbury",1010,1.4,0.75,NA
"17015","20180719:0000",-43.29206,170.99523,"Ashburton Lakes",2066,NA,0,"Canterbury",1010,8.6,1.45,NA
"17016","20180720:0000",-43.29206,170.99523,"Ashburton Lakes",2066,NA,0,"Canterbury",1010,8.6,1.15,NA
"17017","20180721:0000",-43.29206,170.99523,"Ashburton Lakes",2066,NA,0,"Canterbury",1010,27.4,0.5,NA
"17018","20180722:0000",-43.29206,170.99523,"Ashburton Lakes",2066,NA,0,"Canterbury",1010,21.6,-2.8,NA
"17019","20180723:0000",-43.29206,170.99523,"Ashburton Lakes",2066,NA,0,"Canterbury",1010,1.1,-4.4,NA
"17020","20180724:0000",-43.29206,170.99523,"Ashburton Lakes",2066,NA,0,"Canterbury",1010,0.7,-4.8,NA
"17021","20180725:0000",-43.29206,170.99523,"Ashburton Lakes",2066,NA,0,"Canterbury",1010,0,-2.95,NA
"17022","20180726:0000",-43.29206,170.99523,"Ashburton Lakes",2066,NA,0,"Canterbury",1010,12.2,-2.85,NA
"17023","20180727:0000",-43.29206,170.99523,"Ashburton Lakes",2066,NA,0,"Canterbury",1010,16.9,-2.5,NA
"17024","20180728:0000",-43.29206,170.99523,"Ashburton Lakes",2066,NA,0,"Canterbury",1010,16.6,-1.25,NA
"17025","20180729:0000",-43.29206,170.99523,"Ashburton Lakes",2066,NA,0,"Canterbury",1010,18.7,-1.05,NA
"17026","20180730:0000",-43.29206,170.99523,"Ashburton Lakes",2066,NA,0,"Canterbury",1010,10.1,-1.05,NA
"17027","20180731:0000",-43.29206,170.99523,"Ashburton Lakes",2066,NA,0,"Canterbury",1010,13,-0.7,NA
"17028","20180801:0000",-43.29206,170.99523,"Ashburton Lakes",2066,NA,0,"Canterbury",1010,13.7,0.0499999999999999,NA
"17029","20180802:0000",-43.29206,170.99523,"Ashburton Lakes",2066,NA,0,"Canterbury",1010,11.2,-0.25,NA
"17030","20180803:0000",-43.29206,170.99523,"Ashburton Lakes",2066,NA,0,"Canterbury",1010,4.3,-2.2,NA
"17031","20180804:0000",-43.29206,170.99523,"Ashburton Lakes",2066,NA,0,"Canterbury",1010,4,-1.8,NA
"17032","20180805:0000",-43.29206,170.99523,"Ashburton Lakes",2066,NA,0,"Canterbury",1010,4.7,-0.75,NA
"17033","20180806:0000",-43.29206,170.99523,"Ashburton Lakes",2066,NA,0,"Canterbury",1010,1.8,1.85,NA
"17034","20180807:0000",-43.29206,170.99523,"Ashburton Lakes",2066,NA,0,"Canterbury",1010,13.3,0.65,NA
"17035","20180808:0000",-43.29206,170.99523,"Ashburton Lakes",2066,NA,0,"Canterbury",1010,1.8,0.25,NA
"17036","20180809:0000",-43.29206,170.99523,"Ashburton Lakes",2066,NA,0,"Canterbury",1010,19.1,1.15,NA
"17037","20180810:0000",-43.29206,170.99523,"Ashburton Lakes",2066,NA,0,"Canterbury",1010,7.2,1.35,NA
"17038","20180811:0000",-43.29206,170.99523,"Ashburton Lakes",2066,NA,0,"Canterbury",1010,8.6,3.1,NA
"17039","20180812:0000",-43.29206,170.99523,"Ashburton Lakes",2066,NA,0,"Canterbury",1010,11.2,5.6,NA
"17040","20180813:0000",-43.29206,170.99523,"Ashburton Lakes",2066,NA,0,"Canterbury",1010,14.4,1,NA
"17041","20180814:0000",-43.29206,170.99523,"Ashburton Lakes",2066,NA,0,"Canterbury",1010,9.7,1.3,NA
"17042","20180815:0000",-43.29206,170.99523,"Ashburton Lakes",2066,NA,0,"Canterbury",1010,2.2,0.45,NA
"17043","20180816:0000",-43.29206,170.99523,"Ashburton Lakes",2066,NA,0,"Canterbury",1010,38.2,-0.1,NA
"17044","20180817:0000",-43.29206,170.99523,"Ashburton Lakes",2066,NA,0,"Canterbury",1010,7.9,-1.4,NA
"17045","20180818:0000",-43.29206,170.99523,"Ashburton Lakes",2066,NA,0,"Canterbury",1010,0,-1.8,NA
"17046","20180819:0000",-43.29206,170.99523,"Ashburton Lakes",2066,NA,0,"Canterbury",1010,10.1,-0.7,NA
"17047","20180820:0000",-43.29206,170.99523,"Ashburton Lakes",2066,NA,0,"Canterbury",1010,10.4,-0.9,NA
"17048","20180821:0000",-43.29206,170.99523,"Ashburton Lakes",2066,NA,0,"Canterbury",1010,3.6,-1.6,NA
"17049","20180822:0000",-43.29206,170.99523,"Ashburton Lakes",2066,NA,0,"Canterbury",1010,18.4,-3.1,NA
"17050","20180823:0000",-43.29206,170.99523,"Ashburton Lakes",2066,NA,0,"Canterbury",1010,2.2,-2.55,NA
"17051","20180824:0000",-43.29206,170.99523,"Ashburton Lakes",2066,NA,0,"Canterbury",1010,2.2,-1.55,NA
"17052","20180825:0000",-43.29206,170.99523,"Ashburton Lakes",2066,NA,0,"Canterbury",1010,3.6,0.8,NA
"17053","20180826:0000",-43.29206,170.99523,"Ashburton Lakes",2066,NA,0,"Canterbury",1010,26.6,1.8,NA
"17054","20180827:0000",-43.29206,170.99523,"Ashburton Lakes",2066,NA,0,"Canterbury",1010,17.3,1.8,NA
"17055","20180828:0000",-43.29206,170.99523,"Ashburton Lakes",2066,NA,0,"Canterbury",1010,4.3,-0.35,NA
"17056","20180829:0000",-43.29206,170.99523,"Ashburton Lakes",2066,NA,0,"Canterbury",1010,2.2,-1.15,NA
"17057","20180830:0000",-43.29206,170.99523,"Ashburton Lakes",2066,NA,0,"Canterbury",1010,3.2,0,NA
"17058","20180831:0000",-43.29206,170.99523,"Ashburton Lakes",2066,NA,0,"Canterbury",1010,3.2,0.15,NA
"17059","20180901:0000",-43.29206,170.99523,"Ashburton Lakes",2066,NA,0,"Canterbury",1010,14.4,-0.35,NA
"17060","20180902:0000",-43.29206,170.99523,"Ashburton Lakes",2066,NA,0,"Canterbury",1010,7.9,0.5,NA
"17061","20180903:0000",-43.29206,170.99523,"Ashburton Lakes",2066,NA,0,"Canterbury",1010,0,-3.05,NA
"17062","20180904:0000",-43.29206,170.99523,"Ashburton Lakes",2066,NA,0,"Canterbury",1010,3.2,-1.7,NA
"17063","20180905:0000",-43.29206,170.99523,"Ashburton Lakes",2066,NA,0,"Canterbury",1010,19.8,-1,NA
"17064","20180906:0000",-43.29206,170.99523,"Ashburton Lakes",2066,NA,0,"Canterbury",1010,4.7,-0.25,NA
"17065","20180907:0000",-43.29206,170.99523,"Ashburton Lakes",2066,NA,0,"Canterbury",1010,1.1,0.5,NA
"17066","20180908:0000",-43.29206,170.99523,"Ashburton Lakes",2066,NA,0,"Canterbury",1010,7.6,2.1,NA
"17067","20180909:0000",-43.29206,170.99523,"Ashburton Lakes",2066,NA,0,"Canterbury",1010,1.4,4,NA
"17068","20180910:0000",-43.29206,170.99523,"Ashburton Lakes",2066,NA,0,"Canterbury",1010,0.4,3.8,NA
"17069","20180911:0000",-43.29206,170.99523,"Ashburton Lakes",2066,NA,0,"Canterbury",1010,1.1,3.8,NA
"17070","20180912:0000",-43.29206,170.99523,"Ashburton Lakes",2066,NA,0,"Canterbury",1010,8.6,4.8,NA
"17071","20180913:0000",-43.29206,170.99523,"Ashburton Lakes",2066,NA,0,"Canterbury",1010,28.4,2.25,NA
"17072","20180914:0000",-43.29206,170.99523,"Ashburton Lakes",2066,NA,0,"Canterbury",1010,26.6,4.05,NA
"17073","20180915:0000",-43.29206,170.99523,"Ashburton Lakes",2066,NA,0,"Canterbury",1010,13.3,5.8,NA
"17074","20180916:0000",-43.29206,170.99523,"Ashburton Lakes",2066,NA,0,"Canterbury",1010,15.8,1.7,NA
"17075","20180917:0000",-43.29206,170.99523,"Ashburton Lakes",2066,NA,0,"Canterbury",1010,15.8,1.45,NA
"17076","20180918:0000",-43.29206,170.99523,"Ashburton Lakes",2066,NA,0,"Canterbury",1010,4,0.75,NA
"17077","20180919:0000",-43.29206,170.99523,"Ashburton Lakes",2066,NA,0,"Canterbury",1010,10.1,1.7,NA
"17078","20180920:0000",-43.29206,170.99523,"Ashburton Lakes",2066,NA,0,"Canterbury",1010,18,4.1,NA
"17079","20180921:0000",-43.29206,170.99523,"Ashburton Lakes",2066,NA,0,"Canterbury",1010,3.6,2.6,NA
"17080","20180922:0000",-43.29206,170.99523,"Ashburton Lakes",2066,NA,0,"Canterbury",1010,0.7,4.15,NA
"17081","20180923:0000",-43.29206,170.99523,"Ashburton Lakes",2066,NA,0,"Canterbury",1010,18.7,5.55,NA
"17082","20180924:0000",-43.29206,170.99523,"Ashburton Lakes",2066,NA,0,"Canterbury",1010,7.2,-0.55,NA
"17083","20180925:0000",-43.29206,170.99523,"Ashburton Lakes",2066,NA,0,"Canterbury",1010,3.2,-2.65,NA
"17084","20180926:0000",-43.29206,170.99523,"Ashburton Lakes",2066,NA,0,"Canterbury",1010,16.6,-0.8,NA
"17085","20180927:0000",-43.29206,170.99523,"Ashburton Lakes",2066,NA,0,"Canterbury",1010,2.9,-1.05,NA
"17086","20180928:0000",-43.29206,170.99523,"Ashburton Lakes",2066,NA,0,"Canterbury",1010,12.6,-1.35,NA
"17087","20180929:0000",-43.29206,170.99523,"Ashburton Lakes",2066,NA,0,"Canterbury",1010,20.2,-0.3,NA
"17088","20180930:0000",-43.29206,170.99523,"Ashburton Lakes",2066,NA,0,"Canterbury",1010,13.7,0.65,NA
"17089","20181001:0000",-43.29206,170.99523,"Ashburton Lakes",2066,NA,0,"Canterbury",1010,7.6,1.35,NA
"17090","20181002:0000",-43.29206,170.99523,"Ashburton Lakes",2066,NA,0,"Canterbury",1010,14,1.2,NA
"17091","20181003:0000",-43.29206,170.99523,"Ashburton Lakes",2066,NA,0,"Canterbury",1010,14.4,0.8,NA
"17092","20181004:0000",-43.29206,170.99523,"Ashburton Lakes",2066,NA,0,"Canterbury",1010,21.6,-0.45,NA
"17093","20181005:0000",-43.29206,170.99523,"Ashburton Lakes",2066,NA,0,"Canterbury",1010,8.6,1.75,NA
"17094","20181006:0000",-43.29206,170.99523,"Ashburton Lakes",2066,NA,0,"Canterbury",1010,3.2,1.4,NA
"17095","20181007:0000",-43.29206,170.99523,"Ashburton Lakes",2066,NA,0,"Canterbury",1010,3.2,3.2,NA
"17096","20181008:0000",-43.29206,170.99523,"Ashburton Lakes",2066,NA,0,"Canterbury",1010,26.6,1,NA
"17097","20181009:0000",-43.29206,170.99523,"Ashburton Lakes",2066,NA,0,"Canterbury",1010,5.8,1,NA
"17098","20181010:0000",-43.29206,170.99523,"Ashburton Lakes",2066,NA,0,"Canterbury",1010,24.1,0.75,NA
"17099","20181011:0000",-43.29206,170.99523,"Ashburton Lakes",2066,NA,0,"Canterbury",1010,7.9,2.2,NA
"17100","20181012:0000",-43.29206,170.99523,"Ashburton Lakes",2066,NA,0,"Canterbury",1010,NA,-3.85,NA
"17101","20181013:0000",-43.29206,170.99523,"Ashburton Lakes",2066,NA,0,"Canterbury",1010,0,-4.8,NA
"17102","20181014:0000",-43.29206,170.99523,"Ashburton Lakes",2066,NA,0,"Canterbury",1010,4,0.25,NA
"17103","20181015:0000",-43.29206,170.99523,"Ashburton Lakes",2066,NA,0,"Canterbury",1010,7.2,1.5,NA
"17104","20181016:0000",-43.29206,170.99523,"Ashburton Lakes",2066,NA,0,"Canterbury",1010,7.9,4.55,NA
"17105","20181017:0000",-43.29206,170.99523,"Ashburton Lakes",2066,NA,0,"Canterbury",1010,5.4,5.05,NA
"17106","20181018:0000",-43.29206,170.99523,"Ashburton Lakes",2066,NA,0,"Canterbury",1010,2.9,4.85,NA
"17107","20181019:0000",-43.29206,170.99523,"Ashburton Lakes",2066,NA,0,"Canterbury",1010,16.9,6,NA
"17108","20181020:0000",-43.29206,170.99523,"Ashburton Lakes",2066,NA,0,"Canterbury",1010,23.4,7.15,NA
"17109","20181021:0000",-43.29206,170.99523,"Ashburton Lakes",2066,NA,0,"Canterbury",1010,2.5,9.8,NA
"17110","20181022:0000",-43.29206,170.99523,"Ashburton Lakes",2066,NA,0,"Canterbury",1010,5,10.55,NA
"17111","20181023:0000",-43.29206,170.99523,"Ashburton Lakes",2066,NA,0,"Canterbury",1010,5.8,12.4,NA
"17112","20181024:0000",-43.29206,170.99523,"Ashburton Lakes",2066,NA,0,"Canterbury",1010,10.1,10.7,NA
"17113","20181025:0000",-43.29206,170.99523,"Ashburton Lakes",2066,NA,0,"Canterbury",1010,7.9,3.6,NA
"17114","20181026:0000",-43.29206,170.99523,"Ashburton Lakes",2066,NA,0,"Canterbury",1010,16.6,-1.05,NA
"17115","20181027:0000",-43.29206,170.99523,"Ashburton Lakes",2066,NA,0,"Canterbury",1010,9.7,0.65,NA
"17116","20181028:0000",-43.29206,170.99523,"Ashburton Lakes",2066,NA,0,"Canterbury",1010,9.7,0.55,NA
"17117","20181029:0000",-43.29206,170.99523,"Ashburton Lakes",2066,NA,0,"Canterbury",1010,0.4,0.4,NA
"17118","20181030:0000",-43.29206,170.99523,"Ashburton Lakes",2066,NA,0,"Canterbury",1010,0.4,0.45,NA
"17119","20181031:0000",-43.29206,170.99523,"Ashburton Lakes",2066,NA,0,"Canterbury",1010,9.7,-0.7,NA
"17120","20181101:0000",-43.29206,170.99523,"Ashburton Lakes",2066,NA,0,"Canterbury",1010,2.5,-1.3,NA
"17121","20181102:0000",-43.29206,170.99523,"Ashburton Lakes",2066,NA,0,"Canterbury",1010,15.5,0.65,NA
"17122","20181103:0000",-43.29206,170.99523,"Ashburton Lakes",2066,NA,0,"Canterbury",1010,41,3.4,NA
"17123","20181104:0000",-43.29206,170.99523,"Ashburton Lakes",2066,NA,0,"Canterbury",1010,41.4,1.15,NA
"17124","20181105:0000",-43.29206,170.99523,"Ashburton Lakes",2066,NA,0,"Canterbury",1010,15.1,3.55,NA
"17125","20181106:0000",-43.29206,170.99523,"Ashburton Lakes",2066,NA,0,"Canterbury",1010,1.4,6.1,NA
"17126","20181107:0000",-43.29206,170.99523,"Ashburton Lakes",2066,NA,0,"Canterbury",1010,19.1,6.15,NA
"17127","20181108:0000",-43.29206,170.99523,"Ashburton Lakes",2066,NA,0,"Canterbury",1010,17.3,7.6,NA
"17128","20181109:0000",-43.29206,170.99523,"Ashburton Lakes",2066,NA,0,"Canterbury",1010,0,-0.9,NA
"17129","20181110:0000",-43.29206,170.99523,"Ashburton Lakes",2066,NA,0,"Canterbury",1010,4,-0.3,NA
"17130","20181111:0000",-43.29206,170.99523,"Ashburton Lakes",2066,NA,0,"Canterbury",1010,2.2,2.45,NA
"17131","20181112:0000",-43.29206,170.99523,"Ashburton Lakes",2066,NA,0,"Canterbury",1010,0.7,5.35,NA
"17132","20181113:0000",-43.29206,170.99523,"Ashburton Lakes",2066,NA,0,"Canterbury",1010,3.2,5.6,NA
"17133","20181114:0000",-43.29206,170.99523,"Ashburton Lakes",2066,NA,0,"Canterbury",1010,7.9,7.4,NA
"17134","20181115:0000",-43.29206,170.99523,"Ashburton Lakes",2066,NA,0,"Canterbury",1010,11.5,8.1,NA
"17135","20181116:0000",-43.29206,170.99523,"Ashburton Lakes",2066,NA,0,"Canterbury",1010,17.3,3.4,NA
"17136","20181117:0000",-43.29206,170.99523,"Ashburton Lakes",2066,NA,0,"Canterbury",1010,10.8,5.4,NA
"17137","20181118:0000",-43.29206,170.99523,"Ashburton Lakes",2066,NA,0,"Canterbury",1010,15.8,1.35,NA
"17138","20181119:0000",-43.29206,170.99523,"Ashburton Lakes",2066,NA,0,"Canterbury",1010,11.5,-4,NA
"17139","20181120:0000",-43.29206,170.99523,"Ashburton Lakes",2066,NA,0,"Canterbury",1010,6.1,-2.25,NA
"17140","20181121:0000",-43.29206,170.99523,"Ashburton Lakes",2066,NA,0,"Canterbury",1010,1.8,-0.35,NA
"17141","20181122:0000",-43.29206,170.99523,"Ashburton Lakes",2066,NA,0,"Canterbury",1010,1.4,1.65,NA
"17142","20181123:0000",-43.29206,170.99523,"Ashburton Lakes",2066,NA,0,"Canterbury",1010,1.4,4.8,NA
"17143","20181124:0000",-43.29206,170.99523,"Ashburton Lakes",2066,NA,0,"Canterbury",1010,5.4,4.25,NA
"17144","20181125:0000",-43.29206,170.99523,"Ashburton Lakes",2066,NA,0,"Canterbury",1010,13.7,5.35,NA
"17145","20181126:0000",-43.29206,170.99523,"Ashburton Lakes",2066,NA,0,"Canterbury",1010,13,3.05,NA
"17146","20181127:0000",-43.29206,170.99523,"Ashburton Lakes",2066,NA,0,"Canterbury",1010,5,1.9,NA
"17147","20181128:0000",-43.29206,170.99523,"Ashburton Lakes",2066,NA,0,"Canterbury",1010,2.9,3.7,NA
"17148","20181129:0000",-43.29206,170.99523,"Ashburton Lakes",2066,NA,0,"Canterbury",1010,2.2,5.55,NA
"17149","20181130:0000",-43.29206,170.99523,"Ashburton Lakes",2066,NA,0,"Canterbury",1010,0.7,6.8,NA
"17150","20181201:0000",-43.29206,170.99523,"Ashburton Lakes",2066,NA,0,"Canterbury",1010,12.2,6.9,NA
"17151","20181202:0000",-43.29206,170.99523,"Ashburton Lakes",2066,NA,0,"Canterbury",1010,1.4,8.5,NA
"17152","20181203:0000",-43.29206,170.99523,"Ashburton Lakes",2066,NA,0,"Canterbury",1010,5.8,8.5,NA
"17153","20181204:0000",-43.29206,170.99523,"Ashburton Lakes",2066,NA,0,"Canterbury",1010,13.3,6.5,NA
"17154","20181205:0000",-43.29206,170.99523,"Ashburton Lakes",2066,NA,0,"Canterbury",1010,13,2.35,NA
"17155","20181206:0000",-43.29206,170.99523,"Ashburton Lakes",2066,NA,0,"Canterbury",1010,1.4,3.15,NA
"17156","20181207:0000",-43.29206,170.99523,"Ashburton Lakes",2066,NA,0,"Canterbury",1010,4.3,7.1,NA
"17157","20181208:0000",-43.29206,170.99523,"Ashburton Lakes",2066,NA,0,"Canterbury",1010,3.2,12.25,NA
"17158","20181209:0000",-43.29206,170.99523,"Ashburton Lakes",2066,NA,0,"Canterbury",1010,20.9,13.25,NA
"17159","20181210:0000",-43.29206,170.99523,"Ashburton Lakes",2066,NA,0,"Canterbury",1010,3.6,8.05,NA
"17160","20181211:0000",-43.29206,170.99523,"Ashburton Lakes",2066,NA,0,"Canterbury",1010,5.4,6.85,NA
"17161","20181212:0000",-43.29206,170.99523,"Ashburton Lakes",2066,NA,0,"Canterbury",1010,3.6,6.35,NA
"17162","20181213:0000",-43.29206,170.99523,"Ashburton Lakes",2066,NA,0,"Canterbury",1010,4,6.75,NA
"17163","20181214:0000",-43.29206,170.99523,"Ashburton Lakes",2066,NA,0,"Canterbury",1010,2.2,7.55,NA
"17164","20181215:0000",-43.29206,170.99523,"Ashburton Lakes",2066,NA,0,"Canterbury",1010,0.7,10,NA
"17165","20181216:0000",-43.29206,170.99523,"Ashburton Lakes",2066,NA,0,"Canterbury",1010,4,11.3,NA
"17166","20181217:0000",-43.29206,170.99523,"Ashburton Lakes",2066,NA,0,"Canterbury",1010,13,10.75,NA
"17167","20181218:0000",-43.29206,170.99523,"Ashburton Lakes",2066,NA,0,"Canterbury",1010,29.9,7.15,NA
"17168","20181219:0000",-43.29206,170.99523,"Ashburton Lakes",2066,NA,0,"Canterbury",1010,2.5,6.05,NA
"17169","20181220:0000",-43.29206,170.99523,"Ashburton Lakes",2066,NA,0,"Canterbury",1010,0,2.3,NA
"17170","20181221:0000",-43.29206,170.99523,"Ashburton Lakes",2066,NA,0,"Canterbury",1010,8.6,3.25,NA
"17171","20181222:0000",-43.29206,170.99523,"Ashburton Lakes",2066,NA,0,"Canterbury",1010,14,4.15,NA
"17172","20181223:0000",-43.29206,170.99523,"Ashburton Lakes",2066,NA,0,"Canterbury",1010,3.6,5.2,NA
"17173","20181224:0000",-43.29206,170.99523,"Ashburton Lakes",2066,NA,0,"Canterbury",1010,1.1,8.15,NA
"17174","20181225:0000",-43.29206,170.99523,"Ashburton Lakes",2066,NA,0,"Canterbury",1010,1.1,11.9,NA
"17175","20181226:0000",-43.29206,170.99523,"Ashburton Lakes",2066,NA,0,"Canterbury",1010,5,7.75,NA
"17176","20181227:0000",-43.29206,170.99523,"Ashburton Lakes",2066,NA,0,"Canterbury",1010,1.4,5.4,NA
"17177","20181228:0000",-43.29206,170.99523,"Ashburton Lakes",2066,NA,0,"Canterbury",1010,11.9,6.6,NA
"17178","20181229:0000",-43.29206,170.99523,"Ashburton Lakes",2066,NA,0,"Canterbury",1010,19.4,8.15,NA
"17179","20181230:0000",-43.29206,170.99523,"Ashburton Lakes",2066,NA,0,"Canterbury",1010,16.2,10.75,NA
"17180","20181231:0000",-43.29206,170.99523,"Ashburton Lakes",2066,NA,0,"Canterbury",1010,10.8,11.05,NA
"17181","20190101:0000",-43.29206,170.99523,"Ashburton Lakes",2066,NA,0,"Canterbury",1010,16.9,11.1,NA
"17182","20190102:0000",-43.29206,170.99523,"Ashburton Lakes",2066,NA,0,"Canterbury",1010,19.4,10.4,NA
"17183","20190103:0000",-43.29206,170.99523,"Ashburton Lakes",2066,NA,0,"Canterbury",1010,27.7,8.25,NA
"17184","20190104:0000",-43.29206,170.99523,"Ashburton Lakes",2066,NA,0,"Canterbury",1010,6.8,8.15,NA
"17185","20190105:0000",-43.29206,170.99523,"Ashburton Lakes",2066,NA,0,"Canterbury",1010,21.6,10.25,NA
"17186","20190106:0000",-43.29206,170.99523,"Ashburton Lakes",2066,NA,0,"Canterbury",1010,22.3,10.45,NA
"17187","20190107:0000",-43.29206,170.99523,"Ashburton Lakes",2066,NA,0,"Canterbury",1010,13.7,10.1,NA
"17188","20190108:0000",-43.29206,170.99523,"Ashburton Lakes",2066,NA,0,"Canterbury",1010,2.9,9.8,NA
"17189","20190109:0000",-43.29206,170.99523,"Ashburton Lakes",2066,NA,0,"Canterbury",1010,15.8,8.95,NA
"17190","20190110:0000",-43.29206,170.99523,"Ashburton Lakes",2066,NA,0,"Canterbury",1010,23.8,8.9,NA
"17191","20190111:0000",-43.29206,170.99523,"Ashburton Lakes",2066,NA,0,"Canterbury",1010,20.2,6.7,NA
"17192","20190112:0000",-43.29206,170.99523,"Ashburton Lakes",2066,NA,0,"Canterbury",1010,0.4,7.65,NA
"17193","20190113:0000",-43.29206,170.99523,"Ashburton Lakes",2066,NA,0,"Canterbury",1010,23.8,7.55,NA
"17194","20190114:0000",-43.29206,170.99523,"Ashburton Lakes",2066,NA,0,"Canterbury",1010,2.5,4.25,NA
"17195","20190115:0000",-43.29206,170.99523,"Ashburton Lakes",2066,NA,0,"Canterbury",1010,2.5,6.7,NA
"17196","20190116:0000",-43.29206,170.99523,"Ashburton Lakes",2066,NA,0,"Canterbury",1010,1.1,11.15,NA
"17197","20190117:0000",-43.29206,170.99523,"Ashburton Lakes",2066,NA,0,"Canterbury",1010,3.6,14.7,NA
"17198","20190118:0000",-43.29206,170.99523,"Ashburton Lakes",2066,NA,0,"Canterbury",1010,9.4,12.25,NA
"17199","20190119:0000",-43.29206,170.99523,"Ashburton Lakes",2066,NA,0,"Canterbury",1010,29.9,11.25,NA
"17200","20190120:0000",-43.29206,170.99523,"Ashburton Lakes",2066,NA,0,"Canterbury",1010,23.8,4.35,NA
"17201","20190121:0000",-43.29206,170.99523,"Ashburton Lakes",2066,NA,0,"Canterbury",1010,36.4,4.1,NA
"17202","20190122:0000",-43.29206,170.99523,"Ashburton Lakes",2066,NA,0,"Canterbury",1010,13.7,6.8,NA
"17203","20190123:0000",-43.29206,170.99523,"Ashburton Lakes",2066,NA,0,"Canterbury",1010,49.3,8.55,NA
"17204","20190124:0000",-43.29206,170.99523,"Ashburton Lakes",2066,NA,0,"Canterbury",1010,1.8,3.7,NA
"17205","20190125:0000",-43.29206,170.99523,"Ashburton Lakes",2066,NA,0,"Canterbury",1010,1.4,7.45,NA
"17206","20190126:0000",-43.29206,170.99523,"Ashburton Lakes",2066,NA,0,"Canterbury",1010,11.2,10.95,NA
"17207","20190127:0000",-43.29206,170.99523,"Ashburton Lakes",2066,NA,0,"Canterbury",1010,20.5,11.45,NA
"17208","20190128:0000",-43.29206,170.99523,"Ashburton Lakes",2066,NA,0,"Canterbury",1010,15.5,14.7,NA
"17209","20190129:0000",-43.29206,170.99523,"Ashburton Lakes",2066,NA,0,"Canterbury",1010,5.8,16.5,NA
"17210","20190130:0000",-43.29206,170.99523,"Ashburton Lakes",2066,NA,0,"Canterbury",1010,14.8,18.1,NA
"17211","20190131:0000",-43.29206,170.99523,"Ashburton Lakes",2066,NA,0,"Canterbury",1010,5.8,17.75,NA
"17212","20190201:0000",-43.29206,170.99523,"Ashburton Lakes",2066,NA,0,"Canterbury",1010,44.3,10.25,NA
"17213","20190202:0000",-43.29206,170.99523,"Ashburton Lakes",2066,NA,0,"Canterbury",1010,1.4,6,NA
"17214","20190203:0000",-43.29206,170.99523,"Ashburton Lakes",2066,NA,0,"Canterbury",1010,10.4,8.75,NA
"17215","20190204:0000",-43.29206,170.99523,"Ashburton Lakes",2066,NA,0,"Canterbury",1010,23.4,10.95,NA
"17216","20190205:0000",-43.29206,170.99523,"Ashburton Lakes",2066,NA,0,"Canterbury",1010,17.6,7.2,NA
"17217","20190206:0000",-43.29206,170.99523,"Ashburton Lakes",2066,NA,0,"Canterbury",1010,6.1,2.65,NA
"17218","20190207:0000",-43.29206,170.99523,"Ashburton Lakes",2066,NA,0,"Canterbury",1010,1.8,4.85,NA
"17219","20190208:0000",-43.29206,170.99523,"Ashburton Lakes",2066,NA,0,"Canterbury",1010,10.8,7.05,NA
"17220","20190209:0000",-43.29206,170.99523,"Ashburton Lakes",2066,NA,0,"Canterbury",1010,15.5,8.7,NA
"17221","20190210:0000",-43.29206,170.99523,"Ashburton Lakes",2066,NA,0,"Canterbury",1010,11.5,10.95,NA
"17222","20190211:0000",-43.29206,170.99523,"Ashburton Lakes",2066,NA,0,"Canterbury",1010,11.2,11.15,NA
"17223","20190212:0000",-43.29206,170.99523,"Ashburton Lakes",2066,NA,0,"Canterbury",1010,4.3,9.9,NA
"17224","20190213:0000",-43.29206,170.99523,"Ashburton Lakes",2066,NA,0,"Canterbury",1010,2.5,11.8,NA
"17225","20190214:0000",-43.29206,170.99523,"Ashburton Lakes",2066,NA,0,"Canterbury",1010,16.6,10.05,NA
"17226","20190215:0000",-43.29206,170.99523,"Ashburton Lakes",2066,NA,0,"Canterbury",1010,13.7,7,NA
"17227","20190216:0000",-43.29206,170.99523,"Ashburton Lakes",2066,NA,0,"Canterbury",1010,4,6.7,NA
"17228","20190217:0000",-43.29206,170.99523,"Ashburton Lakes",2066,NA,0,"Canterbury",1010,17.3,6.6,NA
"17229","20190218:0000",-43.29206,170.99523,"Ashburton Lakes",2066,NA,0,"Canterbury",1010,6.8,9.25,NA
"17230","20190219:0000",-43.29206,170.99523,"Ashburton Lakes",2066,NA,0,"Canterbury",1010,21.2,9.05,NA
"17231","20190220:0000",-43.29206,170.99523,"Ashburton Lakes",2066,NA,0,"Canterbury",1010,14.8,9.5,NA
"17232","20190221:0000",-43.29206,170.99523,"Ashburton Lakes",2066,NA,0,"Canterbury",1010,13.3,9.45,NA
"17233","20190222:0000",-43.29206,170.99523,"Ashburton Lakes",2066,NA,0,"Canterbury",1010,52.6,8.3,NA
"17234","20190223:0000",-43.29206,170.99523,"Ashburton Lakes",2066,NA,0,"Canterbury",1010,0,4.35,NA
"17235","20190224:0000",-43.29206,170.99523,"Ashburton Lakes",2066,NA,0,"Canterbury",1010,0,-0.5,NA
"17236","20190225:0000",-43.29206,170.99523,"Ashburton Lakes",2066,NA,0,"Canterbury",1010,0,4.3,NA
"17237","20190226:0000",-43.29206,170.99523,"Ashburton Lakes",2066,NA,0,"Canterbury",1010,5.4,6.65,NA
"17238","20190227:0000",-43.29206,170.99523,"Ashburton Lakes",2066,NA,0,"Canterbury",1010,47.5,4.45,NA
"17239","20190228:0000",-43.29206,170.99523,"Ashburton Lakes",2066,NA,0,"Canterbury",1010,1.4,1.65,NA
"17240","20190301:0000",-43.29206,170.99523,"Ashburton Lakes",2066,NA,0,"Canterbury",1010,7.9,5.15,NA
"17241","20190302:0000",-43.29206,170.99523,"Ashburton Lakes",2066,NA,0,"Canterbury",1010,2.2,8.7,NA
"17242","20190303:0000",-43.29206,170.99523,"Ashburton Lakes",2066,NA,0,"Canterbury",1010,4.3,12.75,NA
"17243","20190304:0000",-43.29206,170.99523,"Ashburton Lakes",2066,NA,0,"Canterbury",1010,18.7,13.15,NA
"17244","20190305:0000",-43.29206,170.99523,"Ashburton Lakes",2066,NA,0,"Canterbury",1010,6.1,11.55,NA
"17245","20190306:0000",-43.29206,170.99523,"Ashburton Lakes",2066,NA,0,"Canterbury",1010,1.4,15.1,NA
"17246","20190307:0000",-43.29206,170.99523,"Ashburton Lakes",2066,NA,0,"Canterbury",1010,18.7,7.15,NA
"17247","20190308:0000",-43.29206,170.99523,"Ashburton Lakes",2066,NA,0,"Canterbury",1010,4.3,4.65,NA
"17248","20190309:0000",-43.29206,170.99523,"Ashburton Lakes",2066,NA,0,"Canterbury",1010,1.8,5.45,NA
"17249","20190310:0000",-43.29206,170.99523,"Ashburton Lakes",2066,NA,0,"Canterbury",1010,1.8,5.85,NA
"17250","20190311:0000",-43.29206,170.99523,"Ashburton Lakes",2066,NA,0,"Canterbury",1010,6.8,6.7,NA
"17251","20190312:0000",-43.29206,170.99523,"Ashburton Lakes",2066,NA,0,"Canterbury",1010,22.3,9.6,NA
"17252","20190313:0000",-43.29206,170.99523,"Ashburton Lakes",2066,NA,0,"Canterbury",1010,15.1,10.25,NA
"17253","20190314:0000",-43.29206,170.99523,"Ashburton Lakes",2066,NA,0,"Canterbury",1010,15.5,7,NA
"17254","20190315:0000",-43.29206,170.99523,"Ashburton Lakes",2066,NA,0,"Canterbury",1010,7.2,8.45,NA
"17255","20190316:0000",-43.29206,170.99523,"Ashburton Lakes",2066,NA,0,"Canterbury",1010,9.7,9.9,NA
"17256","20190317:0000",-43.29206,170.99523,"Ashburton Lakes",2066,NA,0,"Canterbury",1010,5,11.15,NA
"17257","20190318:0000",-43.29206,170.99523,"Ashburton Lakes",2066,NA,0,"Canterbury",1010,0,12.65,NA
"17258","20190319:0000",-43.29206,170.99523,"Ashburton Lakes",2066,NA,0,"Canterbury",1010,0.4,11.2,NA
"17259","20190320:0000",-43.29206,170.99523,"Ashburton Lakes",2066,NA,0,"Canterbury",1010,0.4,12.65,NA
"17260","20190321:0000",-43.29206,170.99523,"Ashburton Lakes",2066,NA,0,"Canterbury",1010,0.7,12.5,NA
"17261","20190322:0000",-43.29206,170.99523,"Ashburton Lakes",2066,NA,0,"Canterbury",1010,4.3,14.05,NA
"17262","20190323:0000",-43.29206,170.99523,"Ashburton Lakes",2066,NA,0,"Canterbury",1010,9,12.45,NA
"17263","20190324:0000",-43.29206,170.99523,"Ashburton Lakes",2066,NA,0,"Canterbury",1010,17.6,11.6,NA
"17264","20190325:0000",-43.29206,170.99523,"Ashburton Lakes",2066,NA,0,"Canterbury",1010,16.6,10.3,NA
"17265","20190326:0000",-43.29206,170.99523,"Ashburton Lakes",2066,NA,0,"Canterbury",1010,50.4,10.45,NA
"17266","20190327:0000",-43.29206,170.99523,"Ashburton Lakes",2066,NA,0,"Canterbury",1010,20.5,6.8,NA
"17267","20190328:0000",-43.29206,170.99523,"Ashburton Lakes",2066,NA,0,"Canterbury",1010,1.8,5.15,NA
"17268","20190329:0000",-43.29206,170.99523,"Ashburton Lakes",2066,NA,0,"Canterbury",1010,0.4,6.3,NA
"17269","20190330:0000",-43.29206,170.99523,"Ashburton Lakes",2066,NA,0,"Canterbury",1010,6.8,9.45,NA
"17270","20190331:0000",-43.29206,170.99523,"Ashburton Lakes",2066,NA,0,"Canterbury",1010,7.2,8.75,NA
"17271","20190401:0000",-43.29206,170.99523,"Ashburton Lakes",2066,NA,0,"Canterbury",1010,46.1,6.45,NA
"17272","20190402:0000",-43.29206,170.99523,"Ashburton Lakes",2066,NA,0,"Canterbury",1010,0.7,0.85,NA
"17273","20190403:0000",-43.29206,170.99523,"Ashburton Lakes",2066,NA,0,"Canterbury",1010,0.7,3.65,NA
"17274","20190404:0000",-43.29206,170.99523,"Ashburton Lakes",2066,NA,0,"Canterbury",1010,5.4,5.05,NA
"17275","20190405:0000",-43.29206,170.99523,"Ashburton Lakes",2066,NA,0,"Canterbury",1010,0,-2.05,NA
"17276","20190406:0000",-43.29206,170.99523,"Ashburton Lakes",2066,NA,0,"Canterbury",1010,1.8,-2.45,NA
"17277","20190407:0000",-43.29206,170.99523,"Ashburton Lakes",2066,NA,0,"Canterbury",1010,4.3,1,NA
"17278","20190408:0000",-43.29206,170.99523,"Ashburton Lakes",2066,NA,0,"Canterbury",1010,4.7,4.3,NA
"17279","20190409:0000",-43.29206,170.99523,"Ashburton Lakes",2066,NA,0,"Canterbury",1010,0.4,7.4,NA
"17280","20190410:0000",-43.29206,170.99523,"Ashburton Lakes",2066,NA,0,"Canterbury",1010,18.4,7.4,NA
"17281","20190411:0000",-43.29206,170.99523,"Ashburton Lakes",2066,NA,0,"Canterbury",1010,3.6,3.35,NA
"17282","20190412:0000",-43.29206,170.99523,"Ashburton Lakes",2066,NA,0,"Canterbury",1010,1.4,2.1,NA
"17283","20190413:0000",-43.29206,170.99523,"Ashburton Lakes",2066,NA,0,"Canterbury",1010,2.5,2,NA
"17284","20190414:0000",-43.29206,170.99523,"Ashburton Lakes",2066,NA,0,"Canterbury",1010,1.1,3.7,NA
"17285","20190415:0000",-43.29206,170.99523,"Ashburton Lakes",2066,NA,0,"Canterbury",1010,4.3,3.45,NA
"17286","20190416:0000",-43.29206,170.99523,"Ashburton Lakes",2066,NA,0,"Canterbury",1010,1.1,NA,NA
"17287","20190417:0000",-43.29206,170.99523,"Ashburton Lakes",2066,NA,0,"Canterbury",1010,1.4,8.15,NA
"17288","20190418:0000",-43.29206,170.99523,"Ashburton Lakes",2066,NA,0,"Canterbury",1010,0.4,10.5,NA
"17289","20190419:0000",-43.29206,170.99523,"Ashburton Lakes",2066,NA,0,"Canterbury",1010,14,10,NA
"17290","20190420:0000",-43.29206,170.99523,"Ashburton Lakes",2066,NA,0,"Canterbury",1010,14.4,5.1,NA
"17291","20190421:0000",-43.29206,170.99523,"Ashburton Lakes",2066,NA,0,"Canterbury",1010,0,0.85,NA
"17292","20190422:0000",-43.29206,170.99523,"Ashburton Lakes",2066,NA,0,"Canterbury",1010,1.4,4.7,NA
"17293","20190423:0000",-43.29206,170.99523,"Ashburton Lakes",2066,NA,0,"Canterbury",1010,6.5,7.15,NA
"17294","20190424:0000",-43.29206,170.99523,"Ashburton Lakes",2066,NA,0,"Canterbury",1010,6.5,8.5,NA
"17295","20190425:0000",-43.29206,170.99523,"Ashburton Lakes",2066,NA,0,"Canterbury",1010,8.3,5.55,NA
"17296","20190426:0000",-43.29206,170.99523,"Ashburton Lakes",2066,NA,0,"Canterbury",1010,15.1,6.75,NA
"17297","20190427:0000",-43.29206,170.99523,"Ashburton Lakes",2066,NA,0,"Canterbury",1010,32,6.2,NA
"17298","20190428:0000",-43.29206,170.99523,"Ashburton Lakes",2066,NA,0,"Canterbury",1010,18,1.5,NA
"17299","20190429:0000",-43.29206,170.99523,"Ashburton Lakes",2066,NA,0,"Canterbury",1010,0,0.8,NA
"17300","20190430:0000",-43.29206,170.99523,"Ashburton Lakes",2066,NA,0,"Canterbury",1010,0,2.25,NA
"17301","20190501:0000",-43.29206,170.99523,"Ashburton Lakes",2066,NA,0,"Canterbury",1010,4.7,5.7,NA
"17302","20190502:0000",-43.29206,170.99523,"Ashburton Lakes",2066,NA,0,"Canterbury",1010,2.2,10.35,NA
"17303","20190503:0000",-43.29206,170.99523,"Ashburton Lakes",2066,NA,0,"Canterbury",1010,4.3,9.65,NA
"17304","20190504:0000",-43.29206,170.99523,"Ashburton Lakes",2066,NA,0,"Canterbury",1010,23,7.7,NA
"17305","20190505:0000",-43.29206,170.99523,"Ashburton Lakes",2066,NA,0,"Canterbury",1010,7.9,6.85,NA
"17306","20190506:0000",-43.29206,170.99523,"Ashburton Lakes",2066,NA,0,"Canterbury",1010,7.9,7.55,NA
"17307","20190507:0000",-43.29206,170.99523,"Ashburton Lakes",2066,NA,0,"Canterbury",1010,8.3,8.4,NA
"17308","20190508:0000",-43.29206,170.99523,"Ashburton Lakes",2066,NA,0,"Canterbury",1010,11.9,6.3,NA
"17309","20190509:0000",-43.29206,170.99523,"Ashburton Lakes",2066,NA,0,"Canterbury",1010,14.8,7,NA
"17310","20190510:0000",-43.29206,170.99523,"Ashburton Lakes",2066,NA,0,"Canterbury",1010,9.7,7.55,NA
"17311","20190511:0000",-43.29206,170.99523,"Ashburton Lakes",2066,NA,0,"Canterbury",1010,3.6,7.45,NA
"17312","20190512:0000",-43.29206,170.99523,"Ashburton Lakes",2066,NA,0,"Canterbury",1010,13,5.6,NA
"17313","20190513:0000",-43.29206,170.99523,"Ashburton Lakes",2066,NA,0,"Canterbury",1010,0,1.65,NA
"17314","20190514:0000",-43.29206,170.99523,"Ashburton Lakes",2066,NA,0,"Canterbury",1010,21.2,1.9,NA
"17315","20190515:0000",-43.29206,170.99523,"Ashburton Lakes",2066,NA,0,"Canterbury",1010,34.6,2.05,NA
"17316","20190516:0000",-43.29206,170.99523,"Ashburton Lakes",2066,NA,0,"Canterbury",1010,49,1.05,NA
"17317","20190517:0000",-43.29206,170.99523,"Ashburton Lakes",2066,NA,0,"Canterbury",1010,0,0.35,NA
"17318","20190518:0000",-43.29206,170.99523,"Ashburton Lakes",2066,NA,0,"Canterbury",1010,18.4,0.3,NA
"17319","20190519:0000",-43.29206,170.99523,"Ashburton Lakes",2066,NA,0,"Canterbury",1010,8.6,5.45,NA
"17320","20190520:0000",-43.29206,170.99523,"Ashburton Lakes",2066,NA,0,"Canterbury",1010,2.9,6.5,NA
"17321","20190521:0000",-43.29206,170.99523,"Ashburton Lakes",2066,NA,0,"Canterbury",1010,2.5,9.7,NA
"17322","20190522:0000",-43.29206,170.99523,"Ashburton Lakes",2066,NA,0,"Canterbury",1010,28.1,6.5,NA
"17323","20190523:0000",-43.29206,170.99523,"Ashburton Lakes",2066,NA,0,"Canterbury",1010,0,6,NA
"17324","20190524:0000",-43.29206,170.99523,"Ashburton Lakes",2066,NA,0,"Canterbury",1010,11.2,6.55,NA
"17325","20190525:0000",-43.29206,170.99523,"Ashburton Lakes",2066,NA,0,"Canterbury",1010,8.6,2.2,NA
"17326","20190526:0000",-43.29206,170.99523,"Ashburton Lakes",2066,NA,0,"Canterbury",1010,17.6,3.45,NA
"17327","20190527:0000",-43.29206,170.99523,"Ashburton Lakes",2066,NA,0,"Canterbury",1010,34.2,4.45,NA
"17328","20190528:0000",-43.29206,170.99523,"Ashburton Lakes",2066,NA,0,"Canterbury",1010,16.6,4.4,NA
"17329","20190529:0000",-43.29206,170.99523,"Ashburton Lakes",2066,NA,0,"Canterbury",1010,20.5,3,NA
"17330","20190530:0000",-43.29206,170.99523,"Ashburton Lakes",2066,NA,0,"Canterbury",1010,22.7,2.6,NA
"17331","20190531:0000",-43.29206,170.99523,"Ashburton Lakes",2066,NA,0,"Canterbury",1010,9.7,-1.5,NA
"17332","20190601:0000",-43.29206,170.99523,"Ashburton Lakes",2066,NA,0,"Canterbury",1010,9,-3.85,NA
"17333","20190602:0000",-43.29206,170.99523,"Ashburton Lakes",2066,NA,0,"Canterbury",1010,0,-1.95,NA
"17334","20190603:0000",-43.29206,170.99523,"Ashburton Lakes",2066,NA,0,"Canterbury",1010,2.9,-0.0499999999999998,NA
"17335","20190604:0000",-43.29206,170.99523,"Ashburton Lakes",2066,NA,0,"Canterbury",1010,13.7,0.75,NA
"17336","20190605:0000",-43.29206,170.99523,"Ashburton Lakes",2066,NA,0,"Canterbury",1010,4.7,-1.8,NA
"17337","20190606:0000",-43.29206,170.99523,"Ashburton Lakes",2066,NA,0,"Canterbury",1010,27.4,-3,NA
"17338","20190607:0000",-43.29206,170.99523,"Ashburton Lakes",2066,NA,0,"Canterbury",1010,7.2,1.35,NA
"17339","20190608:0000",-43.29206,170.99523,"Ashburton Lakes",2066,NA,0,"Canterbury",1010,9.4,3.05,NA
"17340","20190609:0000",-43.29206,170.99523,"Ashburton Lakes",2066,NA,0,"Canterbury",1010,8.6,3.35,NA
"17341","20190610:0000",-43.29206,170.99523,"Ashburton Lakes",2066,NA,0,"Canterbury",1010,4.3,4.45,NA
"17342","20190611:0000",-43.29206,170.99523,"Ashburton Lakes",2066,NA,0,"Canterbury",1010,25.9,2.7,NA
"17343","20190612:0000",-43.29206,170.99523,"Ashburton Lakes",2066,NA,0,"Canterbury",1010,5.4,2.95,NA
"17344","20190613:0000",-43.29206,170.99523,"Ashburton Lakes",2066,NA,0,"Canterbury",1010,6.8,4.6,NA
"17345","20190614:0000",-43.29206,170.99523,"Ashburton Lakes",2066,NA,0,"Canterbury",1010,6.5,5.3,NA
"17346","20190615:0000",-43.29206,170.99523,"Ashburton Lakes",2066,NA,0,"Canterbury",1010,0,1.85,NA
"17347","20190616:0000",-43.29206,170.99523,"Ashburton Lakes",2066,NA,0,"Canterbury",1010,20.5,-1.35,NA
"17348","20190617:0000",-43.29206,170.99523,"Ashburton Lakes",2066,NA,0,"Canterbury",1010,8.3,-2.3,NA
"17349","20190618:0000",-43.29206,170.99523,"Ashburton Lakes",2066,NA,0,"Canterbury",1010,4.3,-1.25,NA
"17350","20190619:0000",-43.29206,170.99523,"Ashburton Lakes",2066,NA,0,"Canterbury",1010,5.4,0.7,NA
"17351","20190620:0000",-43.29206,170.99523,"Ashburton Lakes",2066,NA,0,"Canterbury",1010,9,0.45,NA
"17352","20190621:0000",-43.29206,170.99523,"Ashburton Lakes",2066,NA,0,"Canterbury",1010,27,-0.65,NA
"17353","20190622:0000",-43.29206,170.99523,"Ashburton Lakes",2066,NA,0,"Canterbury",1010,3.2,-0.15,NA
"17354","20190623:0000",-43.29206,170.99523,"Ashburton Lakes",2066,NA,0,"Canterbury",1010,3.2,-0.85,NA
"17355","20190624:0000",-43.29206,170.99523,"Ashburton Lakes",2066,NA,0,"Canterbury",1010,4,0.85,NA
"17356","20190625:0000",-43.29206,170.99523,"Ashburton Lakes",2066,NA,0,"Canterbury",1010,9.7,2.25,NA
"17357","20190626:0000",-43.29206,170.99523,"Ashburton Lakes",2066,NA,0,"Canterbury",1010,5,4.65,NA
"17358","20190627:0000",-43.29206,170.99523,"Ashburton Lakes",2066,NA,0,"Canterbury",1010,4,3.8,NA
"17359","20190628:0000",-43.29206,170.99523,"Ashburton Lakes",2066,NA,0,"Canterbury",1010,7.9,4.25,NA
"17360","20190629:0000",-43.29206,170.99523,"Ashburton Lakes",2066,NA,0,"Canterbury",1010,18,5,NA
"17361","20190630:0000",-43.29206,170.99523,"Ashburton Lakes",2066,NA,0,"Canterbury",1010,4.3,4.3,NA
"17362","20190701:0000",-43.29206,170.99523,"Ashburton Lakes",2066,NA,0,"Canterbury",1010,24.5,1.8,NA
"17363","20190702:0000",-43.29206,170.99523,"Ashburton Lakes",2066,NA,0,"Canterbury",1010,13.7,3.5,NA
"17364","20190703:0000",-43.29206,170.99523,"Ashburton Lakes",2066,NA,0,"Canterbury",1010,20.2,4.4,NA
"17365","20190704:0000",-43.29206,170.99523,"Ashburton Lakes",2066,NA,0,"Canterbury",1010,3.6,-0.7,NA
"17366","20190705:0000",-43.29206,170.99523,"Ashburton Lakes",2066,NA,0,"Canterbury",1010,0,-2.85,NA
"17367","20190706:0000",-43.29206,170.99523,"Ashburton Lakes",2066,NA,0,"Canterbury",1010,2.2,0.2,NA
"17368","20190707:0000",-43.29206,170.99523,"Ashburton Lakes",2066,NA,0,"Canterbury",1010,10.1,2.6,NA
"17369","20190708:0000",-43.29206,170.99523,"Ashburton Lakes",2066,NA,0,"Canterbury",1010,4.7,0.85,NA
"17370","20190709:0000",-43.29206,170.99523,"Ashburton Lakes",2066,NA,0,"Canterbury",1010,22.3,1.45,NA
"17371","20190710:0000",-43.29206,170.99523,"Ashburton Lakes",2066,NA,0,"Canterbury",1010,12.2,0.4,NA
"17372","20190711:0000",-43.29206,170.99523,"Ashburton Lakes",2066,NA,0,"Canterbury",1010,11.9,1.5,NA
"17373","20190712:0000",-43.29206,170.99523,"Ashburton Lakes",2066,NA,0,"Canterbury",1010,14.4,0.75,NA
"17374","20190713:0000",-43.29206,170.99523,"Ashburton Lakes",2066,NA,0,"Canterbury",1010,21.2,2,NA
"17375","20190714:0000",-43.29206,170.99523,"Ashburton Lakes",2066,NA,0,"Canterbury",1010,20.2,0.7,NA
"17376","20190715:0000",-43.29206,170.99523,"Ashburton Lakes",2066,NA,0,"Canterbury",1010,13,-1.65,NA
"17377","20190716:0000",-43.29206,170.99523,"Ashburton Lakes",2066,NA,0,"Canterbury",1010,13.3,-2.05,NA
"17378","20190717:0000",-43.29206,170.99523,"Ashburton Lakes",2066,NA,0,"Canterbury",1010,9.4,-2.1,NA
"17379","20190718:0000",-43.29206,170.99523,"Ashburton Lakes",2066,NA,0,"Canterbury",1010,14.4,-1.05,NA
"17380","20190719:0000",-43.29206,170.99523,"Ashburton Lakes",2066,NA,0,"Canterbury",1010,7.9,-0.05,NA
"17381","20190720:0000",-43.29206,170.99523,"Ashburton Lakes",2066,NA,0,"Canterbury",1010,0,-0.45,NA
"17382","20190721:0000",-43.29206,170.99523,"Ashburton Lakes",2066,NA,0,"Canterbury",1010,9.4,0.8,NA
"17383","20190722:0000",-43.29206,170.99523,"Ashburton Lakes",2066,NA,0,"Canterbury",1010,10.8,1.3,NA
"17384","20190723:0000",-43.29206,170.99523,"Ashburton Lakes",2066,NA,0,"Canterbury",1010,7.9,1.05,NA
"17385","20190724:0000",-43.29206,170.99523,"Ashburton Lakes",2066,NA,0,"Canterbury",1010,0.4,0.8,NA
"17386","20190725:0000",-43.29206,170.99523,"Ashburton Lakes",2066,NA,0,"Canterbury",1010,7.6,0.65,NA
"17387","20190726:0000",-43.29206,170.99523,"Ashburton Lakes",2066,NA,0,"Canterbury",1010,5,2.6,NA
"17388","20190727:0000",-43.29206,170.99523,"Ashburton Lakes",2066,NA,0,"Canterbury",1010,23,2.15,NA
"17389","20190728:0000",-43.29206,170.99523,"Ashburton Lakes",2066,NA,0,"Canterbury",1010,14,1.7,NA
"17390","20190729:0000",-43.29206,170.99523,"Ashburton Lakes",2066,NA,0,"Canterbury",1010,0,0.9,NA
"17391","20190730:0000",-43.29206,170.99523,"Ashburton Lakes",2066,NA,0,"Canterbury",1010,10.4,0.45,NA
"17392","20190731:0000",-43.29206,170.99523,"Ashburton Lakes",2066,NA,0,"Canterbury",1010,1.8,-3.45,NA
"17393","20190801:0000",-43.29206,170.99523,"Ashburton Lakes",2066,NA,0,"Canterbury",1010,7.9,-2.45,NA
"17394","20190802:0000",-43.29206,170.99523,"Ashburton Lakes",2066,NA,0,"Canterbury",1010,25.6,-1.95,NA
"17395","20190803:0000",-43.29206,170.99523,"Ashburton Lakes",2066,NA,0,"Canterbury",1010,21.6,-2,NA
"17396","20190804:0000",-43.29206,170.99523,"Ashburton Lakes",2066,NA,0,"Canterbury",1010,20.2,-5.95,NA
"17397","20190805:0000",-43.29206,170.99523,"Ashburton Lakes",2066,NA,0,"Canterbury",1010,26.6,-4.85,NA
"17398","20190806:0000",-43.29206,170.99523,"Ashburton Lakes",2066,NA,0,"Canterbury",1010,15.8,-3.1,NA
"17399","20190807:0000",-43.29206,170.99523,"Ashburton Lakes",2066,NA,0,"Canterbury",1010,15.1,-1.05,NA
"17400","20190808:0000",-43.29206,170.99523,"Ashburton Lakes",2066,NA,0,"Canterbury",1010,15.1,-0.45,NA
"17401","20190809:0000",-43.29206,170.99523,"Ashburton Lakes",2066,NA,0,"Canterbury",1010,11.5,0.9,NA
"17402","20190810:0000",-43.29206,170.99523,"Ashburton Lakes",2066,NA,0,"Canterbury",1010,4.7,-2.3,NA
"17403","20190811:0000",-43.29206,170.99523,"Ashburton Lakes",2066,NA,0,"Canterbury",1010,0,-1.65,NA
"17404","20190812:0000",-43.29206,170.99523,"Ashburton Lakes",2066,NA,0,"Canterbury",1010,2.5,-1,NA
"17405","20190813:0000",-43.29206,170.99523,"Ashburton Lakes",2066,NA,0,"Canterbury",1010,23,-1.15,NA
"17406","20190814:0000",-43.29206,170.99523,"Ashburton Lakes",2066,NA,0,"Canterbury",1010,1.1,0.2,NA
"17407","20190815:0000",-43.29206,170.99523,"Ashburton Lakes",2066,NA,0,"Canterbury",1010,6.5,2.1,NA
"17408","20190816:0000",-43.29206,170.99523,"Ashburton Lakes",2066,NA,0,"Canterbury",1010,22.7,-0.6,NA
"17409","20190817:0000",-43.29206,170.99523,"Ashburton Lakes",2066,NA,0,"Canterbury",1010,0,-2.15,NA
"17410","20190818:0000",-43.29206,170.99523,"Ashburton Lakes",2066,NA,0,"Canterbury",1010,1.1,-1.95,NA
"17411","20190819:0000",-43.29206,170.99523,"Ashburton Lakes",2066,NA,0,"Canterbury",1010,25.9,-0.1,NA
"17412","20190820:0000",-43.29206,170.99523,"Ashburton Lakes",2066,NA,0,"Canterbury",1010,39.6,-2,NA
"17413","20190821:0000",-43.29206,170.99523,"Ashburton Lakes",2066,NA,0,"Canterbury",1010,5.8,-2.1,NA
"17414","20190822:0000",-43.29206,170.99523,"Ashburton Lakes",2066,NA,0,"Canterbury",1010,21.2,-1.7,NA
"17415","20190823:0000",-43.29206,170.99523,"Ashburton Lakes",2066,NA,0,"Canterbury",1010,3.6,0.8,NA
"17416","20190824:0000",-43.29206,170.99523,"Ashburton Lakes",2066,NA,0,"Canterbury",1010,11.2,0.95,NA
"17417","20190825:0000",-43.29206,170.99523,"Ashburton Lakes",2066,NA,0,"Canterbury",1010,14.8,0.25,NA
"17418","20190826:0000",-43.29206,170.99523,"Ashburton Lakes",2066,NA,0,"Canterbury",1010,9,0.2,NA
"17419","20190827:0000",-43.29206,170.99523,"Ashburton Lakes",2066,NA,0,"Canterbury",1010,4,-0.9,NA
"17420","20190828:0000",-43.29206,170.99523,"Ashburton Lakes",2066,NA,0,"Canterbury",1010,23,0,NA
"17421","20190829:0000",-43.29206,170.99523,"Ashburton Lakes",2066,NA,0,"Canterbury",1010,27,0.4,NA
"17422","20190830:0000",-43.29206,170.99523,"Ashburton Lakes",2066,NA,0,"Canterbury",1010,0.4,-0.4,NA
"17423","20190831:0000",-43.29206,170.99523,"Ashburton Lakes",2066,NA,0,"Canterbury",1010,6.5,2.7,NA
"17424","20190901:0000",-43.29206,170.99523,"Ashburton Lakes",2066,NA,0,"Canterbury",1010,16.9,6.1,NA
"17425","20190902:0000",-43.29206,170.99523,"Ashburton Lakes",2066,NA,0,"Canterbury",1010,4.7,5.25,NA
"17426","20190903:0000",-43.29206,170.99523,"Ashburton Lakes",2066,NA,0,"Canterbury",1010,0,3,NA
"17427","20190904:0000",-43.29206,170.99523,"Ashburton Lakes",2066,NA,0,"Canterbury",1010,1.8,1.55,NA
"17428","20190905:0000",-43.29206,170.99523,"Ashburton Lakes",2066,NA,0,"Canterbury",1010,0,1.3,NA
"17429","20190906:0000",-43.29206,170.99523,"Ashburton Lakes",2066,NA,0,"Canterbury",1010,0,-1.7,NA
"17430","20190907:0000",-43.29206,170.99523,"Ashburton Lakes",2066,NA,0,"Canterbury",1010,0,-2.45,NA
"17431","20190908:0000",-43.29206,170.99523,"Ashburton Lakes",2066,NA,0,"Canterbury",1010,0,-3.7,NA
"17432","20190909:0000",-43.29206,170.99523,"Ashburton Lakes",2066,NA,0,"Canterbury",1010,0,-2.45,NA
"17433","20190910:0000",-43.29206,170.99523,"Ashburton Lakes",2066,NA,0,"Canterbury",1010,0.4,-1.25,NA
"17434","20190911:0000",-43.29206,170.99523,"Ashburton Lakes",2066,NA,0,"Canterbury",1010,0,-0.25,NA
"17435","20190912:0000",-43.29206,170.99523,"Ashburton Lakes",2066,NA,0,"Canterbury",1010,24.8,-0.75,NA
"17436","20190913:0000",-43.29206,170.99523,"Ashburton Lakes",2066,NA,0,"Canterbury",1010,38.2,0.65,NA
"17437","20190914:0000",-43.29206,170.99523,"Ashburton Lakes",2066,NA,0,"Canterbury",1010,0,-1.65,NA
"17438","20190915:0000",-43.29206,170.99523,"Ashburton Lakes",2066,NA,0,"Canterbury",1010,0,-1.3,NA
"17439","20190916:0000",-43.29206,170.99523,"Ashburton Lakes",2066,NA,0,"Canterbury",1010,21.2,1.3,NA
"17440","20190917:0000",-43.29206,170.99523,"Ashburton Lakes",2066,NA,0,"Canterbury",1010,27.4,-0.95,NA
"17441","20190918:0000",-43.29206,170.99523,"Ashburton Lakes",2066,NA,0,"Canterbury",1010,3.6,-0.55,NA
"17442","20190919:0000",-43.29206,170.99523,"Ashburton Lakes",2066,NA,0,"Canterbury",1010,7.9,3,NA
"17443","20190920:0000",-43.29206,170.99523,"Ashburton Lakes",2066,NA,0,"Canterbury",1010,0,3.35,NA
"17444","20190921:0000",-43.29206,170.99523,"Ashburton Lakes",2066,NA,0,"Canterbury",1010,0,4.75,NA
"17445","20190922:0000",-43.29206,170.99523,"Ashburton Lakes",2066,NA,0,"Canterbury",1010,2.9,8.2,NA
"17446","20190923:0000",-43.29206,170.99523,"Ashburton Lakes",2066,NA,0,"Canterbury",1010,54,2,NA
"17447","20190924:0000",-43.29206,170.99523,"Ashburton Lakes",2066,NA,0,"Canterbury",1010,12.6,-0.75,NA
"17448","20190925:0000",-43.29206,170.99523,"Ashburton Lakes",2066,NA,0,"Canterbury",1010,14.8,-3.3,NA
"17449","20190926:0000",-43.29206,170.99523,"Ashburton Lakes",2066,NA,0,"Canterbury",1010,26.6,-2.85,NA
"17450","20190927:0000",-43.29206,170.99523,"Ashburton Lakes",2066,NA,0,"Canterbury",1010,6.1,-1,NA
"17451","20190928:0000",-43.29206,170.99523,"Ashburton Lakes",2066,NA,0,"Canterbury",1010,32.8,0.95,NA
"17452","20190929:0000",-43.29206,170.99523,"Ashburton Lakes",2066,NA,0,"Canterbury",1010,18.7,2.65,NA
"17453","20190930:0000",-43.29206,170.99523,"Ashburton Lakes",2066,NA,0,"Canterbury",1010,11.2,1.8,NA
"17454","20191001:0000",-43.29206,170.99523,"Ashburton Lakes",2066,NA,0,"Canterbury",1010,0,-2.75,NA
"17455","20191002:0000",-43.29206,170.99523,"Ashburton Lakes",2066,NA,0,"Canterbury",1010,15.1,-2.4,NA
"17456","20191003:0000",-43.29206,170.99523,"Ashburton Lakes",2066,NA,0,"Canterbury",1010,5.8,-0.1,NA
"17457","20191004:0000",-43.29206,170.99523,"Ashburton Lakes",2066,NA,0,"Canterbury",1010,2.5,1.25,NA
"17458","20191005:0000",-43.29206,170.99523,"Ashburton Lakes",2066,NA,0,"Canterbury",1010,6.1,1.15,NA
"17459","20191006:0000",-43.29206,170.99523,"Ashburton Lakes",2066,NA,0,"Canterbury",1010,1.1,0.6,NA
"17460","20191007:0000",-43.29206,170.99523,"Ashburton Lakes",2066,NA,0,"Canterbury",1010,25.9,3.85,NA
"17461","20191008:0000",-43.29206,170.99523,"Ashburton Lakes",2066,NA,0,"Canterbury",1010,18,2.85,NA
"17462","20191009:0000",-43.29206,170.99523,"Ashburton Lakes",2066,NA,0,"Canterbury",1010,32.8,4.3,NA
"17463","20191010:0000",-43.29206,170.99523,"Ashburton Lakes",2066,NA,0,"Canterbury",1010,17.6,4.5,NA
"17464","20191011:0000",-43.29206,170.99523,"Ashburton Lakes",2066,NA,0,"Canterbury",1010,4.3,2.05,NA
"17465","20191012:0000",-43.29206,170.99523,"Ashburton Lakes",2066,NA,0,"Canterbury",1010,1.8,1.15,NA
"17466","20191013:0000",-43.29206,170.99523,"Ashburton Lakes",2066,NA,0,"Canterbury",1010,0,0.75,NA
"17467","20191014:0000",-43.29206,170.99523,"Ashburton Lakes",2066,NA,0,"Canterbury",1010,0,1.55,NA
"17468","20191015:0000",-43.29206,170.99523,"Ashburton Lakes",2066,NA,0,"Canterbury",1010,3.6,1.7,NA
"17469","20191016:0000",-43.29206,170.99523,"Ashburton Lakes",2066,NA,0,"Canterbury",1010,1.4,2.75,NA
"17470","20191017:0000",-43.29206,170.99523,"Ashburton Lakes",2066,NA,0,"Canterbury",1010,21.6,1.7,NA
"17471","20191018:0000",-43.29206,170.99523,"Ashburton Lakes",2066,NA,0,"Canterbury",1010,0,1.3,NA
"17472","20191019:0000",-43.29206,170.99523,"Ashburton Lakes",2066,NA,0,"Canterbury",1010,13,2.15,NA
"17473","20191020:0000",-43.29206,170.99523,"Ashburton Lakes",2066,NA,0,"Canterbury",1010,9,2.6,NA
"17474","20191021:0000",-43.29206,170.99523,"Ashburton Lakes",2066,NA,0,"Canterbury",1010,37.1,-0.2,NA
"17475","20191022:0000",-43.29206,170.99523,"Ashburton Lakes",2066,NA,0,"Canterbury",1010,12.2,-1.1,NA
"17476","20191023:0000",-43.29206,170.99523,"Ashburton Lakes",2066,NA,0,"Canterbury",1010,6.5,-2.85,NA
"17477","20191024:0000",-43.29206,170.99523,"Ashburton Lakes",2066,NA,0,"Canterbury",1010,12.6,-1.8,NA
"17478","20191025:0000",-43.29206,170.99523,"Ashburton Lakes",2066,NA,0,"Canterbury",1010,4,3.85,NA
"17479","20191026:0000",-43.29206,170.99523,"Ashburton Lakes",2066,NA,0,"Canterbury",1010,21.2,6.85,NA
"17480","20191027:0000",-43.29206,170.99523,"Ashburton Lakes",2066,NA,0,"Canterbury",1010,40.3,4.75,NA
"17481","20191028:0000",-43.29206,170.99523,"Ashburton Lakes",2066,NA,0,"Canterbury",1010,15.5,0.7,NA
"17482","20191029:0000",-43.29206,170.99523,"Ashburton Lakes",2066,NA,0,"Canterbury",1010,15.5,-0.25,NA
"17483","20191030:0000",-43.29206,170.99523,"Ashburton Lakes",2066,NA,0,"Canterbury",1010,17.3,0.6,NA
"17484","20191031:0000",-43.29206,170.99523,"Ashburton Lakes",2066,NA,0,"Canterbury",1010,14,0.9,NA
"17485","20191101:0000",-43.29206,170.99523,"Ashburton Lakes",2066,NA,0,"Canterbury",1010,5.4,4.9,NA
"17486","20191102:0000",-43.29206,170.99523,"Ashburton Lakes",2066,NA,0,"Canterbury",1010,2.9,10.3,NA
"17487","20191103:0000",-43.29206,170.99523,"Ashburton Lakes",2066,NA,0,"Canterbury",1010,18.7,12.85,NA
"17488","20191104:0000",-43.29206,170.99523,"Ashburton Lakes",2066,NA,0,"Canterbury",1010,12.6,12.8,NA
"17489","20191105:0000",-43.29206,170.99523,"Ashburton Lakes",2066,NA,0,"Canterbury",1010,19.4,6.3,NA
"17490","20191106:0000",-43.29206,170.99523,"Ashburton Lakes",2066,NA,0,"Canterbury",1010,0.7,5.55,NA
"17491","20191107:0000",-43.29206,170.99523,"Ashburton Lakes",2066,NA,0,"Canterbury",1010,15.1,6.5,NA
"17492","20191108:0000",-43.29206,170.99523,"Ashburton Lakes",2066,NA,0,"Canterbury",1010,32.8,6.15,NA
"17493","20191109:0000",-43.29206,170.99523,"Ashburton Lakes",2066,NA,0,"Canterbury",1010,25.2,7.25,NA
"17494","20191110:0000",-43.29206,170.99523,"Ashburton Lakes",2066,NA,0,"Canterbury",1010,13.7,5.1,NA
"17495","20191111:0000",-43.29206,170.99523,"Ashburton Lakes",2066,NA,0,"Canterbury",1010,0,0.35,NA
"17496","20191112:0000",-43.29206,170.99523,"Ashburton Lakes",2066,NA,0,"Canterbury",1010,10.1,2.5,NA
"17497","20191113:0000",-43.29206,170.99523,"Ashburton Lakes",2066,NA,0,"Canterbury",1010,16.6,2.45,NA
"17498","20191114:0000",-43.29206,170.99523,"Ashburton Lakes",2066,NA,0,"Canterbury",1010,0,1,NA
"17499","20191115:0000",-43.29206,170.99523,"Ashburton Lakes",2066,NA,0,"Canterbury",1010,13.7,1.6,NA
"17500","20191116:0000",-43.29206,170.99523,"Ashburton Lakes",2066,NA,0,"Canterbury",1010,10.8,2.95,NA
"17501","20191117:0000",-43.29206,170.99523,"Ashburton Lakes",2066,NA,0,"Canterbury",1010,38.2,1.3,NA
"17502","20191118:0000",-43.29206,170.99523,"Ashburton Lakes",2066,NA,0,"Canterbury",1010,18.4,-0.25,NA
"17503","20191119:0000",-43.29206,170.99523,"Ashburton Lakes",2066,NA,0,"Canterbury",1010,21.6,0,NA
"17504","20191120:0000",-43.29206,170.99523,"Ashburton Lakes",2066,NA,0,"Canterbury",1010,14.8,1.5,NA
"17505","20191121:0000",-43.29206,170.99523,"Ashburton Lakes",2066,NA,0,"Canterbury",1010,7.9,5.5,NA
"17506","20191122:0000",-43.29206,170.99523,"Ashburton Lakes",2066,NA,0,"Canterbury",1010,28.1,8.7,NA
"17507","20191123:0000",-43.29206,170.99523,"Ashburton Lakes",2066,NA,0,"Canterbury",1010,16.2,10.65,NA
"17508","20191124:0000",-43.29206,170.99523,"Ashburton Lakes",2066,NA,0,"Canterbury",1010,46.4,8.85,NA
"17509","20191125:0000",-43.29206,170.99523,"Ashburton Lakes",2066,NA,0,"Canterbury",1010,0,8.25,NA
"17510","20191126:0000",-43.29206,170.99523,"Ashburton Lakes",2066,NA,0,"Canterbury",1010,27.7,9.55,NA
"17511","20191127:0000",-43.29206,170.99523,"Ashburton Lakes",2066,NA,0,"Canterbury",1010,24.5,6.7,NA
"17512","20191128:0000",-43.29206,170.99523,"Ashburton Lakes",2066,NA,0,"Canterbury",1010,16.2,7.6,NA
"17513","20191129:0000",-43.29206,170.99523,"Ashburton Lakes",2066,NA,0,"Canterbury",1010,1.4,9.2,NA
"17514","20191130:0000",-43.29206,170.99523,"Ashburton Lakes",2066,NA,0,"Canterbury",1010,13.7,9.25,NA
"17515","20191201:0000",-43.29206,170.99523,"Ashburton Lakes",2066,NA,0,"Canterbury",1010,31.3,7.2,NA
"17516","20191202:0000",-43.29206,170.99523,"Ashburton Lakes",2066,NA,0,"Canterbury",1010,10.8,7.8,NA
"17517","20191203:0000",-43.29206,170.99523,"Ashburton Lakes",2066,NA,0,"Canterbury",1010,20.9,8.55,NA
"17518","20191204:0000",-43.29206,170.99523,"Ashburton Lakes",2066,NA,0,"Canterbury",1010,13,3.35,NA
"17519","20191205:0000",-43.29206,170.99523,"Ashburton Lakes",2066,NA,0,"Canterbury",1010,57.2,1.7,NA
"17520","20191206:0000",-43.29206,170.99523,"Ashburton Lakes",2066,NA,0,"Canterbury",1010,18,5.3,NA
"17521","20191207:0000",-43.29206,170.99523,"Ashburton Lakes",2066,NA,0,"Canterbury",1010,32.8,6.15,NA
"17522","20191208:0000",-43.29206,170.99523,"Ashburton Lakes",2066,NA,0,"Canterbury",1010,26.6,2.8,NA
"17523","20191209:0000",-43.29206,170.99523,"Ashburton Lakes",2066,NA,0,"Canterbury",1010,1.4,2.55,NA
"17524","20191210:0000",-43.29206,170.99523,"Ashburton Lakes",2066,NA,0,"Canterbury",1010,5.4,6.15,NA
"17525","20191211:0000",-43.29206,170.99523,"Ashburton Lakes",2066,NA,0,"Canterbury",1010,6.1,9.55,NA
"17526","20191212:0000",-43.29206,170.99523,"Ashburton Lakes",2066,NA,0,"Canterbury",1010,2.9,9.85,NA
"17527","20191213:0000",-43.29206,170.99523,"Ashburton Lakes",2066,NA,0,"Canterbury",1010,2.2,6.7,NA
"17528","20191214:0000",-43.29206,170.99523,"Ashburton Lakes",2066,NA,0,"Canterbury",1010,19.1,2.95,NA
"17529","20191215:0000",-43.29206,170.99523,"Ashburton Lakes",2066,NA,0,"Canterbury",1010,4.3,3.3,NA
"17530","20191216:0000",-43.29206,170.99523,"Ashburton Lakes",2066,NA,0,"Canterbury",1010,9,4.05,NA
"17531","20191217:0000",-43.29206,170.99523,"Ashburton Lakes",2066,NA,0,"Canterbury",1010,4,4.45,NA
"17532","20191218:0000",-43.29206,170.99523,"Ashburton Lakes",2066,NA,0,"Canterbury",1010,1.4,1.9,NA
"17533","20191219:0000",-43.29206,170.99523,"Ashburton Lakes",2066,NA,0,"Canterbury",1010,15.8,4,NA
"17534","20191220:0000",-43.29206,170.99523,"Ashburton Lakes",2066,NA,0,"Canterbury",1010,20.5,1.3,NA
"17535","20191221:0000",-43.29206,170.99523,"Ashburton Lakes",2066,NA,0,"Canterbury",1010,2.2,6.25,NA
"17536","20191222:0000",-43.29206,170.99523,"Ashburton Lakes",2066,NA,0,"Canterbury",1010,16.6,6.5,NA
"17537","20191223:0000",-43.29206,170.99523,"Ashburton Lakes",2066,NA,0,"Canterbury",1010,3.6,5.75,NA
"17538","20191224:0000",-43.29206,170.99523,"Ashburton Lakes",2066,NA,0,"Canterbury",1010,1.4,6.35,NA
"17539","20191225:0000",-43.29206,170.99523,"Ashburton Lakes",2066,NA,0,"Canterbury",1010,3.6,4.95,NA
"17540","20191226:0000",-43.29206,170.99523,"Ashburton Lakes",2066,NA,0,"Canterbury",1010,10.1,5.6,NA
"17541","20191227:0000",-43.29206,170.99523,"Ashburton Lakes",2066,NA,0,"Canterbury",1010,19.4,3.35,NA
"17542","20191228:0000",-43.29206,170.99523,"Ashburton Lakes",2066,NA,0,"Canterbury",1010,11.2,3.2,NA
"17543","20191229:0000",-43.29206,170.99523,"Ashburton Lakes",2066,NA,0,"Canterbury",1010,9,6.5,NA
"17544","20191230:0000",-43.29206,170.99523,"Ashburton Lakes",2066,NA,0,"Canterbury",1010,1.4,10.8,NA
"17545","20191231:0000",-43.29206,170.99523,"Ashburton Lakes",2066,NA,0,"Canterbury",1010,5.8,13.55,NA
"17546","20200101:0000",-43.29206,170.99523,"Ashburton Lakes",2066,NA,0,"Canterbury",1010,24.5,16.05,NA
"17547","20200102:0000",-43.29206,170.99523,"Ashburton Lakes",2066,NA,0,"Canterbury",1010,27.7,10.5,NA
"17548","20200103:0000",-43.29206,170.99523,"Ashburton Lakes",2066,NA,0,"Canterbury",1010,20.2,6.55,NA
"17549","20200104:0000",-43.29206,170.99523,"Ashburton Lakes",2066,NA,0,"Canterbury",1010,0.4,4.25,NA
"17550","20200105:0000",-43.29206,170.99523,"Ashburton Lakes",2066,NA,0,"Canterbury",1010,35.3,4.9,NA
"17551","20200106:0000",-43.29206,170.99523,"Ashburton Lakes",2066,NA,0,"Canterbury",1010,26.6,1.6,NA
"17552","20200107:0000",-43.29206,170.99523,"Ashburton Lakes",2066,NA,0,"Canterbury",1010,5,3.05,NA
"17553","20200108:0000",-43.29206,170.99523,"Ashburton Lakes",2066,NA,0,"Canterbury",1010,6.1,3.2,NA
"17554","20200109:0000",-43.29206,170.99523,"Ashburton Lakes",2066,NA,0,"Canterbury",1010,5.4,5,NA
"17555","20200110:0000",-43.29206,170.99523,"Ashburton Lakes",2066,NA,0,"Canterbury",1010,5,7.15,NA
"17556","20200111:0000",-43.29206,170.99523,"Ashburton Lakes",2066,NA,0,"Canterbury",1010,19.4,9.35,NA
"17557","20200112:0000",-43.29206,170.99523,"Ashburton Lakes",2066,NA,0,"Canterbury",1010,30.2,7.4,NA
"17558","20200113:0000",-43.29206,170.99523,"Ashburton Lakes",2066,NA,0,"Canterbury",1010,0.4,5.4,NA
"17559","20200114:0000",-43.29206,170.99523,"Ashburton Lakes",2066,NA,0,"Canterbury",1010,0,6.55,NA
"17560","20200115:0000",-43.29206,170.99523,"Ashburton Lakes",2066,NA,0,"Canterbury",1010,0,8.7,NA
"17561","20200116:0000",-43.29206,170.99523,"Ashburton Lakes",2066,NA,0,"Canterbury",1010,0,10.4,NA
"17562","20200117:0000",-43.29206,170.99523,"Ashburton Lakes",2066,NA,0,"Canterbury",1010,0,12.55,NA
"17563","20200118:0000",-43.29206,170.99523,"Ashburton Lakes",2066,NA,0,"Canterbury",1010,0.7,13.9,NA
"17564","20200119:0000",-43.29206,170.99523,"Ashburton Lakes",2066,NA,0,"Canterbury",1010,0.4,13.75,NA
"17565","20200120:0000",-43.29206,170.99523,"Ashburton Lakes",2066,NA,0,"Canterbury",1010,1.8,14.3,NA
"17566","20200121:0000",-43.29206,170.99523,"Ashburton Lakes",2066,NA,0,"Canterbury",1010,7.2,14.55,NA
"17567","20200122:0000",-43.29206,170.99523,"Ashburton Lakes",2066,NA,0,"Canterbury",1010,13.3,14.7,NA
"17568","20200123:0000",-43.29206,170.99523,"Ashburton Lakes",2066,NA,0,"Canterbury",1010,14,13.4,NA
"17569","20200124:0000",-43.29206,170.99523,"Ashburton Lakes",2066,NA,0,"Canterbury",1010,3.2,15.5,NA
"17570","20200125:0000",-43.29206,170.99523,"Ashburton Lakes",2066,NA,0,"Canterbury",1010,24.5,14,NA
"17571","20200126:0000",-43.29206,170.99523,"Ashburton Lakes",2066,NA,0,"Canterbury",1010,10.8,13.65,NA
"17572","20200127:0000",-43.29206,170.99523,"Ashburton Lakes",2066,NA,0,"Canterbury",1010,20.2,13.75,NA
"17573","20200128:0000",-43.29206,170.99523,"Ashburton Lakes",2066,NA,0,"Canterbury",1010,20.9,13.1,NA
"17574","20200129:0000",-43.29206,170.99523,"Ashburton Lakes",2066,NA,0,"Canterbury",1010,16.2,9.85,NA
"17575","20200130:0000",-43.29206,170.99523,"Ashburton Lakes",2066,NA,0,"Canterbury",1010,14.4,8.5,NA
"17576","20200131:0000",-43.29206,170.99523,"Ashburton Lakes",2066,NA,0,"Canterbury",1010,40.3,10.15,NA
"17577","20200201:0000",-43.29206,170.99523,"Ashburton Lakes",2066,NA,0,"Canterbury",1010,16.6,12.75,NA
"17578","20200202:0000",-43.29206,170.99523,"Ashburton Lakes",2066,NA,0,"Canterbury",1010,52.9,11.3,NA
"17579","20200203:0000",-43.29206,170.99523,"Ashburton Lakes",2066,NA,0,"Canterbury",1010,54,12.9,NA
"17580","20200204:0000",-43.29206,170.99523,"Ashburton Lakes",2066,NA,0,"Canterbury",1010,25.6,12.3,NA
"17581","20200205:0000",-43.29206,170.99523,"Ashburton Lakes",2066,NA,0,"Canterbury",1010,3.6,4.15,NA
"17582","20200206:0000",-43.29206,170.99523,"Ashburton Lakes",2066,NA,0,"Canterbury",1010,18.7,5.8,NA
"17583","20200207:0000",-43.29206,170.99523,"Ashburton Lakes",2066,NA,0,"Canterbury",1010,0,6.45,NA
"17584","20200208:0000",-43.29206,170.99523,"Ashburton Lakes",2066,NA,0,"Canterbury",1010,25.6,5.55,NA
"17585","20200209:0000",-43.29206,170.99523,"Ashburton Lakes",2066,NA,0,"Canterbury",1010,0,7.7,NA
"17586","20200210:0000",-43.29206,170.99523,"Ashburton Lakes",2066,NA,0,"Canterbury",1010,0,11.75,NA
"17587","20200211:0000",-43.29206,170.99523,"Ashburton Lakes",2066,NA,0,"Canterbury",1010,1.4,14.7,NA
"17588","20200212:0000",-43.29206,170.99523,"Ashburton Lakes",2066,NA,0,"Canterbury",1010,6.8,14.1,NA
"17589","20200213:0000",-43.29206,170.99523,"Ashburton Lakes",2066,NA,0,"Canterbury",1010,6.1,14.5,NA
"17590","20200214:0000",-43.29206,170.99523,"Ashburton Lakes",2066,NA,0,"Canterbury",1010,4,10.2,NA
"17591","20200215:0000",-43.29206,170.99523,"Ashburton Lakes",2066,NA,0,"Canterbury",1010,11.2,11.2,NA
"17592","20200216:0000",-43.29206,170.99523,"Ashburton Lakes",2066,NA,0,"Canterbury",1010,28.1,10.95,NA
"17593","20200217:0000",-43.29206,170.99523,"Ashburton Lakes",2066,NA,0,"Canterbury",1010,11.5,12.85,NA
"17594","20200218:0000",-43.29206,170.99523,"Ashburton Lakes",2066,NA,0,"Canterbury",1010,10.1,11.7,NA
"17595","20200219:0000",-43.29206,170.99523,"Ashburton Lakes",2066,NA,0,"Canterbury",1010,9,10.05,NA
"17596",NA,-43.67767,171.5884,"Methven",923,"Methven",100150,"Canterbury",1010,NA,NA,NA
"17597","20180101:0000",-43.78935,171.79032,"Winchmore",1949,NA,0,"Canterbury",1010,7.9,14.75,2.2
"17598","20180102:0000",-43.78935,171.79032,"Winchmore",1949,NA,0,"Canterbury",1010,3.2,17.5,5.2
"17599","20180103:0000",-43.78935,171.79032,"Winchmore",1949,NA,0,"Canterbury",1010,4.7,19.3,7.2
"17600","20180104:0000",-43.78935,171.79032,"Winchmore",1949,NA,0,"Canterbury",1010,13.3,18.5,1.5
"17601","20180105:0000",-43.78935,171.79032,"Winchmore",1949,NA,0,"Canterbury",1010,21.2,14.4,0
"17602","20180106:0000",-43.78935,171.79032,"Winchmore",1949,NA,0,"Canterbury",1010,33.1,12.95,3.4
"17603","20180107:0000",-43.78935,171.79032,"Winchmore",1949,NA,0,"Canterbury",1010,5.8,12.85,9
"17604","20180108:0000",-43.78935,171.79032,"Winchmore",1949,NA,0,"Canterbury",1010,20.2,16.3,12.5
"17605","20180109:0000",-43.78935,171.79032,"Winchmore",1949,NA,0,"Canterbury",1010,10.8,17.3,2.9
"17606","20180110:0000",-43.78935,171.79032,"Winchmore",1949,NA,0,"Canterbury",1010,17.3,13.75,0
"17607","20180111:0000",-43.78935,171.79032,"Winchmore",1949,NA,0,"Canterbury",1010,8.6,11.05,0
"17608","20180112:0000",-43.78935,171.79032,"Winchmore",1949,NA,0,"Canterbury",1010,14.8,12.25,0
"17609","20180113:0000",-43.78935,171.79032,"Winchmore",1949,NA,0,"Canterbury",1010,17.3,16.85,7
"17610","20180114:0000",-43.78935,171.79032,"Winchmore",1949,NA,0,"Canterbury",1010,6.5,19.55,14.8
"17611","20180115:0000",-43.78935,171.79032,"Winchmore",1949,NA,0,"Canterbury",1010,18.4,20.65,14
"17612","20180116:0000",-43.78935,171.79032,"Winchmore",1949,NA,0,"Canterbury",1010,23.4,23.2,14.3
"17613","20180117:0000",-43.78935,171.79032,"Winchmore",1949,NA,0,"Canterbury",1010,19.1,22.1,3.3
"17614","20180118:0000",-43.78935,171.79032,"Winchmore",1949,NA,0,"Canterbury",1010,16.2,20.3,10.9
"17615","20180119:0000",-43.78935,171.79032,"Winchmore",1949,NA,0,"Canterbury",1010,9,19.35,7
"17616","20180120:0000",-43.78935,171.79032,"Winchmore",1949,NA,0,"Canterbury",1010,10.4,20.15,12.2
"17617","20180121:0000",-43.78935,171.79032,"Winchmore",1949,NA,0,"Canterbury",1010,15.1,17.7,0.4
"17618","20180122:0000",-43.78935,171.79032,"Winchmore",1949,NA,0,"Canterbury",1010,3.6,19.1,4.1
"17619","20180123:0000",-43.78935,171.79032,"Winchmore",1949,NA,0,"Canterbury",1010,15.5,22.7,12.1
"17620","20180124:0000",-43.78935,171.79032,"Winchmore",1949,NA,0,"Canterbury",1010,6.1,23.25,11.8
"17621","20180125:0000",-43.78935,171.79032,"Winchmore",1949,NA,0,"Canterbury",1010,4.7,22.95,7.7
"17622","20180126:0000",-43.78935,171.79032,"Winchmore",1949,NA,0,"Canterbury",1010,5.4,18,2.3
"17623","20180127:0000",-43.78935,171.79032,"Winchmore",1949,NA,0,"Canterbury",1010,17.3,20.9,14
"17624","20180128:0000",-43.78935,171.79032,"Winchmore",1949,NA,0,"Canterbury",1010,5,20.4,8.2
"17625","20180129:0000",-43.78935,171.79032,"Winchmore",1949,NA,0,"Canterbury",1010,16.6,21,10.1
"17626","20180130:0000",-43.78935,171.79032,"Winchmore",1949,NA,0,"Canterbury",1010,9.4,25.15,12.6
"17627","20180131:0000",-43.78935,171.79032,"Winchmore",1949,NA,0,"Canterbury",1010,13,20.2,8.3
"17628","20180201:0000",-43.78935,171.79032,"Winchmore",1949,NA,0,"Canterbury",1010,15.1,21.25,3.3
"17629","20180202:0000",-43.78935,171.79032,"Winchmore",1949,NA,0,"Canterbury",1010,18,11.25,0.4
"17630","20180203:0000",-43.78935,171.79032,"Winchmore",1949,NA,0,"Canterbury",1010,12.2,11.85,2.3
"17631","20180204:0000",-43.78935,171.79032,"Winchmore",1949,NA,0,"Canterbury",1010,18.7,15.2,10.7
"17632","20180205:0000",-43.78935,171.79032,"Winchmore",1949,NA,0,"Canterbury",1010,19.8,18.1,6.3
"17633","20180206:0000",-43.78935,171.79032,"Winchmore",1949,NA,0,"Canterbury",1010,7.2,10.45,0.1
"17634","20180207:0000",-43.78935,171.79032,"Winchmore",1949,NA,0,"Canterbury",1010,7.9,14,9.8
"17635","20180208:0000",-43.78935,171.79032,"Winchmore",1949,NA,0,"Canterbury",1010,9.4,13.6,13.7
"17636","20180209:0000",-43.78935,171.79032,"Winchmore",1949,NA,0,"Canterbury",1010,22.3,16.85,12.5
"17637","20180210:0000",-43.78935,171.79032,"Winchmore",1949,NA,0,"Canterbury",1010,3.6,14.95,3.2
"17638","20180211:0000",-43.78935,171.79032,"Winchmore",1949,NA,0,"Canterbury",1010,10.4,17.3,0.3
"17639","20180212:0000",-43.78935,171.79032,"Winchmore",1949,NA,0,"Canterbury",1010,8.3,19.4,12.5
"17640","20180213:0000",-43.78935,171.79032,"Winchmore",1949,NA,0,"Canterbury",1010,10.4,18.35,7.9
"17641","20180214:0000",-43.78935,171.79032,"Winchmore",1949,NA,0,"Canterbury",1010,22.3,15.4,0.6
"17642","20180215:0000",-43.78935,171.79032,"Winchmore",1949,NA,0,"Canterbury",1010,20.2,19.3,9.4
"17643","20180216:0000",-43.78935,171.79032,"Winchmore",1949,NA,0,"Canterbury",1010,3.6,18.1,12.3
"17644","20180217:0000",-43.78935,171.79032,"Winchmore",1949,NA,0,"Canterbury",1010,22.3,19.15,7.5
"17645","20180218:0000",-43.78935,171.79032,"Winchmore",1949,NA,0,"Canterbury",1010,16.6,18,9.8
"17646","20180219:0000",-43.78935,171.79032,"Winchmore",1949,NA,0,"Canterbury",1010,17.6,14.1,4
"17647","20180220:0000",-43.78935,171.79032,"Winchmore",1949,NA,0,"Canterbury",1010,16.9,10.4,0
"17648","20180221:0000",-43.78935,171.79032,"Winchmore",1949,NA,0,"Canterbury",1010,27,9.95,0.7
"17649","20180222:0000",-43.78935,171.79032,"Winchmore",1949,NA,0,"Canterbury",1010,13.7,11.85,12.8
"17650","20180223:0000",-43.78935,171.79032,"Winchmore",1949,NA,0,"Canterbury",1010,5.8,11.85,9.4
"17651","20180224:0000",-43.78935,171.79032,"Winchmore",1949,NA,0,"Canterbury",1010,4.3,13.65,12.3
"17652","20180225:0000",-43.78935,171.79032,"Winchmore",1949,NA,0,"Canterbury",1010,31.7,16.2,2.4
"17653","20180226:0000",-43.78935,171.79032,"Winchmore",1949,NA,0,"Canterbury",1010,12.6,12.75,2.3
"17654","20180227:0000",-43.78935,171.79032,"Winchmore",1949,NA,0,"Canterbury",1010,4.3,12.5,1.2
"17655","20180228:0000",-43.78935,171.79032,"Winchmore",1949,NA,0,"Canterbury",1010,5.8,16.05,5.9
"17656","20180301:0000",-43.78935,171.79032,"Winchmore",1949,NA,0,"Canterbury",1010,5.4,19.1,5.8
"17657","20180302:0000",-43.78935,171.79032,"Winchmore",1949,NA,0,"Canterbury",1010,5.4,19.3,2.4
"17658","20180303:0000",-43.78935,171.79032,"Winchmore",1949,NA,0,"Canterbury",1010,4,19.35,10
"17659","20180304:0000",-43.78935,171.79032,"Winchmore",1949,NA,0,"Canterbury",1010,8.6,19.45,11
"17660","20180305:0000",-43.78935,171.79032,"Winchmore",1949,NA,0,"Canterbury",1010,9.4,18,2.5
"17661","20180306:0000",-43.78935,171.79032,"Winchmore",1949,NA,0,"Canterbury",1010,10.4,13.9,0
"17662","20180307:0000",-43.78935,171.79032,"Winchmore",1949,NA,0,"Canterbury",1010,5.4,12.2,3
"17663","20180308:0000",-43.78935,171.79032,"Winchmore",1949,NA,0,"Canterbury",1010,6.5,12,9.9
"17664","20180309:0000",-43.78935,171.79032,"Winchmore",1949,NA,0,"Canterbury",1010,13.7,11.2,0
"17665","20180310:0000",-43.78935,171.79032,"Winchmore",1949,NA,0,"Canterbury",1010,8.6,11.05,12.1
"17666","20180311:0000",-43.78935,171.79032,"Winchmore",1949,NA,0,"Canterbury",1010,9,12.75,11.7
"17667","20180312:0000",-43.78935,171.79032,"Winchmore",1949,NA,0,"Canterbury",1010,11.5,15.4,9.9
"17668","20180313:0000",-43.78935,171.79032,"Winchmore",1949,NA,0,"Canterbury",1010,13.7,13.65,1.7
"17669","20180314:0000",-43.78935,171.79032,"Winchmore",1949,NA,0,"Canterbury",1010,7.6,11.7,11.2
"17670","20180315:0000",-43.78935,171.79032,"Winchmore",1949,NA,0,"Canterbury",1010,13,16.7,5
"17671","20180316:0000",-43.78935,171.79032,"Winchmore",1949,NA,0,"Canterbury",1010,10.1,14.1,1.1
"17672","20180317:0000",-43.78935,171.79032,"Winchmore",1949,NA,0,"Canterbury",1010,4,10.55,0
"17673","20180318:0000",-43.78935,171.79032,"Winchmore",1949,NA,0,"Canterbury",1010,5.8,12.75,11.9
"17674","20180319:0000",-43.78935,171.79032,"Winchmore",1949,NA,0,"Canterbury",1010,14,16.85,4.2
"17675","20180320:0000",-43.78935,171.79032,"Winchmore",1949,NA,0,"Canterbury",1010,9.7,18.9,11.9
"17676","20180321:0000",-43.78935,171.79032,"Winchmore",1949,NA,0,"Canterbury",1010,13.7,15.5,2.6
"17677","20180322:0000",-43.78935,171.79032,"Winchmore",1949,NA,0,"Canterbury",1010,32,8.2,0
"17678","20180323:0000",-43.78935,171.79032,"Winchmore",1949,NA,0,"Canterbury",1010,9.7,9.2,0
"17679","20180324:0000",-43.78935,171.79032,"Winchmore",1949,NA,0,"Canterbury",1010,4.3,12.6,5.2
"17680","20180325:0000",-43.78935,171.79032,"Winchmore",1949,NA,0,"Canterbury",1010,9.7,14.8,9.5
"17681","20180326:0000",-43.78935,171.79032,"Winchmore",1949,NA,0,"Canterbury",1010,8.3,17.6,7.2
"17682","20180327:0000",-43.78935,171.79032,"Winchmore",1949,NA,0,"Canterbury",1010,41.8,18.7,4
"17683","20180328:0000",-43.78935,171.79032,"Winchmore",1949,NA,0,"Canterbury",1010,6.5,14.55,9.8
"17684","20180329:0000",-43.78935,171.79032,"Winchmore",1949,NA,0,"Canterbury",1010,16.2,14.5,6.2
"17685","20180330:0000",-43.78935,171.79032,"Winchmore",1949,NA,0,"Canterbury",1010,11.5,14.1,11.4
"17686","20180331:0000",-43.78935,171.79032,"Winchmore",1949,NA,0,"Canterbury",1010,15.5,18.2,6.5
"17687","20180401:0000",-43.78935,171.79032,"Winchmore",1949,NA,0,"Canterbury",1010,5.4,9.75,10.9
"17688","20180402:0000",-43.78935,171.79032,"Winchmore",1949,NA,0,"Canterbury",1010,15.8,13.55,1.6
"17689","20180403:0000",-43.78935,171.79032,"Winchmore",1949,NA,0,"Canterbury",1010,20.5,17.85,7.5
"17690","20180404:0000",-43.78935,171.79032,"Winchmore",1949,NA,0,"Canterbury",1010,24.1,15.3,5.7
"17691","20180405:0000",-43.78935,171.79032,"Winchmore",1949,NA,0,"Canterbury",1010,5.4,14.4,8.8
"17692","20180406:0000",-43.78935,171.79032,"Winchmore",1949,NA,0,"Canterbury",1010,10.8,15.45,7.1
"17693","20180407:0000",-43.78935,171.79032,"Winchmore",1949,NA,0,"Canterbury",1010,14.8,11.65,6.1
"17694","20180408:0000",-43.78935,171.79032,"Winchmore",1949,NA,0,"Canterbury",1010,8.6,11.4,7.2
"17695","20180409:0000",-43.78935,171.79032,"Winchmore",1949,NA,0,"Canterbury",1010,6.5,8.7,0
"17696","20180410:0000",-43.78935,171.79032,"Winchmore",1949,NA,0,"Canterbury",1010,28.8,5,1.5
"17697","20180411:0000",-43.78935,171.79032,"Winchmore",1949,NA,0,"Canterbury",1010,36,6.85,3.3
"17698","20180412:0000",-43.78935,171.79032,"Winchmore",1949,NA,0,"Canterbury",1010,13.3,6.65,4.1
"17699","20180413:0000",-43.78935,171.79032,"Winchmore",1949,NA,0,"Canterbury",1010,8.3,8.2,8.4
"17700","20180414:0000",-43.78935,171.79032,"Winchmore",1949,NA,0,"Canterbury",1010,8.6,6.95,8.5
"17701","20180415:0000",-43.78935,171.79032,"Winchmore",1949,NA,0,"Canterbury",1010,10.8,7.65,6.7
"17702","20180416:0000",-43.78935,171.79032,"Winchmore",1949,NA,0,"Canterbury",1010,16.6,13.35,8
"17703","20180417:0000",-43.78935,171.79032,"Winchmore",1949,NA,0,"Canterbury",1010,22,13.45,9.4
"17704","20180418:0000",-43.78935,171.79032,"Winchmore",1949,NA,0,"Canterbury",1010,11.5,7.8,10.2
"17705","20180419:0000",-43.78935,171.79032,"Winchmore",1949,NA,0,"Canterbury",1010,13.3,11.3,3.8
"17706","20180420:0000",-43.78935,171.79032,"Winchmore",1949,NA,0,"Canterbury",1010,19.8,14.4,9.9
"17707","20180421:0000",-43.78935,171.79032,"Winchmore",1949,NA,0,"Canterbury",1010,13.3,10.7,8.4
"17708","20180422:0000",-43.78935,171.79032,"Winchmore",1949,NA,0,"Canterbury",1010,11.2,7.55,10.3
"17709","20180423:0000",-43.78935,171.79032,"Winchmore",1949,NA,0,"Canterbury",1010,9,9,10
"17710","20180424:0000",-43.78935,171.79032,"Winchmore",1949,NA,0,"Canterbury",1010,15.8,12.95,8.7
"17711","20180425:0000",-43.78935,171.79032,"Winchmore",1949,NA,0,"Canterbury",1010,9.4,9,9.3
"17712","20180426:0000",-43.78935,171.79032,"Winchmore",1949,NA,0,"Canterbury",1010,13.3,12.95,9.5
"17713","20180427:0000",-43.78935,171.79032,"Winchmore",1949,NA,0,"Canterbury",1010,14.8,13.3,1.4
"17714","20180428:0000",-43.78935,171.79032,"Winchmore",1949,NA,0,"Canterbury",1010,16.6,9.95,0
"17715","20180429:0000",-43.78935,171.79032,"Winchmore",1949,NA,0,"Canterbury",1010,28.1,9.25,0
"17716","20180430:0000",-43.78935,171.79032,"Winchmore",1949,NA,0,"Canterbury",1010,7.2,9.6,5.5
"17717","20180501:0000",-43.78935,171.79032,"Winchmore",1949,NA,0,"Canterbury",1010,7.6,9.65,8
"17718","20180502:0000",-43.78935,171.79032,"Winchmore",1949,NA,0,"Canterbury",1010,6.8,10.6,9.2
"17719","20180503:0000",-43.78935,171.79032,"Winchmore",1949,NA,0,"Canterbury",1010,7.6,8.7,7.1
"17720","20180504:0000",-43.78935,171.79032,"Winchmore",1949,NA,0,"Canterbury",1010,18,10.7,5.6
"17721","20180505:0000",-43.78935,171.79032,"Winchmore",1949,NA,0,"Canterbury",1010,7.2,11.1,0.9
"17722","20180506:0000",-43.78935,171.79032,"Winchmore",1949,NA,0,"Canterbury",1010,7.2,10.85,9.2
"17723","20180507:0000",-43.78935,171.79032,"Winchmore",1949,NA,0,"Canterbury",1010,21.6,10.5,6
"17724","20180508:0000",-43.78935,171.79032,"Winchmore",1949,NA,0,"Canterbury",1010,19.8,14.65,3.2
"17725","20180509:0000",-43.78935,171.79032,"Winchmore",1949,NA,0,"Canterbury",1010,15.8,14.2,9.4
"17726","20180510:0000",-43.78935,171.79032,"Winchmore",1949,NA,0,"Canterbury",1010,10.8,9.9,2.4
"17727","20180511:0000",-43.78935,171.79032,"Winchmore",1949,NA,0,"Canterbury",1010,5,12.8,5.3
"17728","20180512:0000",-43.78935,171.79032,"Winchmore",1949,NA,0,"Canterbury",1010,11.5,9.45,0
"17729","20180513:0000",-43.78935,171.79032,"Winchmore",1949,NA,0,"Canterbury",1010,2.5,6.2,0
"17730","20180514:0000",-43.78935,171.79032,"Winchmore",1949,NA,0,"Canterbury",1010,4,7.55,0
"17731","20180515:0000",-43.78935,171.79032,"Winchmore",1949,NA,0,"Canterbury",1010,5.4,7.85,0.1
"17732","20180516:0000",-43.78935,171.79032,"Winchmore",1949,NA,0,"Canterbury",1010,6.8,5.8,0.7
"17733","20180517:0000",-43.78935,171.79032,"Winchmore",1949,NA,0,"Canterbury",1010,7.9,7.75,8.6
"17734","20180518:0000",-43.78935,171.79032,"Winchmore",1949,NA,0,"Canterbury",1010,9.7,10.05,8.9
"17735","20180519:0000",-43.78935,171.79032,"Winchmore",1949,NA,0,"Canterbury",1010,7.2,9.6,9
"17736","20180520:0000",-43.78935,171.79032,"Winchmore",1949,NA,0,"Canterbury",1010,28.4,9.4,3.8
"17737","20180521:0000",-43.78935,171.79032,"Winchmore",1949,NA,0,"Canterbury",1010,9,7.4,8
"17738","20180522:0000",-43.78935,171.79032,"Winchmore",1949,NA,0,"Canterbury",1010,40.7,7.1,1.4
"17739","20180523:0000",-43.78935,171.79032,"Winchmore",1949,NA,0,"Canterbury",1010,11.2,6.25,7.3
"17740","20180524:0000",-43.78935,171.79032,"Winchmore",1949,NA,0,"Canterbury",1010,11.5,5.7,7.9
"17741","20180525:0000",-43.78935,171.79032,"Winchmore",1949,NA,0,"Canterbury",1010,10.1,4.05,7.3
"17742","20180526:0000",-43.78935,171.79032,"Winchmore",1949,NA,0,"Canterbury",1010,12.2,4.15,5.5
"17743","20180527:0000",-43.78935,171.79032,"Winchmore",1949,NA,0,"Canterbury",1010,12.6,5.75,1.9
"17744","20180528:0000",-43.78935,171.79032,"Winchmore",1949,NA,0,"Canterbury",1010,21.6,4.2,1.7
"17745","20180529:0000",-43.78935,171.79032,"Winchmore",1949,NA,0,"Canterbury",1010,13,3.75,8.1
"17746","20180530:0000",-43.78935,171.79032,"Winchmore",1949,NA,0,"Canterbury",1010,10.4,3.45,7.4
"17747","20180531:0000",-43.78935,171.79032,"Winchmore",1949,NA,0,"Canterbury",1010,10.4,3.1,0.1
"17748","20180601:0000",-43.78935,171.79032,"Winchmore",1949,NA,0,"Canterbury",1010,8.6,5.5,0
"17749","20180602:0000",-43.78935,171.79032,"Winchmore",1949,NA,0,"Canterbury",1010,11.5,4.6,1.6
"17750","20180603:0000",-43.78935,171.79032,"Winchmore",1949,NA,0,"Canterbury",1010,6.1,4.5,0
"17751","20180604:0000",-43.78935,171.79032,"Winchmore",1949,NA,0,"Canterbury",1010,3.6,6.15,0
"17752","20180605:0000",-43.78935,171.79032,"Winchmore",1949,NA,0,"Canterbury",1010,10.1,8.25,3.8
"17753","20180606:0000",-43.78935,171.79032,"Winchmore",1949,NA,0,"Canterbury",1010,21.2,4.5,4.9
"17754","20180607:0000",-43.78935,171.79032,"Winchmore",1949,NA,0,"Canterbury",1010,11.5,8.4,4.1
"17755","20180608:0000",-43.78935,171.79032,"Winchmore",1949,NA,0,"Canterbury",1010,10.1,8.35,7.4
"17756","20180609:0000",-43.78935,171.79032,"Winchmore",1949,NA,0,"Canterbury",1010,7.6,7.6,1
"17757","20180610:0000",-43.78935,171.79032,"Winchmore",1949,NA,0,"Canterbury",1010,7.9,8.35,0.3
"17758","20180611:0000",-43.78935,171.79032,"Winchmore",1949,NA,0,"Canterbury",1010,11.9,7.45,0
"17759","20180612:0000",-43.78935,171.79032,"Winchmore",1949,NA,0,"Canterbury",1010,2.5,6.1,0
"17760","20180613:0000",-43.78935,171.79032,"Winchmore",1949,NA,0,"Canterbury",1010,15.5,7.45,0.1
"17761","20180614:0000",-43.78935,171.79032,"Winchmore",1949,NA,0,"Canterbury",1010,11.2,7.85,0
"17762","20180615:0000",-43.78935,171.79032,"Winchmore",1949,NA,0,"Canterbury",1010,6.5,5.6,1.1
"17763","20180616:0000",-43.78935,171.79032,"Winchmore",1949,NA,0,"Canterbury",1010,6.1,6.95,2.3
"17764","20180617:0000",-43.78935,171.79032,"Winchmore",1949,NA,0,"Canterbury",1010,7.6,7.05,4.9
"17765","20180618:0000",-43.78935,171.79032,"Winchmore",1949,NA,0,"Canterbury",1010,9.4,4.9,0
"17766","20180619:0000",-43.78935,171.79032,"Winchmore",1949,NA,0,"Canterbury",1010,17.3,6.15,3.6
"17767","20180620:0000",-43.78935,171.79032,"Winchmore",1949,NA,0,"Canterbury",1010,4.7,7.55,0.6
"17768","20180621:0000",-43.78935,171.79032,"Winchmore",1949,NA,0,"Canterbury",1010,10.1,4.6,7.9
"17769","20180622:0000",-43.78935,171.79032,"Winchmore",1949,NA,0,"Canterbury",1010,10.8,1.7,8.3
"17770","20180623:0000",-43.78935,171.79032,"Winchmore",1949,NA,0,"Canterbury",1010,8.3,2.9,6.8
"17771","20180624:0000",-43.78935,171.79032,"Winchmore",1949,NA,0,"Canterbury",1010,14.8,5.7,6.2
"17772","20180625:0000",-43.78935,171.79032,"Winchmore",1949,NA,0,"Canterbury",1010,16.2,5.65,7
"17773","20180626:0000",-43.78935,171.79032,"Winchmore",1949,NA,0,"Canterbury",1010,11.9,3.85,6.6
"17774","20180627:0000",-43.78935,171.79032,"Winchmore",1949,NA,0,"Canterbury",1010,16.2,6.6,6.4
"17775","20180628:0000",-43.78935,171.79032,"Winchmore",1949,NA,0,"Canterbury",1010,14,7.25,7.9
"17776","20180629:0000",-43.78935,171.79032,"Winchmore",1949,NA,0,"Canterbury",1010,16.6,5.55,8.5
"17777","20180630:0000",-43.78935,171.79032,"Winchmore",1949,NA,0,"Canterbury",1010,14.4,5.25,8.3
"17778","20180701:0000",-43.78935,171.79032,"Winchmore",1949,NA,0,"Canterbury",1010,24.8,8.35,4.2
"17779","20180702:0000",-43.78935,171.79032,"Winchmore",1949,NA,0,"Canterbury",1010,13,8,0.1
"17780","20180703:0000",-43.78935,171.79032,"Winchmore",1949,NA,0,"Canterbury",1010,9.4,4.05,8.4
"17781","20180704:0000",-43.78935,171.79032,"Winchmore",1949,NA,0,"Canterbury",1010,9,6.4,6.4
"17782","20180705:0000",-43.78935,171.79032,"Winchmore",1949,NA,0,"Canterbury",1010,9.4,4.5,5.4
"17783","20180706:0000",-43.78935,171.79032,"Winchmore",1949,NA,0,"Canterbury",1010,9.4,8.9,0.9
"17784","20180707:0000",-43.78935,171.79032,"Winchmore",1949,NA,0,"Canterbury",1010,30.2,13.7,8.3
"17785","20180708:0000",-43.78935,171.79032,"Winchmore",1949,NA,0,"Canterbury",1010,18,9.3,0
"17786","20180709:0000",-43.78935,171.79032,"Winchmore",1949,NA,0,"Canterbury",1010,11.2,8.95,6.3
"17787","20180710:0000",-43.78935,171.79032,"Winchmore",1949,NA,0,"Canterbury",1010,13,5.8,8.7
"17788","20180711:0000",-43.78935,171.79032,"Winchmore",1949,NA,0,"Canterbury",1010,11.2,5.9,8.5
"17789","20180712:0000",-43.78935,171.79032,"Winchmore",1949,NA,0,"Canterbury",1010,5,5.45,6.3
"17790","20180713:0000",-43.78935,171.79032,"Winchmore",1949,NA,0,"Canterbury",1010,13.3,3.15,8.8
"17791","20180714:0000",-43.78935,171.79032,"Winchmore",1949,NA,0,"Canterbury",1010,9.7,6,8.6
"17792","20180715:0000",-43.78935,171.79032,"Winchmore",1949,NA,0,"Canterbury",1010,3.6,3.55,0.2
"17793","20180716:0000",-43.78935,171.79032,"Winchmore",1949,NA,0,"Canterbury",1010,5.8,7.2,3.4
"17794","20180717:0000",-43.78935,171.79032,"Winchmore",1949,NA,0,"Canterbury",1010,13.3,9.45,9
"17795","20180718:0000",-43.78935,171.79032,"Winchmore",1949,NA,0,"Canterbury",1010,16.2,7.8,9
"17796","20180719:0000",-43.78935,171.79032,"Winchmore",1949,NA,0,"Canterbury",1010,7.2,6.95,9
"17797","20180720:0000",-43.78935,171.79032,"Winchmore",1949,NA,0,"Canterbury",1010,14,6.65,7.9
"17798","20180721:0000",-43.78935,171.79032,"Winchmore",1949,NA,0,"Canterbury",1010,36.7,8.75,3.3
"17799","20180722:0000",-43.78935,171.79032,"Winchmore",1949,NA,0,"Canterbury",1010,15.8,8.3,9
"17800","20180723:0000",-43.78935,171.79032,"Winchmore",1949,NA,0,"Canterbury",1010,14.8,6.05,0.7
"17801","20180724:0000",-43.78935,171.79032,"Winchmore",1949,NA,0,"Canterbury",1010,10.8,5.15,0.5
"17802","20180725:0000",-43.78935,171.79032,"Winchmore",1949,NA,0,"Canterbury",1010,7.2,3.35,6.9
"17803","20180726:0000",-43.78935,171.79032,"Winchmore",1949,NA,0,"Canterbury",1010,10.8,5.25,6.1
"17804","20180727:0000",-43.78935,171.79032,"Winchmore",1949,NA,0,"Canterbury",1010,13.3,7.4,4.7
"17805","20180728:0000",-43.78935,171.79032,"Winchmore",1949,NA,0,"Canterbury",1010,8.6,7.85,5.7
"17806","20180729:0000",-43.78935,171.79032,"Winchmore",1949,NA,0,"Canterbury",1010,10.1,6.1,2.4
"17807","20180730:0000",-43.78935,171.79032,"Winchmore",1949,NA,0,"Canterbury",1010,9,4.65,9.2
"17808","20180731:0000",-43.78935,171.79032,"Winchmore",1949,NA,0,"Canterbury",1010,23,8.8,6.5
"17809","20180801:0000",-43.78935,171.79032,"Winchmore",1949,NA,0,"Canterbury",1010,13,8.55,0.5
"17810","20180802:0000",-43.78935,171.79032,"Winchmore",1949,NA,0,"Canterbury",1010,14.4,8.95,0.3
"17811","20180803:0000",-43.78935,171.79032,"Winchmore",1949,NA,0,"Canterbury",1010,11.5,5.85,2
"17812","20180804:0000",-43.78935,171.79032,"Winchmore",1949,NA,0,"Canterbury",1010,9.4,8,3.7
"17813","20180805:0000",-43.78935,171.79032,"Winchmore",1949,NA,0,"Canterbury",1010,2.2,5.15,7.2
"17814","20180806:0000",-43.78935,171.79032,"Winchmore",1949,NA,0,"Canterbury",1010,5.8,6.35,6.9
"17815","20180807:0000",-43.78935,171.79032,"Winchmore",1949,NA,0,"Canterbury",1010,15.8,9.15,3.8
"17816","20180808:0000",-43.78935,171.79032,"Winchmore",1949,NA,0,"Canterbury",1010,38.9,9.35,0.3
"17817","20180809:0000",-43.78935,171.79032,"Winchmore",1949,NA,0,"Canterbury",1010,6.5,8.65,8.3
"17818","20180810:0000",-43.78935,171.79032,"Winchmore",1949,NA,0,"Canterbury",1010,9,8.05,5.6
"17819","20180811:0000",-43.78935,171.79032,"Winchmore",1949,NA,0,"Canterbury",1010,9.7,6.1,9.8
"17820","20180812:0000",-43.78935,171.79032,"Winchmore",1949,NA,0,"Canterbury",1010,28.8,8.7,8.8
"17821","20180813:0000",-43.78935,171.79032,"Winchmore",1949,NA,0,"Canterbury",1010,12.6,10.55,6.7
"17822","20180814:0000",-43.78935,171.79032,"Winchmore",1949,NA,0,"Canterbury",1010,10.8,5.2,0.4
"17823","20180815:0000",-43.78935,171.79032,"Winchmore",1949,NA,0,"Canterbury",1010,11.5,7.45,9.6
"17824","20180816:0000",-43.78935,171.79032,"Winchmore",1949,NA,0,"Canterbury",1010,31,11.3,5.8
"17825","20180817:0000",-43.78935,171.79032,"Winchmore",1949,NA,0,"Canterbury",1010,10.1,5.65,0.9
"17826","20180818:0000",-43.78935,171.79032,"Winchmore",1949,NA,0,"Canterbury",1010,12.2,5.75,9.5
"17827","20180819:0000",-43.78935,171.79032,"Winchmore",1949,NA,0,"Canterbury",1010,9.4,3.5,10
"17828","20180820:0000",-43.78935,171.79032,"Winchmore",1949,NA,0,"Canterbury",1010,6.1,6.75,5.3
"17829","20180821:0000",-43.78935,171.79032,"Winchmore",1949,NA,0,"Canterbury",1010,4,5.8,7.3
"17830","20180822:0000",-43.78935,171.79032,"Winchmore",1949,NA,0,"Canterbury",1010,16.9,7.4,8.7
"17831","20180823:0000",-43.78935,171.79032,"Winchmore",1949,NA,0,"Canterbury",1010,11.5,6.6,1.6
"17832","20180824:0000",-43.78935,171.79032,"Winchmore",1949,NA,0,"Canterbury",1010,11.2,7.6,6.3
"17833","20180825:0000",-43.78935,171.79032,"Winchmore",1949,NA,0,"Canterbury",1010,10.4,5.5,5.2
"17834","20180826:0000",-43.78935,171.79032,"Winchmore",1949,NA,0,"Canterbury",1010,17.3,8.55,10.5
"17835","20180827:0000",-43.78935,171.79032,"Winchmore",1949,NA,0,"Canterbury",1010,9,9.25,7.2
"17836","20180828:0000",-43.78935,171.79032,"Winchmore",1949,NA,0,"Canterbury",1010,11.2,7.6,0.6
"17837","20180829:0000",-43.78935,171.79032,"Winchmore",1949,NA,0,"Canterbury",1010,11.2,8.1,0
"17838","20180830:0000",-43.78935,171.79032,"Winchmore",1949,NA,0,"Canterbury",1010,6.5,8.55,9
"17839","20180831:0000",-43.78935,171.79032,"Winchmore",1949,NA,0,"Canterbury",1010,16.9,5.4,0
"17840","20180901:0000",-43.78935,171.79032,"Winchmore",1949,NA,0,"Canterbury",1010,7.9,7,9.7
"17841","20180902:0000",-43.78935,171.79032,"Winchmore",1949,NA,0,"Canterbury",1010,5.8,7.4,NA
"17842","20180903:0000",-43.78935,171.79032,"Winchmore",1949,NA,0,"Canterbury",1010,33.8,6.75,NA
"17843","20180904:0000",-43.78935,171.79032,"Winchmore",1949,NA,0,"Canterbury",1010,12.6,6.2,NA
"17844","20180905:0000",-43.78935,171.79032,"Winchmore",1949,NA,0,"Canterbury",1010,2.9,5.7,NA
"17845","20180906:0000",-43.78935,171.79032,"Winchmore",1949,NA,0,"Canterbury",1010,6.1,4.5,NA
"17846","20180907:0000",-43.78935,171.79032,"Winchmore",1949,NA,0,"Canterbury",1010,5.8,4.1,NA
"17847","20180908:0000",-43.78935,171.79032,"Winchmore",1949,NA,0,"Canterbury",1010,6.5,3.8,NA
"17848","20180909:0000",-43.78935,171.79032,"Winchmore",1949,NA,0,"Canterbury",1010,3.2,4,NA
"17849","20180910:0000",-43.78935,171.79032,"Winchmore",1949,NA,0,"Canterbury",1010,7.6,4.85,NA
"17850","20180911:0000",-43.78935,171.79032,"Winchmore",1949,NA,0,"Canterbury",1010,3.6,9.75,NA
"17851","20180912:0000",-43.78935,171.79032,"Winchmore",1949,NA,0,"Canterbury",1010,13,9.05,NA
"17852","20180913:0000",-43.78935,171.79032,"Winchmore",1949,NA,0,"Canterbury",1010,11.2,12.75,NA
"17853","20180914:0000",-43.78935,171.79032,"Winchmore",1949,NA,0,"Canterbury",1010,9.7,13.35,NA
"17854","20180915:0000",-43.78935,171.79032,"Winchmore",1949,NA,0,"Canterbury",1010,11.2,13,NA
"17855","20180916:0000",-43.78935,171.79032,"Winchmore",1949,NA,0,"Canterbury",1010,26.3,13.8,NA
"17856","20180917:0000",-43.78935,171.79032,"Winchmore",1949,NA,0,"Canterbury",1010,15.1,8.85,NA
"17857","20180918:0000",-43.78935,171.79032,"Winchmore",1949,NA,0,"Canterbury",1010,5,8.5,NA
"17858","20180919:0000",-43.78935,171.79032,"Winchmore",1949,NA,0,"Canterbury",1010,13.7,9.9,NA
"17859","20180920:0000",-43.78935,171.79032,"Winchmore",1949,NA,0,"Canterbury",1010,4.7,11,NA
"17860","20180921:0000",-43.78935,171.79032,"Winchmore",1949,NA,0,"Canterbury",1010,9,8.5,NA
"17861","20180922:0000",-43.78935,171.79032,"Winchmore",1949,NA,0,"Canterbury",1010,5.4,9.6,NA
"17862","20180923:0000",-43.78935,171.79032,"Winchmore",1949,NA,0,"Canterbury",1010,16.2,12.9,NA
"17863","20180924:0000",-43.78935,171.79032,"Winchmore",1949,NA,0,"Canterbury",1010,5,8.3,NA
"17864","20180925:0000",-43.78935,171.79032,"Winchmore",1949,NA,0,"Canterbury",1010,24.5,8.65,NA
"17865","20180926:0000",-43.78935,171.79032,"Winchmore",1949,NA,0,"Canterbury",1010,7.9,6.35,NA
"17866","20180927:0000",-43.78935,171.79032,"Winchmore",1949,NA,0,"Canterbury",1010,13,7.15,NA
"17867","20180928:0000",-43.78935,171.79032,"Winchmore",1949,NA,0,"Canterbury",1010,7.2,7.3,NA
"17868","20180929:0000",-43.78935,171.79032,"Winchmore",1949,NA,0,"Canterbury",1010,28.8,11.3,NA
"17869","20180930:0000",-43.78935,171.79032,"Winchmore",1949,NA,0,"Canterbury",1010,13.7,11.4,NA
"17870","20181001:0000",-43.78935,171.79032,"Winchmore",1949,NA,0,"Canterbury",1010,13.7,9.85,NA
"17871","20181002:0000",-43.78935,171.79032,"Winchmore",1949,NA,0,"Canterbury",1010,9.7,10.15,NA
"17872","20181003:0000",-43.78935,171.79032,"Winchmore",1949,NA,0,"Canterbury",1010,4.7,8.15,NA
"17873","20181004:0000",-43.78935,171.79032,"Winchmore",1949,NA,0,"Canterbury",1010,19.8,12.05,NA
"17874","20181005:0000",-43.78935,171.79032,"Winchmore",1949,NA,0,"Canterbury",1010,6.8,9.6,NA
"17875","20181006:0000",-43.78935,171.79032,"Winchmore",1949,NA,0,"Canterbury",1010,12.6,7.75,NA
"17876","20181007:0000",-43.78935,171.79032,"Winchmore",1949,NA,0,"Canterbury",1010,10.4,10.9,NA
"17877","20181008:0000",-43.78935,171.79032,"Winchmore",1949,NA,0,"Canterbury",1010,5.8,11.05,NA
"17878","20181009:0000",-43.78935,171.79032,"Winchmore",1949,NA,0,"Canterbury",1010,13.3,9.95,NA
"17879","20181010:0000",-43.78935,171.79032,"Winchmore",1949,NA,0,"Canterbury",1010,38.2,13.4,NA
"17880","20181011:0000",-43.78935,171.79032,"Winchmore",1949,NA,0,"Canterbury",1010,2.5,8.15,NA
"17881","20181012:0000",-43.78935,171.79032,"Winchmore",1949,NA,0,"Canterbury",1010,36.4,6.15,NA
"17882","20181013:0000",-43.78935,171.79032,"Winchmore",1949,NA,0,"Canterbury",1010,14.4,6.85,NA
"17883","20181014:0000",-43.78935,171.79032,"Winchmore",1949,NA,0,"Canterbury",1010,13.3,8.65,NA
"17884","20181015:0000",-43.78935,171.79032,"Winchmore",1949,NA,0,"Canterbury",1010,4.3,5.8,NA
"17885","20181016:0000",-43.78935,171.79032,"Winchmore",1949,NA,0,"Canterbury",1010,5.8,10.15,NA
"17886","20181017:0000",-43.78935,171.79032,"Winchmore",1949,NA,0,"Canterbury",1010,19.1,13.85,NA
"17887","20181018:0000",-43.78935,171.79032,"Winchmore",1949,NA,0,"Canterbury",1010,8.3,13.2,NA
"17888","20181019:0000",-43.78935,171.79032,"Winchmore",1949,NA,0,"Canterbury",1010,7.9,14.65,NA
"17889","20181020:0000",-43.78935,171.79032,"Winchmore",1949,NA,0,"Canterbury",1010,8.3,16,NA
"17890","20181021:0000",-43.78935,171.79032,"Winchmore",1949,NA,0,"Canterbury",1010,10.1,15.9,NA
"17891","20181022:0000",-43.78935,171.79032,"Winchmore",1949,NA,0,"Canterbury",1010,6.8,14.4,NA
"17892","20181023:0000",-43.78935,171.79032,"Winchmore",1949,NA,0,"Canterbury",1010,5.8,16.55,NA
"17893","20181024:0000",-43.78935,171.79032,"Winchmore",1949,NA,0,"Canterbury",1010,5.8,18.35,NA
"17894","20181025:0000",-43.78935,171.79032,"Winchmore",1949,NA,0,"Canterbury",1010,24.8,9,NA
"17895","20181026:0000",-43.78935,171.79032,"Winchmore",1949,NA,0,"Canterbury",1010,13.3,9,NA
"17896","20181027:0000",-43.78935,171.79032,"Winchmore",1949,NA,0,"Canterbury",1010,10.1,12.4,NA
"17897","20181028:0000",-43.78935,171.79032,"Winchmore",1949,NA,0,"Canterbury",1010,13.3,10.4,NA
"17898","20181029:0000",-43.78935,171.79032,"Winchmore",1949,NA,0,"Canterbury",1010,8.6,10.25,NA
"17899","20181030:0000",-43.78935,171.79032,"Winchmore",1949,NA,0,"Canterbury",1010,18.4,9.8,NA
"17900","20181031:0000",-43.78935,171.79032,"Winchmore",1949,NA,0,"Canterbury",1010,13.3,10.25,NA
"17901","20181101:0000",-43.78935,171.79032,"Winchmore",1949,NA,0,"Canterbury",1010,19.8,9.55,NA
"17902","20181102:0000",-43.78935,171.79032,"Winchmore",1949,NA,0,"Canterbury",1010,9,9.75,NA
"17903","20181103:0000",-43.78935,171.79032,"Winchmore",1949,NA,0,"Canterbury",1010,37.1,19.2,NA
"17904","20181104:0000",-43.78935,171.79032,"Winchmore",1949,NA,0,"Canterbury",1010,14,12.15,NA
"17905","20181105:0000",-43.78935,171.79032,"Winchmore",1949,NA,0,"Canterbury",1010,22,14.05,NA
"17906","20181106:0000",-43.78935,171.79032,"Winchmore",1949,NA,0,"Canterbury",1010,13.7,14.9,NA
"17907","20181107:0000",-43.78935,171.79032,"Winchmore",1949,NA,0,"Canterbury",1010,16.6,17.2,NA
"17908","20181108:0000",-43.78935,171.79032,"Winchmore",1949,NA,0,"Canterbury",1010,10.1,18.05,NA
"17909","20181109:0000",-43.78935,171.79032,"Winchmore",1949,NA,0,"Canterbury",1010,17.3,6.7,NA
"17910","20181110:0000",-43.78935,171.79032,"Winchmore",1949,NA,0,"Canterbury",1010,9,8.25,NA
"17911","20181111:0000",-43.78935,171.79032,"Winchmore",1949,NA,0,"Canterbury",1010,9,12.2,NA
"17912","20181112:0000",-43.78935,171.79032,"Winchmore",1949,NA,0,"Canterbury",1010,10.8,12.75,NA
"17913","20181113:0000",-43.78935,171.79032,"Winchmore",1949,NA,0,"Canterbury",1010,10.1,12.45,NA
"17914","20181114:0000",-43.78935,171.79032,"Winchmore",1949,NA,0,"Canterbury",1010,16.9,14.45,NA
"17915","20181115:0000",-43.78935,171.79032,"Winchmore",1949,NA,0,"Canterbury",1010,12.2,15.9,NA
"17916","20181116:0000",-43.78935,171.79032,"Winchmore",1949,NA,0,"Canterbury",1010,29.9,16.3,NA
"17917","20181117:0000",-43.78935,171.79032,"Winchmore",1949,NA,0,"Canterbury",1010,12.2,14.4,NA
"17918","20181118:0000",-43.78935,171.79032,"Winchmore",1949,NA,0,"Canterbury",1010,16.2,14.8,NA
"17919","20181119:0000",-43.78935,171.79032,"Winchmore",1949,NA,0,"Canterbury",1010,18,5.45,NA
"17920","20181120:0000",-43.78935,171.79032,"Winchmore",1949,NA,0,"Canterbury",1010,17.3,7.05,NA
"17921","20181121:0000",-43.78935,171.79032,"Winchmore",1949,NA,0,"Canterbury",1010,14,8.2,NA
"17922","20181122:0000",-43.78935,171.79032,"Winchmore",1949,NA,0,"Canterbury",1010,5.4,12.45,NA
"17923","20181123:0000",-43.78935,171.79032,"Winchmore",1949,NA,0,"Canterbury",1010,3.2,11.5,NA
"17924","20181124:0000",-43.78935,171.79032,"Winchmore",1949,NA,0,"Canterbury",1010,4.3,13.6,NA
"17925","20181125:0000",-43.78935,171.79032,"Winchmore",1949,NA,0,"Canterbury",1010,18,14.05,NA
"17926","20181126:0000",-43.78935,171.79032,"Winchmore",1949,NA,0,"Canterbury",1010,17.3,12.15,NA
"17927","20181127:0000",-43.78935,171.79032,"Winchmore",1949,NA,0,"Canterbury",1010,8.3,12.25,NA
"17928","20181128:0000",-43.78935,171.79032,"Winchmore",1949,NA,0,"Canterbury",1010,15.1,12.5,NA
"17929","20181129:0000",-43.78935,171.79032,"Winchmore",1949,NA,0,"Canterbury",1010,18.4,13.3,NA
"17930","20181130:0000",-43.78935,171.79032,"Winchmore",1949,NA,0,"Canterbury",1010,16.9,12.4,NA
"17931","20181201:0000",-43.78935,171.79032,"Winchmore",1949,NA,0,"Canterbury",1010,14.8,16.55,NA
"17932","20181202:0000",-43.78935,171.79032,"Winchmore",1949,NA,0,"Canterbury",1010,5.8,15.85,NA
"17933","20181203:0000",-43.78935,171.79032,"Winchmore",1949,NA,0,"Canterbury",1010,11.2,17.15,NA
"17934","20181204:0000",-43.78935,171.79032,"Winchmore",1949,NA,0,"Canterbury",1010,18,17.2,NA
"17935","20181205:0000",-43.78935,171.79032,"Winchmore",1949,NA,0,"Canterbury",1010,17.3,14,NA
"17936","20181206:0000",-43.78935,171.79032,"Winchmore",1949,NA,0,"Canterbury",1010,9.4,11.3,NA
"17937","20181207:0000",-43.78935,171.79032,"Winchmore",1949,NA,0,"Canterbury",1010,10.8,13.7,NA
"17938","20181208:0000",-43.78935,171.79032,"Winchmore",1949,NA,0,"Canterbury",1010,11.2,16.55,NA
"17939","20181209:0000",-43.78935,171.79032,"Winchmore",1949,NA,0,"Canterbury",1010,7.9,17.95,NA
"17940","20181210:0000",-43.78935,171.79032,"Winchmore",1949,NA,0,"Canterbury",1010,10.4,12.45,NA
"17941","20181211:0000",-43.78935,171.79032,"Winchmore",1949,NA,0,"Canterbury",1010,16.9,12.5,NA
"17942","20181212:0000",-43.78935,171.79032,"Winchmore",1949,NA,0,"Canterbury",1010,6.8,14.35,NA
"17943","20181213:0000",-43.78935,171.79032,"Winchmore",1949,NA,0,"Canterbury",1010,4.3,14.55,NA
"17944","20181214:0000",-43.78935,171.79032,"Winchmore",1949,NA,0,"Canterbury",1010,17.3,17.1,NA
"17945","20181215:0000",-43.78935,171.79032,"Winchmore",1949,NA,0,"Canterbury",1010,12.6,14.15,NA
"17946","20181216:0000",-43.78935,171.79032,"Winchmore",1949,NA,0,"Canterbury",1010,10.4,15.3,NA
"17947","20181217:0000",-43.78935,171.79032,"Winchmore",1949,NA,0,"Canterbury",1010,4.7,19.45,NA
"17948","20181218:0000",-43.78935,171.79032,"Winchmore",1949,NA,0,"Canterbury",1010,9,19.55,NA
"17949","20181219:0000",-43.78935,171.79032,"Winchmore",1949,NA,0,"Canterbury",1010,12.2,11.95,NA
"17950","20181220:0000",-43.78935,171.79032,"Winchmore",1949,NA,0,"Canterbury",1010,8.6,10.95,NA
"17951","20181221:0000",-43.78935,171.79032,"Winchmore",1949,NA,0,"Canterbury",1010,16.6,11.9,NA
"17952","20181222:0000",-43.78935,171.79032,"Winchmore",1949,NA,0,"Canterbury",1010,6.8,12.85,NA
"17953","20181223:0000",-43.78935,171.79032,"Winchmore",1949,NA,0,"Canterbury",1010,10.1,12.15,NA
"17954","20181224:0000",-43.78935,171.79032,"Winchmore",1949,NA,0,"Canterbury",1010,17.6,13.85,NA
"17955","20181225:0000",-43.78935,171.79032,"Winchmore",1949,NA,0,"Canterbury",1010,21.2,17.5,NA
"17956","20181226:0000",-43.78935,171.79032,"Winchmore",1949,NA,0,"Canterbury",1010,9,14.3,NA
"17957","20181227:0000",-43.78935,171.79032,"Winchmore",1949,NA,0,"Canterbury",1010,10.8,15,NA
"17958","20181228:0000",-43.78935,171.79032,"Winchmore",1949,NA,0,"Canterbury",1010,18.4,16.4,NA
"17959","20181229:0000",-43.78935,171.79032,"Winchmore",1949,NA,0,"Canterbury",1010,11.5,20.45,NA
"17960","20181230:0000",-43.78935,171.79032,"Winchmore",1949,NA,0,"Canterbury",1010,30.6,21.55,NA
"17961","20181231:0000",-43.78935,171.79032,"Winchmore",1949,NA,0,"Canterbury",1010,9,18.35,NA
"17962","20190101:0000",-43.78935,171.79032,"Winchmore",1949,NA,0,"Canterbury",1010,6.8,19,NA
"17963","20190102:0000",-43.78935,171.79032,"Winchmore",1949,NA,0,"Canterbury",1010,19.8,21.15,NA
"17964","20190103:0000",-43.78935,171.79032,"Winchmore",1949,NA,0,"Canterbury",1010,5,18.7,NA
"17965","20190104:0000",-43.78935,171.79032,"Winchmore",1949,NA,0,"Canterbury",1010,6.5,15.65,NA
"17966","20190105:0000",-43.78935,171.79032,"Winchmore",1949,NA,0,"Canterbury",1010,23.8,21.35,NA
"17967","20190106:0000",-43.78935,171.79032,"Winchmore",1949,NA,0,"Canterbury",1010,18.7,14.1,NA
"17968","20190107:0000",-43.78935,171.79032,"Winchmore",1949,NA,0,"Canterbury",1010,16.6,16.4,NA
"17969","20190108:0000",-43.78935,171.79032,"Winchmore",1949,NA,0,"Canterbury",1010,11.5,15.3,NA
"17970","20190109:0000",-43.78935,171.79032,"Winchmore",1949,NA,0,"Canterbury",1010,16.6,20,NA
"17971","20190110:0000",-43.78935,171.79032,"Winchmore",1949,NA,0,"Canterbury",1010,11.2,19.05,NA
"17972","20190111:0000",-43.78935,171.79032,"Winchmore",1949,NA,0,"Canterbury",1010,14.8,13.45,NA
"17973","20190112:0000",-43.78935,171.79032,"Winchmore",1949,NA,0,"Canterbury",1010,9,13.4,0.2
"17974","20190113:0000",-43.78935,171.79032,"Winchmore",1949,NA,0,"Canterbury",1010,11.2,15.55,5.2
"17975","20190114:0000",-43.78935,171.79032,"Winchmore",1949,NA,0,"Canterbury",1010,21.6,13.6,1.8
"17976","20190115:0000",-43.78935,171.79032,"Winchmore",1949,NA,0,"Canterbury",1010,2.5,13.7,3.9
"17977","20190116:0000",-43.78935,171.79032,"Winchmore",1949,NA,0,"Canterbury",1010,13.7,14.45,12.9
"17978","20190117:0000",-43.78935,171.79032,"Winchmore",1949,NA,0,"Canterbury",1010,4.7,18.25,7.1
"17979","20190118:0000",-43.78935,171.79032,"Winchmore",1949,NA,0,"Canterbury",1010,12.6,16,0.1
"17980","20190119:0000",-43.78935,171.79032,"Winchmore",1949,NA,0,"Canterbury",1010,24.5,21.5,4.1
"17981","20190120:0000",-43.78935,171.79032,"Winchmore",1949,NA,0,"Canterbury",1010,6.8,15.95,13.5
"17982","20190121:0000",-43.78935,171.79032,"Winchmore",1949,NA,0,"Canterbury",1010,5.4,17.5,12.8
"17983","20190122:0000",-43.78935,171.79032,"Winchmore",1949,NA,0,"Canterbury",1010,5.8,18.55,12.5
"17984","20190123:0000",-43.78935,171.79032,"Winchmore",1949,NA,0,"Canterbury",1010,7.6,23.2,8.1
"17985","20190124:0000",-43.78935,171.79032,"Winchmore",1949,NA,0,"Canterbury",1010,4.7,10.8,13.3
"17986","20190125:0000",-43.78935,171.79032,"Winchmore",1949,NA,0,"Canterbury",1010,3.6,13.95,7.9
"17987","20190126:0000",-43.78935,171.79032,"Winchmore",1949,NA,0,"Canterbury",1010,13,18.35,2.6
"17988","20190127:0000",-43.78935,171.79032,"Winchmore",1949,NA,0,"Canterbury",1010,21.2,19.65,13.5
"17989","20190128:0000",-43.78935,171.79032,"Winchmore",1949,NA,0,"Canterbury",1010,11.5,20.35,10.2
"17990","20190129:0000",-43.78935,171.79032,"Winchmore",1949,NA,0,"Canterbury",1010,16.9,19.8,8.5
"17991","20190130:0000",-43.78935,171.79032,"Winchmore",1949,NA,0,"Canterbury",1010,4.7,22.05,10.9
"17992","20190131:0000",-43.78935,171.79032,"Winchmore",1949,NA,0,"Canterbury",1010,6.5,23.2,12.8
"17993","20190201:0000",-43.78935,171.79032,"Winchmore",1949,NA,0,"Canterbury",1010,40.3,23.85,0.3
"17994","20190202:0000",-43.78935,171.79032,"Winchmore",1949,NA,0,"Canterbury",1010,5.8,13.95,13.6
"17995","20190203:0000",-43.78935,171.79032,"Winchmore",1949,NA,0,"Canterbury",1010,5.8,16,12.5
"17996","20190204:0000",-43.78935,171.79032,"Winchmore",1949,NA,0,"Canterbury",1010,5,20.45,13.5
"17997","20190205:0000",-43.78935,171.79032,"Winchmore",1949,NA,0,"Canterbury",1010,7.6,19,8.7
"17998","20190206:0000",-43.78935,171.79032,"Winchmore",1949,NA,0,"Canterbury",1010,9,11.9,0
"17999","20190207:0000",-43.78935,171.79032,"Winchmore",1949,NA,0,"Canterbury",1010,6.8,11.75,10.6
"18000","20190208:0000",-43.78935,171.79032,"Winchmore",1949,NA,0,"Canterbury",1010,17.3,14.8,13.5
"18001","20190209:0000",-43.78935,171.79032,"Winchmore",1949,NA,0,"Canterbury",1010,9.4,19.9,13.4
"18002","20190210:0000",-43.78935,171.79032,"Winchmore",1949,NA,0,"Canterbury",1010,11.2,21.25,13.7
"18003","20190211:0000",-43.78935,171.79032,"Winchmore",1949,NA,0,"Canterbury",1010,8.6,20.35,11.7
"18004","20190212:0000",-43.78935,171.79032,"Winchmore",1949,NA,0,"Canterbury",1010,8.3,19.9,10.1
"18005","20190213:0000",-43.78935,171.79032,"Winchmore",1949,NA,0,"Canterbury",1010,3.6,20.75,11
"18006","20190214:0000",-43.78935,171.79032,"Winchmore",1949,NA,0,"Canterbury",1010,14.4,20.8,6.7
"18007","20190215:0000",-43.78935,171.79032,"Winchmore",1949,NA,0,"Canterbury",1010,3.6,17.95,12
"18008","20190216:0000",-43.78935,171.79032,"Winchmore",1949,NA,0,"Canterbury",1010,12.6,13.4,2.5
"18009","20190217:0000",-43.78935,171.79032,"Winchmore",1949,NA,0,"Canterbury",1010,6.1,13.1,11.5
"18010","20190218:0000",-43.78935,171.79032,"Winchmore",1949,NA,0,"Canterbury",1010,4.3,17.1,10.3
"18011","20190219:0000",-43.78935,171.79032,"Winchmore",1949,NA,0,"Canterbury",1010,20.9,21.3,5.7
"18012","20190220:0000",-43.78935,171.79032,"Winchmore",1949,NA,0,"Canterbury",1010,9.7,18.7,9.4
"18013","20190221:0000",-43.78935,171.79032,"Winchmore",1949,NA,0,"Canterbury",1010,6.8,21.9,8.2
"18014","20190222:0000",-43.78935,171.79032,"Winchmore",1949,NA,0,"Canterbury",1010,12.6,16.15,4
"18015","20190223:0000",-43.78935,171.79032,"Winchmore",1949,NA,0,"Canterbury",1010,7.2,10.65,3.8
"18016","20190224:0000",-43.78935,171.79032,"Winchmore",1949,NA,0,"Canterbury",1010,15.5,11.6,3.4
"18017","20190225:0000",-43.78935,171.79032,"Winchmore",1949,NA,0,"Canterbury",1010,10.1,11.45,8.6
"18018","20190226:0000",-43.78935,171.79032,"Winchmore",1949,NA,0,"Canterbury",1010,5,14.95,12.1
"18019","20190227:0000",-43.78935,171.79032,"Winchmore",1949,NA,0,"Canterbury",1010,29.2,17.65,4.5
"18020","20190228:0000",-43.78935,171.79032,"Winchmore",1949,NA,0,"Canterbury",1010,9,9.1,8.7
"18021","20190301:0000",-43.78935,171.79032,"Winchmore",1949,NA,0,"Canterbury",1010,12.6,12.1,12.7
"18022","20190302:0000",-43.78935,171.79032,"Winchmore",1949,NA,0,"Canterbury",1010,4,13.15,12.6
"18023","20190303:0000",-43.78935,171.79032,"Winchmore",1949,NA,0,"Canterbury",1010,9,17.65,11.3
"18024","20190304:0000",-43.78935,171.79032,"Winchmore",1949,NA,0,"Canterbury",1010,5.8,18.6,10.5
"18025","20190305:0000",-43.78935,171.79032,"Winchmore",1949,NA,0,"Canterbury",1010,17.6,20.8,11.4
"18026","20190306:0000",-43.78935,171.79032,"Winchmore",1949,NA,0,"Canterbury",1010,6.5,20.35,11.9
"18027","20190307:0000",-43.78935,171.79032,"Winchmore",1949,NA,0,"Canterbury",1010,11.5,19.75,7.4
"18028","20190308:0000",-43.78935,171.79032,"Winchmore",1949,NA,0,"Canterbury",1010,14.4,12.55,4
"18029","20190309:0000",-43.78935,171.79032,"Winchmore",1949,NA,0,"Canterbury",1010,6.8,12.75,9.6
"18030","20190310:0000",-43.78935,171.79032,"Winchmore",1949,NA,0,"Canterbury",1010,7.9,13.05,0
"18031","20190311:0000",-43.78935,171.79032,"Winchmore",1949,NA,0,"Canterbury",1010,2.5,14.35,6.6
"18032","20190312:0000",-43.78935,171.79032,"Winchmore",1949,NA,0,"Canterbury",1010,7.6,19.95,11.9
"18033","20190313:0000",-43.78935,171.79032,"Winchmore",1949,NA,0,"Canterbury",1010,10.1,19,7.8
"18034","20190314:0000",-43.78935,171.79032,"Winchmore",1949,NA,0,"Canterbury",1010,5.4,13.3,0
"18035","20190315:0000",-43.78935,171.79032,"Winchmore",1949,NA,0,"Canterbury",1010,4.7,14.45,0.3
"18036","20190316:0000",-43.78935,171.79032,"Winchmore",1949,NA,0,"Canterbury",1010,16.6,15.45,1.8
"18037","20190317:0000",-43.78935,171.79032,"Winchmore",1949,NA,0,"Canterbury",1010,11.9,14.6,3.4
"18038","20190318:0000",-43.78935,171.79032,"Winchmore",1949,NA,0,"Canterbury",1010,10.4,16.7,4.1
"18039","20190319:0000",-43.78935,171.79032,"Winchmore",1949,NA,0,"Canterbury",1010,3.6,17,4.6
"18040","20190320:0000",-43.78935,171.79032,"Winchmore",1949,NA,0,"Canterbury",1010,6.8,15.65,0.3
"18041","20190321:0000",-43.78935,171.79032,"Winchmore",1949,NA,0,"Canterbury",1010,17.6,17.35,10.3
"18042","20190322:0000",-43.78935,171.79032,"Winchmore",1949,NA,0,"Canterbury",1010,16.2,17.05,8.5
"18043","20190323:0000",-43.78935,171.79032,"Winchmore",1949,NA,0,"Canterbury",1010,5.4,15.25,3.1
"18044","20190324:0000",-43.78935,171.79032,"Winchmore",1949,NA,0,"Canterbury",1010,8.3,19.4,9.8
"18045","20190325:0000",-43.78935,171.79032,"Winchmore",1949,NA,0,"Canterbury",1010,18.4,19.05,1.4
"18046","20190326:0000",-43.78935,171.79032,"Winchmore",1949,NA,0,"Canterbury",1010,28.8,24.1,0.3
"18047","20190327:0000",-43.78935,171.79032,"Winchmore",1949,NA,0,"Canterbury",1010,26.6,19.1,2.7
"18048","20190328:0000",-43.78935,171.79032,"Winchmore",1949,NA,0,"Canterbury",1010,13.3,14.3,9.5
"18049","20190329:0000",-43.78935,171.79032,"Winchmore",1949,NA,0,"Canterbury",1010,10.8,13.45,8.8
"18050","20190330:0000",-43.78935,171.79032,"Winchmore",1949,NA,0,"Canterbury",1010,6.8,13.95,10.6
"18051","20190331:0000",-43.78935,171.79032,"Winchmore",1949,NA,0,"Canterbury",1010,28.4,18.25,9.2
"18052","20190401:0000",-43.78935,171.79032,"Winchmore",1949,NA,0,"Canterbury",1010,29.9,18.6,11.1
"18053","20190402:0000",-43.78935,171.79032,"Winchmore",1949,NA,0,"Canterbury",1010,5.8,10.35,5.3
"18054","20190403:0000",-43.78935,171.79032,"Winchmore",1949,NA,0,"Canterbury",1010,11.9,9.7,10.3
"18055","20190404:0000",-43.78935,171.79032,"Winchmore",1949,NA,0,"Canterbury",1010,6.5,10.95,10.4
"18056","20190405:0000",-43.78935,171.79032,"Winchmore",1949,NA,0,"Canterbury",1010,18,8.7,2.6
"18057","20190406:0000",-43.78935,171.79032,"Winchmore",1949,NA,0,"Canterbury",1010,11.9,8.65,6.5
"18058","20190407:0000",-43.78935,171.79032,"Winchmore",1949,NA,0,"Canterbury",1010,11.9,7.75,3.4
"18059","20190408:0000",-43.78935,171.79032,"Winchmore",1949,NA,0,"Canterbury",1010,6.5,9.7,10.3
"18060","20190409:0000",-43.78935,171.79032,"Winchmore",1949,NA,0,"Canterbury",1010,19.1,NA,NA
"18061","20190410:0000",-43.78935,171.79032,"Winchmore",1949,NA,0,"Canterbury",1010,27.7,16.15,5.1
"18062","20190411:0000",-43.78935,171.79032,"Winchmore",1949,NA,0,"Canterbury",1010,10.8,10.5,0
"18063","20190412:0000",-43.78935,171.79032,"Winchmore",1949,NA,0,"Canterbury",1010,24.1,8.95,2
"18064","20190413:0000",-43.78935,171.79032,"Winchmore",1949,NA,0,"Canterbury",1010,7.6,7.9,10.6
"18065","20190414:0000",-43.78935,171.79032,"Winchmore",1949,NA,0,"Canterbury",1010,11.9,8,2.4
"18066","20190415:0000",-43.78935,171.79032,"Winchmore",1949,NA,0,"Canterbury",1010,8.3,11.45,7.1
"18067","20190416:0000",-43.78935,171.79032,"Winchmore",1949,NA,0,"Canterbury",1010,5,10,2.5
"18068","20190417:0000",-43.78935,171.79032,"Winchmore",1949,NA,0,"Canterbury",1010,6.8,8.2,10.5
"18069","20190418:0000",-43.78935,171.79032,"Winchmore",1949,NA,0,"Canterbury",1010,7.2,6.95,0.1
"18070","20190419:0000",-43.78935,171.79032,"Winchmore",1949,NA,0,"Canterbury",1010,10.8,11.3,7.9
"18071","20190420:0000",-43.78935,171.79032,"Winchmore",1949,NA,0,"Canterbury",1010,8.6,11.15,4.5
"18072","20190421:0000",-43.78935,171.79032,"Winchmore",1949,NA,0,"Canterbury",1010,15.1,10.5,0
"18073","20190422:0000",-43.78935,171.79032,"Winchmore",1949,NA,0,"Canterbury",1010,8.3,11.1,1.4
"18074","20190423:0000",-43.78935,171.79032,"Winchmore",1949,NA,0,"Canterbury",1010,13.7,11.1,7.7
"18075","20190424:0000",-43.78935,171.79032,"Winchmore",1949,NA,0,"Canterbury",1010,7.6,7.9,2.6
"18076","20190425:0000",-43.78935,171.79032,"Winchmore",1949,NA,0,"Canterbury",1010,5.4,12.15,6.2
"18077","20190426:0000",-43.78935,171.79032,"Winchmore",1949,NA,0,"Canterbury",1010,6.8,13.3,8.6
"18078","20190427:0000",-43.78935,171.79032,"Winchmore",1949,NA,0,"Canterbury",1010,30.2,14.3,3.4
"18079","20190428:0000",-43.78935,171.79032,"Winchmore",1949,NA,0,"Canterbury",1010,12.2,10.5,4.1
"18080","20190429:0000",-43.78935,171.79032,"Winchmore",1949,NA,0,"Canterbury",1010,19.8,9.55,0
"18081","20190430:0000",-43.78935,171.79032,"Winchmore",1949,NA,0,"Canterbury",1010,14.4,7.15,9.9
"18082","20190501:0000",-43.78935,171.79032,"Winchmore",1949,NA,0,"Canterbury",1010,13.7,9.1,10
"18083","20190502:0000",-43.78935,171.79032,"Winchmore",1949,NA,0,"Canterbury",1010,10.8,11,6.1
"18084","20190503:0000",-43.78935,171.79032,"Winchmore",1949,NA,0,"Canterbury",1010,8.3,12.45,9.7
"18085","20190504:0000",-43.78935,171.79032,"Winchmore",1949,NA,0,"Canterbury",1010,16.9,14.05,5.8
"18086","20190505:0000",-43.78935,171.79032,"Winchmore",1949,NA,0,"Canterbury",1010,8.6,12.4,3.1
"18087","20190506:0000",-43.78935,171.79032,"Winchmore",1949,NA,0,"Canterbury",1010,5.8,9.45,0
"18088","20190507:0000",-43.78935,171.79032,"Winchmore",1949,NA,0,"Canterbury",1010,4.7,11.55,0
"18089","20190508:0000",-43.78935,171.79032,"Winchmore",1949,NA,0,"Canterbury",1010,13.3,11.8,0.4
"18090","20190509:0000",-43.78935,171.79032,"Winchmore",1949,NA,0,"Canterbury",1010,19.4,14.25,3.6
"18091","20190510:0000",-43.78935,171.79032,"Winchmore",1949,NA,0,"Canterbury",1010,11.9,14.15,9.6
"18092","20190511:0000",-43.78935,171.79032,"Winchmore",1949,NA,0,"Canterbury",1010,5.8,9.9,0.3
"18093","20190512:0000",-43.78935,171.79032,"Winchmore",1949,NA,0,"Canterbury",1010,12.2,11.75,0.7
"18094","20190513:0000",-43.78935,171.79032,"Winchmore",1949,NA,0,"Canterbury",1010,3.6,8.65,9
"18095","20190514:0000",-43.78935,171.79032,"Winchmore",1949,NA,0,"Canterbury",1010,11.5,8.9,4.4
"18096","20190515:0000",-43.78935,171.79032,"Winchmore",1949,NA,0,"Canterbury",1010,14.8,10.2,6.4
"18097","20190516:0000",-43.78935,171.79032,"Winchmore",1949,NA,0,"Canterbury",1010,18.7,9.75,2.4
"18098","20190517:0000",-43.78935,171.79032,"Winchmore",1949,NA,0,"Canterbury",1010,12.2,5.7,9.2
"18099","20190518:0000",-43.78935,171.79032,"Winchmore",1949,NA,0,"Canterbury",1010,15.8,8.3,4.1
"18100","20190519:0000",-43.78935,171.79032,"Winchmore",1949,NA,0,"Canterbury",1010,4,7.35,5.5
"18101","20190520:0000",-43.78935,171.79032,"Winchmore",1949,NA,0,"Canterbury",1010,7.6,7.6,9.1
"18102","20190521:0000",-43.78935,171.79032,"Winchmore",1949,NA,0,"Canterbury",1010,6.8,7.05,7.9
"18103","20190522:0000",-43.78935,171.79032,"Winchmore",1949,NA,0,"Canterbury",1010,10.8,7.75,4.9
"18104","20190523:0000",-43.78935,171.79032,"Winchmore",1949,NA,0,"Canterbury",1010,10.8,8.9,8.4
"18105","20190524:0000",-43.78935,171.79032,"Winchmore",1949,NA,0,"Canterbury",1010,10.8,7.35,9.1
"18106","20190525:0000",-43.78935,171.79032,"Winchmore",1949,NA,0,"Canterbury",1010,15.5,8.5,8.6
"18107","20190526:0000",-43.78935,171.79032,"Winchmore",1949,NA,0,"Canterbury",1010,17.3,12.55,6.1
"18108","20190527:0000",-43.78935,171.79032,"Winchmore",1949,NA,0,"Canterbury",1010,32,13.45,0.1
"18109","20190528:0000",-43.78935,171.79032,"Winchmore",1949,NA,0,"Canterbury",1010,18,11.75,0.4
"18110","20190529:0000",-43.78935,171.79032,"Winchmore",1949,NA,0,"Canterbury",1010,16.9,11.7,8.3
"18111","20190530:0000",-43.78935,171.79032,"Winchmore",1949,NA,0,"Canterbury",1010,49,13.15,2.4
"18112","20190531:0000",-43.78935,171.79032,"Winchmore",1949,NA,0,"Canterbury",1010,6.8,6.7,3.9
"18113","20190601:0000",-43.78935,171.79032,"Winchmore",1949,NA,0,"Canterbury",1010,40.3,4.1,0
"18114","20190602:0000",-43.78935,171.79032,"Winchmore",1949,NA,0,"Canterbury",1010,18.4,5.3,5.7
"18115","20190603:0000",-43.78935,171.79032,"Winchmore",1949,NA,0,"Canterbury",1010,15.5,5.45,8.7
"18116","20190604:0000",-43.78935,171.79032,"Winchmore",1949,NA,0,"Canterbury",1010,7.6,4.55,0.3
"18117","20190605:0000",-43.78935,171.79032,"Winchmore",1949,NA,0,"Canterbury",1010,13.7,3.35,7.2
"18118","20190606:0000",-43.78935,171.79032,"Winchmore",1949,NA,0,"Canterbury",1010,19.1,5.5,5
"18119","20190607:0000",-43.78935,171.79032,"Winchmore",1949,NA,0,"Canterbury",1010,8.6,6.15,4.3
"18120","20190608:0000",-43.78935,171.79032,"Winchmore",1949,NA,0,"Canterbury",1010,23.4,7.35,7.2
"18121","20190609:0000",-43.78935,171.79032,"Winchmore",1949,NA,0,"Canterbury",1010,10.4,5.8,5.5
"18122","20190610:0000",-43.78935,171.79032,"Winchmore",1949,NA,0,"Canterbury",1010,11.5,7.3,6.6
"18123","20190611:0000",-43.78935,171.79032,"Winchmore",1949,NA,0,"Canterbury",1010,9.4,9.7,0
"18124","20190612:0000",-43.78935,171.79032,"Winchmore",1949,NA,0,"Canterbury",1010,13,8.15,0
"18125","20190613:0000",-43.78935,171.79032,"Winchmore",1949,NA,0,"Canterbury",1010,7.9,10.15,5.4
"18126","20190614:0000",-43.78935,171.79032,"Winchmore",1949,NA,0,"Canterbury",1010,6.5,8.45,2.7
"18127","20190615:0000",-43.78935,171.79032,"Winchmore",1949,NA,0,"Canterbury",1010,18,7.7,0.3
"18128","20190616:0000",-43.78935,171.79032,"Winchmore",1949,NA,0,"Canterbury",1010,9.4,4.85,2.9
"18129","20190617:0000",-43.78935,171.79032,"Winchmore",1949,NA,0,"Canterbury",1010,7.9,4.25,4.4
"18130","20190618:0000",-43.78935,171.79032,"Winchmore",1949,NA,0,"Canterbury",1010,12.6,3.75,6.4
"18131","20190619:0000",-43.78935,171.79032,"Winchmore",1949,NA,0,"Canterbury",1010,8.6,3.4,8.5
"18132","20190620:0000",-43.78935,171.79032,"Winchmore",1949,NA,0,"Canterbury",1010,14.4,2.9,3
"18133","20190621:0000",-43.78935,171.79032,"Winchmore",1949,NA,0,"Canterbury",1010,13.3,6.6,8.5
"18134","20190622:0000",-43.78935,171.79032,"Winchmore",1949,NA,0,"Canterbury",1010,8.6,5.2,3.7
"18135","20190623:0000",-43.78935,171.79032,"Winchmore",1949,NA,0,"Canterbury",1010,7.2,3.85,6.1
"18136","20190624:0000",-43.78935,171.79032,"Winchmore",1949,NA,0,"Canterbury",1010,16.2,5.65,8.5
"18137","20190625:0000",-43.78935,171.79032,"Winchmore",1949,NA,0,"Canterbury",1010,9.7,5.7,8.5
"18138","20190626:0000",-43.78935,171.79032,"Winchmore",1949,NA,0,"Canterbury",1010,10.4,4,8.4
"18139","20190627:0000",-43.78935,171.79032,"Winchmore",1949,NA,0,"Canterbury",1010,14.8,5.05,8.5
"18140","20190628:0000",-43.78935,171.79032,"Winchmore",1949,NA,0,"Canterbury",1010,13.3,5.1,7.8
"18141","20190629:0000",-43.78935,171.79032,"Winchmore",1949,NA,0,"Canterbury",1010,15.5,6.8,8
"18142","20190630:0000",-43.78935,171.79032,"Winchmore",1949,NA,0,"Canterbury",1010,12.6,6.55,6.9
"18143","20190701:0000",-43.78935,171.79032,"Winchmore",1949,NA,0,"Canterbury",1010,13.3,9,1.8
"18144","20190702:0000",-43.78935,171.79032,"Winchmore",1949,NA,0,"Canterbury",1010,12.6,9.85,3
"18145","20190703:0000",-43.78935,171.79032,"Winchmore",1949,NA,0,"Canterbury",1010,29.5,14.2,4.9
"18146","20190704:0000",-43.78935,171.79032,"Winchmore",1949,NA,0,"Canterbury",1010,5.4,6.35,5.7
"18147","20190705:0000",-43.78935,171.79032,"Winchmore",1949,NA,0,"Canterbury",1010,15.8,5,5.6
"18148","20190706:0000",-43.78935,171.79032,"Winchmore",1949,NA,0,"Canterbury",1010,14.4,6.15,2.8
"18149","20190707:0000",-43.78935,171.79032,"Winchmore",1949,NA,0,"Canterbury",1010,10.8,7.45,7.8
"18150","20190708:0000",-43.78935,171.79032,"Winchmore",1949,NA,0,"Canterbury",1010,9.4,5.25,7
"18151","20190709:0000",-43.78935,171.79032,"Winchmore",1949,NA,0,"Canterbury",1010,9,8.55,6.8
"18152","20190710:0000",-43.78935,171.79032,"Winchmore",1949,NA,0,"Canterbury",1010,6.5,6.7,2.1
"18153","20190711:0000",-43.78935,171.79032,"Winchmore",1949,NA,0,"Canterbury",1010,14,7.85,5.9
"18154","20190712:0000",-43.78935,171.79032,"Winchmore",1949,NA,0,"Canterbury",1010,15.8,7.85,3
"18155","20190713:0000",-43.78935,171.79032,"Winchmore",1949,NA,0,"Canterbury",1010,17.6,9.05,5.9
"18156","20190714:0000",-43.78935,171.79032,"Winchmore",1949,NA,0,"Canterbury",1010,19.8,11.8,3.4
"18157","20190715:0000",-43.78935,171.79032,"Winchmore",1949,NA,0,"Canterbury",1010,11.5,6.25,4.9
"18158","20190716:0000",-43.78935,171.79032,"Winchmore",1949,NA,0,"Canterbury",1010,6.8,5.9,4.1
"18159","20190717:0000",-43.78935,171.79032,"Winchmore",1949,NA,0,"Canterbury",1010,9,3.65,0.5
"18160","20190718:0000",-43.78935,171.79032,"Winchmore",1949,NA,0,"Canterbury",1010,5.4,6.1,5.6
"18161","20190719:0000",-43.78935,171.79032,"Winchmore",1949,NA,0,"Canterbury",1010,5.8,5.3,0
"18162","20190720:0000",-43.78935,171.79032,"Winchmore",1949,NA,0,"Canterbury",1010,17.3,7.35,0
"18163","20190721:0000",-43.78935,171.79032,"Winchmore",1949,NA,0,"Canterbury",1010,22.3,8.1,0
"18164","20190722:0000",-43.78935,171.79032,"Winchmore",1949,NA,0,"Canterbury",1010,7.9,6.1,6.5
"18165","20190723:0000",-43.78935,171.79032,"Winchmore",1949,NA,0,"Canterbury",1010,6.1,6.7,0.3
"18166","20190724:0000",-43.78935,171.79032,"Winchmore",1949,NA,0,"Canterbury",1010,2.9,8.45,1.4
"18167","20190725:0000",-43.78935,171.79032,"Winchmore",1949,NA,0,"Canterbury",1010,8.3,6.8,4.8
"18168","20190726:0000",-43.78935,171.79032,"Winchmore",1949,NA,0,"Canterbury",1010,15.1,7.05,9.2
"18169","20190727:0000",-43.78935,171.79032,"Winchmore",1949,NA,0,"Canterbury",1010,8.6,8.8,7.8
"18170","20190728:0000",-43.78935,171.79032,"Winchmore",1949,NA,0,"Canterbury",1010,8.3,9.1,1.6
"18171","20190729:0000",-43.78935,171.79032,"Winchmore",1949,NA,0,"Canterbury",1010,13.7,9.45,3.8
"18172","20190730:0000",-43.78935,171.79032,"Winchmore",1949,NA,0,"Canterbury",1010,8.3,10.1,1.8
"18173","20190731:0000",-43.78935,171.79032,"Winchmore",1949,NA,0,"Canterbury",1010,32.4,6.5,3.1
"18174","20190801:0000",-43.78935,171.79032,"Winchmore",1949,NA,0,"Canterbury",1010,11.2,5.55,5.4
"18175","20190802:0000",-43.78935,171.79032,"Winchmore",1949,NA,0,"Canterbury",1010,28.8,5.25,2.8
"18176","20190803:0000",-43.78935,171.79032,"Winchmore",1949,NA,0,"Canterbury",1010,11.2,7.15,8.6
"18177","20190804:0000",-43.78935,171.79032,"Winchmore",1949,NA,0,"Canterbury",1010,13.3,4.1,4.2
"18178","20190805:0000",-43.78935,171.79032,"Winchmore",1949,NA,0,"Canterbury",1010,13.3,3.5,7.9
"18179","20190806:0000",-43.78935,171.79032,"Winchmore",1949,NA,0,"Canterbury",1010,9.7,6.4,9.6
"18180","20190807:0000",-43.78935,171.79032,"Winchmore",1949,NA,0,"Canterbury",1010,9.7,7.5,9.5
"18181","20190808:0000",-43.78935,171.79032,"Winchmore",1949,NA,0,"Canterbury",1010,12.6,8.45,8.8
"18182","20190809:0000",-43.78935,171.79032,"Winchmore",1949,NA,0,"Canterbury",1010,8.6,7.75,6.9
"18183","20190810:0000",-43.78935,171.79032,"Winchmore",1949,NA,0,"Canterbury",1010,13,4.9,0
"18184","20190811:0000",-43.78935,171.79032,"Winchmore",1949,NA,0,"Canterbury",1010,23.4,5.2,3
"18185","20190812:0000",-43.78935,171.79032,"Winchmore",1949,NA,0,"Canterbury",1010,4.3,5.2,8.6
"18186","20190813:0000",-43.78935,171.79032,"Winchmore",1949,NA,0,"Canterbury",1010,16.9,6.55,8.5
"18187","20190814:0000",-43.78935,171.79032,"Winchmore",1949,NA,0,"Canterbury",1010,7.9,4.35,8.9
"18188","20190815:0000",-43.78935,171.79032,"Winchmore",1949,NA,0,"Canterbury",1010,9.7,6.1,9.7
"18189","20190816:0000",-43.78935,171.79032,"Winchmore",1949,NA,0,"Canterbury",1010,13.3,8,3
"18190","20190817:0000",-43.78935,171.79032,"Winchmore",1949,NA,0,"Canterbury",1010,18.7,5.55,0.9
"18191","20190818:0000",-43.78935,171.79032,"Winchmore",1949,NA,0,"Canterbury",1010,14.8,4.3,10
"18192","20190819:0000",-43.78935,171.79032,"Winchmore",1949,NA,0,"Canterbury",1010,10.1,4.5,10.1
"18193","20190820:0000",-43.78935,171.79032,"Winchmore",1949,NA,0,"Canterbury",1010,28.4,7.9,0.5
"18194","20190821:0000",-43.78935,171.79032,"Winchmore",1949,NA,0,"Canterbury",1010,4.7,9.25,6.6
"18195","20190822:0000",-43.78935,171.79032,"Winchmore",1949,NA,0,"Canterbury",1010,9,8.05,6.1
"18196","20190823:0000",-43.78935,171.79032,"Winchmore",1949,NA,0,"Canterbury",1010,12.6,7.5,6.9
"18197","20190824:0000",-43.78935,171.79032,"Winchmore",1949,NA,0,"Canterbury",1010,5.8,7.35,10.4
"18198","20190825:0000",-43.78935,171.79032,"Winchmore",1949,NA,0,"Canterbury",1010,9.4,8.45,1
"18199","20190826:0000",-43.78935,171.79032,"Winchmore",1949,NA,0,"Canterbury",1010,14,7.25,2.7
"18200","20190827:0000",-43.78935,171.79032,"Winchmore",1949,NA,0,"Canterbury",1010,13,6.2,9.2
"18201","20190828:0000",-43.78935,171.79032,"Winchmore",1949,NA,0,"Canterbury",1010,10.1,9.1,10.6
"18202","20190829:0000",-43.78935,171.79032,"Winchmore",1949,NA,0,"Canterbury",1010,15.8,9,4.6
"18203","20190830:0000",-43.78935,171.79032,"Winchmore",1949,NA,0,"Canterbury",1010,15.5,8,10.7
"18204","20190831:0000",-43.78935,171.79032,"Winchmore",1949,NA,0,"Canterbury",1010,14.4,9.75,9.2
"18205","20190901:0000",-43.78935,171.79032,"Winchmore",1949,NA,0,"Canterbury",1010,6.5,12.3,10.8
"18206","20190902:0000",-43.78935,171.79032,"Winchmore",1949,NA,0,"Canterbury",1010,11.9,8,10.8
"18207","20190903:0000",-43.78935,171.79032,"Winchmore",1949,NA,0,"Canterbury",1010,8.3,6.45,10.7
"18208","20190904:0000",-43.78935,171.79032,"Winchmore",1949,NA,0,"Canterbury",1010,4.7,6.4,0
"18209","20190905:0000",-43.78935,171.79032,"Winchmore",1949,NA,0,"Canterbury",1010,6.5,8.15,0
"18210","20190906:0000",-43.78935,171.79032,"Winchmore",1949,NA,0,"Canterbury",1010,17.3,7.5,0
"18211","20190907:0000",-43.78935,171.79032,"Winchmore",1949,NA,0,"Canterbury",1010,8.6,5.1,10.9
"18212","20190908:0000",-43.78935,171.79032,"Winchmore",1949,NA,0,"Canterbury",1010,11.5,2.1,0
"18213","20190909:0000",-43.78935,171.79032,"Winchmore",1949,NA,0,"Canterbury",1010,6.5,3.9,3.5
"18214","20190910:0000",-43.78935,171.79032,"Winchmore",1949,NA,0,"Canterbury",1010,6.8,4.45,11.2
"18215","20190911:0000",-43.78935,171.79032,"Winchmore",1949,NA,0,"Canterbury",1010,8.3,5.65,6.8
"18216","20190912:0000",-43.78935,171.79032,"Winchmore",1949,NA,0,"Canterbury",1010,23.4,8.6,1.8
"18217","20190913:0000",-43.78935,171.79032,"Winchmore",1949,NA,0,"Canterbury",1010,24.5,10.6,2.2
"18218","20190914:0000",-43.78935,171.79032,"Winchmore",1949,NA,0,"Canterbury",1010,13.7,6.9,0
"18219","20190915:0000",-43.78935,171.79032,"Winchmore",1949,NA,0,"Canterbury",1010,10.4,9.75,8.3
"18220","20190916:0000",-43.78935,171.79032,"Winchmore",1949,NA,0,"Canterbury",1010,8.3,12.15,8.3
"18221","20190917:0000",-43.78935,171.79032,"Winchmore",1949,NA,0,"Canterbury",1010,21.2,11.2,9.4
"18222","20190918:0000",-43.78935,171.79032,"Winchmore",1949,NA,0,"Canterbury",1010,8.3,6.65,11.4
"18223","20190919:0000",-43.78935,171.79032,"Winchmore",1949,NA,0,"Canterbury",1010,9.4,8.3,11
"18224","20190920:0000",-43.78935,171.79032,"Winchmore",1949,NA,0,"Canterbury",1010,6.8,7.95,7.2
"18225","20190921:0000",-43.78935,171.79032,"Winchmore",1949,NA,0,"Canterbury",1010,11.5,8.75,11.6
"18226","20190922:0000",-43.78935,171.79032,"Winchmore",1949,NA,0,"Canterbury",1010,10.4,10.75,8.3
"18227","20190923:0000",-43.78935,171.79032,"Winchmore",1949,NA,0,"Canterbury",1010,45,12,7.3
"18228","20190924:0000",-43.78935,171.79032,"Winchmore",1949,NA,0,"Canterbury",1010,4.7,8.25,7
"18229","20190925:0000",-43.78935,171.79032,"Winchmore",1949,NA,0,"Canterbury",1010,11.9,6.95,5
"18230","20190926:0000",-43.78935,171.79032,"Winchmore",1949,NA,0,"Canterbury",1010,14.4,7.5,10.9
"18231","20190927:0000",-43.78935,171.79032,"Winchmore",1949,NA,0,"Canterbury",1010,6.5,9.7,9.6
"18232","20190928:0000",-43.78935,171.79032,"Winchmore",1949,NA,0,"Canterbury",1010,17.6,11.2,2.9
"18233","20190929:0000",-43.78935,171.79032,"Winchmore",1949,NA,0,"Canterbury",1010,16.9,15.7,11.4
"18234","20190930:0000",-43.78935,171.79032,"Winchmore",1949,NA,0,"Canterbury",1010,10.4,11.45,0
"18235","20191001:0000",-43.78935,171.79032,"Winchmore",1949,NA,0,"Canterbury",1010,13.3,6.15,8.9
"18236","20191002:0000",-43.78935,171.79032,"Winchmore",1949,NA,0,"Canterbury",1010,38.2,5.5,4.9
"18237","20191003:0000",-43.78935,171.79032,"Winchmore",1949,NA,0,"Canterbury",1010,9.7,5.2,10.7
"18238","20191004:0000",-43.78935,171.79032,"Winchmore",1949,NA,0,"Canterbury",1010,13.3,9.15,10.9
"18239","20191005:0000",-43.78935,171.79032,"Winchmore",1949,NA,0,"Canterbury",1010,11.9,7.7,2.2
"18240","20191006:0000",-43.78935,171.79032,"Winchmore",1949,NA,0,"Canterbury",1010,8.3,6.65,11.9
"18241","20191007:0000",-43.78935,171.79032,"Winchmore",1949,NA,0,"Canterbury",1010,7.9,11.75,11
"18242","20191008:0000",-43.78935,171.79032,"Winchmore",1949,NA,0,"Canterbury",1010,18,13.55,0.6
"18243","20191009:0000",-43.78935,171.79032,"Winchmore",1949,NA,0,"Canterbury",1010,8.6,12.85,8.2
"18244","20191010:0000",-43.78935,171.79032,"Winchmore",1949,NA,0,"Canterbury",1010,13.3,11.2,0.6
"18245","20191011:0000",-43.78935,171.79032,"Winchmore",1949,NA,0,"Canterbury",1010,5.4,9.5,0
"18246","20191012:0000",-43.78935,171.79032,"Winchmore",1949,NA,0,"Canterbury",1010,12.6,8.85,2.3
"18247","20191013:0000",-43.78935,171.79032,"Winchmore",1949,NA,0,"Canterbury",1010,7.9,7.5,4.5
"18248","20191014:0000",-43.78935,171.79032,"Winchmore",1949,NA,0,"Canterbury",1010,11.5,10.1,1.5
"18249","20191015:0000",-43.78935,171.79032,"Winchmore",1949,NA,0,"Canterbury",1010,6.5,9.7,5.4
"18250","20191016:0000",-43.78935,171.79032,"Winchmore",1949,NA,0,"Canterbury",1010,4.7,10.2,9.3
"18251","20191017:0000",-43.78935,171.79032,"Winchmore",1949,NA,0,"Canterbury",1010,4.3,9.85,6.3
"18252","20191018:0000",-43.78935,171.79032,"Winchmore",1949,NA,0,"Canterbury",1010,4.7,7.75,0
"18253","20191019:0000",-43.78935,171.79032,"Winchmore",1949,NA,0,"Canterbury",1010,5,10.2,10.9
"18254","20191020:0000",-43.78935,171.79032,"Winchmore",1949,NA,0,"Canterbury",1010,7.6,13,11
"18255","20191021:0000",-43.78935,171.79032,"Winchmore",1949,NA,0,"Canterbury",1010,38.2,11.6,1.8
"18256","20191022:0000",-43.78935,171.79032,"Winchmore",1949,NA,0,"Canterbury",1010,8.6,7.1,2.7
"18257","20191023:0000",-43.78935,171.79032,"Winchmore",1949,NA,0,"Canterbury",1010,18.4,7.15,10.4
"18258","20191024:0000",-43.78935,171.79032,"Winchmore",1949,NA,0,"Canterbury",1010,15.1,9,4.5
"18259","20191025:0000",-43.78935,171.79032,"Winchmore",1949,NA,0,"Canterbury",1010,7.6,6.15,9.6
"18260","20191026:0000",-43.78935,171.79032,"Winchmore",1949,NA,0,"Canterbury",1010,20.5,13.7,12.8
"18261","20191027:0000",-43.78935,171.79032,"Winchmore",1949,NA,0,"Canterbury",1010,31.7,16.5,5.3
"18262","20191028:0000",-43.78935,171.79032,"Winchmore",1949,NA,0,"Canterbury",1010,4.7,12.25,11.3
"18263","20191029:0000",-43.78935,171.79032,"Winchmore",1949,NA,0,"Canterbury",1010,9,9.8,7.7
"18264","20191030:0000",-43.78935,171.79032,"Winchmore",1949,NA,0,"Canterbury",1010,12.6,12.05,6.6
"18265","20191031:0000",-43.78935,171.79032,"Winchmore",1949,NA,0,"Canterbury",1010,11.2,8.7,7.1
"18266","20191101:0000",-43.78935,171.79032,"Winchmore",1949,NA,0,"Canterbury",1010,5.8,9.35,12.5
"18267","20191102:0000",-43.78935,171.79032,"Winchmore",1949,NA,0,"Canterbury",1010,18.7,18.7,12.7
"18268","20191103:0000",-43.78935,171.79032,"Winchmore",1949,NA,0,"Canterbury",1010,8.6,21.55,13.5
"18269","20191104:0000",-43.78935,171.79032,"Winchmore",1949,NA,0,"Canterbury",1010,2.5,18.9,13.3
"18270","20191105:0000",-43.78935,171.79032,"Winchmore",1949,NA,0,"Canterbury",1010,2.9,13.15,1
"18271","20191106:0000",-43.78935,171.79032,"Winchmore",1949,NA,0,"Canterbury",1010,11.5,11.4,0
"18272","20191107:0000",-43.78935,171.79032,"Winchmore",1949,NA,0,"Canterbury",1010,7.2,17.3,7.2
"18273","20191108:0000",-43.78935,171.79032,"Winchmore",1949,NA,0,"Canterbury",1010,29.9,19.75,12.3
"18274","20191109:0000",-43.78935,171.79032,"Winchmore",1949,NA,0,"Canterbury",1010,32,21.55,5
"18275","20191110:0000",-43.78935,171.79032,"Winchmore",1949,NA,0,"Canterbury",1010,29.2,12.9,0.7
"18276","20191111:0000",-43.78935,171.79032,"Winchmore",1949,NA,0,"Canterbury",1010,26.6,9.3,0.8
"18277","20191112:0000",-43.78935,171.79032,"Winchmore",1949,NA,0,"Canterbury",1010,4,10.45,11.1
"18278","20191113:0000",-43.78935,171.79032,"Winchmore",1949,NA,0,"Canterbury",1010,13.7,12.95,3.7
"18279","20191114:0000",-43.78935,171.79032,"Winchmore",1949,NA,0,"Canterbury",1010,12.6,12.9,6.1
"18280","20191115:0000",-43.78935,171.79032,"Winchmore",1949,NA,0,"Canterbury",1010,3.6,12.05,11.5
"18281","20191116:0000",-43.78935,171.79032,"Winchmore",1949,NA,0,"Canterbury",1010,7.9,14.45,11.8
"18282","20191117:0000",-43.78935,171.79032,"Winchmore",1949,NA,0,"Canterbury",1010,20.2,12.2,13
"18283","20191118:0000",-43.78935,171.79032,"Winchmore",1949,NA,0,"Canterbury",1010,9.7,10.8,7
"18284","20191119:0000",-43.78935,171.79032,"Winchmore",1949,NA,0,"Canterbury",1010,18.4,11.45,4.3
"18285","20191120:0000",-43.78935,171.79032,"Winchmore",1949,NA,0,"Canterbury",1010,12.2,10.55,6.7
"18286","20191121:0000",-43.78935,171.79032,"Winchmore",1949,NA,0,"Canterbury",1010,18.4,12.1,10.6
"18287","20191122:0000",-43.78935,171.79032,"Winchmore",1949,NA,0,"Canterbury",1010,7.6,16.8,3.9
"18288","20191123:0000",-43.78935,171.79032,"Winchmore",1949,NA,0,"Canterbury",1010,9.4,15.7,0
"18289","20191124:0000",-43.78935,171.79032,"Winchmore",1949,NA,0,"Canterbury",1010,26.6,19.45,8.1
"18290","20191125:0000",-43.78935,171.79032,"Winchmore",1949,NA,0,"Canterbury",1010,13,13.1,14.3
"18291","20191126:0000",-43.78935,171.79032,"Winchmore",1949,NA,0,"Canterbury",1010,19.1,18.45,4.6
"18292","20191127:0000",-43.78935,171.79032,"Winchmore",1949,NA,0,"Canterbury",1010,45.7,19,2.1
"18293","20191128:0000",-43.78935,171.79032,"Winchmore",1949,NA,0,"Canterbury",1010,38.2,22.75,12.4
"18294","20191129:0000",-43.78935,171.79032,"Winchmore",1949,NA,0,"Canterbury",1010,6.8,12.9,0
"18295","20191130:0000",-43.78935,171.79032,"Winchmore",1949,NA,0,"Canterbury",1010,10.8,15.95,7.7
"18296","20191201:0000",-43.78935,171.79032,"Winchmore",1949,NA,0,"Canterbury",1010,39.6,17.7,4.5
"18297","20191202:0000",-43.78935,171.79032,"Winchmore",1949,NA,0,"Canterbury",1010,10.1,15.3,5.6
"18298","20191203:0000",-43.78935,171.79032,"Winchmore",1949,NA,0,"Canterbury",1010,29.5,19.1,13.3
"18299","20191204:0000",-43.78935,171.79032,"Winchmore",1949,NA,0,"Canterbury",1010,36.7,16.8,11.3
"18300","20191205:0000",-43.78935,171.79032,"Winchmore",1949,NA,0,"Canterbury",1010,21.6,14.1,14.2
"18301","20191206:0000",-43.78935,171.79032,"Winchmore",1949,NA,0,"Canterbury",1010,30.2,16.4,8.1
"18302","20191207:0000",-43.78935,171.79032,"Winchmore",1949,NA,0,"Canterbury",1010,9.7,17.7,9.4
"18303","20191208:0000",-43.78935,171.79032,"Winchmore",1949,NA,0,"Canterbury",1010,19.8,16.65,8.4
"18304","20191209:0000",-43.78935,171.79032,"Winchmore",1949,NA,0,"Canterbury",1010,11.5,11.9,13.5
"18305","20191210:0000",-43.78935,171.79032,"Winchmore",1949,NA,0,"Canterbury",1010,7.9,14.1,12.5
"18306","20191211:0000",-43.78935,171.79032,"Winchmore",1949,NA,0,"Canterbury",1010,7.6,16.45,9.9
"18307","20191212:0000",-43.78935,171.79032,"Winchmore",1949,NA,0,"Canterbury",1010,4.7,17,8.4
"18308","20191213:0000",-43.78935,171.79032,"Winchmore",1949,NA,0,"Canterbury",1010,23.8,17.75,7.1
"18309","20191214:0000",-43.78935,171.79032,"Winchmore",1949,NA,0,"Canterbury",1010,13,15.3,7.1
"18310","20191215:0000",-43.78935,171.79032,"Winchmore",1949,NA,0,"Canterbury",1010,20.9,15.25,7.2
"18311","20191216:0000",-43.78935,171.79032,"Winchmore",1949,NA,0,"Canterbury",1010,5.8,12.65,0.2
"18312","20191217:0000",-43.78935,171.79032,"Winchmore",1949,NA,0,"Canterbury",1010,24.5,11.95,0.1
"18313","20191218:0000",-43.78935,171.79032,"Winchmore",1949,NA,0,"Canterbury",1010,27.4,11.4,8.9
"18314","20191219:0000",-43.78935,171.79032,"Winchmore",1949,NA,0,"Canterbury",1010,6.5,12.3,5.6
"18315","20191220:0000",-43.78935,171.79032,"Winchmore",1949,NA,0,"Canterbury",1010,25.2,12.45,3
"18316","20191221:0000",-43.78935,171.79032,"Winchmore",1949,NA,0,"Canterbury",1010,5,11.05,13.4
"18317","20191222:0000",-43.78935,171.79032,"Winchmore",1949,NA,0,"Canterbury",1010,19.8,17.25,8.2
"18318","20191223:0000",-43.78935,171.79032,"Winchmore",1949,NA,0,"Canterbury",1010,1.8,14.1,7.4
"18319","20191224:0000",-43.78935,171.79032,"Winchmore",1949,NA,0,"Canterbury",1010,14.4,12.95,8.5
"18320","20191225:0000",-43.78935,171.79032,"Winchmore",1949,NA,0,"Canterbury",1010,11.5,13.95,2.7
"18321","20191226:0000",-43.78935,171.79032,"Winchmore",1949,NA,0,"Canterbury",1010,15.8,15.15,9
"18322","20191227:0000",-43.78935,171.79032,"Winchmore",1949,NA,0,"Canterbury",1010,5.8,14.85,10.4
"18323","20191228:0000",-43.78935,171.79032,"Winchmore",1949,NA,0,"Canterbury",1010,9,12.45,11.8
"18324","20191229:0000",-43.78935,171.79032,"Winchmore",1949,NA,0,"Canterbury",1010,15.8,16.2,13.1
"18325","20191230:0000",-43.78935,171.79032,"Winchmore",1949,NA,0,"Canterbury",1010,13.3,14.95,2.6
"18326","20191231:0000",-43.78935,171.79032,"Winchmore",1949,NA,0,"Canterbury",1010,14.8,16.65,9.3
"18327","20200101:0000",-43.78935,171.79032,"Winchmore",1949,NA,0,"Canterbury",1010,16.6,19.1,0
"18328","20200102:0000",-43.78935,171.79032,"Winchmore",1949,NA,0,"Canterbury",1010,12.6,18.25,5
"18329","20200103:0000",-43.78935,171.79032,"Winchmore",1949,NA,0,"Canterbury",1010,3.6,13.3,0.6
"18330","20200104:0000",-43.78935,171.79032,"Winchmore",1949,NA,0,"Canterbury",1010,6.8,12.15,13.3
"18331","20200105:0000",-43.78935,171.79032,"Winchmore",1949,NA,0,"Canterbury",1010,27,17.25,8.4
"18332","20200106:0000",-43.78935,171.79032,"Winchmore",1949,NA,0,"Canterbury",1010,8.6,13.9,7.2
"18333","20200107:0000",-43.78935,171.79032,"Winchmore",1949,NA,0,"Canterbury",1010,21.6,12.05,4.7
"18334","20200108:0000",-43.78935,171.79032,"Winchmore",1949,NA,0,"Canterbury",1010,6.8,12.95,4.5
"18335","20200109:0000",-43.78935,171.79032,"Winchmore",1949,NA,0,"Canterbury",1010,13,13.65,7
"18336","20200110:0000",-43.78935,171.79032,"Winchmore",1949,NA,0,"Canterbury",1010,1.1,14.4,7.1
"18337","20200111:0000",-43.78935,171.79032,"Winchmore",1949,NA,0,"Canterbury",1010,18.4,17.7,2.3
"18338","20200112:0000",-43.78935,171.79032,"Winchmore",1949,NA,0,"Canterbury",1010,5,21,10.8
"18339","20200113:0000",-43.78935,171.79032,"Winchmore",1949,NA,0,"Canterbury",1010,8.6,12.85,5.3
"18340","20200114:0000",-43.78935,171.79032,"Winchmore",1949,NA,0,"Canterbury",1010,7.2,12,13
"18341","20200115:0000",-43.78935,171.79032,"Winchmore",1949,NA,0,"Canterbury",1010,12.6,11.95,12
"18342","20200116:0000",-43.78935,171.79032,"Winchmore",1949,NA,0,"Canterbury",1010,14.8,12.1,14.4
"18343","20200117:0000",-43.78935,171.79032,"Winchmore",1949,NA,0,"Canterbury",1010,23.8,15.2,14.4
"18344","20200118:0000",-43.78935,171.79032,"Winchmore",1949,NA,0,"Canterbury",1010,25.2,15.75,13.4
"18345","20200119:0000",-43.78935,171.79032,"Winchmore",1949,NA,0,"Canterbury",1010,13.3,16.65,11.1
"18346","20200120:0000",-43.78935,171.79032,"Winchmore",1949,NA,0,"Canterbury",1010,2.2,17.1,9.4
"18347","20200121:0000",-43.78935,171.79032,"Winchmore",1949,NA,0,"Canterbury",1010,5.4,17.55,3.5
"18348","20200122:0000",-43.78935,171.79032,"Winchmore",1949,NA,0,"Canterbury",1010,9.4,20,8.3
"18349","20200123:0000",-43.78935,171.79032,"Winchmore",1949,NA,0,"Canterbury",1010,6.1,17.65,4
"18350","20200124:0000",-43.78935,171.79032,"Winchmore",1949,NA,0,"Canterbury",1010,12.6,19.3,12.9
"18351","20200125:0000",-43.78935,171.79032,"Winchmore",1949,NA,0,"Canterbury",1010,10.1,22.6,3.2
"18352","20200126:0000",-43.78935,171.79032,"Winchmore",1949,NA,0,"Canterbury",1010,3.6,18.9,12.1
"18353","20200127:0000",-43.78935,171.79032,"Winchmore",1949,NA,0,"Canterbury",1010,4,18.85,0
"18354","20200128:0000",-43.78935,171.79032,"Winchmore",1949,NA,0,"Canterbury",1010,7.6,18.05,0.6
"18355","20200129:0000",-43.78935,171.79032,"Winchmore",1949,NA,0,"Canterbury",1010,6.8,20.6,3.3
"18356","20200130:0000",-43.78935,171.79032,"Winchmore",1949,NA,0,"Canterbury",1010,11.9,18.45,11.7
"18357","20200131:0000",-43.78935,171.79032,"Winchmore",1949,NA,0,"Canterbury",1010,13.3,16.35,8.6
"18358","20200201:0000",-43.78935,171.79032,"Winchmore",1949,NA,0,"Canterbury",1010,11.9,16.7,3.6
"18359","20200202:0000",-43.78935,171.79032,"Winchmore",1949,NA,0,"Canterbury",1010,37.1,24.5,11.7
"18360","20200203:0000",-43.78935,171.79032,"Winchmore",1949,NA,0,"Canterbury",1010,38.2,22.9,11.8
"18361","20200204:0000",-43.78935,171.79032,"Winchmore",1949,NA,0,"Canterbury",1010,14.4,16.2,0.1
"18362","20200205:0000",-43.78935,171.79032,"Winchmore",1949,NA,0,"Canterbury",1010,9.4,12.2,5.6
"18363","20200206:0000",-43.78935,171.79032,"Winchmore",1949,NA,0,"Canterbury",1010,10.8,13.25,5.1
"18364","20200207:0000",-43.78935,171.79032,"Winchmore",1949,NA,0,"Canterbury",1010,3.6,13.1,9.9
"18365","20200208:0000",-43.78935,171.79032,"Winchmore",1949,NA,0,"Canterbury",1010,10.1,10.85,1.5
"18366","20200209:0000",-43.78935,171.79032,"Winchmore",1949,NA,0,"Canterbury",1010,8.3,12.35,13.4
"18367","20200210:0000",-43.78935,171.79032,"Winchmore",1949,NA,0,"Canterbury",1010,9.4,14.5,13.2
"18368","20200211:0000",-43.78935,171.79032,"Winchmore",1949,NA,0,"Canterbury",1010,8.6,14.1,12.6
"18369","20200212:0000",-43.78935,171.79032,"Winchmore",1949,NA,0,"Canterbury",1010,15.8,17.4,11.1
"18370","20200213:0000",-43.78935,171.79032,"Winchmore",1949,NA,0,"Canterbury",1010,5.8,18.7,6.5
"18371","20200214:0000",-43.78935,171.79032,"Winchmore",1949,NA,0,"Canterbury",1010,11.5,12.65,0
"18372","20200215:0000",-43.78935,171.79032,"Winchmore",1949,NA,0,"Canterbury",1010,15.8,16.15,4.6
"18373","20200216:0000",-43.78935,171.79032,"Winchmore",1949,NA,0,"Canterbury",1010,20.5,19.9,5.2
"18374","20200217:0000",-43.78935,171.79032,"Winchmore",1949,NA,0,"Canterbury",1010,16.9,25.25,7.1
"18375","20200218:0000",-43.78935,171.79032,"Winchmore",1949,NA,0,"Canterbury",1010,8.3,19.05,8.2
"18376","20200219:0000",-43.78935,171.79032,"Winchmore",1949,NA,0,"Canterbury",1010,9,16,1.8
"18377","20180101:0000",-43.90328,171.80413,"Elgin",2094,"Ashburton",100003,"Canterbury",1010,1.6,15.55,3.4
"18378","20180102:0000",-43.90328,171.80413,"Elgin",2094,"Ashburton",100003,"Canterbury",1010,2.7,17.5,3.2
"18379","20180103:0000",-43.90328,171.80413,"Elgin",2094,"Ashburton",100003,"Canterbury",1010,5.2,19.2,6.6
"18380","20180104:0000",-43.90328,171.80413,"Elgin",2094,"Ashburton",100003,"Canterbury",1010,13,18.6,2.2
"18381","20180105:0000",-43.90328,171.80413,"Elgin",2094,"Ashburton",100003,"Canterbury",1010,18.9,15.45,0
"18382","20180106:0000",-43.90328,171.80413,"Elgin",2094,"Ashburton",100003,"Canterbury",1010,33.9,14.1,7.1
"18383","20180107:0000",-43.90328,171.80413,"Elgin",2094,"Ashburton",100003,"Canterbury",1010,5.8,13,9.1
"18384","20180108:0000",-43.90328,171.80413,"Elgin",2094,"Ashburton",100003,"Canterbury",1010,17.7,16.5,13.1
"18385","20180109:0000",-43.90328,171.80413,"Elgin",2094,"Ashburton",100003,"Canterbury",1010,8.3,17.1,4.6
"18386","20180110:0000",-43.90328,171.80413,"Elgin",2094,"Ashburton",100003,"Canterbury",1010,13.2,14.45,0
"18387","20180111:0000",-43.90328,171.80413,"Elgin",2094,"Ashburton",100003,"Canterbury",1010,3.7,12.25,0
"18388","20180112:0000",-43.90328,171.80413,"Elgin",2094,"Ashburton",100003,"Canterbury",1010,11.6,13.3,0
"18389","20180113:0000",-43.90328,171.80413,"Elgin",2094,"Ashburton",100003,"Canterbury",1010,20.2,17.65,6.2
"18390","20180114:0000",-43.90328,171.80413,"Elgin",2094,"Ashburton",100003,"Canterbury",1010,6.3,20.5,11.6
"18391","20180115:0000",-43.90328,171.80413,"Elgin",2094,"Ashburton",100003,"Canterbury",1010,16.1,22.15,13.5
"18392","20180116:0000",-43.90328,171.80413,"Elgin",2094,"Ashburton",100003,"Canterbury",1010,17.1,22.7,14.3
"18393","20180117:0000",-43.90328,171.80413,"Elgin",2094,"Ashburton",100003,"Canterbury",1010,8.9,22.95,4.5
"18394","20180118:0000",-43.90328,171.80413,"Elgin",2094,"Ashburton",100003,"Canterbury",1010,13.6,19.5,10
"18395","20180119:0000",-43.90328,171.80413,"Elgin",2094,"Ashburton",100003,"Canterbury",1010,6.5,19.8,8.2
"18396","20180120:0000",-43.90328,171.80413,"Elgin",2094,"Ashburton",100003,"Canterbury",1010,13.3,20.8,12
"18397","20180121:0000",-43.90328,171.80413,"Elgin",2094,"Ashburton",100003,"Canterbury",1010,10.6,17.5,0.4
"18398","20180122:0000",-43.90328,171.80413,"Elgin",2094,"Ashburton",100003,"Canterbury",1010,1.1,18.35,4.8
"18399","20180123:0000",-43.90328,171.80413,"Elgin",2094,"Ashburton",100003,"Canterbury",1010,13.7,23.9,12.7
"18400","20180124:0000",-43.90328,171.80413,"Elgin",2094,"Ashburton",100003,"Canterbury",1010,3.4,21.55,11.5
"18401","20180125:0000",-43.90328,171.80413,"Elgin",2094,"Ashburton",100003,"Canterbury",1010,3.9,23,7.2
"18402","20180126:0000",-43.90328,171.80413,"Elgin",2094,"Ashburton",100003,"Canterbury",1010,4.3,19.3,1.1
"18403","20180127:0000",-43.90328,171.80413,"Elgin",2094,"Ashburton",100003,"Canterbury",1010,17.1,21.7,14
"18404","20180128:0000",-43.90328,171.80413,"Elgin",2094,"Ashburton",100003,"Canterbury",1010,2.8,20.1,10.2
"18405","20180129:0000",-43.90328,171.80413,"Elgin",2094,"Ashburton",100003,"Canterbury",1010,13.6,21.5,10.3
"18406","20180130:0000",-43.90328,171.80413,"Elgin",2094,"Ashburton",100003,"Canterbury",1010,7.6,25.1,11.4
"18407","20180131:0000",-43.90328,171.80413,"Elgin",2094,"Ashburton",100003,"Canterbury",1010,10.4,22.95,7.6
"18408","20180201:0000",-43.90328,171.80413,"Elgin",2094,"Ashburton",100003,"Canterbury",1010,14.7,23.6,5.4
"18409","20180202:0000",-43.90328,171.80413,"Elgin",2094,"Ashburton",100003,"Canterbury",1010,16.5,12.4,2
"18410","20180203:0000",-43.90328,171.80413,"Elgin",2094,"Ashburton",100003,"Canterbury",1010,9.6,12.6,3.4
"18411","20180204:0000",-43.90328,171.80413,"Elgin",2094,"Ashburton",100003,"Canterbury",1010,13.3,16.05,9.8
"18412","20180205:0000",-43.90328,171.80413,"Elgin",2094,"Ashburton",100003,"Canterbury",1010,13.5,19.5,5.9
"18413","20180206:0000",-43.90328,171.80413,"Elgin",2094,"Ashburton",100003,"Canterbury",1010,14.1,10.8,0.1
"18414","20180207:0000",-43.90328,171.80413,"Elgin",2094,"Ashburton",100003,"Canterbury",1010,7.2,14.15,9.6
"18415","20180208:0000",-43.90328,171.80413,"Elgin",2094,"Ashburton",100003,"Canterbury",1010,11.7,15.2,13.7
"18416","20180209:0000",-43.90328,171.80413,"Elgin",2094,"Ashburton",100003,"Canterbury",1010,17.2,17.65,12.7
"18417","20180210:0000",-43.90328,171.80413,"Elgin",2094,"Ashburton",100003,"Canterbury",1010,1.9,15.25,3.2
"18418","20180211:0000",-43.90328,171.80413,"Elgin",2094,"Ashburton",100003,"Canterbury",1010,7.4,17.9,0.3
"18419","20180212:0000",-43.90328,171.80413,"Elgin",2094,"Ashburton",100003,"Canterbury",1010,5.5,21.1,11.3
"18420","20180213:0000",-43.90328,171.80413,"Elgin",2094,"Ashburton",100003,"Canterbury",1010,6.7,19.4,7.5
"18421","20180214:0000",-43.90328,171.80413,"Elgin",2094,"Ashburton",100003,"Canterbury",1010,18.1,15.95,0.2
"18422","20180215:0000",-43.90328,171.80413,"Elgin",2094,"Ashburton",100003,"Canterbury",1010,14,20.8,11.5
"18423","20180216:0000",-43.90328,171.80413,"Elgin",2094,"Ashburton",100003,"Canterbury",1010,4.1,19.75,12.2
"18424","20180217:0000",-43.90328,171.80413,"Elgin",2094,"Ashburton",100003,"Canterbury",1010,10.4,19.35,6.6
"18425","20180218:0000",-43.90328,171.80413,"Elgin",2094,"Ashburton",100003,"Canterbury",1010,9.8,19.05,9.3
"18426","20180219:0000",-43.90328,171.80413,"Elgin",2094,"Ashburton",100003,"Canterbury",1010,11.2,15,2.7
"18427","20180220:0000",-43.90328,171.80413,"Elgin",2094,"Ashburton",100003,"Canterbury",1010,17.2,11.55,0
"18428","20180221:0000",-43.90328,171.80413,"Elgin",2094,"Ashburton",100003,"Canterbury",1010,25.9,11.1,0.5
"18429","20180222:0000",-43.90328,171.80413,"Elgin",2094,"Ashburton",100003,"Canterbury",1010,11.7,12.65,12.7
"18430","20180223:0000",-43.90328,171.80413,"Elgin",2094,"Ashburton",100003,"Canterbury",1010,5.6,12.9,9.4
"18431","20180224:0000",-43.90328,171.80413,"Elgin",2094,"Ashburton",100003,"Canterbury",1010,3.2,14.75,11.4
"18432","20180225:0000",-43.90328,171.80413,"Elgin",2094,"Ashburton",100003,"Canterbury",1010,23.4,16.95,4.4
"18433","20180226:0000",-43.90328,171.80413,"Elgin",2094,"Ashburton",100003,"Canterbury",1010,10.3,13.5,3.5
"18434","20180227:0000",-43.90328,171.80413,"Elgin",2094,"Ashburton",100003,"Canterbury",1010,2.8,13.7,1
"18435","20180228:0000",-43.90328,171.80413,"Elgin",2094,"Ashburton",100003,"Canterbury",1010,5.4,17,6.3
"18436","20180301:0000",-43.90328,171.80413,"Elgin",2094,"Ashburton",100003,"Canterbury",1010,3.1,19.55,5.9
"18437","20180302:0000",-43.90328,171.80413,"Elgin",2094,"Ashburton",100003,"Canterbury",1010,3.4,19.95,5.4
"18438","20180303:0000",-43.90328,171.80413,"Elgin",2094,"Ashburton",100003,"Canterbury",1010,0.9,19.6,10.1
"18439","20180304:0000",-43.90328,171.80413,"Elgin",2094,"Ashburton",100003,"Canterbury",1010,7.4,20.1,11.5
"18440","20180305:0000",-43.90328,171.80413,"Elgin",2094,"Ashburton",100003,"Canterbury",1010,9.7,18.7,3.7
"18441","20180306:0000",-43.90328,171.80413,"Elgin",2094,"Ashburton",100003,"Canterbury",1010,17.6,14.65,0
"18442","20180307:0000",-43.90328,171.80413,"Elgin",2094,"Ashburton",100003,"Canterbury",1010,2.5,12.65,5.5
"18443","20180308:0000",-43.90328,171.80413,"Elgin",2094,"Ashburton",100003,"Canterbury",1010,5,13,11.2
"18444","20180309:0000",-43.90328,171.80413,"Elgin",2094,"Ashburton",100003,"Canterbury",1010,15.2,12.55,0
"18445","20180310:0000",-43.90328,171.80413,"Elgin",2094,"Ashburton",100003,"Canterbury",1010,7.3,12.05,12.3
"18446","20180311:0000",-43.90328,171.80413,"Elgin",2094,"Ashburton",100003,"Canterbury",1010,8,13.3,11.6
"18447","20180312:0000",-43.90328,171.80413,"Elgin",2094,"Ashburton",100003,"Canterbury",1010,10.2,15.85,10.1
"18448","20180313:0000",-43.90328,171.80413,"Elgin",2094,"Ashburton",100003,"Canterbury",1010,6.8,13.5,1.6
"18449","20180314:0000",-43.90328,171.80413,"Elgin",2094,"Ashburton",100003,"Canterbury",1010,6.2,12.95,10.9
"18450","20180315:0000",-43.90328,171.80413,"Elgin",2094,"Ashburton",100003,"Canterbury",1010,11.7,16.5,3.8
"18451","20180316:0000",-43.90328,171.80413,"Elgin",2094,"Ashburton",100003,"Canterbury",1010,17.2,17.25,1.2
"18452","20180317:0000",-43.90328,171.80413,"Elgin",2094,"Ashburton",100003,"Canterbury",1010,5.4,11.7,0
"18453","20180318:0000",-43.90328,171.80413,"Elgin",2094,"Ashburton",100003,"Canterbury",1010,8.5,13.9,11.8
"18454","20180319:0000",-43.90328,171.80413,"Elgin",2094,"Ashburton",100003,"Canterbury",1010,14.4,17.4,3.4
"18455","20180320:0000",-43.90328,171.80413,"Elgin",2094,"Ashburton",100003,"Canterbury",1010,12.2,20.3,11.9
"18456","20180321:0000",-43.90328,171.80413,"Elgin",2094,"Ashburton",100003,"Canterbury",1010,6.6,15.2,1.6
"18457","20180322:0000",-43.90328,171.80413,"Elgin",2094,"Ashburton",100003,"Canterbury",1010,25.9,9,0.2
"18458","20180323:0000",-43.90328,171.80413,"Elgin",2094,"Ashburton",100003,"Canterbury",1010,6.8,9.45,0.3
"18459","20180324:0000",-43.90328,171.80413,"Elgin",2094,"Ashburton",100003,"Canterbury",1010,NA,NA,NA
"18460","20180325:0000",-43.90328,171.80413,"Elgin",2094,"Ashburton",100003,"Canterbury",1010,6.9,13.5,9.6
"18461","20180326:0000",-43.90328,171.80413,"Elgin",2094,"Ashburton",100003,"Canterbury",1010,8.5,17.5,7.4
"18462","20180327:0000",-43.90328,171.80413,"Elgin",2094,"Ashburton",100003,"Canterbury",1010,22.3,18.25,5.6
"18463","20180328:0000",-43.90328,171.80413,"Elgin",2094,"Ashburton",100003,"Canterbury",1010,9.9,14.2,10.1
"18464","20180329:0000",-43.90328,171.80413,"Elgin",2094,"Ashburton",100003,"Canterbury",1010,16.4,14.25,7.1
"18465","20180330:0000",-43.90328,171.80413,"Elgin",2094,"Ashburton",100003,"Canterbury",1010,6.8,13.8,11.3
"18466","20180331:0000",-43.90328,171.80413,"Elgin",2094,"Ashburton",100003,"Canterbury",1010,12.2,17.95,6.9
"18467","20180401:0000",-43.90328,171.80413,"Elgin",2094,"Ashburton",100003,"Canterbury",1010,2.6,9.55,10.3
"18468","20180402:0000",-43.90328,171.80413,"Elgin",2094,"Ashburton",100003,"Canterbury",1010,6.2,13.05,2.5
"18469","20180403:0000",-43.90328,171.80413,"Elgin",2094,"Ashburton",100003,"Canterbury",1010,29.9,18.45,7.8
"18470","20180404:0000",-43.90328,171.80413,"Elgin",2094,"Ashburton",100003,"Canterbury",1010,15.6,14.3,6.2
"18471","20180405:0000",-43.90328,171.80413,"Elgin",2094,"Ashburton",100003,"Canterbury",1010,6.9,14.7,9
"18472","20180406:0000",-43.90328,171.80413,"Elgin",2094,"Ashburton",100003,"Canterbury",1010,17.2,16.9,7.4
"18473","20180407:0000",-43.90328,171.80413,"Elgin",2094,"Ashburton",100003,"Canterbury",1010,14.5,11.8,6.4
"18474","20180408:0000",-43.90328,171.80413,"Elgin",2094,"Ashburton",100003,"Canterbury",1010,7.2,10.65,6.2
"18475","20180409:0000",-43.90328,171.80413,"Elgin",2094,"Ashburton",100003,"Canterbury",1010,5.1,9.6,0
"18476","20180410:0000",-43.90328,171.80413,"Elgin",2094,"Ashburton",100003,"Canterbury",1010,26,6.3,2
"18477","20180411:0000",-43.90328,171.80413,"Elgin",2094,"Ashburton",100003,"Canterbury",1010,29.7,7.05,3.8
"18478","20180412:0000",-43.90328,171.80413,"Elgin",2094,"Ashburton",100003,"Canterbury",1010,12.4,5.65,3
"18479","20180413:0000",-43.90328,171.80413,"Elgin",2094,"Ashburton",100003,"Canterbury",1010,8.2,8.35,8.8
"18480","20180414:0000",-43.90328,171.80413,"Elgin",2094,"Ashburton",100003,"Canterbury",1010,5.1,6.75,8
"18481","20180415:0000",-43.90328,171.80413,"Elgin",2094,"Ashburton",100003,"Canterbury",1010,3.4,7.35,6.9
"18482","20180416:0000",-43.90328,171.80413,"Elgin",2094,"Ashburton",100003,"Canterbury",1010,16,12.45,7.7
"18483","20180417:0000",-43.90328,171.80413,"Elgin",2094,"Ashburton",100003,"Canterbury",1010,20.7,12.95,9.9
"18484","20180418:0000",-43.90328,171.80413,"Elgin",2094,"Ashburton",100003,"Canterbury",1010,8.5,8.15,9.8
"18485","20180419:0000",-43.90328,171.80413,"Elgin",2094,"Ashburton",100003,"Canterbury",1010,12.8,12.7,3.6
"18486","20180420:0000",-43.90328,171.80413,"Elgin",2094,"Ashburton",100003,"Canterbury",1010,25.7,14.8,10
"18487","20180421:0000",-43.90328,171.80413,"Elgin",2094,"Ashburton",100003,"Canterbury",1010,2.9,NA,NA
"18488","20180422:0000",-43.90328,171.80413,"Elgin",2094,"Ashburton",100003,"Canterbury",1010,NA,NA,NA
"18489","20180423:0000",-43.90328,171.80413,"Elgin",2094,"Ashburton",100003,"Canterbury",1010,3.6,NA,9.6
"18490","20180424:0000",-43.90328,171.80413,"Elgin",2094,"Ashburton",100003,"Canterbury",1010,11.4,12.7,9.3
"18491","20180425:0000",-43.90328,171.80413,"Elgin",2094,"Ashburton",100003,"Canterbury",1010,6.4,9.65,8.7
"18492","20180426:0000",-43.90328,171.80413,"Elgin",2094,"Ashburton",100003,"Canterbury",1010,10.9,14.45,9.6
"18493","20180427:0000",-43.90328,171.80413,"Elgin",2094,"Ashburton",100003,"Canterbury",1010,9,13.3,1.2
"18494","20180428:0000",-43.90328,171.80413,"Elgin",2094,"Ashburton",100003,"Canterbury",1010,10.1,10.8,0
"18495","20180429:0000",-43.90328,171.80413,"Elgin",2094,"Ashburton",100003,"Canterbury",1010,29.1,9.65,0
"18496","20180430:0000",-43.90328,171.80413,"Elgin",2094,"Ashburton",100003,"Canterbury",1010,7.2,10.15,0
"18497","20180501:0000",-43.90328,171.80413,"Elgin",2094,"Ashburton",100003,"Canterbury",1010,6.9,10.2,7.8
"18498","20180502:0000",-43.90328,171.80413,"Elgin",2094,"Ashburton",100003,"Canterbury",1010,4.6,11.15,8.5
"18499","20180503:0000",-43.90328,171.80413,"Elgin",2094,"Ashburton",100003,"Canterbury",1010,4.4,9.1,5.3
"18500","20180504:0000",-43.90328,171.80413,"Elgin",2094,"Ashburton",100003,"Canterbury",1010,15.4,11.05,5.3
"18501","20180505:0000",-43.90328,171.80413,"Elgin",2094,"Ashburton",100003,"Canterbury",1010,5.2,11.35,1.4
"18502","20180506:0000",-43.90328,171.80413,"Elgin",2094,"Ashburton",100003,"Canterbury",1010,8.7,11.35,8.9
"18503","20180507:0000",-43.90328,171.80413,"Elgin",2094,"Ashburton",100003,"Canterbury",1010,23,12.7,6.3
"18504","20180508:0000",-43.90328,171.80413,"Elgin",2094,"Ashburton",100003,"Canterbury",1010,19.5,14.4,3.3
"18505","20180509:0000",-43.90328,171.80413,"Elgin",2094,"Ashburton",100003,"Canterbury",1010,14.5,14.1,9.4
"18506","20180510:0000",-43.90328,171.80413,"Elgin",2094,"Ashburton",100003,"Canterbury",1010,5.7,10.55,1.4
"18507","20180511:0000",-43.90328,171.80413,"Elgin",2094,"Ashburton",100003,"Canterbury",1010,4.2,12.35,5.7
"18508","20180512:0000",-43.90328,171.80413,"Elgin",2094,"Ashburton",100003,"Canterbury",1010,12.4,10.25,0
"18509","20180513:0000",-43.90328,171.80413,"Elgin",2094,"Ashburton",100003,"Canterbury",1010,2.2,6.2,0
"18510","20180514:0000",-43.90328,171.80413,"Elgin",2094,"Ashburton",100003,"Canterbury",1010,3.9,8.2,0.1
"18511","20180515:0000",-43.90328,171.80413,"Elgin",2094,"Ashburton",100003,"Canterbury",1010,3.9,7.9,0
"18512","20180516:0000",-43.90328,171.80413,"Elgin",2094,"Ashburton",100003,"Canterbury",1010,2.3,5.7,1.2
"18513","20180517:0000",-43.90328,171.80413,"Elgin",2094,"Ashburton",100003,"Canterbury",1010,5.4,7.95,8.4
"18514","20180518:0000",-43.90328,171.80413,"Elgin",2094,"Ashburton",100003,"Canterbury",1010,5.7,8.9,9
"18515","20180519:0000",-43.90328,171.80413,"Elgin",2094,"Ashburton",100003,"Canterbury",1010,10.2,9.3,8.7
"18516","20180520:0000",-43.90328,171.80413,"Elgin",2094,"Ashburton",100003,"Canterbury",1010,24.8,9.9,3.5
"18517","20180521:0000",-43.90328,171.80413,"Elgin",2094,"Ashburton",100003,"Canterbury",1010,7.4,8.1,8
"18518","20180522:0000",-43.90328,171.80413,"Elgin",2094,"Ashburton",100003,"Canterbury",1010,22.1,7.55,1.9
"18519","20180523:0000",-43.90328,171.80413,"Elgin",2094,"Ashburton",100003,"Canterbury",1010,9.9,6.55,7.7
"18520","20180524:0000",-43.90328,171.80413,"Elgin",2094,"Ashburton",100003,"Canterbury",1010,10.5,5.6,7.7
"18521","20180525:0000",-43.90328,171.80413,"Elgin",2094,"Ashburton",100003,"Canterbury",1010,6.3,4.65,6.1
"18522","20180526:0000",-43.90328,171.80413,"Elgin",2094,"Ashburton",100003,"Canterbury",1010,8.3,4.8,6.7
"18523","20180527:0000",-43.90328,171.80413,"Elgin",2094,"Ashburton",100003,"Canterbury",1010,9.3,6.05,2.8
"18524","20180528:0000",-43.90328,171.80413,"Elgin",2094,"Ashburton",100003,"Canterbury",1010,21.2,4.55,2
"18525","20180529:0000",-43.90328,171.80413,"Elgin",2094,"Ashburton",100003,"Canterbury",1010,7.8,4.1,6.7
"18526","20180530:0000",-43.90328,171.80413,"Elgin",2094,"Ashburton",100003,"Canterbury",1010,5.1,4.1,7.3
"18527","20180531:0000",-43.90328,171.80413,"Elgin",2094,"Ashburton",100003,"Canterbury",1010,3.5,3.25,0.7
"18528","20180601:0000",-43.90328,171.80413,"Elgin",2094,"Ashburton",100003,"Canterbury",1010,7.1,6,0
"18529","20180602:0000",-43.90328,171.80413,"Elgin",2094,"Ashburton",100003,"Canterbury",1010,6.6,5,2.4
"18530","20180603:0000",-43.90328,171.80413,"Elgin",2094,"Ashburton",100003,"Canterbury",1010,6.9,4.4,0
"18531","20180604:0000",-43.90328,171.80413,"Elgin",2094,"Ashburton",100003,"Canterbury",1010,6.6,5.85,0
"18532","20180605:0000",-43.90328,171.80413,"Elgin",2094,"Ashburton",100003,"Canterbury",1010,9.1,8.4,2.9
"18533","20180606:0000",-43.90328,171.80413,"Elgin",2094,"Ashburton",100003,"Canterbury",1010,20.3,5.15,5.1
"18534","20180607:0000",-43.90328,171.80413,"Elgin",2094,"Ashburton",100003,"Canterbury",1010,9.2,8.4,5.3
"18535","20180608:0000",-43.90328,171.80413,"Elgin",2094,"Ashburton",100003,"Canterbury",1010,8.3,8.35,7.1
"18536","20180609:0000",-43.90328,171.80413,"Elgin",2094,"Ashburton",100003,"Canterbury",1010,6.8,8.55,0.9
"18537","20180610:0000",-43.90328,171.80413,"Elgin",2094,"Ashburton",100003,"Canterbury",1010,7.7,8.15,0.1
"18538","20180611:0000",-43.90328,171.80413,"Elgin",2094,"Ashburton",100003,"Canterbury",1010,7.4,8.15,0
"18539","20180612:0000",-43.90328,171.80413,"Elgin",2094,"Ashburton",100003,"Canterbury",1010,2.5,5.85,0
"18540","20180613:0000",-43.90328,171.80413,"Elgin",2094,"Ashburton",100003,"Canterbury",1010,13.9,6.95,0
"18541","20180614:0000",-43.90328,171.80413,"Elgin",2094,"Ashburton",100003,"Canterbury",1010,8.6,8.55,0.4
"18542","20180615:0000",-43.90328,171.80413,"Elgin",2094,"Ashburton",100003,"Canterbury",1010,9,5.75,0.3
"18543","20180616:0000",-43.90328,171.80413,"Elgin",2094,"Ashburton",100003,"Canterbury",1010,4.5,7.15,0.3
"18544","20180617:0000",-43.90328,171.80413,"Elgin",2094,"Ashburton",100003,"Canterbury",1010,6.2,7.05,2.9
"18545","20180618:0000",-43.90328,171.80413,"Elgin",2094,"Ashburton",100003,"Canterbury",1010,8.8,5.45,0
"18546","20180619:0000",-43.90328,171.80413,"Elgin",2094,"Ashburton",100003,"Canterbury",1010,14.6,7,3.4
"18547","20180620:0000",-43.90328,171.80413,"Elgin",2094,"Ashburton",100003,"Canterbury",1010,5.3,6.7,1.2
"18548","20180621:0000",-43.90328,171.80413,"Elgin",2094,"Ashburton",100003,"Canterbury",1010,6.3,4.8,8.5
"18549","20180622:0000",-43.90328,171.80413,"Elgin",2094,"Ashburton",100003,"Canterbury",1010,6.2,1.5,8.5
"18550","20180623:0000",-43.90328,171.80413,"Elgin",2094,"Ashburton",100003,"Canterbury",1010,5.4,2.65,6.2
"18551","20180624:0000",-43.90328,171.80413,"Elgin",2094,"Ashburton",100003,"Canterbury",1010,12,5.8,6.7
"18552","20180625:0000",-43.90328,171.80413,"Elgin",2094,"Ashburton",100003,"Canterbury",1010,4.6,5.4,6.8
"18553","20180626:0000",-43.90328,171.80413,"Elgin",2094,"Ashburton",100003,"Canterbury",1010,6,3.9,7.7
"18554","20180627:0000",-43.90328,171.80413,"Elgin",2094,"Ashburton",100003,"Canterbury",1010,9.5,6.3,4.6
"18555","20180628:0000",-43.90328,171.80413,"Elgin",2094,"Ashburton",100003,"Canterbury",1010,12,7.75,7.8
"18556","20180629:0000",-43.90328,171.80413,"Elgin",2094,"Ashburton",100003,"Canterbury",1010,6.7,5.75,8.6
"18557","20180630:0000",-43.90328,171.80413,"Elgin",2094,"Ashburton",100003,"Canterbury",1010,8.1,5.2,8.3
"18558","20180701:0000",-43.90328,171.80413,"Elgin",2094,"Ashburton",100003,"Canterbury",1010,10.4,8.5,4.4
"18559","20180702:0000",-43.90328,171.80413,"Elgin",2094,"Ashburton",100003,"Canterbury",1010,9.7,8.3,0
"18560","20180703:0000",-43.90328,171.80413,"Elgin",2094,"Ashburton",100003,"Canterbury",1010,6.4,4.55,8.5
"18561","20180704:0000",-43.90328,171.80413,"Elgin",2094,"Ashburton",100003,"Canterbury",1010,6.7,5.85,5.9
"18562","20180705:0000",-43.90328,171.80413,"Elgin",2094,"Ashburton",100003,"Canterbury",1010,6.5,4.65,5
"18563","20180706:0000",-43.90328,171.80413,"Elgin",2094,"Ashburton",100003,"Canterbury",1010,11.1,8.5,1.1
"18564","20180707:0000",-43.90328,171.80413,"Elgin",2094,"Ashburton",100003,"Canterbury",1010,23.8,13.55,8.6
"18565","20180708:0000",-43.90328,171.80413,"Elgin",2094,"Ashburton",100003,"Canterbury",1010,16.9,9.9,0
"18566","20180709:0000",-43.90328,171.80413,"Elgin",2094,"Ashburton",100003,"Canterbury",1010,10,7.85,4.6
"18567","20180710:0000",-43.90328,171.80413,"Elgin",2094,"Ashburton",100003,"Canterbury",1010,9.2,6.25,8.7
"18568","20180711:0000",-43.90328,171.80413,"Elgin",2094,"Ashburton",100003,"Canterbury",1010,10.4,6.35,8.8
"18569","20180712:0000",-43.90328,171.80413,"Elgin",2094,"Ashburton",100003,"Canterbury",1010,5.9,6.3,6.6
"18570","20180713:0000",-43.90328,171.80413,"Elgin",2094,"Ashburton",100003,"Canterbury",1010,6.3,3.35,8.8
"18571","20180714:0000",-43.90328,171.80413,"Elgin",2094,"Ashburton",100003,"Canterbury",1010,8.3,6.4,8.6
"18572","20180715:0000",-43.90328,171.80413,"Elgin",2094,"Ashburton",100003,"Canterbury",1010,4.5,3.6,0.2
"18573","20180716:0000",-43.90328,171.80413,"Elgin",2094,"Ashburton",100003,"Canterbury",1010,4.3,6.4,3.4
"18574","20180717:0000",-43.90328,171.80413,"Elgin",2094,"Ashburton",100003,"Canterbury",1010,11.8,9.4,9
"18575","20180718:0000",-43.90328,171.80413,"Elgin",2094,"Ashburton",100003,"Canterbury",1010,8.6,7.55,8.9
"18576","20180719:0000",-43.90328,171.80413,"Elgin",2094,"Ashburton",100003,"Canterbury",1010,10,7.4,8.8
"18577","20180720:0000",-43.90328,171.80413,"Elgin",2094,"Ashburton",100003,"Canterbury",1010,8.7,5.75,7.6
"18578","20180721:0000",-43.90328,171.80413,"Elgin",2094,"Ashburton",100003,"Canterbury",1010,30.4,8.75,3.4
"18579","20180722:0000",-43.90328,171.80413,"Elgin",2094,"Ashburton",100003,"Canterbury",1010,17.2,10.8,8.9
"18580","20180723:0000",-43.90328,171.80413,"Elgin",2094,"Ashburton",100003,"Canterbury",1010,12.6,5.4,2.2
"18581","20180724:0000",-43.90328,171.80413,"Elgin",2094,"Ashburton",100003,"Canterbury",1010,10.4,5.4,1.7
"18582","20180725:0000",-43.90328,171.80413,"Elgin",2094,"Ashburton",100003,"Canterbury",1010,2.9,3.5,6.3
"18583","20180726:0000",-43.90328,171.80413,"Elgin",2094,"Ashburton",100003,"Canterbury",1010,7,4.7,6.2
"18584","20180727:0000",-43.90328,171.80413,"Elgin",2094,"Ashburton",100003,"Canterbury",1010,12.4,8.2,5.5
"18585","20180728:0000",-43.90328,171.80413,"Elgin",2094,"Ashburton",100003,"Canterbury",1010,16.9,8.35,5.3
"18586","20180729:0000",-43.90328,171.80413,"Elgin",2094,"Ashburton",100003,"Canterbury",1010,10.2,6.4,4.2
"18587","20180730:0000",-43.90328,171.80413,"Elgin",2094,"Ashburton",100003,"Canterbury",1010,10.4,4.9,9.2
"18588","20180731:0000",-43.90328,171.80413,"Elgin",2094,"Ashburton",100003,"Canterbury",1010,15.2,9.3,6.5
"18589","20180801:0000",-43.90328,171.80413,"Elgin",2094,"Ashburton",100003,"Canterbury",1010,8.4,8.65,0.5
"18590","20180802:0000",-43.90328,171.80413,"Elgin",2094,"Ashburton",100003,"Canterbury",1010,8.2,9.25,0.4
"18591","20180803:0000",-43.90328,171.80413,"Elgin",2094,"Ashburton",100003,"Canterbury",1010,8.2,5.7,0.8
"18592","20180804:0000",-43.90328,171.80413,"Elgin",2094,"Ashburton",100003,"Canterbury",1010,10.9,7.8,2.3
"18593","20180805:0000",-43.90328,171.80413,"Elgin",2094,"Ashburton",100003,"Canterbury",1010,6.9,5.45,3.5
"18594","20180806:0000",-43.90328,171.80413,"Elgin",2094,"Ashburton",100003,"Canterbury",1010,4,5.2,5
"18595","20180807:0000",-43.90328,171.80413,"Elgin",2094,"Ashburton",100003,"Canterbury",1010,12.5,10.05,3.8
"18596","20180808:0000",-43.90328,171.80413,"Elgin",2094,"Ashburton",100003,"Canterbury",1010,21,9.95,0.2
"18597","20180809:0000",-43.90328,171.80413,"Elgin",2094,"Ashburton",100003,"Canterbury",1010,8.4,8.75,8.6
"18598","20180810:0000",-43.90328,171.80413,"Elgin",2094,"Ashburton",100003,"Canterbury",1010,5.4,8.5,6.4
"18599","20180811:0000",-43.90328,171.80413,"Elgin",2094,"Ashburton",100003,"Canterbury",1010,7.4,6.25,9.9
"18600","20180812:0000",-43.90328,171.80413,"Elgin",2094,"Ashburton",100003,"Canterbury",1010,23.8,8.85,8
"18601","20180813:0000",-43.90328,171.80413,"Elgin",2094,"Ashburton",100003,"Canterbury",1010,6.3,9.1,7.2
"18602","20180814:0000",-43.90328,171.80413,"Elgin",2094,"Ashburton",100003,"Canterbury",1010,10,4.95,0
"18603","20180815:0000",-43.90328,171.80413,"Elgin",2094,"Ashburton",100003,"Canterbury",1010,6.6,7.75,9.8
"18604","20180816:0000",-43.90328,171.80413,"Elgin",2094,"Ashburton",100003,"Canterbury",1010,42.1,11.5,6.4
"18605","20180817:0000",-43.90328,171.80413,"Elgin",2094,"Ashburton",100003,"Canterbury",1010,9.1,5.65,0.9
"18606","20180818:0000",-43.90328,171.80413,"Elgin",2094,"Ashburton",100003,"Canterbury",1010,10.2,5.65,8.8
"18607","20180819:0000",-43.90328,171.80413,"Elgin",2094,"Ashburton",100003,"Canterbury",1010,6.7,3.5,10.1
"18608","20180820:0000",-43.90328,171.80413,"Elgin",2094,"Ashburton",100003,"Canterbury",1010,4.6,6.25,4.8
"18609","20180821:0000",-43.90328,171.80413,"Elgin",2094,"Ashburton",100003,"Canterbury",1010,6.9,5.7,8.7
"18610","20180822:0000",-43.90328,171.80413,"Elgin",2094,"Ashburton",100003,"Canterbury",1010,7.2,7.2,7.1
"18611","20180823:0000",-43.90328,171.80413,"Elgin",2094,"Ashburton",100003,"Canterbury",1010,NA,6.45,2.1
"18612","20180824:0000",-43.90328,171.80413,"Elgin",2094,"Ashburton",100003,"Canterbury",1010,8,7.2,7.8
"18613","20180825:0000",-43.90328,171.80413,"Elgin",2094,"Ashburton",100003,"Canterbury",1010,21,5.9,5.4
"18614","20180826:0000",-43.90328,171.80413,"Elgin",2094,"Ashburton",100003,"Canterbury",1010,14.4,8.55,10.5
"18615","20180827:0000",-43.90328,171.80413,"Elgin",2094,"Ashburton",100003,"Canterbury",1010,7.9,8.95,7
"18616","20180828:0000",-43.90328,171.80413,"Elgin",2094,"Ashburton",100003,"Canterbury",1010,8.5,7.95,1.4
"18617","20180829:0000",-43.90328,171.80413,"Elgin",2094,"Ashburton",100003,"Canterbury",1010,9.9,8,0.1
"18618","20180830:0000",-43.90328,171.80413,"Elgin",2094,"Ashburton",100003,"Canterbury",1010,4.9,7.9,9.7
"18619","20180831:0000",-43.90328,171.80413,"Elgin",2094,"Ashburton",100003,"Canterbury",1010,12.6,5.35,0
"18620","20180901:0000",-43.90328,171.80413,"Elgin",2094,"Ashburton",100003,"Canterbury",1010,7.4,7.25,9.7
"18621","20180902:0000",-43.90328,171.80413,"Elgin",2094,"Ashburton",100003,"Canterbury",1010,7.3,6.65,0.3
"18622","20180903:0000",-43.90328,171.80413,"Elgin",2094,"Ashburton",100003,"Canterbury",1010,35.8,7.65,6
"18623","20180904:0000",-43.90328,171.80413,"Elgin",2094,"Ashburton",100003,"Canterbury",1010,14.1,6.55,2
"18624","20180905:0000",-43.90328,171.80413,"Elgin",2094,"Ashburton",100003,"Canterbury",1010,3.9,4.9,9
"18625","20180906:0000",-43.90328,171.80413,"Elgin",2094,"Ashburton",100003,"Canterbury",1010,7.2,4.35,8
"18626","20180907:0000",-43.90328,171.80413,"Elgin",2094,"Ashburton",100003,"Canterbury",1010,5.5,3.65,10.5
"18627","20180908:0000",-43.90328,171.80413,"Elgin",2094,"Ashburton",100003,"Canterbury",1010,3.9,3.6,10.9
"18628","20180909:0000",-43.90328,171.80413,"Elgin",2094,"Ashburton",100003,"Canterbury",1010,6,3.45,3.8
"18629","20180910:0000",-43.90328,171.80413,"Elgin",2094,"Ashburton",100003,"Canterbury",1010,6.5,5.25,2.9
"18630","20180911:0000",-43.90328,171.80413,"Elgin",2094,"Ashburton",100003,"Canterbury",1010,4.2,10.1,9.2
"18631","20180912:0000",-43.90328,171.80413,"Elgin",2094,"Ashburton",100003,"Canterbury",1010,8.1,9.1,10.2
"18632","20180913:0000",-43.90328,171.80413,"Elgin",2094,"Ashburton",100003,"Canterbury",1010,13.3,11.4,5
"18633","20180914:0000",-43.90328,171.80413,"Elgin",2094,"Ashburton",100003,"Canterbury",1010,12.3,12.55,11
"18634","20180915:0000",-43.90328,171.80413,"Elgin",2094,"Ashburton",100003,"Canterbury",1010,9,13.3,11.4
"18635","20180916:0000",-43.90328,171.80413,"Elgin",2094,"Ashburton",100003,"Canterbury",1010,12.9,14.65,10.6
"18636","20180917:0000",-43.90328,171.80413,"Elgin",2094,"Ashburton",100003,"Canterbury",1010,12.8,9.35,0.2
"18637","20180918:0000",-43.90328,171.80413,"Elgin",2094,"Ashburton",100003,"Canterbury",1010,5.1,8.35,11.2
"18638","20180919:0000",-43.90328,171.80413,"Elgin",2094,"Ashburton",100003,"Canterbury",1010,13.6,9.7,11
"18639","20180920:0000",-43.90328,171.80413,"Elgin",2094,"Ashburton",100003,"Canterbury",1010,6.5,10,9.8
"18640","20180921:0000",-43.90328,171.80413,"Elgin",2094,"Ashburton",100003,"Canterbury",1010,9.7,9.55,3
"18641","20180922:0000",-43.90328,171.80413,"Elgin",2094,"Ashburton",100003,"Canterbury",1010,4.6,9.35,11.7
"18642","20180923:0000",-43.90328,171.80413,"Elgin",2094,"Ashburton",100003,"Canterbury",1010,14,13.5,9.4
"18643","20180924:0000",-43.90328,171.80413,"Elgin",2094,"Ashburton",100003,"Canterbury",1010,3.9,7.9,0
"18644","20180925:0000",-43.90328,171.80413,"Elgin",2094,"Ashburton",100003,"Canterbury",1010,21.6,9.45,11.1
"18645","20180926:0000",-43.90328,171.80413,"Elgin",2094,"Ashburton",100003,"Canterbury",1010,15.5,6.1,11
"18646","20180927:0000",-43.90328,171.80413,"Elgin",2094,"Ashburton",100003,"Canterbury",1010,11.8,6.8,12
"18647","20180928:0000",-43.90328,171.80413,"Elgin",2094,"Ashburton",100003,"Canterbury",1010,5.6,6.25,11.8
"18648","20180929:0000",-43.90328,171.80413,"Elgin",2094,"Ashburton",100003,"Canterbury",1010,9.1,10.5,9.1
"18649","20180930:0000",-43.90328,171.80413,"Elgin",2094,"Ashburton",100003,"Canterbury",1010,13.7,11,2.3
"18650","20181001:0000",-43.90328,171.80413,"Elgin",2094,"Ashburton",100003,"Canterbury",1010,8.9,9.2,4.3
"18651","20181002:0000",-43.90328,171.80413,"Elgin",2094,"Ashburton",100003,"Canterbury",1010,3.9,9.4,7.4
"18652","20181003:0000",-43.90328,171.80413,"Elgin",2094,"Ashburton",100003,"Canterbury",1010,3.5,7.65,10.5
"18653","20181004:0000",-43.90328,171.80413,"Elgin",2094,"Ashburton",100003,"Canterbury",1010,13.4,11.25,7.1
"18654","20181005:0000",-43.90328,171.80413,"Elgin",2094,"Ashburton",100003,"Canterbury",1010,4.4,9.55,1.6
"18655","20181006:0000",-43.90328,171.80413,"Elgin",2094,"Ashburton",100003,"Canterbury",1010,10.1,7.6,7.5
"18656","20181007:0000",-43.90328,171.80413,"Elgin",2094,"Ashburton",100003,"Canterbury",1010,7.7,11.3,8.7
"18657","20181008:0000",-43.90328,171.80413,"Elgin",2094,"Ashburton",100003,"Canterbury",1010,1.9,10.35,9
"18658","20181009:0000",-43.90328,171.80413,"Elgin",2094,"Ashburton",100003,"Canterbury",1010,9.7,9.45,12.5
"18659","20181010:0000",-43.90328,171.80413,"Elgin",2094,"Ashburton",100003,"Canterbury",1010,23.8,13.5,5.9
"18660","20181011:0000",-43.90328,171.80413,"Elgin",2094,"Ashburton",100003,"Canterbury",1010,6,8.1,0
"18661","20181012:0000",-43.90328,171.80413,"Elgin",2094,"Ashburton",100003,"Canterbury",1010,33.1,7,2
"18662","20181013:0000",-43.90328,171.80413,"Elgin",2094,"Ashburton",100003,"Canterbury",1010,15.4,7.4,8.3
"18663","20181014:0000",-43.90328,171.80413,"Elgin",2094,"Ashburton",100003,"Canterbury",1010,15.6,7.55,10.6
"18664","20181015:0000",-43.90328,171.80413,"Elgin",2094,"Ashburton",100003,"Canterbury",1010,4.7,5.65,6.1
"18665","20181016:0000",-43.90328,171.80413,"Elgin",2094,"Ashburton",100003,"Canterbury",1010,7.6,9.3,12.2
"18666","20181017:0000",-43.90328,171.80413,"Elgin",2094,"Ashburton",100003,"Canterbury",1010,14.2,13.65,2.5
"18667","20181018:0000",-43.90328,171.80413,"Elgin",2094,"Ashburton",100003,"Canterbury",1010,7.3,13.75,7.4
"18668","20181019:0000",-43.90328,171.80413,"Elgin",2094,"Ashburton",100003,"Canterbury",1010,7.3,14.15,12.3
"18669","20181020:0000",-43.90328,171.80413,"Elgin",2094,"Ashburton",100003,"Canterbury",1010,8.6,13.55,10.4
"18670","20181021:0000",-43.90328,171.80413,"Elgin",2094,"Ashburton",100003,"Canterbury",1010,8.1,15.2,12.3
"18671","20181022:0000",-43.90328,171.80413,"Elgin",2094,"Ashburton",100003,"Canterbury",1010,7.6,13.3,12.7
"18672","20181023:0000",-43.90328,171.80413,"Elgin",2094,"Ashburton",100003,"Canterbury",1010,5.8,15.8,12.9
"18673","20181024:0000",-43.90328,171.80413,"Elgin",2094,"Ashburton",100003,"Canterbury",1010,7.9,18.35,11.4
"18674","20181025:0000",-43.90328,171.80413,"Elgin",2094,"Ashburton",100003,"Canterbury",1010,24.6,8.9,0
"18675","20181026:0000",-43.90328,171.80413,"Elgin",2094,"Ashburton",100003,"Canterbury",1010,8.5,8.4,7.1
"18676","20181027:0000",-43.90328,171.80413,"Elgin",2094,"Ashburton",100003,"Canterbury",1010,12.9,12.65,10.8
"18677","20181028:0000",-43.90328,171.80413,"Elgin",2094,"Ashburton",100003,"Canterbury",1010,11.1,9.85,1.3
"18678","20181029:0000",-43.90328,171.80413,"Elgin",2094,"Ashburton",100003,"Canterbury",1010,9.2,10.8,0
"18679","20181030:0000",-43.90328,171.80413,"Elgin",2094,"Ashburton",100003,"Canterbury",1010,15.2,10.35,1
"18680","20181031:0000",-43.90328,171.80413,"Elgin",2094,"Ashburton",100003,"Canterbury",1010,11.4,8.85,10.9
"18681","20181101:0000",-43.90328,171.80413,"Elgin",2094,"Ashburton",100003,"Canterbury",1010,16,10.85,11.3
"18682","20181102:0000",-43.90328,171.80413,"Elgin",2094,"Ashburton",100003,"Canterbury",1010,9.3,9.5,9.6
"18683","20181103:0000",-43.90328,171.80413,"Elgin",2094,"Ashburton",100003,"Canterbury",1010,29.8,19,9.5
"18684","20181104:0000",-43.90328,171.80413,"Elgin",2094,"Ashburton",100003,"Canterbury",1010,9.2,13.1,10.4
"18685","20181105:0000",-43.90328,171.80413,"Elgin",2094,"Ashburton",100003,"Canterbury",1010,16.6,14.25,13.5
"18686","20181106:0000",-43.90328,171.80413,"Elgin",2094,"Ashburton",100003,"Canterbury",1010,12.2,14.35,9.6
"18687","20181107:0000",-43.90328,171.80413,"Elgin",2094,"Ashburton",100003,"Canterbury",1010,14.4,16.2,8.4
"18688","20181108:0000",-43.90328,171.80413,"Elgin",2094,"Ashburton",100003,"Canterbury",1010,10.6,17.65,1.8
"18689","20181109:0000",-43.90328,171.80413,"Elgin",2094,"Ashburton",100003,"Canterbury",1010,11.5,7.15,0
"18690","20181110:0000",-43.90328,171.80413,"Elgin",2094,"Ashburton",100003,"Canterbury",1010,5.6,8.2,11.4
"18691","20181111:0000",-43.90328,171.80413,"Elgin",2094,"Ashburton",100003,"Canterbury",1010,10.4,13.1,13
"18692","20181112:0000",-43.90328,171.80413,"Elgin",2094,"Ashburton",100003,"Canterbury",1010,5,12.75,8.7
"18693","20181113:0000",-43.90328,171.80413,"Elgin",2094,"Ashburton",100003,"Canterbury",1010,8.6,13.2,11.5
"18694","20181114:0000",-43.90328,171.80413,"Elgin",2094,"Ashburton",100003,"Canterbury",1010,13.9,15.15,10.5
"18695","20181115:0000",-43.90328,171.80413,"Elgin",2094,"Ashburton",100003,"Canterbury",1010,5.6,15.15,12.4
"18696","20181116:0000",-43.90328,171.80413,"Elgin",2094,"Ashburton",100003,"Canterbury",1010,16.8,15.9,5.8
"18697","20181117:0000",-43.90328,171.80413,"Elgin",2094,"Ashburton",100003,"Canterbury",1010,9,14.95,1.5
"18698","20181118:0000",-43.90328,171.80413,"Elgin",2094,"Ashburton",100003,"Canterbury",1010,11.1,13.45,5.3
"18699","20181119:0000",-43.90328,171.80413,"Elgin",2094,"Ashburton",100003,"Canterbury",1010,12,5.4,2.5
"18700","20181120:0000",-43.90328,171.80413,"Elgin",2094,"Ashburton",100003,"Canterbury",1010,13.1,7.45,0.1
"18701","20181121:0000",-43.90328,171.80413,"Elgin",2094,"Ashburton",100003,"Canterbury",1010,13.8,8.3,8.2
"18702","20181122:0000",-43.90328,171.80413,"Elgin",2094,"Ashburton",100003,"Canterbury",1010,3.7,12.3,11
"18703","20181123:0000",-43.90328,171.80413,"Elgin",2094,"Ashburton",100003,"Canterbury",1010,6.4,11.7,5.4
"18704","20181124:0000",-43.90328,171.80413,"Elgin",2094,"Ashburton",100003,"Canterbury",1010,7.3,14.2,0.1
"18705","20181125:0000",-43.90328,171.80413,"Elgin",2094,"Ashburton",100003,"Canterbury",1010,12.5,14.05,0
"18706","20181126:0000",-43.90328,171.80413,"Elgin",2094,"Ashburton",100003,"Canterbury",1010,13.6,13.2,0.6
"18707","20181127:0000",-43.90328,171.80413,"Elgin",2094,"Ashburton",100003,"Canterbury",1010,7.6,12.35,3.5
"18708","20181128:0000",-43.90328,171.80413,"Elgin",2094,"Ashburton",100003,"Canterbury",1010,13.6,13.1,0.4
"18709","20181129:0000",-43.90328,171.80413,"Elgin",2094,"Ashburton",100003,"Canterbury",1010,17.9,13.35,10
"18710","20181130:0000",-43.90328,171.80413,"Elgin",2094,"Ashburton",100003,"Canterbury",1010,17.8,12.15,10.9
"18711","20181201:0000",-43.90328,171.80413,"Elgin",2094,"Ashburton",100003,"Canterbury",1010,10.3,16.5,3.7
"18712","20181202:0000",-43.90328,171.80413,"Elgin",2094,"Ashburton",100003,"Canterbury",1010,9.2,16.65,1.1
"18713","20181203:0000",-43.90328,171.80413,"Elgin",2094,"Ashburton",100003,"Canterbury",1010,9.5,17.45,1.7
"18714","20181204:0000",-43.90328,171.80413,"Elgin",2094,"Ashburton",100003,"Canterbury",1010,15.4,17.75,9.1
"18715","20181205:0000",-43.90328,171.80413,"Elgin",2094,"Ashburton",100003,"Canterbury",1010,16.9,14,4.2
"18716","20181206:0000",-43.90328,171.80413,"Elgin",2094,"Ashburton",100003,"Canterbury",1010,14.2,10.6,10.6
"18717","20181207:0000",-43.90328,171.80413,"Elgin",2094,"Ashburton",100003,"Canterbury",1010,11.2,13.2,12.3
"18718","20181208:0000",-43.90328,171.80413,"Elgin",2094,"Ashburton",100003,"Canterbury",1010,8.8,15.2,4.7
"18719","20181209:0000",-43.90328,171.80413,"Elgin",2094,"Ashburton",100003,"Canterbury",1010,4.1,18.4,4.7
"18720","20181210:0000",-43.90328,171.80413,"Elgin",2094,"Ashburton",100003,"Canterbury",1010,10.8,12.6,0.7
"18721","20181211:0000",-43.90328,171.80413,"Elgin",2094,"Ashburton",100003,"Canterbury",1010,14.7,12.4,0
"18722","20181212:0000",-43.90328,171.80413,"Elgin",2094,"Ashburton",100003,"Canterbury",1010,5.9,14.45,0
"18723","20181213:0000",-43.90328,171.80413,"Elgin",2094,"Ashburton",100003,"Canterbury",1010,6.1,14.75,3
"18724","20181214:0000",-43.90328,171.80413,"Elgin",2094,"Ashburton",100003,"Canterbury",1010,15.8,17.55,5
"18725","20181215:0000",-43.90328,171.80413,"Elgin",2094,"Ashburton",100003,"Canterbury",1010,13.3,13.9,1.7
"18726","20181216:0000",-43.90328,171.80413,"Elgin",2094,"Ashburton",100003,"Canterbury",1010,9.8,15.9,0
"18727","20181217:0000",-43.90328,171.80413,"Elgin",2094,"Ashburton",100003,"Canterbury",1010,3.5,19.05,12.8
"18728","20181218:0000",-43.90328,171.80413,"Elgin",2094,"Ashburton",100003,"Canterbury",1010,22.7,18.7,2.9
"18729","20181219:0000",-43.90328,171.80413,"Elgin",2094,"Ashburton",100003,"Canterbury",1010,14.9,11.9,0
"18730","20181220:0000",-43.90328,171.80413,"Elgin",2094,"Ashburton",100003,"Canterbury",1010,8,11.8,0.8
"18731","20181221:0000",-43.90328,171.80413,"Elgin",2094,"Ashburton",100003,"Canterbury",1010,13.5,11.8,3.8
"18732","20181222:0000",-43.90328,171.80413,"Elgin",2094,"Ashburton",100003,"Canterbury",1010,4,12.85,8.6
"18733","20181223:0000",-43.90328,171.80413,"Elgin",2094,"Ashburton",100003,"Canterbury",1010,9.2,12.85,4.4
"18734","20181224:0000",-43.90328,171.80413,"Elgin",2094,"Ashburton",100003,"Canterbury",1010,15.8,13.75,14.9
"18735","20181225:0000",-43.90328,171.80413,"Elgin",2094,"Ashburton",100003,"Canterbury",1010,19.4,18,11.3
"18736","20181226:0000",-43.90328,171.80413,"Elgin",2094,"Ashburton",100003,"Canterbury",1010,10.5,14.75,2.5
"18737","20181227:0000",-43.90328,171.80413,"Elgin",2094,"Ashburton",100003,"Canterbury",1010,8.8,15.05,7.7
"18738","20181228:0000",-43.90328,171.80413,"Elgin",2094,"Ashburton",100003,"Canterbury",1010,13.2,16.45,10
"18739","20181229:0000",-43.90328,171.80413,"Elgin",2094,"Ashburton",100003,"Canterbury",1010,9.7,21.3,11.3
"18740","20181230:0000",-43.90328,171.80413,"Elgin",2094,"Ashburton",100003,"Canterbury",1010,20.8,22.4,1.6
"18741","20181231:0000",-43.90328,171.80413,"Elgin",2094,"Ashburton",100003,"Canterbury",1010,6.4,18.4,8.9
"18742","20190101:0000",-43.90328,171.80413,"Elgin",2094,"Ashburton",100003,"Canterbury",1010,7,19.85,2.6
"18743","20190102:0000",-43.90328,171.80413,"Elgin",2094,"Ashburton",100003,"Canterbury",1010,18.6,23.2,10.8
"18744","20190103:0000",-43.90328,171.80413,"Elgin",2094,"Ashburton",100003,"Canterbury",1010,7.6,18.8,9.8
"18745","20190104:0000",-43.90328,171.80413,"Elgin",2094,"Ashburton",100003,"Canterbury",1010,6.5,15.1,11.7
"18746","20190105:0000",-43.90328,171.80413,"Elgin",2094,"Ashburton",100003,"Canterbury",1010,20.2,22.75,12.4
"18747","20190106:0000",-43.90328,171.80413,"Elgin",2094,"Ashburton",100003,"Canterbury",1010,16.3,14.8,0
"18748","20190107:0000",-43.90328,171.80413,"Elgin",2094,"Ashburton",100003,"Canterbury",1010,15.9,17.5,8.6
"18749","20190108:0000",-43.90328,171.80413,"Elgin",2094,"Ashburton",100003,"Canterbury",1010,10.3,15.25,2.5
"18750","20190109:0000",-43.90328,171.80413,"Elgin",2094,"Ashburton",100003,"Canterbury",1010,17.5,21.1,7.3
"18751","20190110:0000",-43.90328,171.80413,"Elgin",2094,"Ashburton",100003,"Canterbury",1010,5.7,19.1,8.3
"18752","20190111:0000",-43.90328,171.80413,"Elgin",2094,"Ashburton",100003,"Canterbury",1010,12.4,12.9,2.2
"18753","20190112:0000",-43.90328,171.80413,"Elgin",2094,"Ashburton",100003,"Canterbury",1010,4,14.35,1.2
"18754","20190113:0000",-43.90328,171.80413,"Elgin",2094,"Ashburton",100003,"Canterbury",1010,9.9,16.8,6.5
"18755","20190114:0000",-43.90328,171.80413,"Elgin",2094,"Ashburton",100003,"Canterbury",1010,19.5,13.55,2.1
"18756","20190115:0000",-43.90328,171.80413,"Elgin",2094,"Ashburton",100003,"Canterbury",1010,2.2,13.95,3.6
"18757","20190116:0000",-43.90328,171.80413,"Elgin",2094,"Ashburton",100003,"Canterbury",1010,12.3,15.45,12.6
"18758","20190117:0000",-43.90328,171.80413,"Elgin",2094,"Ashburton",100003,"Canterbury",1010,5.7,17.8,7.2
"18759","20190118:0000",-43.90328,171.80413,"Elgin",2094,"Ashburton",100003,"Canterbury",1010,10.1,16.6,0.1
"18760","20190119:0000",-43.90328,171.80413,"Elgin",2094,"Ashburton",100003,"Canterbury",1010,21.1,21.85,3.7
"18761","20190120:0000",-43.90328,171.80413,"Elgin",2094,"Ashburton",100003,"Canterbury",1010,7.6,16.9,13.2
"18762","20190121:0000",-43.90328,171.80413,"Elgin",2094,"Ashburton",100003,"Canterbury",1010,4.3,18.45,11.6
"18763","20190122:0000",-43.90328,171.80413,"Elgin",2094,"Ashburton",100003,"Canterbury",1010,10.6,20.1,11.8
"18764","20190123:0000",-43.90328,171.80413,"Elgin",2094,"Ashburton",100003,"Canterbury",1010,9.3,22.6,7.6
"18765","20190124:0000",-43.90328,171.80413,"Elgin",2094,"Ashburton",100003,"Canterbury",1010,5.7,10.75,12.8
"18766","20190125:0000",-43.90328,171.80413,"Elgin",2094,"Ashburton",100003,"Canterbury",1010,2.3,13.5,9.4
"18767","20190126:0000",-43.90328,171.80413,"Elgin",2094,"Ashburton",100003,"Canterbury",1010,9.7,19.15,1.7
"18768","20190127:0000",-43.90328,171.80413,"Elgin",2094,"Ashburton",100003,"Canterbury",1010,14.8,19.45,13.4
"18769","20190128:0000",-43.90328,171.80413,"Elgin",2094,"Ashburton",100003,"Canterbury",1010,8.4,19.7,9.5
"18770","20190129:0000",-43.90328,171.80413,"Elgin",2094,"Ashburton",100003,"Canterbury",1010,16.8,20,7.9
"18771","20190130:0000",-43.90328,171.80413,"Elgin",2094,"Ashburton",100003,"Canterbury",1010,3,21.65,10.1
"18772","20190131:0000",-43.90328,171.80413,"Elgin",2094,"Ashburton",100003,"Canterbury",1010,8.2,23.55,12.8
"18773","20190201:0000",-43.90328,171.80413,"Elgin",2094,"Ashburton",100003,"Canterbury",1010,23.3,23.75,0.5
"18774","20190202:0000",-43.90328,171.80413,"Elgin",2094,"Ashburton",100003,"Canterbury",1010,2.3,13.25,12.8
"18775","20190203:0000",-43.90328,171.80413,"Elgin",2094,"Ashburton",100003,"Canterbury",1010,8,16.55,12.6
"18776","20190204:0000",-43.90328,171.80413,"Elgin",2094,"Ashburton",100003,"Canterbury",1010,3.6,20.85,12.5
"18777","20190205:0000",-43.90328,171.80413,"Elgin",2094,"Ashburton",100003,"Canterbury",1010,7.1,19.8,7.6
"18778","20190206:0000",-43.90328,171.80413,"Elgin",2094,"Ashburton",100003,"Canterbury",1010,11.5,12.55,0
"18779","20190207:0000",-43.90328,171.80413,"Elgin",2094,"Ashburton",100003,"Canterbury",1010,4.4,12.5,9.2
"18780","20190208:0000",-43.90328,171.80413,"Elgin",2094,"Ashburton",100003,"Canterbury",1010,12.9,14.9,13.5
"18781","20190209:0000",-43.90328,171.80413,"Elgin",2094,"Ashburton",100003,"Canterbury",1010,8.1,20,12.8
"18782","20190210:0000",-43.90328,171.80413,"Elgin",2094,"Ashburton",100003,"Canterbury",1010,16.2,22.4,13.5
"18783","20190211:0000",-43.90328,171.80413,"Elgin",2094,"Ashburton",100003,"Canterbury",1010,10.8,21.75,11.6
"18784","20190212:0000",-43.90328,171.80413,"Elgin",2094,"Ashburton",100003,"Canterbury",1010,12.3,20.05,9.2
"18785","20190213:0000",-43.90328,171.80413,"Elgin",2094,"Ashburton",100003,"Canterbury",1010,2.4,20.9,10.5
"18786","20190214:0000",-43.90328,171.80413,"Elgin",2094,"Ashburton",100003,"Canterbury",1010,11.5,22.3,6.9
"18787","20190215:0000",-43.90328,171.80413,"Elgin",2094,"Ashburton",100003,"Canterbury",1010,2.5,17.8,9.7
"18788","20190216:0000",-43.90328,171.80413,"Elgin",2094,"Ashburton",100003,"Canterbury",1010,17,14.05,2.7
"18789","20190217:0000",-43.90328,171.80413,"Elgin",2094,"Ashburton",100003,"Canterbury",1010,4,12.4,11.5
"18790","20190218:0000",-43.90328,171.80413,"Elgin",2094,"Ashburton",100003,"Canterbury",1010,7.8,17.45,9.7
"18791","20190219:0000",-43.90328,171.80413,"Elgin",2094,"Ashburton",100003,"Canterbury",1010,5.6,22.4,6
"18792","20190220:0000",-43.90328,171.80413,"Elgin",2094,"Ashburton",100003,"Canterbury",1010,11.1,19.05,9
"18793","20190221:0000",-43.90328,171.80413,"Elgin",2094,"Ashburton",100003,"Canterbury",1010,8.1,21.6,8.1
"18794","20190222:0000",-43.90328,171.80413,"Elgin",2094,"Ashburton",100003,"Canterbury",1010,7.9,15.2,4.5
"18795","20190223:0000",-43.90328,171.80413,"Elgin",2094,"Ashburton",100003,"Canterbury",1010,7.5,10.5,1.8
"18796","20190224:0000",-43.90328,171.80413,"Elgin",2094,"Ashburton",100003,"Canterbury",1010,19.3,11.95,5
"18797","20190225:0000",-43.90328,171.80413,"Elgin",2094,"Ashburton",100003,"Canterbury",1010,10.3,11.6,7.8
"18798","20190226:0000",-43.90328,171.80413,"Elgin",2094,"Ashburton",100003,"Canterbury",1010,5.4,15.25,11.9
"18799","20190227:0000",-43.90328,171.80413,"Elgin",2094,"Ashburton",100003,"Canterbury",1010,14.5,19,4.3
"18800","20190228:0000",-43.90328,171.80413,"Elgin",2094,"Ashburton",100003,"Canterbury",1010,9.5,9.6,8.2
"18801","20190301:0000",-43.90328,171.80413,"Elgin",2094,"Ashburton",100003,"Canterbury",1010,13,12.85,12.8
"18802","20190302:0000",-43.90328,171.80413,"Elgin",2094,"Ashburton",100003,"Canterbury",1010,4.8,13.6,12.4
"18803","20190303:0000",-43.90328,171.80413,"Elgin",2094,"Ashburton",100003,"Canterbury",1010,9.4,17.35,11.2
"18804","20190304:0000",-43.90328,171.80413,"Elgin",2094,"Ashburton",100003,"Canterbury",1010,7.3,19.1,9.2
"18805","20190305:0000",-43.90328,171.80413,"Elgin",2094,"Ashburton",100003,"Canterbury",1010,17.3,21.55,11.3
"18806","20190306:0000",-43.90328,171.80413,"Elgin",2094,"Ashburton",100003,"Canterbury",1010,7.1,20.15,12
"18807","20190307:0000",-43.90328,171.80413,"Elgin",2094,"Ashburton",100003,"Canterbury",1010,15.9,21.3,7.6
"18808","20190308:0000",-43.90328,171.80413,"Elgin",2094,"Ashburton",100003,"Canterbury",1010,12.2,13.05,4.3
"18809","20190309:0000",-43.90328,171.80413,"Elgin",2094,"Ashburton",100003,"Canterbury",1010,6,13.05,10.3
"18810","20190310:0000",-43.90328,171.80413,"Elgin",2094,"Ashburton",100003,"Canterbury",1010,6.8,13.25,0
"18811","20190311:0000",-43.90328,171.80413,"Elgin",2094,"Ashburton",100003,"Canterbury",1010,1.8,15.15,5.6
"18812","20190312:0000",-43.90328,171.80413,"Elgin",2094,"Ashburton",100003,"Canterbury",1010,5.8,19.7,10.7
"18813","20190313:0000",-43.90328,171.80413,"Elgin",2094,"Ashburton",100003,"Canterbury",1010,5,19.05,7.9
"18814","20190314:0000",-43.90328,171.80413,"Elgin",2094,"Ashburton",100003,"Canterbury",1010,5,13.85,0
"18815","20190315:0000",-43.90328,171.80413,"Elgin",2094,"Ashburton",100003,"Canterbury",1010,1.2,14.8,0
"18816","20190316:0000",-43.90328,171.80413,"Elgin",2094,"Ashburton",100003,"Canterbury",1010,8.2,15.7,3.7
"18817","20190317:0000",-43.90328,171.80413,"Elgin",2094,"Ashburton",100003,"Canterbury",1010,5.6,13.85,2.3
"18818","20190318:0000",-43.90328,171.80413,"Elgin",2094,"Ashburton",100003,"Canterbury",1010,10.3,17.05,4.8
"18819","20190319:0000",-43.90328,171.80413,"Elgin",2094,"Ashburton",100003,"Canterbury",1010,2.5,16.4,7
"18820","20190320:0000",-43.90328,171.80413,"Elgin",2094,"Ashburton",100003,"Canterbury",1010,3.8,15.75,2
"18821","20190321:0000",-43.90328,171.80413,"Elgin",2094,"Ashburton",100003,"Canterbury",1010,12.7,17.6,10.3
"18822","20190322:0000",-43.90328,171.80413,"Elgin",2094,"Ashburton",100003,"Canterbury",1010,16.2,17.3,8.9
"18823","20190323:0000",-43.90328,171.80413,"Elgin",2094,"Ashburton",100003,"Canterbury",1010,2.5,15.7,3.6
"18824","20190324:0000",-43.90328,171.80413,"Elgin",2094,"Ashburton",100003,"Canterbury",1010,8.8,19,8.9
"18825","20190325:0000",-43.90328,171.80413,"Elgin",2094,"Ashburton",100003,"Canterbury",1010,11.7,19.2,1.4
"18826","20190326:0000",-43.90328,171.80413,"Elgin",2094,"Ashburton",100003,"Canterbury",1010,33.8,24.55,0.4
"18827","20190327:0000",-43.90328,171.80413,"Elgin",2094,"Ashburton",100003,"Canterbury",1010,7.6,19.2,2.3
"18828","20190328:0000",-43.90328,171.80413,"Elgin",2094,"Ashburton",100003,"Canterbury",1010,8,14.85,8.4
"18829","20190329:0000",-43.90328,171.80413,"Elgin",2094,"Ashburton",100003,"Canterbury",1010,6.4,13.1,8.6
"18830","20190330:0000",-43.90328,171.80413,"Elgin",2094,"Ashburton",100003,"Canterbury",1010,10.7,14.65,8.4
"18831","20190331:0000",-43.90328,171.80413,"Elgin",2094,"Ashburton",100003,"Canterbury",1010,20.4,19.2,9.3
"18832","20190401:0000",-43.90328,171.80413,"Elgin",2094,"Ashburton",100003,"Canterbury",1010,12.2,19.55,11.1
"18833","20190402:0000",-43.90328,171.80413,"Elgin",2094,"Ashburton",100003,"Canterbury",1010,3.8,10.3,5.8
"18834","20190403:0000",-43.90328,171.80413,"Elgin",2094,"Ashburton",100003,"Canterbury",1010,4.5,10.4,8.4
"18835","20190404:0000",-43.90328,171.80413,"Elgin",2094,"Ashburton",100003,"Canterbury",1010,6.4,10.75,10
"18836","20190405:0000",-43.90328,171.80413,"Elgin",2094,"Ashburton",100003,"Canterbury",1010,19.3,8.3,1.8
"18837","20190406:0000",-43.90328,171.80413,"Elgin",2094,"Ashburton",100003,"Canterbury",1010,13.6,8.45,6.8
"18838","20190407:0000",-43.90328,171.80413,"Elgin",2094,"Ashburton",100003,"Canterbury",1010,10.2,8,5.4
"18839","20190408:0000",-43.90328,171.80413,"Elgin",2094,"Ashburton",100003,"Canterbury",1010,3.7,10.3,9.3
"18840","20190409:0000",-43.90328,171.80413,"Elgin",2094,"Ashburton",100003,"Canterbury",1010,16,12.55,10.2
"18841","20190410:0000",-43.90328,171.80413,"Elgin",2094,"Ashburton",100003,"Canterbury",1010,19.7,16.95,4.5
"18842","20190411:0000",-43.90328,171.80413,"Elgin",2094,"Ashburton",100003,"Canterbury",1010,12.9,11.55,0
"18843","20190412:0000",-43.90328,171.80413,"Elgin",2094,"Ashburton",100003,"Canterbury",1010,25.5,9.65,5
"18844","20190413:0000",-43.90328,171.80413,"Elgin",2094,"Ashburton",100003,"Canterbury",1010,10.5,8.75,10.5
"18845","20190414:0000",-43.90328,171.80413,"Elgin",2094,"Ashburton",100003,"Canterbury",1010,11,8.1,3.1
"18846","20190415:0000",-43.90328,171.80413,"Elgin",2094,"Ashburton",100003,"Canterbury",1010,8.4,11.5,7.5
"18847","20190416:0000",-43.90328,171.80413,"Elgin",2094,"Ashburton",100003,"Canterbury",1010,3.5,9.35,0.7
"18848","20190417:0000",-43.90328,171.80413,"Elgin",2094,"Ashburton",100003,"Canterbury",1010,5.4,8.55,10.3
"18849","20190418:0000",-43.90328,171.80413,"Elgin",2094,"Ashburton",100003,"Canterbury",1010,8,6.95,0.1
"18850","20190419:0000",-43.90328,171.80413,"Elgin",2094,"Ashburton",100003,"Canterbury",1010,8.6,12.15,8.2
"18851","20190420:0000",-43.90328,171.80413,"Elgin",2094,"Ashburton",100003,"Canterbury",1010,8.1,11.35,3.8
"18852","20190421:0000",-43.90328,171.80413,"Elgin",2094,"Ashburton",100003,"Canterbury",1010,13.2,11.3,0
"18853","20190422:0000",-43.90328,171.80413,"Elgin",2094,"Ashburton",100003,"Canterbury",1010,6.7,11.75,1.1
"18854","20190423:0000",-43.90328,171.80413,"Elgin",2094,"Ashburton",100003,"Canterbury",1010,12.5,11.3,6.6
"18855","20190424:0000",-43.90328,171.80413,"Elgin",2094,"Ashburton",100003,"Canterbury",1010,4.4,7.6,0.4
"18856","20190425:0000",-43.90328,171.80413,"Elgin",2094,"Ashburton",100003,"Canterbury",1010,1.9,12.55,5.7
"18857","20190426:0000",-43.90328,171.80413,"Elgin",2094,"Ashburton",100003,"Canterbury",1010,2.6,12.95,8.7
"18858","20190427:0000",-43.90328,171.80413,"Elgin",2094,"Ashburton",100003,"Canterbury",1010,29.8,15.8,3.8
"18859","20190428:0000",-43.90328,171.80413,"Elgin",2094,"Ashburton",100003,"Canterbury",1010,8.1,11.6,3.9
"18860","20190429:0000",-43.90328,171.80413,"Elgin",2094,"Ashburton",100003,"Canterbury",1010,16.7,9.6,0
"18861","20190430:0000",-43.90328,171.80413,"Elgin",2094,"Ashburton",100003,"Canterbury",1010,8,7.35,9.8
"18862","20190501:0000",-43.90328,171.80413,"Elgin",2094,"Ashburton",100003,"Canterbury",1010,4.7,10.2,9.9
"18863","20190502:0000",-43.90328,171.80413,"Elgin",2094,"Ashburton",100003,"Canterbury",1010,6.2,11.1,6.2
"18864","20190503:0000",-43.90328,171.80413,"Elgin",2094,"Ashburton",100003,"Canterbury",1010,7,12.7,9.7
"18865","20190504:0000",-43.90328,171.80413,"Elgin",2094,"Ashburton",100003,"Canterbury",1010,15,13.1,5.5
"18866","20190505:0000",-43.90328,171.80413,"Elgin",2094,"Ashburton",100003,"Canterbury",1010,6.8,12.95,2.3
"18867","20190506:0000",-43.90328,171.80413,"Elgin",2094,"Ashburton",100003,"Canterbury",1010,7.4,10.2,0
"18868","20190507:0000",-43.90328,171.80413,"Elgin",2094,"Ashburton",100003,"Canterbury",1010,3.1,12.2,0
"18869","20190508:0000",-43.90328,171.80413,"Elgin",2094,"Ashburton",100003,"Canterbury",1010,1.5,9.65,0.5
"18870","20190509:0000",-43.90328,171.80413,"Elgin",2094,"Ashburton",100003,"Canterbury",1010,9.5,14.25,3.7
"18871","20190510:0000",-43.90328,171.80413,"Elgin",2094,"Ashburton",100003,"Canterbury",1010,5.2,14.05,9.5
"18872","20190511:0000",-43.90328,171.80413,"Elgin",2094,"Ashburton",100003,"Canterbury",1010,6.3,10.6,0
"18873","20190512:0000",-43.90328,171.80413,"Elgin",2094,"Ashburton",100003,"Canterbury",1010,9.1,11.4,0.8
"18874","20190513:0000",-43.90328,171.80413,"Elgin",2094,"Ashburton",100003,"Canterbury",1010,10.3,9.7,8.7
"18875","20190514:0000",-43.90328,171.80413,"Elgin",2094,"Ashburton",100003,"Canterbury",1010,12.4,9.6,4.8
"18876","20190515:0000",-43.90328,171.80413,"Elgin",2094,"Ashburton",100003,"Canterbury",1010,16.5,11.4,5.7
"18877","20190516:0000",-43.90328,171.80413,"Elgin",2094,"Ashburton",100003,"Canterbury",1010,12.2,9.55,2.4
"18878","20190517:0000",-43.90328,171.80413,"Elgin",2094,"Ashburton",100003,"Canterbury",1010,7.2,5.9,9.2
"18879","20190518:0000",-43.90328,171.80413,"Elgin",2094,"Ashburton",100003,"Canterbury",1010,17.5,9.75,4.3
"18880","20190519:0000",-43.90328,171.80413,"Elgin",2094,"Ashburton",100003,"Canterbury",1010,5,7.95,7.1
"18881","20190520:0000",-43.90328,171.80413,"Elgin",2094,"Ashburton",100003,"Canterbury",1010,3.3,7.4,9.1
"18882","20190521:0000",-43.90328,171.80413,"Elgin",2094,"Ashburton",100003,"Canterbury",1010,5.3,6.75,7.9
"18883","20190522:0000",-43.90328,171.80413,"Elgin",2094,"Ashburton",100003,"Canterbury",1010,5.4,6.9,4.8
"18884","20190523:0000",-43.90328,171.80413,"Elgin",2094,"Ashburton",100003,"Canterbury",1010,5.1,8.65,7.9
"18885","20190524:0000",-43.90328,171.80413,"Elgin",2094,"Ashburton",100003,"Canterbury",1010,4.8,7.55,8.7
"18886","20190525:0000",-43.90328,171.80413,"Elgin",2094,"Ashburton",100003,"Canterbury",1010,6.4,8.4,8.7
"18887","20190526:0000",-43.90328,171.80413,"Elgin",2094,"Ashburton",100003,"Canterbury",1010,18.3,12.55,6.2
"18888","20190527:0000",-43.90328,171.80413,"Elgin",2094,"Ashburton",100003,"Canterbury",1010,8.7,13.1,0.5
"18889","20190528:0000",-43.90328,171.80413,"Elgin",2094,"Ashburton",100003,"Canterbury",1010,13.9,10.75,0.4
"18890","20190529:0000",-43.90328,171.80413,"Elgin",2094,"Ashburton",100003,"Canterbury",1010,14,12.15,8.2
"18891","20190530:0000",-43.90328,171.80413,"Elgin",2094,"Ashburton",100003,"Canterbury",1010,38.3,12.95,4
"18892","20190531:0000",-43.90328,171.80413,"Elgin",2094,"Ashburton",100003,"Canterbury",1010,8.7,6.95,2.8
"18893","20190601:0000",-43.90328,171.80413,"Elgin",2094,"Ashburton",100003,"Canterbury",1010,33.2,6.05,0
"18894","20190602:0000",-43.90328,171.80413,"Elgin",2094,"Ashburton",100003,"Canterbury",1010,17.8,6.2,4.2
"18895","20190603:0000",-43.90328,171.80413,"Elgin",2094,"Ashburton",100003,"Canterbury",1010,10.8,5.85,8.6
"18896","20190604:0000",-43.90328,171.80413,"Elgin",2094,"Ashburton",100003,"Canterbury",1010,8.3,4.75,0.6
"18897","20190605:0000",-43.90328,171.80413,"Elgin",2094,"Ashburton",100003,"Canterbury",1010,7.1,3.5,7.8
"18898","20190606:0000",-43.90328,171.80413,"Elgin",2094,"Ashburton",100003,"Canterbury",1010,16.6,6.55,4.6
"18899","20190607:0000",-43.90328,171.80413,"Elgin",2094,"Ashburton",100003,"Canterbury",1010,11.6,6.9,3.8
"18900","20190608:0000",-43.90328,171.80413,"Elgin",2094,"Ashburton",100003,"Canterbury",1010,21.4,7.8,6.6
"18901","20190609:0000",-43.90328,171.80413,"Elgin",2094,"Ashburton",100003,"Canterbury",1010,10.6,6.05,5.7
"18902","20190610:0000",-43.90328,171.80413,"Elgin",2094,"Ashburton",100003,"Canterbury",1010,7,8.2,5.8
"18903","20190611:0000",-43.90328,171.80413,"Elgin",2094,"Ashburton",100003,"Canterbury",1010,5.7,8.85,0
"18904","20190612:0000",-43.90328,171.80413,"Elgin",2094,"Ashburton",100003,"Canterbury",1010,8.5,8.5,1.2
"18905","20190613:0000",-43.90328,171.80413,"Elgin",2094,"Ashburton",100003,"Canterbury",1010,8.4,10.65,5.1
"18906","20190614:0000",-43.90328,171.80413,"Elgin",2094,"Ashburton",100003,"Canterbury",1010,5.7,10.2,3.2
"18907","20190615:0000",-43.90328,171.80413,"Elgin",2094,"Ashburton",100003,"Canterbury",1010,14.5,9.4,0
"18908","20190616:0000",-43.90328,171.80413,"Elgin",2094,"Ashburton",100003,"Canterbury",1010,NA,NA,NA
"18909","20190617:0000",-43.90328,171.80413,"Elgin",2094,"Ashburton",100003,"Canterbury",1010,6.2,4.7,4.3
"18910","20190618:0000",-43.90328,171.80413,"Elgin",2094,"Ashburton",100003,"Canterbury",1010,4.4,4,7.4
"18911","20190619:0000",-43.90328,171.80413,"Elgin",2094,"Ashburton",100003,"Canterbury",1010,5.2,3.8,8.6
"18912","20190620:0000",-43.90328,171.80413,"Elgin",2094,"Ashburton",100003,"Canterbury",1010,5.8,2.05,3.5
"18913","20190621:0000",-43.90328,171.80413,"Elgin",2094,"Ashburton",100003,"Canterbury",1010,7.4,6.35,8.4
"18914","20190622:0000",-43.90328,171.80413,"Elgin",2094,"Ashburton",100003,"Canterbury",1010,6.1,5.65,4.1
"18915","20190623:0000",-43.90328,171.80413,"Elgin",2094,"Ashburton",100003,"Canterbury",1010,5,4.9,6.8
"18916","20190624:0000",-43.90328,171.80413,"Elgin",2094,"Ashburton",100003,"Canterbury",1010,12.8,6,8.6
"18917","20190625:0000",-43.90328,171.80413,"Elgin",2094,"Ashburton",100003,"Canterbury",1010,9.2,6.25,8.4
"18918","20190626:0000",-43.90328,171.80413,"Elgin",2094,"Ashburton",100003,"Canterbury",1010,4.7,4.45,8.2
"18919","20190627:0000",-43.90328,171.80413,"Elgin",2094,"Ashburton",100003,"Canterbury",1010,14.5,5.9,8.6
"18920","20190628:0000",-43.90328,171.80413,"Elgin",2094,"Ashburton",100003,"Canterbury",1010,6.9,4.9,7.8
"18921","20190629:0000",-43.90328,171.80413,"Elgin",2094,"Ashburton",100003,"Canterbury",1010,6,4.15,7.9
"18922","20190630:0000",-43.90328,171.80413,"Elgin",2094,"Ashburton",100003,"Canterbury",1010,9,6.85,6.5
"18923","20190701:0000",-43.90328,171.80413,"Elgin",2094,"Ashburton",100003,"Canterbury",1010,8.8,8.4,1.4
"18924","20190702:0000",-43.90328,171.80413,"Elgin",2094,"Ashburton",100003,"Canterbury",1010,10.3,9.65,3.1
"18925","20190703:0000",-43.90328,171.80413,"Elgin",2094,"Ashburton",100003,"Canterbury",1010,23.3,13.75,5
"18926","20190704:0000",-43.90328,171.80413,"Elgin",2094,"Ashburton",100003,"Canterbury",1010,7.9,6.85,5.6
"18927","20190705:0000",-43.90328,171.80413,"Elgin",2094,"Ashburton",100003,"Canterbury",1010,15.7,5.9,4.1
"18928","20190706:0000",-43.90328,171.80413,"Elgin",2094,"Ashburton",100003,"Canterbury",1010,12.3,7.35,3.1
"18929","20190707:0000",-43.90328,171.80413,"Elgin",2094,"Ashburton",100003,"Canterbury",1010,9.7,8.55,7.8
"18930","20190708:0000",-43.90328,171.80413,"Elgin",2094,"Ashburton",100003,"Canterbury",1010,6.9,5.55,6.9
"18931","20190709:0000",-43.90328,171.80413,"Elgin",2094,"Ashburton",100003,"Canterbury",1010,8.5,7.3,7.5
"18932","20190710:0000",-43.90328,171.80413,"Elgin",2094,"Ashburton",100003,"Canterbury",1010,NA,NA,NA
"18933","20190711:0000",-43.90328,171.80413,"Elgin",2094,"Ashburton",100003,"Canterbury",1010,9.5,8.85,2.8
"18934","20190712:0000",-43.90328,171.80413,"Elgin",2094,"Ashburton",100003,"Canterbury",1010,14.2,8.25,1.9
"18935","20190713:0000",-43.90328,171.80413,"Elgin",2094,"Ashburton",100003,"Canterbury",1010,10,9.15,5.9
"18936","20190714:0000",-43.90328,171.80413,"Elgin",2094,"Ashburton",100003,"Canterbury",1010,21.4,12.25,3.4
"18937","20190715:0000",-43.90328,171.80413,"Elgin",2094,"Ashburton",100003,"Canterbury",1010,11.7,6.3,4.7
"18938","20190716:0000",-43.90328,171.80413,"Elgin",2094,"Ashburton",100003,"Canterbury",1010,6.8,6.05,4.2
"18939","20190717:0000",-43.90328,171.80413,"Elgin",2094,"Ashburton",100003,"Canterbury",1010,6.8,4.55,1
"18940","20190718:0000",-43.90328,171.80413,"Elgin",2094,"Ashburton",100003,"Canterbury",1010,7.5,6.75,5.7
"18941","20190719:0000",-43.90328,171.80413,"Elgin",2094,"Ashburton",100003,"Canterbury",1010,1.2,4.6,0
"18942","20190720:0000",-43.90328,171.80413,"Elgin",2094,"Ashburton",100003,"Canterbury",1010,19.8,7.35,0
"18943","20190721:0000",-43.90328,171.80413,"Elgin",2094,"Ashburton",100003,"Canterbury",1010,20,8.7,0
"18944","20190722:0000",-43.90328,171.80413,"Elgin",2094,"Ashburton",100003,"Canterbury",1010,5.6,6,2.9
"18945","20190723:0000",-43.90328,171.80413,"Elgin",2094,"Ashburton",100003,"Canterbury",1010,4.9,6.9,0.2
"18946","20190724:0000",-43.90328,171.80413,"Elgin",2094,"Ashburton",100003,"Canterbury",1010,2.2,9.1,0.7
"18947","20190725:0000",-43.90328,171.80413,"Elgin",2094,"Ashburton",100003,"Canterbury",1010,5.2,8.3,5
"18948","20190726:0000",-43.90328,171.80413,"Elgin",2094,"Ashburton",100003,"Canterbury",1010,8.3,6.85,9.2
"18949","20190727:0000",-43.90328,171.80413,"Elgin",2094,"Ashburton",100003,"Canterbury",1010,3.3,8.6,7.9
"18950","20190728:0000",-43.90328,171.80413,"Elgin",2094,"Ashburton",100003,"Canterbury",1010,7.8,8.9,1.6
"18951","20190729:0000",-43.90328,171.80413,"Elgin",2094,"Ashburton",100003,"Canterbury",1010,7.4,9.95,2.8
"18952","20190730:0000",-43.90328,171.80413,"Elgin",2094,"Ashburton",100003,"Canterbury",1010,4.4,10.55,2.9
"18953","20190731:0000",-43.90328,171.80413,"Elgin",2094,"Ashburton",100003,"Canterbury",1010,32.1,7.45,4.6
"18954","20190801:0000",-43.90328,171.80413,"Elgin",2094,"Ashburton",100003,"Canterbury",1010,9.8,6.85,5.1
"18955","20190802:0000",-43.90328,171.80413,"Elgin",2094,"Ashburton",100003,"Canterbury",1010,12.8,5.75,2.7
"18956","20190803:0000",-43.90328,171.80413,"Elgin",2094,"Ashburton",100003,"Canterbury",1010,6.3,6.9,8.5
"18957","20190804:0000",-43.90328,171.80413,"Elgin",2094,"Ashburton",100003,"Canterbury",1010,7.7,4.95,3.5
"18958","20190805:0000",-43.90328,171.80413,"Elgin",2094,"Ashburton",100003,"Canterbury",1010,10.5,4,9.1
"18959","20190806:0000",-43.90328,171.80413,"Elgin",2094,"Ashburton",100003,"Canterbury",1010,5.2,6.6,9.6
"18960","20190807:0000",-43.90328,171.80413,"Elgin",2094,"Ashburton",100003,"Canterbury",1010,12.1,8.9,9.5
"18961","20190808:0000",-43.90328,171.80413,"Elgin",2094,"Ashburton",100003,"Canterbury",1010,17.8,10.8,8.3
"18962","20190809:0000",-43.90328,171.80413,"Elgin",2094,"Ashburton",100003,"Canterbury",1010,4.7,8.05,7.1
"18963","20190810:0000",-43.90328,171.80413,"Elgin",2094,"Ashburton",100003,"Canterbury",1010,13.5,5.8,0
"18964","20190811:0000",-43.90328,171.80413,"Elgin",2094,"Ashburton",100003,"Canterbury",1010,20.1,5.95,2
"18965","20190812:0000",-43.90328,171.80413,"Elgin",2094,"Ashburton",100003,"Canterbury",1010,2.1,6.95,7.6
"18966","20190813:0000",-43.90328,171.80413,"Elgin",2094,"Ashburton",100003,"Canterbury",1010,6.8,6.45,9.4
"18967","20190814:0000",-43.90328,171.80413,"Elgin",2094,"Ashburton",100003,"Canterbury",1010,5.4,5.45,9.8
"18968","20190815:0000",-43.90328,171.80413,"Elgin",2094,"Ashburton",100003,"Canterbury",1010,11.2,7.2,9.2
"18969","20190816:0000",-43.90328,171.80413,"Elgin",2094,"Ashburton",100003,"Canterbury",1010,10.5,9.35,3
"18970","20190817:0000",-43.90328,171.80413,"Elgin",2094,"Ashburton",100003,"Canterbury",1010,18.5,6.9,0.9
"18971","20190818:0000",-43.90328,171.80413,"Elgin",2094,"Ashburton",100003,"Canterbury",1010,10.6,4.45,10
"18972","20190819:0000",-43.90328,171.80413,"Elgin",2094,"Ashburton",100003,"Canterbury",1010,9.6,4.75,10
"18973","20190820:0000",-43.90328,171.80413,"Elgin",2094,"Ashburton",100003,"Canterbury",1010,38.3,8.55,1.7
"18974","20190821:0000",-43.90328,171.80413,"Elgin",2094,"Ashburton",100003,"Canterbury",1010,1.5,10,6.2
"18975","20190822:0000",-43.90328,171.80413,"Elgin",2094,"Ashburton",100003,"Canterbury",1010,5.9,7.9,5.9
"18976","20190823:0000",-43.90328,171.80413,"Elgin",2094,"Ashburton",100003,"Canterbury",1010,4,6.8,7.5
"18977","20190824:0000",-43.90328,171.80413,"Elgin",2094,"Ashburton",100003,"Canterbury",1010,6.5,7.65,10.4
"18978","20190825:0000",-43.90328,171.80413,"Elgin",2094,"Ashburton",100003,"Canterbury",1010,10.7,9.9,1.6
"18979","20190826:0000",-43.90328,171.80413,"Elgin",2094,"Ashburton",100003,"Canterbury",1010,8.9,7.15,2.6
"18980","20190827:0000",-43.90328,171.80413,"Elgin",2094,"Ashburton",100003,"Canterbury",1010,11.3,6.65,9.3
"18981","20190828:0000",-43.90328,171.80413,"Elgin",2094,"Ashburton",100003,"Canterbury",1010,10.6,10.4,10.6
"18982","20190829:0000",-43.90328,171.80413,"Elgin",2094,"Ashburton",100003,"Canterbury",1010,15.1,10.7,4
"18983","20190830:0000",-43.90328,171.80413,"Elgin",2094,"Ashburton",100003,"Canterbury",1010,12.1,8.05,10.7
"18984","20190831:0000",-43.90328,171.80413,"Elgin",2094,"Ashburton",100003,"Canterbury",1010,10.5,9.5,9.4
"18985","20190901:0000",-43.90328,171.80413,"Elgin",2094,"Ashburton",100003,"Canterbury",1010,7.3,12.2,10.7
"18986","20190902:0000",-43.90328,171.80413,"Elgin",2094,"Ashburton",100003,"Canterbury",1010,14.5,8.6,10.7
"18987","20190903:0000",-43.90328,171.80413,"Elgin",2094,"Ashburton",100003,"Canterbury",1010,6.2,6,10.7
"18988","20190904:0000",-43.90328,171.80413,"Elgin",2094,"Ashburton",100003,"Canterbury",1010,2.3,6.1,0
"18989","20190905:0000",-43.90328,171.80413,"Elgin",2094,"Ashburton",100003,"Canterbury",1010,10.1,8.85,0
"18990","20190906:0000",-43.90328,171.80413,"Elgin",2094,"Ashburton",100003,"Canterbury",1010,23.8,8.5,0
"18991","20190907:0000",-43.90328,171.80413,"Elgin",2094,"Ashburton",100003,"Canterbury",1010,8.1,5.3,10.9
"18992","20190908:0000",-43.90328,171.80413,"Elgin",2094,"Ashburton",100003,"Canterbury",1010,11.6,2.55,0
"18993","20190909:0000",-43.90328,171.80413,"Elgin",2094,"Ashburton",100003,"Canterbury",1010,7.7,4.1,1.9
"18994","20190910:0000",-43.90328,171.80413,"Elgin",2094,"Ashburton",100003,"Canterbury",1010,6.8,4.6,11.1
"18995","20190911:0000",-43.90328,171.80413,"Elgin",2094,"Ashburton",100003,"Canterbury",1010,5.5,5.65,8.9
"18996","20190912:0000",-43.90328,171.80413,"Elgin",2094,"Ashburton",100003,"Canterbury",1010,17.1,9.15,1.8
"18997","20190913:0000",-43.90328,171.80413,"Elgin",2094,"Ashburton",100003,"Canterbury",1010,19.7,10.85,2.4
"18998","20190914:0000",-43.90328,171.80413,"Elgin",2094,"Ashburton",100003,"Canterbury",1010,17.2,7.5,0
"18999","20190915:0000",-43.90328,171.80413,"Elgin",2094,"Ashburton",100003,"Canterbury",1010,8.7,10.25,8.4
"19000","20190916:0000",-43.90328,171.80413,"Elgin",2094,"Ashburton",100003,"Canterbury",1010,3.6,11.45,6.2
"19001","20190917:0000",-43.90328,171.80413,"Elgin",2094,"Ashburton",100003,"Canterbury",1010,24.1,12,9.3
"19002","20190918:0000",-43.90328,171.80413,"Elgin",2094,"Ashburton",100003,"Canterbury",1010,8.1,7.35,11.4
"19003","20190919:0000",-43.90328,171.80413,"Elgin",2094,"Ashburton",100003,"Canterbury",1010,5.8,8.45,10.9
"19004","20190920:0000",-43.90328,171.80413,"Elgin",2094,"Ashburton",100003,"Canterbury",1010,5.9,7.65,8.9
"19005","20190921:0000",-43.90328,171.80413,"Elgin",2094,"Ashburton",100003,"Canterbury",1010,10.2,9.25,11.2
"19006","20190922:0000",-43.90328,171.80413,"Elgin",2094,"Ashburton",100003,"Canterbury",1010,10.1,10.8,8.4
"19007","20190923:0000",-43.90328,171.80413,"Elgin",2094,"Ashburton",100003,"Canterbury",1010,12,12.4,7.6
"19008","20190924:0000",-43.90328,171.80413,"Elgin",2094,"Ashburton",100003,"Canterbury",1010,7.8,8.75,8
"19009","20190925:0000",-43.90328,171.80413,"Elgin",2094,"Ashburton",100003,"Canterbury",1010,11.4,7.1,5.1
"19010","20190926:0000",-43.90328,171.80413,"Elgin",2094,"Ashburton",100003,"Canterbury",1010,16.9,7.95,9.9
"19011","20190927:0000",-43.90328,171.80413,"Elgin",2094,"Ashburton",100003,"Canterbury",1010,5.8,10.6,9.8
"19012","20190928:0000",-43.90328,171.80413,"Elgin",2094,"Ashburton",100003,"Canterbury",1010,14.3,11.95,3.1
"19013","20190929:0000",-43.90328,171.80413,"Elgin",2094,"Ashburton",100003,"Canterbury",1010,8.5,13.1,11.9
"19014","20190930:0000",-43.90328,171.80413,"Elgin",2094,"Ashburton",100003,"Canterbury",1010,9.4,12.1,0
"19015","20191001:0000",-43.90328,171.80413,"Elgin",2094,"Ashburton",100003,"Canterbury",1010,11.1,6.45,9.9
"19016","20191002:0000",-43.90328,171.80413,"Elgin",2094,"Ashburton",100003,"Canterbury",1010,39.1,6.5,5.2
"19017","20191003:0000",-43.90328,171.80413,"Elgin",2094,"Ashburton",100003,"Canterbury",1010,11.3,5.7,9.7
"19018","20191004:0000",-43.90328,171.80413,"Elgin",2094,"Ashburton",100003,"Canterbury",1010,11.7,9.6,10.6
"19019","20191005:0000",-43.90328,171.80413,"Elgin",2094,"Ashburton",100003,"Canterbury",1010,20.1,8.4,2.5
"19020","20191006:0000",-43.90328,171.80413,"Elgin",2094,"Ashburton",100003,"Canterbury",1010,6.8,7.6,11.8
"19021","20191007:0000",-43.90328,171.80413,"Elgin",2094,"Ashburton",100003,"Canterbury",1010,12.3,11.05,10.4
"19022","20191008:0000",-43.90328,171.80413,"Elgin",2094,"Ashburton",100003,"Canterbury",1010,11.2,13.9,0.5
"19023","20191009:0000",-43.90328,171.80413,"Elgin",2094,"Ashburton",100003,"Canterbury",1010,10.9,13.3,8.8
"19024","20191010:0000",-43.90328,171.80413,"Elgin",2094,"Ashburton",100003,"Canterbury",1010,10.2,10.7,0.3
"19025","20191011:0000",-43.90328,171.80413,"Elgin",2094,"Ashburton",100003,"Canterbury",1010,8.2,10.35,0.4
"19026","20191012:0000",-43.90328,171.80413,"Elgin",2094,"Ashburton",100003,"Canterbury",1010,12.4,9.15,3.6
"19027","20191013:0000",-43.90328,171.80413,"Elgin",2094,"Ashburton",100003,"Canterbury",1010,7.5,8.15,5.1
"19028","20191014:0000",-43.90328,171.80413,"Elgin",2094,"Ashburton",100003,"Canterbury",1010,12.1,11.1,1.6
"19029","20191015:0000",-43.90328,171.80413,"Elgin",2094,"Ashburton",100003,"Canterbury",1010,4,11.5,5
"19030","20191016:0000",-43.90328,171.80413,"Elgin",2094,"Ashburton",100003,"Canterbury",1010,7.1,9.2,10.1
"19031","20191017:0000",-43.90328,171.80413,"Elgin",2094,"Ashburton",100003,"Canterbury",1010,5.2,9.4,6
"19032","20191018:0000",-43.90328,171.80413,"Elgin",2094,"Ashburton",100003,"Canterbury",1010,4.4,8.2,0
"19033","20191019:0000",-43.90328,171.80413,"Elgin",2094,"Ashburton",100003,"Canterbury",1010,2.8,10.3,10.6
"19034","20191020:0000",-43.90328,171.80413,"Elgin",2094,"Ashburton",100003,"Canterbury",1010,10.2,12.65,11.1
"19035","20191021:0000",-43.90328,171.80413,"Elgin",2094,"Ashburton",100003,"Canterbury",1010,25.9,12.3,3
"19036","20191022:0000",-43.90328,171.80413,"Elgin",2094,"Ashburton",100003,"Canterbury",1010,5.9,6.9,2.9
"19037","20191023:0000",-43.90328,171.80413,"Elgin",2094,"Ashburton",100003,"Canterbury",1010,17.7,7.9,10.5
"19038","20191024:0000",-43.90328,171.80413,"Elgin",2094,"Ashburton",100003,"Canterbury",1010,17.7,9.1,5.5
"19039","20191025:0000",-43.90328,171.80413,"Elgin",2094,"Ashburton",100003,"Canterbury",1010,6.8,5.95,10
"19040","20191026:0000",-43.90328,171.80413,"Elgin",2094,"Ashburton",100003,"Canterbury",1010,14.9,14,12
"19041","20191027:0000",-43.90328,171.80413,"Elgin",2094,"Ashburton",100003,"Canterbury",1010,15.8,16.55,5.3
"19042","20191028:0000",-43.90328,171.80413,"Elgin",2094,"Ashburton",100003,"Canterbury",1010,8.6,12.3,11.3
"19043","20191029:0000",-43.90328,171.80413,"Elgin",2094,"Ashburton",100003,"Canterbury",1010,5.6,8.9,9
"19044","20191030:0000",-43.90328,171.80413,"Elgin",2094,"Ashburton",100003,"Canterbury",1010,10.4,12.2,5.9
"19045","20191031:0000",-43.90328,171.80413,"Elgin",2094,"Ashburton",100003,"Canterbury",1010,9.6,8.95,7.5
"19046","20191101:0000",-43.90328,171.80413,"Elgin",2094,"Ashburton",100003,"Canterbury",1010,7,9,13
"19047","20191102:0000",-43.90328,171.80413,"Elgin",2094,"Ashburton",100003,"Canterbury",1010,16.9,19,12.8
"19048","20191103:0000",-43.90328,171.80413,"Elgin",2094,"Ashburton",100003,"Canterbury",1010,9.9,21.6,13.4
"19049","20191104:0000",-43.90328,171.80413,"Elgin",2094,"Ashburton",100003,"Canterbury",1010,4.2,18.45,13
"19050","20191105:0000",-43.90328,171.80413,"Elgin",2094,"Ashburton",100003,"Canterbury",1010,2.8,12.25,0
"19051","20191106:0000",-43.90328,171.80413,"Elgin",2094,"Ashburton",100003,"Canterbury",1010,9.5,12,0
"19052","20191107:0000",-43.90328,171.80413,"Elgin",2094,"Ashburton",100003,"Canterbury",1010,4.6,16.9,6.4
"19053","20191108:0000",-43.90328,171.80413,"Elgin",2094,"Ashburton",100003,"Canterbury",1010,29.6,20.4,13.1
"19054","20191109:0000",-43.90328,171.80413,"Elgin",2094,"Ashburton",100003,"Canterbury",1010,30.5,21.45,5.2
"19055","20191110:0000",-43.90328,171.80413,"Elgin",2094,"Ashburton",100003,"Canterbury",1010,23.7,13.25,1.2
"19056","20191111:0000",-43.90328,171.80413,"Elgin",2094,"Ashburton",100003,"Canterbury",1010,22.5,9.9,1.2
"19057","20191112:0000",-43.90328,171.80413,"Elgin",2094,"Ashburton",100003,"Canterbury",1010,3.8,10.15,11.8
"19058","20191113:0000",-43.90328,171.80413,"Elgin",2094,"Ashburton",100003,"Canterbury",1010,15.5,14.25,4.7
"19059","20191114:0000",-43.90328,171.80413,"Elgin",2094,"Ashburton",100003,"Canterbury",1010,15,12.45,7.5
"19060","20191115:0000",-43.90328,171.80413,"Elgin",2094,"Ashburton",100003,"Canterbury",1010,4.4,12.95,11.4
"19061","20191116:0000",-43.90328,171.80413,"Elgin",2094,"Ashburton",100003,"Canterbury",1010,14.5,16.35,11.9
"19062","20191117:0000",-43.90328,171.80413,"Elgin",2094,"Ashburton",100003,"Canterbury",1010,13.7,12.2,13.6
"19063","20191118:0000",-43.90328,171.80413,"Elgin",2094,"Ashburton",100003,"Canterbury",1010,12.1,10.75,7.4
"19064","20191119:0000",-43.90328,171.80413,"Elgin",2094,"Ashburton",100003,"Canterbury",1010,16.3,11.65,4.1
"19065","20191120:0000",-43.90328,171.80413,"Elgin",2094,"Ashburton",100003,"Canterbury",1010,10.3,11.1,7.5
"19066","20191121:0000",-43.90328,171.80413,"Elgin",2094,"Ashburton",100003,"Canterbury",1010,16.3,12.5,9.6
"19067","20191122:0000",-43.90328,171.80413,"Elgin",2094,"Ashburton",100003,"Canterbury",1010,9.3,17.9,4.4
"19068","20191123:0000",-43.90328,171.80413,"Elgin",2094,"Ashburton",100003,"Canterbury",1010,7.3,15.8,0
"19069","20191124:0000",-43.90328,171.80413,"Elgin",2094,"Ashburton",100003,"Canterbury",1010,25.9,19.6,8.7
"19070","20191125:0000",-43.90328,171.80413,"Elgin",2094,"Ashburton",100003,"Canterbury",1010,13.5,12.25,14.2
"19071","20191126:0000",-43.90328,171.80413,"Elgin",2094,"Ashburton",100003,"Canterbury",1010,12.9,17.9,4.9
"19072","20191127:0000",-43.90328,171.80413,"Elgin",2094,"Ashburton",100003,"Canterbury",1010,19.6,17.4,2.1
"19073","20191128:0000",-43.90328,171.80413,"Elgin",2094,"Ashburton",100003,"Canterbury",1010,29.5,23.6,12.5
"19074","20191129:0000",-43.90328,171.80413,"Elgin",2094,"Ashburton",100003,"Canterbury",1010,7,13.15,0.2
"19075","20191130:0000",-43.90328,171.80413,"Elgin",2094,"Ashburton",100003,"Canterbury",1010,9.2,16.25,7
"19076","20191201:0000",-43.90328,171.80413,"Elgin",2094,"Ashburton",100003,"Canterbury",1010,23.8,17.3,4.2
"19077","20191202:0000",-43.90328,171.80413,"Elgin",2094,"Ashburton",100003,"Canterbury",1010,5.3,15,5.7
"19078","20191203:0000",-43.90328,171.80413,"Elgin",2094,"Ashburton",100003,"Canterbury",1010,32.2,19.15,12.9
"19079","20191204:0000",-43.90328,171.80413,"Elgin",2094,"Ashburton",100003,"Canterbury",1010,30.8,15.4,13.6
"19080","20191205:0000",-43.90328,171.80413,"Elgin",2094,"Ashburton",100003,"Canterbury",1010,16.6,15.15,13.4
"19081","20191206:0000",-43.90328,171.80413,"Elgin",2094,"Ashburton",100003,"Canterbury",1010,11.5,15.85,10
"19082","20191207:0000",-43.90328,171.80413,"Elgin",2094,"Ashburton",100003,"Canterbury",1010,10.1,18.65,9.4
"19083","20191208:0000",-43.90328,171.80413,"Elgin",2094,"Ashburton",100003,"Canterbury",1010,28.6,16.85,10
"19084","20191209:0000",-43.90328,171.80413,"Elgin",2094,"Ashburton",100003,"Canterbury",1010,13.4,11,13.8
"19085","20191210:0000",-43.90328,171.80413,"Elgin",2094,"Ashburton",100003,"Canterbury",1010,6.6,13.45,12.8
"19086","20191211:0000",-43.90328,171.80413,"Elgin",2094,"Ashburton",100003,"Canterbury",1010,7.4,16.55,10.3
"19087","20191212:0000",-43.90328,171.80413,"Elgin",2094,"Ashburton",100003,"Canterbury",1010,4.9,16.5,8.9
"19088","20191213:0000",-43.90328,171.80413,"Elgin",2094,"Ashburton",100003,"Canterbury",1010,15.6,19.25,6.9
"19089","20191214:0000",-43.90328,171.80413,"Elgin",2094,"Ashburton",100003,"Canterbury",1010,9.1,15.95,7.7
"19090","20191215:0000",-43.90328,171.80413,"Elgin",2094,"Ashburton",100003,"Canterbury",1010,13,15.95,6.9
"19091","20191216:0000",-43.90328,171.80413,"Elgin",2094,"Ashburton",100003,"Canterbury",1010,4.7,11.1,0.1
"19092","20191217:0000",-43.90328,171.80413,"Elgin",2094,"Ashburton",100003,"Canterbury",1010,24.8,12,0
"19093","20191218:0000",-43.90328,171.80413,"Elgin",2094,"Ashburton",100003,"Canterbury",1010,24.4,12.15,10.2
"19094","20191219:0000",-43.90328,171.80413,"Elgin",2094,"Ashburton",100003,"Canterbury",1010,8.2,14.05,6.2
"19095","20191220:0000",-43.90328,171.80413,"Elgin",2094,"Ashburton",100003,"Canterbury",1010,27.9,15.5,1.7
"19096","20191221:0000",-43.90328,171.80413,"Elgin",2094,"Ashburton",100003,"Canterbury",1010,4.9,10.85,11.7
"19097","20191222:0000",-43.90328,171.80413,"Elgin",2094,"Ashburton",100003,"Canterbury",1010,12.8,17.7,7.2
"19098","20191223:0000",-43.90328,171.80413,"Elgin",2094,"Ashburton",100003,"Canterbury",1010,2,14,6.7
"19099","20191224:0000",-43.90328,171.80413,"Elgin",2094,"Ashburton",100003,"Canterbury",1010,10.1,12.3,9.7
"19100","20191225:0000",-43.90328,171.80413,"Elgin",2094,"Ashburton",100003,"Canterbury",1010,11.1,14.6,5.2
"19101","20191226:0000",-43.90328,171.80413,"Elgin",2094,"Ashburton",100003,"Canterbury",1010,15.3,13.85,9.5
"19102","20191227:0000",-43.90328,171.80413,"Elgin",2094,"Ashburton",100003,"Canterbury",1010,7.1,15.75,10.8
"19103","20191228:0000",-43.90328,171.80413,"Elgin",2094,"Ashburton",100003,"Canterbury",1010,9.4,11.75,11
"19104","20191229:0000",-43.90328,171.80413,"Elgin",2094,"Ashburton",100003,"Canterbury",1010,15.9,16.2,13.4
"19105","20191230:0000",-43.90328,171.80413,"Elgin",2094,"Ashburton",100003,"Canterbury",1010,10.6,15.3,2.1
"19106","20191231:0000",-43.90328,171.80413,"Elgin",2094,"Ashburton",100003,"Canterbury",1010,17,17.8,9.7
"19107","20200101:0000",-43.90328,171.80413,"Elgin",2094,"Ashburton",100003,"Canterbury",1010,15,20.4,0
"19108","20200102:0000",-43.90328,171.80413,"Elgin",2094,"Ashburton",100003,"Canterbury",1010,14.3,17.65,5.1
"19109","20200103:0000",-43.90328,171.80413,"Elgin",2094,"Ashburton",100003,"Canterbury",1010,4,13.75,0.3
"19110","20200104:0000",-43.90328,171.80413,"Elgin",2094,"Ashburton",100003,"Canterbury",1010,7.4,11.55,13
"19111","20200105:0000",-43.90328,171.80413,"Elgin",2094,"Ashburton",100003,"Canterbury",1010,25,17.2,7.6
"19112","20200106:0000",-43.90328,171.80413,"Elgin",2094,"Ashburton",100003,"Canterbury",1010,12.3,13.55,6.4
"19113","20200107:0000",-43.90328,171.80413,"Elgin",2094,"Ashburton",100003,"Canterbury",1010,25,13,6.1
"19114","20200108:0000",-43.90328,171.80413,"Elgin",2094,"Ashburton",100003,"Canterbury",1010,4.3,13.55,5.6
"19115","20200109:0000",-43.90328,171.80413,"Elgin",2094,"Ashburton",100003,"Canterbury",1010,9,14.25,6.9
"19116","20200110:0000",-43.90328,171.80413,"Elgin",2094,"Ashburton",100003,"Canterbury",1010,1.6,14.85,6.4
"19117","20200111:0000",-43.90328,171.80413,"Elgin",2094,"Ashburton",100003,"Canterbury",1010,16,18.7,2.4
"19118","20200112:0000",-43.90328,171.80413,"Elgin",2094,"Ashburton",100003,"Canterbury",1010,18,22.65,9.9
"19119","20200113:0000",-43.90328,171.80413,"Elgin",2094,"Ashburton",100003,"Canterbury",1010,9.2,12.85,5.3
"19120","20200114:0000",-43.90328,171.80413,"Elgin",2094,"Ashburton",100003,"Canterbury",1010,6,12.25,12.8
"19121","20200115:0000",-43.90328,171.80413,"Elgin",2094,"Ashburton",100003,"Canterbury",1010,13.3,11.65,11.9
"19122","20200116:0000",-43.90328,171.80413,"Elgin",2094,"Ashburton",100003,"Canterbury",1010,10.5,12.7,14
"19123","20200117:0000",-43.90328,171.80413,"Elgin",2094,"Ashburton",100003,"Canterbury",1010,18.5,15.9,14.4
"19124","20200118:0000",-43.90328,171.80413,"Elgin",2094,"Ashburton",100003,"Canterbury",1010,21,16.1,13.1
"19125","20200119:0000",-43.90328,171.80413,"Elgin",2094,"Ashburton",100003,"Canterbury",1010,14.4,16.9,11.6
"19126","20200120:0000",-43.90328,171.80413,"Elgin",2094,"Ashburton",100003,"Canterbury",1010,2.3,16.95,10
"19127","20200121:0000",-43.90328,171.80413,"Elgin",2094,"Ashburton",100003,"Canterbury",1010,3.8,17.8,4.7
"19128","20200122:0000",-43.90328,171.80413,"Elgin",2094,"Ashburton",100003,"Canterbury",1010,11.6,20.05,9
"19129","20200123:0000",-43.90328,171.80413,"Elgin",2094,"Ashburton",100003,"Canterbury",1010,8.6,15.9,6.1
"19130","20200124:0000",-43.90328,171.80413,"Elgin",2094,"Ashburton",100003,"Canterbury",1010,14.5,19.15,12.4
"19131","20200125:0000",-43.90328,171.80413,"Elgin",2094,"Ashburton",100003,"Canterbury",1010,8.4,23.65,4
"19132","20200126:0000",-43.90328,171.80413,"Elgin",2094,"Ashburton",100003,"Canterbury",1010,4.6,18.15,12.3
"19133","20200127:0000",-43.90328,171.80413,"Elgin",2094,"Ashburton",100003,"Canterbury",1010,2,18.15,0.3
"19134","20200128:0000",-43.90328,171.80413,"Elgin",2094,"Ashburton",100003,"Canterbury",1010,9,19.15,3.1
"19135","20200129:0000",-43.90328,171.80413,"Elgin",2094,"Ashburton",100003,"Canterbury",1010,4.9,21.45,4.8
"19136","20200130:0000",-43.90328,171.80413,"Elgin",2094,"Ashburton",100003,"Canterbury",1010,10.3,19.25,NA
"19137","20200131:0000",-43.90328,171.80413,"Elgin",2094,"Ashburton",100003,"Canterbury",1010,16.3,17.4,8
"19138","20200201:0000",-43.90328,171.80413,"Elgin",2094,"Ashburton",100003,"Canterbury",1010,6.4,17.25,3.7
"19139","20200202:0000",-43.90328,171.80413,"Elgin",2094,"Ashburton",100003,"Canterbury",1010,25.9,25.5,11.2
"19140","20200203:0000",-43.90328,171.80413,"Elgin",2094,"Ashburton",100003,"Canterbury",1010,38.4,24.3,13
"19141","20200204:0000",-43.90328,171.80413,"Elgin",2094,"Ashburton",100003,"Canterbury",1010,16.3,15.95,0
"19142","20200205:0000",-43.90328,171.80413,"Elgin",2094,"Ashburton",100003,"Canterbury",1010,10.5,14,7.6
"19143","20200206:0000",-43.90328,171.80413,"Elgin",2094,"Ashburton",100003,"Canterbury",1010,8.6,13.7,5
"19144","20200207:0000",-43.90328,171.80413,"Elgin",2094,"Ashburton",100003,"Canterbury",1010,3.6,13.9,7.9
"19145","20200208:0000",-43.90328,171.80413,"Elgin",2094,"Ashburton",100003,"Canterbury",1010,7.6,11.35,2.1
"19146","20200209:0000",-43.90328,171.80413,"Elgin",2094,"Ashburton",100003,"Canterbury",1010,10,13.4,13.2
"19147","20200210:0000",-43.90328,171.80413,"Elgin",2094,"Ashburton",100003,"Canterbury",1010,8,14.6,12.2
"19148","20200211:0000",-43.90328,171.80413,"Elgin",2094,"Ashburton",100003,"Canterbury",1010,6.5,13.4,11.7
"19149","20200212:0000",-43.90328,171.80413,"Elgin",2094,"Ashburton",100003,"Canterbury",1010,14,18.6,9.5
"19150","20200213:0000",-43.90328,171.80413,"Elgin",2094,"Ashburton",100003,"Canterbury",1010,2.2,18.45,7.1
"19151","20200214:0000",-43.90328,171.80413,"Elgin",2094,"Ashburton",100003,"Canterbury",1010,11,13.45,0
"19152","20200215:0000",-43.90328,171.80413,"Elgin",2094,"Ashburton",100003,"Canterbury",1010,17.3,16.9,4.1
"19153","20200216:0000",-43.90328,171.80413,"Elgin",2094,"Ashburton",100003,"Canterbury",1010,20.2,19.85,5.9
"19154","20200217:0000",-43.90328,171.80413,"Elgin",2094,"Ashburton",100003,"Canterbury",1010,12.7,25.9,6.5
"19155","20200218:0000",-43.90328,171.80413,"Elgin",2094,"Ashburton",100003,"Canterbury",1010,9.4,18.75,7.8
"19156","20200219:0000",-43.90328,171.80413,"Elgin",2094,"Ashburton",100003,"Canterbury",1010,7.4,16.65,3.8
"19157","20180101:0000",-43.89658,171.7472,"Ashburton",8779,"Ashburton",100003,"Canterbury",1010,NA,16.25,NA
"19158","20180102:0000",-43.89658,171.7472,"Ashburton",8779,"Ashburton",100003,"Canterbury",1010,NA,19,NA
"19159","20180103:0000",-43.89658,171.7472,"Ashburton",8779,"Ashburton",100003,"Canterbury",1010,NA,20.25,NA
"19160","20180104:0000",-43.89658,171.7472,"Ashburton",8779,"Ashburton",100003,"Canterbury",1010,NA,21.75,NA
"19161","20180105:0000",-43.89658,171.7472,"Ashburton",8779,"Ashburton",100003,"Canterbury",1010,NA,21.5,NA
"19162","20180106:0000",-43.89658,171.7472,"Ashburton",8779,"Ashburton",100003,"Canterbury",1010,NA,14.75,NA
"19163","20180107:0000",-43.89658,171.7472,"Ashburton",8779,"Ashburton",100003,"Canterbury",1010,NA,14.25,NA
"19164","20180108:0000",-43.89658,171.7472,"Ashburton",8779,"Ashburton",100003,"Canterbury",1010,NA,18.25,NA
"19165","20180109:0000",-43.89658,171.7472,"Ashburton",8779,"Ashburton",100003,"Canterbury",1010,NA,18,NA
"19166","20180110:0000",-43.89658,171.7472,"Ashburton",8779,"Ashburton",100003,"Canterbury",1010,NA,15,NA
"19167","20180111:0000",-43.89658,171.7472,"Ashburton",8779,"Ashburton",100003,"Canterbury",1010,NA,9,NA
"19168","20180112:0000",-43.89658,171.7472,"Ashburton",8779,"Ashburton",100003,"Canterbury",1010,NA,11.75,NA
"19169","20180113:0000",-43.89658,171.7472,"Ashburton",8779,"Ashburton",100003,"Canterbury",1010,NA,18,NA
"19170","20180114:0000",-43.89658,171.7472,"Ashburton",8779,"Ashburton",100003,"Canterbury",1010,NA,22,NA
"19171","20180115:0000",-43.89658,171.7472,"Ashburton",8779,"Ashburton",100003,"Canterbury",1010,NA,21.75,NA
"19172","20180116:0000",-43.89658,171.7472,"Ashburton",8779,"Ashburton",100003,"Canterbury",1010,NA,26.5,NA
"19173","20180117:0000",-43.89658,171.7472,"Ashburton",8779,"Ashburton",100003,"Canterbury",1010,NA,20.5,NA
"19174","20180118:0000",-43.89658,171.7472,"Ashburton",8779,"Ashburton",100003,"Canterbury",1010,NA,18,NA
"19175","20180119:0000",-43.89658,171.7472,"Ashburton",8779,"Ashburton",100003,"Canterbury",1010,NA,21.25,NA
"19176","20180120:0000",-43.89658,171.7472,"Ashburton",8779,"Ashburton",100003,"Canterbury",1010,NA,22,NA
"19177","20180121:0000",-43.89658,171.7472,"Ashburton",8779,"Ashburton",100003,"Canterbury",1010,NA,19,NA
"19178","20180122:0000",-43.89658,171.7472,"Ashburton",8779,"Ashburton",100003,"Canterbury",1010,NA,20,NA
"19179","20180123:0000",-43.89658,171.7472,"Ashburton",8779,"Ashburton",100003,"Canterbury",1010,NA,19.25,NA
"19180","20180124:0000",-43.89658,171.7472,"Ashburton",8779,"Ashburton",100003,"Canterbury",1010,NA,21,NA
"19181","20180125:0000",-43.89658,171.7472,"Ashburton",8779,"Ashburton",100003,"Canterbury",1010,NA,20.25,NA
"19182","20180126:0000",-43.89658,171.7472,"Ashburton",8779,"Ashburton",100003,"Canterbury",1010,NA,19.75,NA
"19183","20180127:0000",-43.89658,171.7472,"Ashburton",8779,"Ashburton",100003,"Canterbury",1010,NA,22.5,NA
"19184","20180128:0000",-43.89658,171.7472,"Ashburton",8779,"Ashburton",100003,"Canterbury",1010,NA,24.5,NA
"19185","20180129:0000",-43.89658,171.7472,"Ashburton",8779,"Ashburton",100003,"Canterbury",1010,NA,17.5,NA
"19186","20180130:0000",-43.89658,171.7472,"Ashburton",8779,"Ashburton",100003,"Canterbury",1010,NA,22.5,NA
"19187","20180131:0000",-43.89658,171.7472,"Ashburton",8779,"Ashburton",100003,"Canterbury",1010,NA,20.75,NA
"19188","20180201:0000",-43.89658,171.7472,"Ashburton",8779,"Ashburton",100003,"Canterbury",1010,NA,23.5,NA
"19189","20180202:0000",-43.89658,171.7472,"Ashburton",8779,"Ashburton",100003,"Canterbury",1010,NA,13.25,NA
"19190","20180203:0000",-43.89658,171.7472,"Ashburton",8779,"Ashburton",100003,"Canterbury",1010,NA,13.25,NA
"19191","20180204:0000",-43.89658,171.7472,"Ashburton",8779,"Ashburton",100003,"Canterbury",1010,NA,17,NA
"19192","20180205:0000",-43.89658,171.7472,"Ashburton",8779,"Ashburton",100003,"Canterbury",1010,NA,19.5,NA
"19193","20180206:0000",-43.89658,171.7472,"Ashburton",8779,"Ashburton",100003,"Canterbury",1010,NA,12.5,NA
"19194","20180207:0000",-43.89658,171.7472,"Ashburton",8779,"Ashburton",100003,"Canterbury",1010,NA,15,NA
"19195","20180208:0000",-43.89658,171.7472,"Ashburton",8779,"Ashburton",100003,"Canterbury",1010,NA,16.5,NA
"19196","20180209:0000",-43.89658,171.7472,"Ashburton",8779,"Ashburton",100003,"Canterbury",1010,NA,17.5,NA
"19197","20180210:0000",-43.89658,171.7472,"Ashburton",8779,"Ashburton",100003,"Canterbury",1010,NA,16.5,NA
"19198","20180211:0000",-43.89658,171.7472,"Ashburton",8779,"Ashburton",100003,"Canterbury",1010,NA,18.5,NA
"19199","20180212:0000",-43.89658,171.7472,"Ashburton",8779,"Ashburton",100003,"Canterbury",1010,NA,16.75,NA
"19200","20180213:0000",-43.89658,171.7472,"Ashburton",8779,"Ashburton",100003,"Canterbury",1010,NA,20.75,NA
"19201","20180214:0000",-43.89658,171.7472,"Ashburton",8779,"Ashburton",100003,"Canterbury",1010,NA,16.25,NA
"19202","20180215:0000",-43.89658,171.7472,"Ashburton",8779,"Ashburton",100003,"Canterbury",1010,NA,21.25,NA
"19203","20180216:0000",-43.89658,171.7472,"Ashburton",8779,"Ashburton",100003,"Canterbury",1010,NA,22,NA
"19204","20180217:0000",-43.89658,171.7472,"Ashburton",8779,"Ashburton",100003,"Canterbury",1010,NA,19.5,NA
"19205","20180218:0000",-43.89658,171.7472,"Ashburton",8779,"Ashburton",100003,"Canterbury",1010,NA,20.25,NA
"19206","20180219:0000",-43.89658,171.7472,"Ashburton",8779,"Ashburton",100003,"Canterbury",1010,NA,16,NA
"19207","20180220:0000",-43.89658,171.7472,"Ashburton",8779,"Ashburton",100003,"Canterbury",1010,NA,13.25,NA
"19208","20180221:0000",-43.89658,171.7472,"Ashburton",8779,"Ashburton",100003,"Canterbury",1010,NA,11.5,NA
"19209","20180222:0000",-43.89658,171.7472,"Ashburton",8779,"Ashburton",100003,"Canterbury",1010,NA,14,NA
"19210","20180223:0000",-43.89658,171.7472,"Ashburton",8779,"Ashburton",100003,"Canterbury",1010,NA,14,NA
"19211","20180224:0000",-43.89658,171.7472,"Ashburton",8779,"Ashburton",100003,"Canterbury",1010,NA,16.5,NA
"19212","20180225:0000",-43.89658,171.7472,"Ashburton",8779,"Ashburton",100003,"Canterbury",1010,NA,17.5,NA
"19213","20180226:0000",-43.89658,171.7472,"Ashburton",8779,"Ashburton",100003,"Canterbury",1010,NA,14.25,NA
"19214","20180227:0000",-43.89658,171.7472,"Ashburton",8779,"Ashburton",100003,"Canterbury",1010,NA,14.5,NA
"19215","20180228:0000",-43.89658,171.7472,"Ashburton",8779,"Ashburton",100003,"Canterbury",1010,NA,17.75,NA
"19216","20180301:0000",-43.89658,171.7472,"Ashburton",8779,"Ashburton",100003,"Canterbury",1010,NA,17.25,NA
"19217","20180302:0000",-43.89658,171.7472,"Ashburton",8779,"Ashburton",100003,"Canterbury",1010,NA,20.5,NA
"19218","20180303:0000",-43.89658,171.7472,"Ashburton",8779,"Ashburton",100003,"Canterbury",1010,NA,20.5,NA
"19219","20180304:0000",-43.89658,171.7472,"Ashburton",8779,"Ashburton",100003,"Canterbury",1010,NA,22,NA
"19220","20180305:0000",-43.89658,171.7472,"Ashburton",8779,"Ashburton",100003,"Canterbury",1010,NA,18.75,NA
"19221","20180306:0000",-43.89658,171.7472,"Ashburton",8779,"Ashburton",100003,"Canterbury",1010,NA,12.5,NA
"19222","20180307:0000",-43.89658,171.7472,"Ashburton",8779,"Ashburton",100003,"Canterbury",1010,NA,13.25,NA
"19223","20180308:0000",-43.89658,171.7472,"Ashburton",8779,"Ashburton",100003,"Canterbury",1010,NA,11.75,NA
"19224","20180309:0000",-43.89658,171.7472,"Ashburton",8779,"Ashburton",100003,"Canterbury",1010,NA,14.75,NA
"19225","20180310:0000",-43.89658,171.7472,"Ashburton",8779,"Ashburton",100003,"Canterbury",1010,NA,13.5,NA
"19226","20180311:0000",-43.89658,171.7472,"Ashburton",8779,"Ashburton",100003,"Canterbury",1010,NA,16.5,NA
"19227","20180312:0000",-43.89658,171.7472,"Ashburton",8779,"Ashburton",100003,"Canterbury",1010,NA,17.75,NA
"19228","20180313:0000",-43.89658,171.7472,"Ashburton",8779,"Ashburton",100003,"Canterbury",1010,NA,12.75,NA
"19229","20180314:0000",-43.89658,171.7472,"Ashburton",8779,"Ashburton",100003,"Canterbury",1010,NA,14.5,NA
"19230","20180315:0000",-43.89658,171.7472,"Ashburton",8779,"Ashburton",100003,"Canterbury",1010,NA,16,NA
"19231","20180316:0000",-43.89658,171.7472,"Ashburton",8779,"Ashburton",100003,"Canterbury",1010,NA,18,NA
"19232","20180317:0000",-43.89658,171.7472,"Ashburton",8779,"Ashburton",100003,"Canterbury",1010,NA,12.5,NA
"19233","20180318:0000",-43.89658,171.7472,"Ashburton",8779,"Ashburton",100003,"Canterbury",1010,NA,14.5,NA
"19234","20180319:0000",-43.89658,171.7472,"Ashburton",8779,"Ashburton",100003,"Canterbury",1010,NA,17.25,NA
"19235","20180320:0000",-43.89658,171.7472,"Ashburton",8779,"Ashburton",100003,"Canterbury",1010,NA,21.5,NA
"19236","20180321:0000",-43.89658,171.7472,"Ashburton",8779,"Ashburton",100003,"Canterbury",1010,NA,16.75,NA
"19237","20180322:0000",-43.89658,171.7472,"Ashburton",8779,"Ashburton",100003,"Canterbury",1010,NA,9.75,NA
"19238","20180323:0000",-43.89658,171.7472,"Ashburton",8779,"Ashburton",100003,"Canterbury",1010,NA,10.5,NA
"19239","20180324:0000",-43.89658,171.7472,"Ashburton",8779,"Ashburton",100003,"Canterbury",1010,NA,12.25,NA
"19240","20180325:0000",-43.89658,171.7472,"Ashburton",8779,"Ashburton",100003,"Canterbury",1010,NA,14.75,NA
"19241","20180326:0000",-43.89658,171.7472,"Ashburton",8779,"Ashburton",100003,"Canterbury",1010,NA,18.5,NA
"19242","20180327:0000",-43.89658,171.7472,"Ashburton",8779,"Ashburton",100003,"Canterbury",1010,NA,19.75,NA
"19243","20180328:0000",-43.89658,171.7472,"Ashburton",8779,"Ashburton",100003,"Canterbury",1010,NA,16.75,NA
"19244","20180329:0000",-43.89658,171.7472,"Ashburton",8779,"Ashburton",100003,"Canterbury",1010,NA,15.25,NA
"19245","20180330:0000",-43.89658,171.7472,"Ashburton",8779,"Ashburton",100003,"Canterbury",1010,NA,16,NA
"19246","20180331:0000",-43.89658,171.7472,"Ashburton",8779,"Ashburton",100003,"Canterbury",1010,NA,18,NA
"19247","20180401:0000",-43.89658,171.7472,"Ashburton",8779,"Ashburton",100003,"Canterbury",1010,NA,11.5,NA
"19248","20180402:0000",-43.89658,171.7472,"Ashburton",8779,"Ashburton",100003,"Canterbury",1010,NA,12.5,NA
"19249","20180403:0000",-43.89658,171.7472,"Ashburton",8779,"Ashburton",100003,"Canterbury",1010,NA,19.75,NA
"19250","20180404:0000",-43.89658,171.7472,"Ashburton",8779,"Ashburton",100003,"Canterbury",1010,NA,16.75,NA
"19251","20180405:0000",-43.89658,171.7472,"Ashburton",8779,"Ashburton",100003,"Canterbury",1010,NA,16,NA
"19252","20180406:0000",-43.89658,171.7472,"Ashburton",8779,"Ashburton",100003,"Canterbury",1010,NA,18.5,NA
"19253","20180407:0000",-43.89658,171.7472,"Ashburton",8779,"Ashburton",100003,"Canterbury",1010,NA,12.75,NA
"19254","20180408:0000",-43.89658,171.7472,"Ashburton",8779,"Ashburton",100003,"Canterbury",1010,NA,12.5,NA
"19255","20180409:0000",-43.89658,171.7472,"Ashburton",8779,"Ashburton",100003,"Canterbury",1010,NA,10.5,NA
"19256","20180410:0000",-43.89658,171.7472,"Ashburton",8779,"Ashburton",100003,"Canterbury",1010,NA,6,NA
"19257","20180411:0000",-43.89658,171.7472,"Ashburton",8779,"Ashburton",100003,"Canterbury",1010,NA,7.5,NA
"19258","20180412:0000",-43.89658,171.7472,"Ashburton",8779,"Ashburton",100003,"Canterbury",1010,NA,7,NA
"19259","20180413:0000",-43.89658,171.7472,"Ashburton",8779,"Ashburton",100003,"Canterbury",1010,NA,8.75,NA
"19260","20180414:0000",-43.89658,171.7472,"Ashburton",8779,"Ashburton",100003,"Canterbury",1010,NA,7.5,NA
"19261","20180415:0000",-43.89658,171.7472,"Ashburton",8779,"Ashburton",100003,"Canterbury",1010,NA,8.75,NA
"19262","20180416:0000",-43.89658,171.7472,"Ashburton",8779,"Ashburton",100003,"Canterbury",1010,NA,11,NA
"19263","20180417:0000",-43.89658,171.7472,"Ashburton",8779,"Ashburton",100003,"Canterbury",1010,NA,14.25,NA
"19264","20180418:0000",-43.89658,171.7472,"Ashburton",8779,"Ashburton",100003,"Canterbury",1010,NA,9.75,NA
"19265","20180419:0000",-43.89658,171.7472,"Ashburton",8779,"Ashburton",100003,"Canterbury",1010,NA,13.25,NA
"19266","20180420:0000",-43.89658,171.7472,"Ashburton",8779,"Ashburton",100003,"Canterbury",1010,NA,16.5,NA
"19267","20180421:0000",-43.89658,171.7472,"Ashburton",8779,"Ashburton",100003,"Canterbury",1010,NA,12.25,NA
"19268","20180422:0000",-43.89658,171.7472,"Ashburton",8779,"Ashburton",100003,"Canterbury",1010,NA,9,NA
"19269","20180423:0000",-43.89658,171.7472,"Ashburton",8779,"Ashburton",100003,"Canterbury",1010,NA,10.5,NA
"19270","20180424:0000",-43.89658,171.7472,"Ashburton",8779,"Ashburton",100003,"Canterbury",1010,NA,11.5,NA
"19271","20180425:0000",-43.89658,171.7472,"Ashburton",8779,"Ashburton",100003,"Canterbury",1010,NA,11,NA
"19272","20180426:0000",-43.89658,171.7472,"Ashburton",8779,"Ashburton",100003,"Canterbury",1010,NA,14.75,NA
"19273","20180427:0000",-43.89658,171.7472,"Ashburton",8779,"Ashburton",100003,"Canterbury",1010,NA,13,NA
"19274","20180428:0000",-43.89658,171.7472,"Ashburton",8779,"Ashburton",100003,"Canterbury",1010,NA,11.25,NA
"19275","20180429:0000",-43.89658,171.7472,"Ashburton",8779,"Ashburton",100003,"Canterbury",1010,NA,9.75,NA
"19276","20180430:0000",-43.89658,171.7472,"Ashburton",8779,"Ashburton",100003,"Canterbury",1010,NA,10.5,NA
"19277","20180501:0000",-43.89658,171.7472,"Ashburton",8779,"Ashburton",100003,"Canterbury",1010,NA,11.5,NA
"19278","20180502:0000",-43.89658,171.7472,"Ashburton",8779,"Ashburton",100003,"Canterbury",1010,NA,11.5,NA
"19279","20180503:0000",-43.89658,171.7472,"Ashburton",8779,"Ashburton",100003,"Canterbury",1010,NA,9.75,NA
"19280","20180504:0000",-43.89658,171.7472,"Ashburton",8779,"Ashburton",100003,"Canterbury",1010,NA,11.5,NA
"19281","20180505:0000",-43.89658,171.7472,"Ashburton",8779,"Ashburton",100003,"Canterbury",1010,NA,12.25,NA
"19282","20180506:0000",-43.89658,171.7472,"Ashburton",8779,"Ashburton",100003,"Canterbury",1010,NA,12.75,NA
"19283","20180507:0000",-43.89658,171.7472,"Ashburton",8779,"Ashburton",100003,"Canterbury",1010,NA,13.25,NA
"19284","20180508:0000",-43.89658,171.7472,"Ashburton",8779,"Ashburton",100003,"Canterbury",1010,NA,15.25,NA
"19285","20180509:0000",-43.89658,171.7472,"Ashburton",8779,"Ashburton",100003,"Canterbury",1010,NA,15.25,NA
"19286","20180510:0000",-43.89658,171.7472,"Ashburton",8779,"Ashburton",100003,"Canterbury",1010,NA,11.5,NA
"19287","20180511:0000",-43.89658,171.7472,"Ashburton",8779,"Ashburton",100003,"Canterbury",1010,NA,14,NA
"19288","20180512:0000",-43.89658,171.7472,"Ashburton",8779,"Ashburton",100003,"Canterbury",1010,NA,11,NA
"19289","20180513:0000",-43.89658,171.7472,"Ashburton",8779,"Ashburton",100003,"Canterbury",1010,NA,6.75,NA
"19290","20180514:0000",-43.89658,171.7472,"Ashburton",8779,"Ashburton",100003,"Canterbury",1010,NA,8,NA
"19291","20180515:0000",-43.89658,171.7472,"Ashburton",8779,"Ashburton",100003,"Canterbury",1010,NA,8.25,NA
"19292","20180516:0000",-43.89658,171.7472,"Ashburton",8779,"Ashburton",100003,"Canterbury",1010,NA,7,NA
"19293","20180517:0000",-43.89658,171.7472,"Ashburton",8779,"Ashburton",100003,"Canterbury",1010,NA,9,NA
"19294","20180518:0000",-43.89658,171.7472,"Ashburton",8779,"Ashburton",100003,"Canterbury",1010,NA,10,NA
"19295","20180519:0000",-43.89658,171.7472,"Ashburton",8779,"Ashburton",100003,"Canterbury",1010,NA,10,NA
"19296","20180520:0000",-43.89658,171.7472,"Ashburton",8779,"Ashburton",100003,"Canterbury",1010,NA,10.5,NA
"19297","20180521:0000",-43.89658,171.7472,"Ashburton",8779,"Ashburton",100003,"Canterbury",1010,NA,8.25,NA
"19298","20180522:0000",-43.89658,171.7472,"Ashburton",8779,"Ashburton",100003,"Canterbury",1010,NA,7.25,NA
"19299","20180523:0000",-43.89658,171.7472,"Ashburton",8779,"Ashburton",100003,"Canterbury",1010,NA,7.25,NA
"19300","20180524:0000",-43.89658,171.7472,"Ashburton",8779,"Ashburton",100003,"Canterbury",1010,NA,6,NA
"19301","20180525:0000",-43.89658,171.7472,"Ashburton",8779,"Ashburton",100003,"Canterbury",1010,NA,5.5,NA
"19302","20180526:0000",-43.89658,171.7472,"Ashburton",8779,"Ashburton",100003,"Canterbury",1010,NA,6,NA
"19303","20180527:0000",-43.89658,171.7472,"Ashburton",8779,"Ashburton",100003,"Canterbury",1010,NA,6.5,NA
"19304","20180528:0000",-43.89658,171.7472,"Ashburton",8779,"Ashburton",100003,"Canterbury",1010,NA,5.25,NA
"19305","20180529:0000",-43.89658,171.7472,"Ashburton",8779,"Ashburton",100003,"Canterbury",1010,NA,4,NA
"19306","20180530:0000",-43.89658,171.7472,"Ashburton",8779,"Ashburton",100003,"Canterbury",1010,NA,4.25,NA
"19307","20180531:0000",-43.89658,171.7472,"Ashburton",8779,"Ashburton",100003,"Canterbury",1010,NA,4.25,NA
"19308","20180601:0000",-43.89658,171.7472,"Ashburton",8779,"Ashburton",100003,"Canterbury",1010,NA,6.5,NA
"19309","20180602:0000",-43.89658,171.7472,"Ashburton",8779,"Ashburton",100003,"Canterbury",1010,NA,6.5,NA
"19310","20180603:0000",-43.89658,171.7472,"Ashburton",8779,"Ashburton",100003,"Canterbury",1010,NA,5,NA
"19311","20180604:0000",-43.89658,171.7472,"Ashburton",8779,"Ashburton",100003,"Canterbury",1010,NA,6,NA
"19312","20180605:0000",-43.89658,171.7472,"Ashburton",8779,"Ashburton",100003,"Canterbury",1010,NA,8.5,NA
"19313","20180606:0000",-43.89658,171.7472,"Ashburton",8779,"Ashburton",100003,"Canterbury",1010,NA,5.5,NA
"19314","20180607:0000",-43.89658,171.7472,"Ashburton",8779,"Ashburton",100003,"Canterbury",1010,NA,9.75,NA
"19315","20180608:0000",-43.89658,171.7472,"Ashburton",8779,"Ashburton",100003,"Canterbury",1010,NA,8.5,NA
"19316","20180609:0000",-43.89658,171.7472,"Ashburton",8779,"Ashburton",100003,"Canterbury",1010,NA,9,NA
"19317","20180610:0000",-43.89658,171.7472,"Ashburton",8779,"Ashburton",100003,"Canterbury",1010,NA,8.5,NA
"19318","20180611:0000",-43.89658,171.7472,"Ashburton",8779,"Ashburton",100003,"Canterbury",1010,NA,8.5,NA
"19319","20180612:0000",-43.89658,171.7472,"Ashburton",8779,"Ashburton",100003,"Canterbury",1010,NA,6.75,NA
"19320","20180613:0000",-43.89658,171.7472,"Ashburton",8779,"Ashburton",100003,"Canterbury",1010,NA,7.75,NA
"19321","20180614:0000",-43.89658,171.7472,"Ashburton",8779,"Ashburton",100003,"Canterbury",1010,NA,8.75,NA
"19322","20180615:0000",-43.89658,171.7472,"Ashburton",8779,"Ashburton",100003,"Canterbury",1010,NA,7,NA
"19323","20180616:0000",-43.89658,171.7472,"Ashburton",8779,"Ashburton",100003,"Canterbury",1010,NA,7.25,NA
"19324","20180617:0000",-43.89658,171.7472,"Ashburton",8779,"Ashburton",100003,"Canterbury",1010,NA,7.5,NA
"19325","20180618:0000",-43.89658,171.7472,"Ashburton",8779,"Ashburton",100003,"Canterbury",1010,NA,5.5,NA
"19326","20180619:0000",-43.89658,171.7472,"Ashburton",8779,"Ashburton",100003,"Canterbury",1010,NA,7.25,NA
"19327","20180620:0000",-43.89658,171.7472,"Ashburton",8779,"Ashburton",100003,"Canterbury",1010,NA,7.75,NA
"19328","20180621:0000",-43.89658,171.7472,"Ashburton",8779,"Ashburton",100003,"Canterbury",1010,NA,5.5,NA
"19329","20180622:0000",-43.89658,171.7472,"Ashburton",8779,"Ashburton",100003,"Canterbury",1010,NA,2.75,NA
"19330","20180623:0000",-43.89658,171.7472,"Ashburton",8779,"Ashburton",100003,"Canterbury",1010,NA,3,NA
"19331","20180624:0000",-43.89658,171.7472,"Ashburton",8779,"Ashburton",100003,"Canterbury",1010,NA,6,NA
"19332","20180625:0000",-43.89658,171.7472,"Ashburton",8779,"Ashburton",100003,"Canterbury",1010,NA,6.75,NA
"19333","20180626:0000",-43.89658,171.7472,"Ashburton",8779,"Ashburton",100003,"Canterbury",1010,NA,4.5,NA
"19334","20180627:0000",-43.89658,171.7472,"Ashburton",8779,"Ashburton",100003,"Canterbury",1010,NA,7.5,NA
"19335","20180628:0000",-43.89658,171.7472,"Ashburton",8779,"Ashburton",100003,"Canterbury",1010,NA,7.5,NA
"19336","20180629:0000",-43.89658,171.7472,"Ashburton",8779,"Ashburton",100003,"Canterbury",1010,NA,NA,NA
"19337","20180630:0000",-43.89658,171.7472,"Ashburton",8779,"Ashburton",100003,"Canterbury",1010,NA,NA,NA
"19338","20180701:0000",-43.89658,171.7472,"Ashburton",8779,"Ashburton",100003,"Canterbury",1010,NA,9,NA
"19339","20180702:0000",-43.89658,171.7472,"Ashburton",8779,"Ashburton",100003,"Canterbury",1010,NA,8.75,NA
"19340","20180703:0000",-43.89658,171.7472,"Ashburton",8779,"Ashburton",100003,"Canterbury",1010,NA,5.5,NA
"19341","20180704:0000",-43.89658,171.7472,"Ashburton",8779,"Ashburton",100003,"Canterbury",1010,NA,6.5,NA
"19342","20180705:0000",-43.89658,171.7472,"Ashburton",8779,"Ashburton",100003,"Canterbury",1010,NA,5.25,NA
"19343","20180706:0000",-43.89658,171.7472,"Ashburton",8779,"Ashburton",100003,"Canterbury",1010,NA,8.75,NA
"19344","20180707:0000",-43.89658,171.7472,"Ashburton",8779,"Ashburton",100003,"Canterbury",1010,NA,12,NA
"19345","20180708:0000",-43.89658,171.7472,"Ashburton",8779,"Ashburton",100003,"Canterbury",1010,NA,9.75,NA
"19346","20180709:0000",-43.89658,171.7472,"Ashburton",8779,"Ashburton",100003,"Canterbury",1010,NA,9.25,NA
"19347","20180710:0000",-43.89658,171.7472,"Ashburton",8779,"Ashburton",100003,"Canterbury",1010,NA,6.25,NA
"19348","20180711:0000",-43.89658,171.7472,"Ashburton",8779,"Ashburton",100003,"Canterbury",1010,NA,NA,NA
"19349","20180712:0000",-43.89658,171.7472,"Ashburton",8779,"Ashburton",100003,"Canterbury",1010,NA,NA,NA
"19350","20180713:0000",-43.89658,171.7472,"Ashburton",8779,"Ashburton",100003,"Canterbury",1010,NA,NA,NA
"19351","20180714:0000",-43.89658,171.7472,"Ashburton",8779,"Ashburton",100003,"Canterbury",1010,NA,NA,NA
"19352","20180715:0000",-43.89658,171.7472,"Ashburton",8779,"Ashburton",100003,"Canterbury",1010,NA,NA,NA
"19353","20180716:0000",-43.89658,171.7472,"Ashburton",8779,"Ashburton",100003,"Canterbury",1010,NA,NA,NA
"19354","20180717:0000",-43.89658,171.7472,"Ashburton",8779,"Ashburton",100003,"Canterbury",1010,NA,NA,NA
"19355","20180718:0000",-43.89658,171.7472,"Ashburton",8779,"Ashburton",100003,"Canterbury",1010,NA,NA,NA
"19356","20180719:0000",-43.89658,171.7472,"Ashburton",8779,"Ashburton",100003,"Canterbury",1010,NA,NA,NA
"19357","20180720:0000",-43.89658,171.7472,"Ashburton",8779,"Ashburton",100003,"Canterbury",1010,NA,NA,NA
"19358","20180721:0000",-43.89658,171.7472,"Ashburton",8779,"Ashburton",100003,"Canterbury",1010,NA,NA,NA
"19359","20180722:0000",-43.89658,171.7472,"Ashburton",8779,"Ashburton",100003,"Canterbury",1010,NA,NA,NA
"19360","20180723:0000",-43.89658,171.7472,"Ashburton",8779,"Ashburton",100003,"Canterbury",1010,NA,NA,NA
"19361","20180724:0000",-43.89658,171.7472,"Ashburton",8779,"Ashburton",100003,"Canterbury",1010,NA,NA,NA
"19362","20180725:0000",-43.89658,171.7472,"Ashburton",8779,"Ashburton",100003,"Canterbury",1010,NA,NA,NA
"19363","20180726:0000",-43.89658,171.7472,"Ashburton",8779,"Ashburton",100003,"Canterbury",1010,NA,NA,NA
"19364","20180727:0000",-43.89658,171.7472,"Ashburton",8779,"Ashburton",100003,"Canterbury",1010,NA,NA,NA
"19365","20180728:0000",-43.89658,171.7472,"Ashburton",8779,"Ashburton",100003,"Canterbury",1010,NA,NA,NA
"19366","20180729:0000",-43.89658,171.7472,"Ashburton",8779,"Ashburton",100003,"Canterbury",1010,NA,NA,NA
"19367","20180730:0000",-43.89658,171.7472,"Ashburton",8779,"Ashburton",100003,"Canterbury",1010,NA,NA,NA
"19368","20180731:0000",-43.89658,171.7472,"Ashburton",8779,"Ashburton",100003,"Canterbury",1010,NA,NA,NA
"19369","20180801:0000",-43.89658,171.7472,"Ashburton",8779,"Ashburton",100003,"Canterbury",1010,NA,NA,NA
"19370","20180802:0000",-43.89658,171.7472,"Ashburton",8779,"Ashburton",100003,"Canterbury",1010,NA,NA,NA
"19371","20180803:0000",-43.89658,171.7472,"Ashburton",8779,"Ashburton",100003,"Canterbury",1010,NA,NA,NA
"19372","20180804:0000",-43.89658,171.7472,"Ashburton",8779,"Ashburton",100003,"Canterbury",1010,NA,NA,NA
"19373","20180805:0000",-43.89658,171.7472,"Ashburton",8779,"Ashburton",100003,"Canterbury",1010,NA,NA,NA
"19374","20180806:0000",-43.89658,171.7472,"Ashburton",8779,"Ashburton",100003,"Canterbury",1010,NA,NA,NA
"19375","20180807:0000",-43.89658,171.7472,"Ashburton",8779,"Ashburton",100003,"Canterbury",1010,NA,NA,NA
"19376","20180808:0000",-43.89658,171.7472,"Ashburton",8779,"Ashburton",100003,"Canterbury",1010,NA,NA,NA
"19377","20180809:0000",-43.89658,171.7472,"Ashburton",8779,"Ashburton",100003,"Canterbury",1010,NA,NA,NA
"19378","20180810:0000",-43.89658,171.7472,"Ashburton",8779,"Ashburton",100003,"Canterbury",1010,NA,NA,NA
"19379","20180811:0000",-43.89658,171.7472,"Ashburton",8779,"Ashburton",100003,"Canterbury",1010,NA,NA,NA
"19380","20180812:0000",-43.89658,171.7472,"Ashburton",8779,"Ashburton",100003,"Canterbury",1010,NA,NA,NA
"19381","20180813:0000",-43.89658,171.7472,"Ashburton",8779,"Ashburton",100003,"Canterbury",1010,NA,NA,NA
"19382","20180814:0000",-43.89658,171.7472,"Ashburton",8779,"Ashburton",100003,"Canterbury",1010,NA,NA,NA
"19383","20180815:0000",-43.89658,171.7472,"Ashburton",8779,"Ashburton",100003,"Canterbury",1010,NA,NA,NA
"19384","20180816:0000",-43.89658,171.7472,"Ashburton",8779,"Ashburton",100003,"Canterbury",1010,NA,NA,NA
"19385","20180817:0000",-43.89658,171.7472,"Ashburton",8779,"Ashburton",100003,"Canterbury",1010,NA,NA,NA
"19386","20180818:0000",-43.89658,171.7472,"Ashburton",8779,"Ashburton",100003,"Canterbury",1010,NA,NA,NA
"19387","20180819:0000",-43.89658,171.7472,"Ashburton",8779,"Ashburton",100003,"Canterbury",1010,NA,NA,NA
"19388","20180820:0000",-43.89658,171.7472,"Ashburton",8779,"Ashburton",100003,"Canterbury",1010,NA,NA,NA
"19389","20180821:0000",-43.89658,171.7472,"Ashburton",8779,"Ashburton",100003,"Canterbury",1010,NA,NA,NA
"19390","20180822:0000",-43.89658,171.7472,"Ashburton",8779,"Ashburton",100003,"Canterbury",1010,NA,NA,NA
"19391","20180823:0000",-43.89658,171.7472,"Ashburton",8779,"Ashburton",100003,"Canterbury",1010,NA,NA,NA
"19392","20180824:0000",-43.89658,171.7472,"Ashburton",8779,"Ashburton",100003,"Canterbury",1010,NA,NA,NA
"19393","20180825:0000",-43.89658,171.7472,"Ashburton",8779,"Ashburton",100003,"Canterbury",1010,NA,NA,NA
"19394","20180826:0000",-43.89658,171.7472,"Ashburton",8779,"Ashburton",100003,"Canterbury",1010,NA,NA,NA
"19395","20180827:0000",-43.89658,171.7472,"Ashburton",8779,"Ashburton",100003,"Canterbury",1010,NA,NA,NA
"19396","20180828:0000",-43.89658,171.7472,"Ashburton",8779,"Ashburton",100003,"Canterbury",1010,NA,NA,NA
"19397","20180829:0000",-43.89658,171.7472,"Ashburton",8779,"Ashburton",100003,"Canterbury",1010,NA,NA,NA
"19398","20180830:0000",-43.89658,171.7472,"Ashburton",8779,"Ashburton",100003,"Canterbury",1010,NA,NA,NA
"19399","20180831:0000",-43.89658,171.7472,"Ashburton",8779,"Ashburton",100003,"Canterbury",1010,NA,NA,NA
"19400","20180901:0000",-43.89658,171.7472,"Ashburton",8779,"Ashburton",100003,"Canterbury",1010,NA,11.75,NA
"19401","20180902:0000",-43.89658,171.7472,"Ashburton",8779,"Ashburton",100003,"Canterbury",1010,NA,9.5,NA
"19402","20180903:0000",-43.89658,171.7472,"Ashburton",8779,"Ashburton",100003,"Canterbury",1010,NA,8.25,NA
"19403","20180904:0000",-43.89658,171.7472,"Ashburton",8779,"Ashburton",100003,"Canterbury",1010,NA,10,NA
"19404","20180905:0000",-43.89658,171.7472,"Ashburton",8779,"Ashburton",100003,"Canterbury",1010,NA,8,NA
"19405","20180906:0000",-43.89658,171.7472,"Ashburton",8779,"Ashburton",100003,"Canterbury",1010,NA,8.5,NA
"19406","20180907:0000",-43.89658,171.7472,"Ashburton",8779,"Ashburton",100003,"Canterbury",1010,NA,8.5,NA
"19407","20180908:0000",-43.89658,171.7472,"Ashburton",8779,"Ashburton",100003,"Canterbury",1010,NA,9.3,NA
"19408","20180909:0000",-43.89658,171.7472,"Ashburton",8779,"Ashburton",100003,"Canterbury",1010,NA,NA,NA
"19409","20180910:0000",-43.89658,171.7472,"Ashburton",8779,"Ashburton",100003,"Canterbury",1010,NA,NA,NA
"19410","20180911:0000",-43.89658,171.7472,"Ashburton",8779,"Ashburton",100003,"Canterbury",1010,NA,10,NA
"19411","20180912:0000",-43.89658,171.7472,"Ashburton",8779,"Ashburton",100003,"Canterbury",1010,NA,9,NA
"19412","20180913:0000",-43.89658,171.7472,"Ashburton",8779,"Ashburton",100003,"Canterbury",1010,NA,9,NA
"19413","20180914:0000",-43.89658,171.7472,"Ashburton",8779,"Ashburton",100003,"Canterbury",1010,NA,10.5,NA
"19414","20180915:0000",-43.89658,171.7472,"Ashburton",8779,"Ashburton",100003,"Canterbury",1010,NA,13.5,NA
"19415","20180916:0000",-43.89658,171.7472,"Ashburton",8779,"Ashburton",100003,"Canterbury",1010,NA,16,NA
"19416","20180917:0000",-43.89658,171.7472,"Ashburton",8779,"Ashburton",100003,"Canterbury",1010,NA,12.5,NA
"19417","20180918:0000",-43.89658,171.7472,"Ashburton",8779,"Ashburton",100003,"Canterbury",1010,NA,9,NA
"19418","20180919:0000",-43.89658,171.7472,"Ashburton",8779,"Ashburton",100003,"Canterbury",1010,NA,15.25,NA
"19419","20180920:0000",-43.89658,171.7472,"Ashburton",8779,"Ashburton",100003,"Canterbury",1010,NA,9.25,NA
"19420","20180921:0000",-43.89658,171.7472,"Ashburton",8779,"Ashburton",100003,"Canterbury",1010,NA,10.5,NA
"19421","20180922:0000",-43.89658,171.7472,"Ashburton",8779,"Ashburton",100003,"Canterbury",1010,NA,10.25,NA
"19422","20180923:0000",-43.89658,171.7472,"Ashburton",8779,"Ashburton",100003,"Canterbury",1010,NA,11.75,NA
"19423","20180924:0000",-43.89658,171.7472,"Ashburton",8779,"Ashburton",100003,"Canterbury",1010,NA,7.75,NA
"19424","20180925:0000",-43.89658,171.7472,"Ashburton",8779,"Ashburton",100003,"Canterbury",1010,NA,8.75,NA
"19425","20180926:0000",-43.89658,171.7472,"Ashburton",8779,"Ashburton",100003,"Canterbury",1010,NA,6.5,NA
"19426","20180927:0000",-43.89658,171.7472,"Ashburton",8779,"Ashburton",100003,"Canterbury",1010,NA,6.75,NA
"19427","20180928:0000",-43.89658,171.7472,"Ashburton",8779,"Ashburton",100003,"Canterbury",1010,NA,7,NA
"19428","20180929:0000",-43.89658,171.7472,"Ashburton",8779,"Ashburton",100003,"Canterbury",1010,NA,11,NA
"19429","20180930:0000",-43.89658,171.7472,"Ashburton",8779,"Ashburton",100003,"Canterbury",1010,NA,10,NA
"19430","20181001:0000",-43.89658,171.7472,"Ashburton",8779,"Ashburton",100003,"Canterbury",1010,NA,10,NA
"19431","20181002:0000",-43.89658,171.7472,"Ashburton",8779,"Ashburton",100003,"Canterbury",1010,NA,NA,NA
"19432","20181003:0000",-43.89658,171.7472,"Ashburton",8779,"Ashburton",100003,"Canterbury",1010,NA,9,NA
"19433","20181004:0000",-43.89658,171.7472,"Ashburton",8779,"Ashburton",100003,"Canterbury",1010,NA,13.25,NA
"19434","20181005:0000",-43.89658,171.7472,"Ashburton",8779,"Ashburton",100003,"Canterbury",1010,NA,9.25,NA
"19435","20181006:0000",-43.89658,171.7472,"Ashburton",8779,"Ashburton",100003,"Canterbury",1010,NA,8.5,NA
"19436","20181007:0000",-43.89658,171.7472,"Ashburton",8779,"Ashburton",100003,"Canterbury",1010,NA,9.05,NA
"19437","20181008:0000",-43.89658,171.7472,"Ashburton",8779,"Ashburton",100003,"Canterbury",1010,NA,9.75,NA
"19438","20181009:0000",-43.89658,171.7472,"Ashburton",8779,"Ashburton",100003,"Canterbury",1010,NA,NA,NA
"19439","20181010:0000",-43.89658,171.7472,"Ashburton",8779,"Ashburton",100003,"Canterbury",1010,NA,NA,NA
"19440","20181011:0000",-43.89658,171.7472,"Ashburton",8779,"Ashburton",100003,"Canterbury",1010,NA,7.75,NA
"19441","20181012:0000",-43.89658,171.7472,"Ashburton",8779,"Ashburton",100003,"Canterbury",1010,NA,6.75,NA
"19442","20181013:0000",-43.89658,171.7472,"Ashburton",8779,"Ashburton",100003,"Canterbury",1010,NA,7,NA
"19443","20181014:0000",-43.89658,171.7472,"Ashburton",8779,"Ashburton",100003,"Canterbury",1010,NA,8.5,NA
"19444","20181015:0000",-43.89658,171.7472,"Ashburton",8779,"Ashburton",100003,"Canterbury",1010,NA,5.75,NA
"19445","20181016:0000",-43.89658,171.7472,"Ashburton",8779,"Ashburton",100003,"Canterbury",1010,NA,10.5,NA
"19446","20181017:0000",-43.89658,171.7472,"Ashburton",8779,"Ashburton",100003,"Canterbury",1010,NA,13.5,NA
"19447","20181018:0000",-43.89658,171.7472,"Ashburton",8779,"Ashburton",100003,"Canterbury",1010,NA,13.5,NA
"19448","20181019:0000",-43.89658,171.7472,"Ashburton",8779,"Ashburton",100003,"Canterbury",1010,NA,14.5,NA
"19449","20181020:0000",-43.89658,171.7472,"Ashburton",8779,"Ashburton",100003,"Canterbury",1010,NA,12.75,NA
"19450","20181021:0000",-43.89658,171.7472,"Ashburton",8779,"Ashburton",100003,"Canterbury",1010,NA,16,NA
"19451","20181022:0000",-43.89658,171.7472,"Ashburton",8779,"Ashburton",100003,"Canterbury",1010,NA,14.5,NA
"19452","20181023:0000",-43.89658,171.7472,"Ashburton",8779,"Ashburton",100003,"Canterbury",1010,NA,16.5,NA
"19453","20181024:0000",-43.89658,171.7472,"Ashburton",8779,"Ashburton",100003,"Canterbury",1010,NA,18.5,NA
"19454","20181025:0000",-43.89658,171.7472,"Ashburton",8779,"Ashburton",100003,"Canterbury",1010,NA,9,NA
"19455","20181026:0000",-43.89658,171.7472,"Ashburton",8779,"Ashburton",100003,"Canterbury",1010,NA,9,NA
"19456","20181027:0000",-43.89658,171.7472,"Ashburton",8779,"Ashburton",100003,"Canterbury",1010,NA,12.5,NA
"19457","20181028:0000",-43.89658,171.7472,"Ashburton",8779,"Ashburton",100003,"Canterbury",1010,NA,10.5,NA
"19458","20181029:0000",-43.89658,171.7472,"Ashburton",8779,"Ashburton",100003,"Canterbury",1010,NA,11.25,NA
"19459","20181030:0000",-43.89658,171.7472,"Ashburton",8779,"Ashburton",100003,"Canterbury",1010,NA,10.25,NA
"19460","20181031:0000",-43.89658,171.7472,"Ashburton",8779,"Ashburton",100003,"Canterbury",1010,NA,9.75,NA
"19461","20181101:0000",-43.89658,171.7472,"Ashburton",8779,"Ashburton",100003,"Canterbury",1010,NA,10,NA
"19462","20181102:0000",-43.89658,171.7472,"Ashburton",8779,"Ashburton",100003,"Canterbury",1010,NA,10.25,NA
"19463","20181103:0000",-43.89658,171.7472,"Ashburton",8779,"Ashburton",100003,"Canterbury",1010,NA,19,NA
"19464","20181104:0000",-43.89658,171.7472,"Ashburton",8779,"Ashburton",100003,"Canterbury",1010,NA,13.25,NA
"19465","20181105:0000",-43.89658,171.7472,"Ashburton",8779,"Ashburton",100003,"Canterbury",1010,NA,16,NA
"19466","20181106:0000",-43.89658,171.7472,"Ashburton",8779,"Ashburton",100003,"Canterbury",1010,NA,14,NA
"19467","20181107:0000",-43.89658,171.7472,"Ashburton",8779,"Ashburton",100003,"Canterbury",1010,NA,17,NA
"19468","20181108:0000",-43.89658,171.7472,"Ashburton",8779,"Ashburton",100003,"Canterbury",1010,NA,17,NA
"19469","20181109:0000",-43.89658,171.7472,"Ashburton",8779,"Ashburton",100003,"Canterbury",1010,NA,7,NA
"19470","20181110:0000",-43.89658,171.7472,"Ashburton",8779,"Ashburton",100003,"Canterbury",1010,NA,8,NA
"19471","20181111:0000",-43.89658,171.7472,"Ashburton",8779,"Ashburton",100003,"Canterbury",1010,NA,13.25,NA
"19472","20181112:0000",-43.89658,171.7472,"Ashburton",8779,"Ashburton",100003,"Canterbury",1010,NA,13,NA
"19473","20181113:0000",-43.89658,171.7472,"Ashburton",8779,"Ashburton",100003,"Canterbury",1010,NA,13.75,NA
"19474","20181114:0000",-43.89658,171.7472,"Ashburton",8779,"Ashburton",100003,"Canterbury",1010,NA,13.5,NA
"19475","20181115:0000",-43.89658,171.7472,"Ashburton",8779,"Ashburton",100003,"Canterbury",1010,NA,16,NA
"19476","20181116:0000",-43.89658,171.7472,"Ashburton",8779,"Ashburton",100003,"Canterbury",1010,NA,17.5,NA
"19477","20181117:0000",-43.89658,171.7472,"Ashburton",8779,"Ashburton",100003,"Canterbury",1010,NA,14.25,NA
"19478","20181118:0000",-43.89658,171.7472,"Ashburton",8779,"Ashburton",100003,"Canterbury",1010,NA,14,NA
"19479","20181119:0000",-43.89658,171.7472,"Ashburton",8779,"Ashburton",100003,"Canterbury",1010,NA,5.75,NA
"19480","20181120:0000",-43.89658,171.7472,"Ashburton",8779,"Ashburton",100003,"Canterbury",1010,NA,6.5,NA
"19481","20181121:0000",-43.89658,171.7472,"Ashburton",8779,"Ashburton",100003,"Canterbury",1010,NA,8.5,NA
"19482","20181122:0000",-43.89658,171.7472,"Ashburton",8779,"Ashburton",100003,"Canterbury",1010,NA,11.75,NA
"19483","20181123:0000",-43.89658,171.7472,"Ashburton",8779,"Ashburton",100003,"Canterbury",1010,NA,12.5,NA
"19484","20181124:0000",-43.89658,171.7472,"Ashburton",8779,"Ashburton",100003,"Canterbury",1010,NA,13.75,NA
"19485","20181125:0000",-43.89658,171.7472,"Ashburton",8779,"Ashburton",100003,"Canterbury",1010,NA,12.75,NA
"19486","20181126:0000",-43.89658,171.7472,"Ashburton",8779,"Ashburton",100003,"Canterbury",1010,NA,12.2,NA
"19487","20181127:0000",-43.89658,171.7472,"Ashburton",8779,"Ashburton",100003,"Canterbury",1010,NA,12.25,NA
"19488","20181128:0000",-43.89658,171.7472,"Ashburton",8779,"Ashburton",100003,"Canterbury",1010,NA,12.75,NA
"19489","20181129:0000",-43.89658,171.7472,"Ashburton",8779,"Ashburton",100003,"Canterbury",1010,NA,13.5,NA
"19490","20181130:0000",-43.89658,171.7472,"Ashburton",8779,"Ashburton",100003,"Canterbury",1010,NA,13.25,NA
"19491","20181201:0000",-43.89658,171.7472,"Ashburton",8779,"Ashburton",100003,"Canterbury",1010,NA,16.5,NA
"19492","20181202:0000",-43.89658,171.7472,"Ashburton",8779,"Ashburton",100003,"Canterbury",1010,NA,16,NA
"19493","20181203:0000",-43.89658,171.7472,"Ashburton",8779,"Ashburton",100003,"Canterbury",1010,NA,17.75,NA
"19494","20181204:0000",-43.89658,171.7472,"Ashburton",8779,"Ashburton",100003,"Canterbury",1010,NA,18.25,NA
"19495","20181205:0000",-43.89658,171.7472,"Ashburton",8779,"Ashburton",100003,"Canterbury",1010,NA,14.75,NA
"19496","20181206:0000",-43.89658,171.7472,"Ashburton",8779,"Ashburton",100003,"Canterbury",1010,NA,10.5,NA
"19497","20181207:0000",-43.89658,171.7472,"Ashburton",8779,"Ashburton",100003,"Canterbury",1010,NA,13.75,NA
"19498","20181208:0000",-43.89658,171.7472,"Ashburton",8779,"Ashburton",100003,"Canterbury",1010,NA,16.75,NA
"19499","20181209:0000",-43.89658,171.7472,"Ashburton",8779,"Ashburton",100003,"Canterbury",1010,NA,15,NA
"19500","20181210:0000",-43.89658,171.7472,"Ashburton",8779,"Ashburton",100003,"Canterbury",1010,NA,12.25,NA
"19501","20181211:0000",-43.89658,171.7472,"Ashburton",8779,"Ashburton",100003,"Canterbury",1010,NA,12.5,NA
"19502","20181212:0000",-43.89658,171.7472,"Ashburton",8779,"Ashburton",100003,"Canterbury",1010,NA,14.25,NA
"19503","20181213:0000",-43.89658,171.7472,"Ashburton",8779,"Ashburton",100003,"Canterbury",1010,NA,16,NA
"19504","20181214:0000",-43.89658,171.7472,"Ashburton",8779,"Ashburton",100003,"Canterbury",1010,NA,16.5,NA
"19505","20181215:0000",-43.89658,171.7472,"Ashburton",8779,"Ashburton",100003,"Canterbury",1010,NA,14.25,NA
"19506","20181216:0000",-43.89658,171.7472,"Ashburton",8779,"Ashburton",100003,"Canterbury",1010,NA,16,NA
"19507","20181217:0000",-43.89658,171.7472,"Ashburton",8779,"Ashburton",100003,"Canterbury",1010,NA,20.75,NA
"19508","20181218:0000",-43.89658,171.7472,"Ashburton",8779,"Ashburton",100003,"Canterbury",1010,NA,21,NA
"19509","20181219:0000",-43.89658,171.7472,"Ashburton",8779,"Ashburton",100003,"Canterbury",1010,NA,11.75,NA
"19510","20181220:0000",-43.89658,171.7472,"Ashburton",8779,"Ashburton",100003,"Canterbury",1010,NA,11,NA
"19511","20181221:0000",-43.89658,171.7472,"Ashburton",8779,"Ashburton",100003,"Canterbury",1010,NA,12,NA
"19512","20181222:0000",-43.89658,171.7472,"Ashburton",8779,"Ashburton",100003,"Canterbury",1010,NA,13,NA
"19513","20181223:0000",-43.89658,171.7472,"Ashburton",8779,"Ashburton",100003,"Canterbury",1010,NA,12.75,NA
"19514","20181224:0000",-43.89658,171.7472,"Ashburton",8779,"Ashburton",100003,"Canterbury",1010,NA,14,NA
"19515","20181225:0000",-43.89658,171.7472,"Ashburton",8779,"Ashburton",100003,"Canterbury",1010,NA,18.25,NA
"19516","20181226:0000",-43.89658,171.7472,"Ashburton",8779,"Ashburton",100003,"Canterbury",1010,NA,14.5,NA
"19517","20181227:0000",-43.89658,171.7472,"Ashburton",8779,"Ashburton",100003,"Canterbury",1010,NA,15,NA
"19518","20181228:0000",-43.89658,171.7472,"Ashburton",8779,"Ashburton",100003,"Canterbury",1010,NA,16.25,NA
"19519","20181229:0000",-43.89658,171.7472,"Ashburton",8779,"Ashburton",100003,"Canterbury",1010,NA,21.25,NA
"19520","20181230:0000",-43.89658,171.7472,"Ashburton",8779,"Ashburton",100003,"Canterbury",1010,NA,21.75,NA
"19521","20181231:0000",-43.89658,171.7472,"Ashburton",8779,"Ashburton",100003,"Canterbury",1010,NA,18.75,NA
"19522","20190101:0000",-43.89658,171.7472,"Ashburton",8779,"Ashburton",100003,"Canterbury",1010,NA,18.5,NA
"19523","20190102:0000",-43.89658,171.7472,"Ashburton",8779,"Ashburton",100003,"Canterbury",1010,NA,22.5,NA
"19524","20190103:0000",-43.89658,171.7472,"Ashburton",8779,"Ashburton",100003,"Canterbury",1010,NA,14.5,NA
"19525","20190104:0000",-43.89658,171.7472,"Ashburton",8779,"Ashburton",100003,"Canterbury",1010,NA,16.25,NA
"19526","20190105:0000",-43.89658,171.7472,"Ashburton",8779,"Ashburton",100003,"Canterbury",1010,NA,18.25,NA
"19527","20190106:0000",-43.89658,171.7472,"Ashburton",8779,"Ashburton",100003,"Canterbury",1010,NA,15.25,NA
"19528","20190107:0000",-43.89658,171.7472,"Ashburton",8779,"Ashburton",100003,"Canterbury",1010,NA,18,NA
"19529","20190108:0000",-43.89658,171.7472,"Ashburton",8779,"Ashburton",100003,"Canterbury",1010,NA,15.75,NA
"19530","20190109:0000",-43.89658,171.7472,"Ashburton",8779,"Ashburton",100003,"Canterbury",1010,NA,21.1,NA
"19531","20190110:0000",-43.89658,171.7472,"Ashburton",8779,"Ashburton",100003,"Canterbury",1010,NA,18.7,NA
"19532","20190111:0000",-43.89658,171.7472,"Ashburton",8779,"Ashburton",100003,"Canterbury",1010,NA,13.2,NA
"19533","20190112:0000",-43.89658,171.7472,"Ashburton",8779,"Ashburton",100003,"Canterbury",1010,NA,13.85,NA
"19534","20190113:0000",-43.89658,171.7472,"Ashburton",8779,"Ashburton",100003,"Canterbury",1010,NA,17.1,NA
"19535","20190114:0000",-43.89658,171.7472,"Ashburton",8779,"Ashburton",100003,"Canterbury",1010,NA,13.1,NA
"19536","20190115:0000",-43.89658,171.7472,"Ashburton",8779,"Ashburton",100003,"Canterbury",1010,NA,14.25,NA
"19537","20190116:0000",-43.89658,171.7472,"Ashburton",8779,"Ashburton",100003,"Canterbury",1010,NA,16.6,NA
"19538","20190117:0000",-43.89658,171.7472,"Ashburton",8779,"Ashburton",100003,"Canterbury",1010,NA,17.6,NA
"19539","20190118:0000",-43.89658,171.7472,"Ashburton",8779,"Ashburton",100003,"Canterbury",1010,NA,16.15,NA
"19540","20190119:0000",-43.89658,171.7472,"Ashburton",8779,"Ashburton",100003,"Canterbury",1010,NA,22.55,NA
"19541","20190120:0000",-43.89658,171.7472,"Ashburton",8779,"Ashburton",100003,"Canterbury",1010,NA,17.6,NA
"19542","20190121:0000",-43.89658,171.7472,"Ashburton",8779,"Ashburton",100003,"Canterbury",1010,NA,18.8,NA
"19543","20190122:0000",-43.89658,171.7472,"Ashburton",8779,"Ashburton",100003,"Canterbury",1010,NA,20.3,NA
"19544","20190123:0000",-43.89658,171.7472,"Ashburton",8779,"Ashburton",100003,"Canterbury",1010,NA,23.15,NA
"19545","20190124:0000",-43.89658,171.7472,"Ashburton",8779,"Ashburton",100003,"Canterbury",1010,NA,13.45,NA
"19546","20190125:0000",-43.89658,171.7472,"Ashburton",8779,"Ashburton",100003,"Canterbury",1010,NA,14.2,NA
"19547","20190126:0000",-43.89658,171.7472,"Ashburton",8779,"Ashburton",100003,"Canterbury",1010,NA,18.7,NA
"19548","20190127:0000",-43.89658,171.7472,"Ashburton",8779,"Ashburton",100003,"Canterbury",1010,NA,19.75,NA
"19549","20190128:0000",-43.89658,171.7472,"Ashburton",8779,"Ashburton",100003,"Canterbury",1010,NA,20.35,NA
"19550","20190129:0000",-43.89658,171.7472,"Ashburton",8779,"Ashburton",100003,"Canterbury",1010,NA,19.7,NA
"19551","20190130:0000",-43.89658,171.7472,"Ashburton",8779,"Ashburton",100003,"Canterbury",1010,NA,22.6,NA
"19552","20190131:0000",-43.89658,171.7472,"Ashburton",8779,"Ashburton",100003,"Canterbury",1010,NA,22.75,NA
"19553","20190201:0000",-43.89658,171.7472,"Ashburton",8779,"Ashburton",100003,"Canterbury",1010,NA,22.15,NA
"19554","20190202:0000",-43.89658,171.7472,"Ashburton",8779,"Ashburton",100003,"Canterbury",1010,NA,14.6,NA
"19555","20190203:0000",-43.89658,171.7472,"Ashburton",8779,"Ashburton",100003,"Canterbury",1010,NA,16.75,NA
"19556","20190204:0000",-43.89658,171.7472,"Ashburton",8779,"Ashburton",100003,"Canterbury",1010,NA,20.5,NA
"19557","20190205:0000",-43.89658,171.7472,"Ashburton",8779,"Ashburton",100003,"Canterbury",1010,NA,20.15,NA
"19558","20190206:0000",-43.89658,171.7472,"Ashburton",8779,"Ashburton",100003,"Canterbury",1010,NA,12.1,NA
"19559","20190207:0000",-43.89658,171.7472,"Ashburton",8779,"Ashburton",100003,"Canterbury",1010,NA,13.2,NA
"19560","20190208:0000",-43.89658,171.7472,"Ashburton",8779,"Ashburton",100003,"Canterbury",1010,NA,15.9,NA
"19561","20190209:0000",-43.89658,171.7472,"Ashburton",8779,"Ashburton",100003,"Canterbury",1010,NA,20.9,NA
"19562","20190210:0000",-43.89658,171.7472,"Ashburton",8779,"Ashburton",100003,"Canterbury",1010,NA,23.35,NA
"19563","20190211:0000",-43.89658,171.7472,"Ashburton",8779,"Ashburton",100003,"Canterbury",1010,NA,22,NA
"19564","20190212:0000",-43.89658,171.7472,"Ashburton",8779,"Ashburton",100003,"Canterbury",1010,NA,19.8,NA
"19565","20190213:0000",-43.89658,171.7472,"Ashburton",8779,"Ashburton",100003,"Canterbury",1010,NA,20.3,NA
"19566","20190214:0000",-43.89658,171.7472,"Ashburton",8779,"Ashburton",100003,"Canterbury",1010,NA,21.45,NA
"19567","20190215:0000",-43.89658,171.7472,"Ashburton",8779,"Ashburton",100003,"Canterbury",1010,NA,17.35,NA
"19568","20190216:0000",-43.89658,171.7472,"Ashburton",8779,"Ashburton",100003,"Canterbury",1010,NA,13.35,NA
"19569","20190217:0000",-43.89658,171.7472,"Ashburton",8779,"Ashburton",100003,"Canterbury",1010,NA,13.4,NA
"19570","20190218:0000",-43.89658,171.7472,"Ashburton",8779,"Ashburton",100003,"Canterbury",1010,NA,17.75,NA
"19571","20190219:0000",-43.89658,171.7472,"Ashburton",8779,"Ashburton",100003,"Canterbury",1010,NA,21.65,NA
"19572","20190220:0000",-43.89658,171.7472,"Ashburton",8779,"Ashburton",100003,"Canterbury",1010,NA,19,NA
"19573","20190221:0000",-43.89658,171.7472,"Ashburton",8779,"Ashburton",100003,"Canterbury",1010,NA,NA,NA
"19574","20190222:0000",-43.89658,171.7472,"Ashburton",8779,"Ashburton",100003,"Canterbury",1010,NA,NA,NA
"19575","20190223:0000",-43.89658,171.7472,"Ashburton",8779,"Ashburton",100003,"Canterbury",1010,NA,NA,NA
"19576","20190224:0000",-43.89658,171.7472,"Ashburton",8779,"Ashburton",100003,"Canterbury",1010,NA,NA,NA
"19577","20190225:0000",-43.89658,171.7472,"Ashburton",8779,"Ashburton",100003,"Canterbury",1010,NA,11.25,NA
"19578","20190226:0000",-43.89658,171.7472,"Ashburton",8779,"Ashburton",100003,"Canterbury",1010,NA,15.3,NA
"19579","20190227:0000",-43.89658,171.7472,"Ashburton",8779,"Ashburton",100003,"Canterbury",1010,NA,16.1,NA
"19580","20190228:0000",-43.89658,171.7472,"Ashburton",8779,"Ashburton",100003,"Canterbury",1010,NA,12.7,NA
"19581","20190301:0000",-43.89658,171.7472,"Ashburton",8779,"Ashburton",100003,"Canterbury",1010,NA,12.85,NA
"19582","20190302:0000",-43.89658,171.7472,"Ashburton",8779,"Ashburton",100003,"Canterbury",1010,NA,11.9,NA
"19583","20190303:0000",-43.89658,171.7472,"Ashburton",8779,"Ashburton",100003,"Canterbury",1010,NA,15.85,NA
"19584","20190304:0000",-43.89658,171.7472,"Ashburton",8779,"Ashburton",100003,"Canterbury",1010,NA,20.35,NA
"19585","20190305:0000",-43.89658,171.7472,"Ashburton",8779,"Ashburton",100003,"Canterbury",1010,NA,21.85,NA
"19586","20190306:0000",-43.89658,171.7472,"Ashburton",8779,"Ashburton",100003,"Canterbury",1010,NA,21.35,NA
"19587","20190307:0000",-43.89658,171.7472,"Ashburton",8779,"Ashburton",100003,"Canterbury",1010,NA,21.7,NA
"19588","20190308:0000",-43.89658,171.7472,"Ashburton",8779,"Ashburton",100003,"Canterbury",1010,NA,14.35,NA
"19589","20190309:0000",-43.89658,171.7472,"Ashburton",8779,"Ashburton",100003,"Canterbury",1010,NA,13.4,NA
"19590","20190310:0000",-43.89658,171.7472,"Ashburton",8779,"Ashburton",100003,"Canterbury",1010,NA,12,NA
"19591","20190311:0000",-43.89658,171.7472,"Ashburton",8779,"Ashburton",100003,"Canterbury",1010,NA,17.7,NA
"19592","20190312:0000",-43.89658,171.7472,"Ashburton",8779,"Ashburton",100003,"Canterbury",1010,NA,19.65,NA
"19593","20190313:0000",-43.89658,171.7472,"Ashburton",8779,"Ashburton",100003,"Canterbury",1010,NA,19.55,NA
"19594","20190314:0000",-43.89658,171.7472,"Ashburton",8779,"Ashburton",100003,"Canterbury",1010,NA,12.5,NA
"19595","20190315:0000",-43.89658,171.7472,"Ashburton",8779,"Ashburton",100003,"Canterbury",1010,NA,14,NA
"19596","20190316:0000",-43.89658,171.7472,"Ashburton",8779,"Ashburton",100003,"Canterbury",1010,NA,15.25,NA
"19597","20190317:0000",-43.89658,171.7472,"Ashburton",8779,"Ashburton",100003,"Canterbury",1010,NA,15,NA
"19598","20190318:0000",-43.89658,171.7472,"Ashburton",8779,"Ashburton",100003,"Canterbury",1010,NA,16.95,NA
"19599","20190319:0000",-43.89658,171.7472,"Ashburton",8779,"Ashburton",100003,"Canterbury",1010,NA,17.4,NA
"19600","20190320:0000",-43.89658,171.7472,"Ashburton",8779,"Ashburton",100003,"Canterbury",1010,NA,15.7,NA
"19601","20190321:0000",-43.89658,171.7472,"Ashburton",8779,"Ashburton",100003,"Canterbury",1010,NA,17.6,NA
"19602","20190322:0000",-43.89658,171.7472,"Ashburton",8779,"Ashburton",100003,"Canterbury",1010,NA,17.85,NA
"19603","20190323:0000",-43.89658,171.7472,"Ashburton",8779,"Ashburton",100003,"Canterbury",1010,NA,15.85,NA
"19604","20190324:0000",-43.89658,171.7472,"Ashburton",8779,"Ashburton",100003,"Canterbury",1010,NA,19.2,NA
"19605","20190325:0000",-43.89658,171.7472,"Ashburton",8779,"Ashburton",100003,"Canterbury",1010,NA,NA,NA
"19606","20190326:0000",-43.89658,171.7472,"Ashburton",8779,"Ashburton",100003,"Canterbury",1010,NA,NA,NA
"19607","20190327:0000",-43.89658,171.7472,"Ashburton",8779,"Ashburton",100003,"Canterbury",1010,NA,NA,NA
"19608","20190328:0000",-43.89658,171.7472,"Ashburton",8779,"Ashburton",100003,"Canterbury",1010,NA,14.7,NA
"19609","20190329:0000",-43.89658,171.7472,"Ashburton",8779,"Ashburton",100003,"Canterbury",1010,NA,12.45,NA
"19610","20190330:0000",-43.89658,171.7472,"Ashburton",8779,"Ashburton",100003,"Canterbury",1010,NA,13.7,NA
"19611","20190331:0000",-43.89658,171.7472,"Ashburton",8779,"Ashburton",100003,"Canterbury",1010,NA,17.85,NA
"19612","20190601:0000",-43.89658,171.7472,"Ashburton",8779,"Ashburton",100003,"Canterbury",1010,NA,3,NA
"19613","20190602:0000",-43.89658,171.7472,"Ashburton",8779,"Ashburton",100003,"Canterbury",1010,NA,NA,NA
"19614","20190603:0000",-43.89658,171.7472,"Ashburton",8779,"Ashburton",100003,"Canterbury",1010,NA,NA,NA
"19615","20190604:0000",-43.89658,171.7472,"Ashburton",8779,"Ashburton",100003,"Canterbury",1010,NA,NA,NA
"19616","20190605:0000",-43.89658,171.7472,"Ashburton",8779,"Ashburton",100003,"Canterbury",1010,NA,NA,NA
"19617","20190606:0000",-43.89658,171.7472,"Ashburton",8779,"Ashburton",100003,"Canterbury",1010,NA,NA,NA
"19618","20190607:0000",-43.89658,171.7472,"Ashburton",8779,"Ashburton",100003,"Canterbury",1010,NA,10.65,NA
"19619","20190608:0000",-43.89658,171.7472,"Ashburton",8779,"Ashburton",100003,"Canterbury",1010,NA,7.85,NA
"19620","20190609:0000",-43.89658,171.7472,"Ashburton",8779,"Ashburton",100003,"Canterbury",1010,NA,6.8,NA
"19621","20190610:0000",-43.89658,171.7472,"Ashburton",8779,"Ashburton",100003,"Canterbury",1010,NA,7.25,NA
"19622","20190611:0000",-43.89658,171.7472,"Ashburton",8779,"Ashburton",100003,"Canterbury",1010,NA,9.1,NA
"19623","20190612:0000",-43.89658,171.7472,"Ashburton",8779,"Ashburton",100003,"Canterbury",1010,NA,8.75,NA
"19624","20190613:0000",-43.89658,171.7472,"Ashburton",8779,"Ashburton",100003,"Canterbury",1010,NA,10.4,NA
"19625","20190614:0000",-43.89658,171.7472,"Ashburton",8779,"Ashburton",100003,"Canterbury",1010,NA,10.8,NA
"19626","20190615:0000",-43.89658,171.7472,"Ashburton",8779,"Ashburton",100003,"Canterbury",1010,NA,8.8,NA
"19627","20190616:0000",-43.89658,171.7472,"Ashburton",8779,"Ashburton",100003,"Canterbury",1010,NA,5.95,NA
"19628","20190617:0000",-43.89658,171.7472,"Ashburton",8779,"Ashburton",100003,"Canterbury",1010,NA,5.5,NA
"19629","20190618:0000",-43.89658,171.7472,"Ashburton",8779,"Ashburton",100003,"Canterbury",1010,NA,5.1,NA
"19630","20190619:0000",-43.89658,171.7472,"Ashburton",8779,"Ashburton",100003,"Canterbury",1010,NA,5,NA
"19631","20190620:0000",-43.89658,171.7472,"Ashburton",8779,"Ashburton",100003,"Canterbury",1010,NA,2.6,NA
"19632","20190621:0000",-43.89658,171.7472,"Ashburton",8779,"Ashburton",100003,"Canterbury",1010,NA,7.55,NA
"19633","20190622:0000",-43.89658,171.7472,"Ashburton",8779,"Ashburton",100003,"Canterbury",1010,NA,5.25,NA
"19634","20190623:0000",-43.89658,171.7472,"Ashburton",8779,"Ashburton",100003,"Canterbury",1010,NA,5.15,NA
"19635","20190624:0000",-43.89658,171.7472,"Ashburton",8779,"Ashburton",100003,"Canterbury",1010,NA,6.25,NA
"19636","20190625:0000",-43.89658,171.7472,"Ashburton",8779,"Ashburton",100003,"Canterbury",1010,NA,6.75,NA
"19637","20190626:0000",-43.89658,171.7472,"Ashburton",8779,"Ashburton",100003,"Canterbury",1010,NA,5.25,NA
"19638","20190627:0000",-43.89658,171.7472,"Ashburton",8779,"Ashburton",100003,"Canterbury",1010,NA,6.5,NA
"19639","20190628:0000",-43.89658,171.7472,"Ashburton",8779,"Ashburton",100003,"Canterbury",1010,NA,4.85,NA
"19640","20190629:0000",-43.89658,171.7472,"Ashburton",8779,"Ashburton",100003,"Canterbury",1010,NA,5.1,NA
"19641","20190630:0000",-43.89658,171.7472,"Ashburton",8779,"Ashburton",100003,"Canterbury",1010,NA,6,NA
"19642","20190801:0000",-43.89658,171.7472,"Ashburton",8779,"Ashburton",100003,"Canterbury",1010,NA,8.2,NA
"19643","20190802:0000",-43.89658,171.7472,"Ashburton",8779,"Ashburton",100003,"Canterbury",1010,NA,5.8,NA
"19644","20190803:0000",-43.89658,171.7472,"Ashburton",8779,"Ashburton",100003,"Canterbury",1010,NA,8.2,NA
"19645","20190804:0000",-43.89658,171.7472,"Ashburton",8779,"Ashburton",100003,"Canterbury",1010,NA,5.6,NA
"19646","20190805:0000",-43.89658,171.7472,"Ashburton",8779,"Ashburton",100003,"Canterbury",1010,NA,5,NA
"19647","20190806:0000",-43.89658,171.7472,"Ashburton",8779,"Ashburton",100003,"Canterbury",1010,NA,7.5,NA
"19648","20190807:0000",-43.89658,171.7472,"Ashburton",8779,"Ashburton",100003,"Canterbury",1010,NA,8,NA
"19649","20190808:0000",-43.89658,171.7472,"Ashburton",8779,"Ashburton",100003,"Canterbury",1010,NA,9.25,NA
"19650","20190809:0000",-43.89658,171.7472,"Ashburton",8779,"Ashburton",100003,"Canterbury",1010,NA,9.5,NA
"19651","20190810:0000",-43.89658,171.7472,"Ashburton",8779,"Ashburton",100003,"Canterbury",1010,NA,6.15,NA
"19652","20190811:0000",-43.89658,171.7472,"Ashburton",8779,"Ashburton",100003,"Canterbury",1010,NA,6.1,NA
"19653","20190812:0000",-43.89658,171.7472,"Ashburton",8779,"Ashburton",100003,"Canterbury",1010,NA,6.5,NA
"19654","20190813:0000",-43.89658,171.7472,"Ashburton",8779,"Ashburton",100003,"Canterbury",1010,NA,8.5,NA
"19655","20190814:0000",-43.89658,171.7472,"Ashburton",8779,"Ashburton",100003,"Canterbury",1010,NA,8.5,NA
"19656","20190815:0000",-43.89658,171.7472,"Ashburton",8779,"Ashburton",100003,"Canterbury",1010,NA,6.5,NA
"19657","20190816:0000",-43.89658,171.7472,"Ashburton",8779,"Ashburton",100003,"Canterbury",1010,NA,9.6,NA
"19658","20190817:0000",-43.89658,171.7472,"Ashburton",8779,"Ashburton",100003,"Canterbury",1010,NA,11.65,NA
"19659","20190818:0000",-43.89658,171.7472,"Ashburton",8779,"Ashburton",100003,"Canterbury",1010,NA,NA,NA
"19660","20190819:0000",-43.89658,171.7472,"Ashburton",8779,"Ashburton",100003,"Canterbury",1010,NA,6,NA
"19661","20190820:0000",-43.89658,171.7472,"Ashburton",8779,"Ashburton",100003,"Canterbury",1010,NA,8.5,NA
"19662","20190821:0000",-43.89658,171.7472,"Ashburton",8779,"Ashburton",100003,"Canterbury",1010,NA,11,NA
"19663","20190822:0000",-43.89658,171.7472,"Ashburton",8779,"Ashburton",100003,"Canterbury",1010,NA,9.25,NA
"19664","20190823:0000",-43.89658,171.7472,"Ashburton",8779,"Ashburton",100003,"Canterbury",1010,NA,9.9,NA
"19665","20190824:0000",-43.89658,171.7472,"Ashburton",8779,"Ashburton",100003,"Canterbury",1010,NA,7.65,NA
"19666","20190825:0000",-43.89658,171.7472,"Ashburton",8779,"Ashburton",100003,"Canterbury",1010,NA,13.55,NA
"19667","20190826:0000",-43.89658,171.7472,"Ashburton",8779,"Ashburton",100003,"Canterbury",1010,NA,11.5,NA
"19668","20190827:0000",-43.89658,171.7472,"Ashburton",8779,"Ashburton",100003,"Canterbury",1010,NA,9,NA
"19669","20190828:0000",-43.89658,171.7472,"Ashburton",8779,"Ashburton",100003,"Canterbury",1010,NA,15,NA
"19670","20190829:0000",-43.89658,171.7472,"Ashburton",8779,"Ashburton",100003,"Canterbury",1010,NA,15.2,NA
"19671","20190830:0000",-43.89658,171.7472,"Ashburton",8779,"Ashburton",100003,"Canterbury",1010,NA,11.25,NA
"19672","20190831:0000",-43.89658,171.7472,"Ashburton",8779,"Ashburton",100003,"Canterbury",1010,NA,13.85,NA
"19673","20190901:0000",-43.89658,171.7472,"Ashburton",8779,"Ashburton",100003,"Canterbury",1010,NA,15.2,NA
"19674","20190902:0000",-43.89658,171.7472,"Ashburton",8779,"Ashburton",100003,"Canterbury",1010,NA,NA,NA
"19675","20190903:0000",-43.89658,171.7472,"Ashburton",8779,"Ashburton",100003,"Canterbury",1010,NA,NA,NA
"19676","20190904:0000",-43.89658,171.7472,"Ashburton",8779,"Ashburton",100003,"Canterbury",1010,NA,6.25,NA
"19677","20190905:0000",-43.89658,171.7472,"Ashburton",8779,"Ashburton",100003,"Canterbury",1010,NA,8,NA
"19678","20190906:0000",-43.89658,171.7472,"Ashburton",8779,"Ashburton",100003,"Canterbury",1010,NA,8,NA
"19679","20190907:0000",-43.89658,171.7472,"Ashburton",8779,"Ashburton",100003,"Canterbury",1010,NA,NA,NA
"19680","20190908:0000",-43.89658,171.7472,"Ashburton",8779,"Ashburton",100003,"Canterbury",1010,NA,NA,NA
"19681","20190909:0000",-43.89658,171.7472,"Ashburton",8779,"Ashburton",100003,"Canterbury",1010,NA,4.75,NA
"19682","20190910:0000",-43.89658,171.7472,"Ashburton",8779,"Ashburton",100003,"Canterbury",1010,NA,5.5,NA
"19683","20190911:0000",-43.89658,171.7472,"Ashburton",8779,"Ashburton",100003,"Canterbury",1010,NA,6.75,NA
"19684","20190912:0000",-43.89658,171.7472,"Ashburton",8779,"Ashburton",100003,"Canterbury",1010,NA,10.25,NA
"19685","20190913:0000",-43.89658,171.7472,"Ashburton",8779,"Ashburton",100003,"Canterbury",1010,NA,15.1,NA
"19686","20190914:0000",-43.89658,171.7472,"Ashburton",8779,"Ashburton",100003,"Canterbury",1010,NA,NA,NA
"19687","20190915:0000",-43.89658,171.7472,"Ashburton",8779,"Ashburton",100003,"Canterbury",1010,NA,9.75,NA
"19688","20190916:0000",-43.89658,171.7472,"Ashburton",8779,"Ashburton",100003,"Canterbury",1010,NA,NA,NA
"19689","20190917:0000",-43.89658,171.7472,"Ashburton",8779,"Ashburton",100003,"Canterbury",1010,NA,NA,NA
"19690","20190918:0000",-43.89658,171.7472,"Ashburton",8779,"Ashburton",100003,"Canterbury",1010,NA,NA,NA
"19691","20190919:0000",-43.89658,171.7472,"Ashburton",8779,"Ashburton",100003,"Canterbury",1010,NA,9.25,NA
"19692","20190920:0000",-43.89658,171.7472,"Ashburton",8779,"Ashburton",100003,"Canterbury",1010,NA,9.25,NA
"19693","20190921:0000",-43.89658,171.7472,"Ashburton",8779,"Ashburton",100003,"Canterbury",1010,NA,9.6,NA
"19694","20190922:0000",-43.89658,171.7472,"Ashburton",8779,"Ashburton",100003,"Canterbury",1010,NA,12.75,NA
"19695","20190923:0000",-43.89658,171.7472,"Ashburton",8779,"Ashburton",100003,"Canterbury",1010,NA,13.4,NA
"19696","20190924:0000",-43.89658,171.7472,"Ashburton",8779,"Ashburton",100003,"Canterbury",1010,NA,NA,NA
"19697","20190925:0000",-43.89658,171.7472,"Ashburton",8779,"Ashburton",100003,"Canterbury",1010,NA,NA,NA
"19698","20190926:0000",-43.89658,171.7472,"Ashburton",8779,"Ashburton",100003,"Canterbury",1010,NA,NA,NA
"19699","20190927:0000",-43.89658,171.7472,"Ashburton",8779,"Ashburton",100003,"Canterbury",1010,NA,11,NA
"19700","20190928:0000",-43.89658,171.7472,"Ashburton",8779,"Ashburton",100003,"Canterbury",1010,NA,11.95,NA
"19701","20190929:0000",-43.89658,171.7472,"Ashburton",8779,"Ashburton",100003,"Canterbury",1010,NA,14.15,NA
"19702","20190930:0000",-43.89658,171.7472,"Ashburton",8779,"Ashburton",100003,"Canterbury",1010,NA,11.8,NA
"19703","20191001:0000",-43.89658,171.7472,"Ashburton",8779,"Ashburton",100003,"Canterbury",1010,NA,6.65,NA
"19704","20191002:0000",-43.89658,171.7472,"Ashburton",8779,"Ashburton",100003,"Canterbury",1010,NA,7,NA
"19705","20191003:0000",-43.89658,171.7472,"Ashburton",8779,"Ashburton",100003,"Canterbury",1010,NA,6.35,NA
"19706","20191004:0000",-43.89658,171.7472,"Ashburton",8779,"Ashburton",100003,"Canterbury",1010,NA,11.05,NA
"19707","20191005:0000",-43.89658,171.7472,"Ashburton",8779,"Ashburton",100003,"Canterbury",1010,NA,7.5,NA
"19708","20191006:0000",-43.89658,171.7472,"Ashburton",8779,"Ashburton",100003,"Canterbury",1010,NA,8.5,NA
"19709","20191007:0000",-43.89658,171.7472,"Ashburton",8779,"Ashburton",100003,"Canterbury",1010,NA,11.25,NA
"19710","20191008:0000",-43.89658,171.7472,"Ashburton",8779,"Ashburton",100003,"Canterbury",1010,NA,14.8,NA
"19711","20191009:0000",-43.89658,171.7472,"Ashburton",8779,"Ashburton",100003,"Canterbury",1010,NA,13.45,NA
"19712","20191010:0000",-43.89658,171.7472,"Ashburton",8779,"Ashburton",100003,"Canterbury",1010,NA,10.9,NA
"19713","20191011:0000",-43.89658,171.7472,"Ashburton",8779,"Ashburton",100003,"Canterbury",1010,NA,9.9,NA
"19714","20191012:0000",-43.89658,171.7472,"Ashburton",8779,"Ashburton",100003,"Canterbury",1010,NA,9.85,NA
"19715","20191013:0000",-43.89658,171.7472,"Ashburton",8779,"Ashburton",100003,"Canterbury",1010,NA,8.6,NA
"19716","20191014:0000",-43.89658,171.7472,"Ashburton",8779,"Ashburton",100003,"Canterbury",1010,NA,9.85,NA
"19717","20191015:0000",-43.89658,171.7472,"Ashburton",8779,"Ashburton",100003,"Canterbury",1010,NA,11.75,NA
"19718","20191016:0000",-43.89658,171.7472,"Ashburton",8779,"Ashburton",100003,"Canterbury",1010,NA,10.55,NA
"19719","20191017:0000",-43.89658,171.7472,"Ashburton",8779,"Ashburton",100003,"Canterbury",1010,NA,11.2,NA
"19720","20191018:0000",-43.89658,171.7472,"Ashburton",8779,"Ashburton",100003,"Canterbury",1010,NA,7.8,NA
"19721","20191019:0000",-43.89658,171.7472,"Ashburton",8779,"Ashburton",100003,"Canterbury",1010,NA,10.85,NA
"19722","20191020:0000",-43.89658,171.7472,"Ashburton",8779,"Ashburton",100003,"Canterbury",1010,NA,10.15,NA
"19723","20191021:0000",-43.89658,171.7472,"Ashburton",8779,"Ashburton",100003,"Canterbury",1010,NA,11.1,NA
"19724","20191022:0000",-43.89658,171.7472,"Ashburton",8779,"Ashburton",100003,"Canterbury",1010,NA,8.1,NA
"19725","20191023:0000",-43.89658,171.7472,"Ashburton",8779,"Ashburton",100003,"Canterbury",1010,NA,8,NA
"19726","20191024:0000",-43.89658,171.7472,"Ashburton",8779,"Ashburton",100003,"Canterbury",1010,NA,9.3,NA
"19727","20191025:0000",-43.89658,171.7472,"Ashburton",8779,"Ashburton",100003,"Canterbury",1010,NA,7.05,NA
"19728","20191026:0000",-43.89658,171.7472,"Ashburton",8779,"Ashburton",100003,"Canterbury",1010,NA,14.9,NA
"19729","20191027:0000",-43.89658,171.7472,"Ashburton",8779,"Ashburton",100003,"Canterbury",1010,NA,16.6,NA
"19730","20191028:0000",-43.89658,171.7472,"Ashburton",8779,"Ashburton",100003,"Canterbury",1010,NA,14.4,NA
"19731","20191029:0000",-43.89658,171.7472,"Ashburton",8779,"Ashburton",100003,"Canterbury",1010,NA,10.8,NA
"19732","20191030:0000",-43.89658,171.7472,"Ashburton",8779,"Ashburton",100003,"Canterbury",1010,NA,13.6,NA
"19733","20191031:0000",-43.89658,171.7472,"Ashburton",8779,"Ashburton",100003,"Canterbury",1010,NA,12.75,NA
"19734","20180201:0000",-43.97167,171.81097,"Wakanui",1869,NA,0,"Canterbury",1010,12.6,NA,NA
"19735","20180202:0000",-43.97167,171.81097,"Wakanui",1869,NA,0,"Canterbury",1010,20.2,NA,NA
"19736","20180203:0000",-43.97167,171.81097,"Wakanui",1869,NA,0,"Canterbury",1010,9,NA,NA
"19737","20180204:0000",-43.97167,171.81097,"Wakanui",1869,NA,0,"Canterbury",1010,14.8,NA,NA
"19738","20180205:0000",-43.97167,171.81097,"Wakanui",1869,NA,0,"Canterbury",1010,15.8,NA,NA
"19739","20180206:0000",-43.97167,171.81097,"Wakanui",1869,NA,0,"Canterbury",1010,13,NA,NA
"19740","20180207:0000",-43.97167,171.81097,"Wakanui",1869,NA,0,"Canterbury",1010,7.6,NA,NA
"19741","20180208:0000",-43.97167,171.81097,"Wakanui",1869,NA,0,"Canterbury",1010,11.5,NA,NA
"19742","20180209:0000",-43.97167,171.81097,"Wakanui",1869,NA,0,"Canterbury",1010,16.6,NA,NA
"19743","20180210:0000",-43.97167,171.81097,"Wakanui",1869,NA,0,"Canterbury",1010,3.2,NA,NA
"19744","20180211:0000",-43.97167,171.81097,"Wakanui",1869,NA,0,"Canterbury",1010,5.8,NA,NA
"19745","20180212:0000",-43.97167,171.81097,"Wakanui",1869,NA,0,"Canterbury",1010,4.3,NA,NA
"19746","20180213:0000",-43.97167,171.81097,"Wakanui",1869,NA,0,"Canterbury",1010,5.8,NA,NA
"19747","20180214:0000",-43.97167,171.81097,"Wakanui",1869,NA,0,"Canterbury",1010,18,NA,NA
"19748","20180215:0000",-43.97167,171.81097,"Wakanui",1869,NA,0,"Canterbury",1010,14.8,NA,NA
"19749","20180216:0000",-43.97167,171.81097,"Wakanui",1869,NA,0,"Canterbury",1010,2.9,NA,NA
"19750","20180217:0000",-43.97167,171.81097,"Wakanui",1869,NA,0,"Canterbury",1010,8.3,NA,NA
"19751","20180218:0000",-43.97167,171.81097,"Wakanui",1869,NA,0,"Canterbury",1010,4.7,NA,NA
"19752","20180219:0000",-43.97167,171.81097,"Wakanui",1869,NA,0,"Canterbury",1010,11.5,NA,NA
"19753","20180220:0000",-43.97167,171.81097,"Wakanui",1869,NA,0,"Canterbury",1010,19.4,11.75,NA
"19754","20180221:0000",-43.97167,171.81097,"Wakanui",1869,NA,0,"Canterbury",1010,29.5,11.2,NA
"19755","20180222:0000",-43.97167,171.81097,"Wakanui",1869,NA,0,"Canterbury",1010,13,12.6,NA
"19756","20180223:0000",-43.97167,171.81097,"Wakanui",1869,NA,0,"Canterbury",1010,7.2,13.3,NA
"19757","20180224:0000",-43.97167,171.81097,"Wakanui",1869,NA,0,"Canterbury",1010,4.7,14.5,NA
"19758","20180225:0000",-43.97167,171.81097,"Wakanui",1869,NA,0,"Canterbury",1010,15.1,17.95,NA
"19759","20180226:0000",-43.97167,171.81097,"Wakanui",1869,NA,0,"Canterbury",1010,12.2,13.75,NA
"19760","20180227:0000",-43.97167,171.81097,"Wakanui",1869,NA,0,"Canterbury",1010,2.9,14.15,NA
"19761","20180228:0000",-43.97167,171.81097,"Wakanui",1869,NA,0,"Canterbury",1010,6.8,16.95,NA
"19762","20180301:0000",-43.97167,171.81097,"Wakanui",1869,NA,0,"Canterbury",1010,3.6,19.65,NA
"19763","20180302:0000",-43.97167,171.81097,"Wakanui",1869,NA,0,"Canterbury",1010,2.5,NA,NA
"19764","20180303:0000",-43.97167,171.81097,"Wakanui",1869,NA,0,"Canterbury",1010,3.6,NA,NA
"19765","20180304:0000",-43.97167,171.81097,"Wakanui",1869,NA,0,"Canterbury",1010,5,21.1,NA
"19766","20180305:0000",-43.97167,171.81097,"Wakanui",1869,NA,0,"Canterbury",1010,9.4,18.5,NA
"19767","20180306:0000",-43.97167,171.81097,"Wakanui",1869,NA,0,"Canterbury",1010,16.9,NA,NA
"19768","20180307:0000",-43.97167,171.81097,"Wakanui",1869,NA,0,"Canterbury",1010,5.8,12.9,NA
"19769","20180308:0000",-43.97167,171.81097,"Wakanui",1869,NA,0,"Canterbury",1010,5,13.45,NA
"19770","20180309:0000",-43.97167,171.81097,"Wakanui",1869,NA,0,"Canterbury",1010,20.9,13.05,NA
"19771","20180310:0000",-43.97167,171.81097,"Wakanui",1869,NA,0,"Canterbury",1010,8.3,12.35,NA
"19772","20180311:0000",-43.97167,171.81097,"Wakanui",1869,NA,0,"Canterbury",1010,7.2,14.2,NA
"19773","20180312:0000",-43.97167,171.81097,"Wakanui",1869,NA,0,"Canterbury",1010,13,15.5,NA
"19774","20180313:0000",-43.97167,171.81097,"Wakanui",1869,NA,0,"Canterbury",1010,6.1,14.55,NA
"19775","20180314:0000",-43.97167,171.81097,"Wakanui",1869,NA,0,"Canterbury",1010,4,14.95,NA
"19776","20180315:0000",-43.97167,171.81097,"Wakanui",1869,NA,0,"Canterbury",1010,15.5,17.5,NA
"19777","20180316:0000",-43.97167,171.81097,"Wakanui",1869,NA,0,"Canterbury",1010,16.2,16.65,NA
"19778","20180317:0000",-43.97167,171.81097,"Wakanui",1869,NA,0,"Canterbury",1010,7.6,12.05,NA
"19779","20180318:0000",-43.97167,171.81097,"Wakanui",1869,NA,0,"Canterbury",1010,11.9,14.15,NA
"19780","20180319:0000",-43.97167,171.81097,"Wakanui",1869,NA,0,"Canterbury",1010,17.6,18.75,NA
"19781","20180320:0000",-43.97167,171.81097,"Wakanui",1869,NA,0,"Canterbury",1010,16.9,21.55,NA
"19782","20180321:0000",-43.97167,171.81097,"Wakanui",1869,NA,0,"Canterbury",1010,8.6,16.05,NA
"19783","20180322:0000",-43.97167,171.81097,"Wakanui",1869,NA,0,"Canterbury",1010,27.4,9.35,NA
"19784","20180323:0000",-43.97167,171.81097,"Wakanui",1869,NA,0,"Canterbury",1010,7.2,10.2,NA
"19785","20180324:0000",-43.97167,171.81097,"Wakanui",1869,NA,0,"Canterbury",1010,5.4,13,NA
"19786","20180325:0000",-43.97167,171.81097,"Wakanui",1869,NA,0,"Canterbury",1010,7.2,13.45,NA
"19787","20180326:0000",-43.97167,171.81097,"Wakanui",1869,NA,0,"Canterbury",1010,9,18.35,NA
"19788","20180327:0000",-43.97167,171.81097,"Wakanui",1869,NA,0,"Canterbury",1010,11.9,19.85,NA
"19789","20180328:0000",-43.97167,171.81097,"Wakanui",1869,NA,0,"Canterbury",1010,9.7,15.65,NA
"19790","20180329:0000",-43.97167,171.81097,"Wakanui",1869,NA,0,"Canterbury",1010,15.1,14.65,NA
"19791","20180330:0000",-43.97167,171.81097,"Wakanui",1869,NA,0,"Canterbury",1010,5,15,NA
"19792","20180331:0000",-43.97167,171.81097,"Wakanui",1869,NA,0,"Canterbury",1010,20.9,18.8,NA
"19793","20180401:0000",-43.97167,171.81097,"Wakanui",1869,NA,0,"Canterbury",1010,3.2,10.1,NA
"19794","20180402:0000",-43.97167,171.81097,"Wakanui",1869,NA,0,"Canterbury",1010,8.3,14.15,NA
"19795","20180403:0000",-43.97167,171.81097,"Wakanui",1869,NA,0,"Canterbury",1010,22.3,18.65,NA
"19796","20180404:0000",-43.97167,171.81097,"Wakanui",1869,NA,0,"Canterbury",1010,17.3,16.7,NA
"19797","20180405:0000",-43.97167,171.81097,"Wakanui",1869,NA,0,"Canterbury",1010,7.9,16.45,NA
"19798","20180406:0000",-43.97167,171.81097,"Wakanui",1869,NA,0,"Canterbury",1010,16.9,18.45,NA
"19799","20180407:0000",-43.97167,171.81097,"Wakanui",1869,NA,0,"Canterbury",1010,15.1,12.45,NA
"19800","20180408:0000",-43.97167,171.81097,"Wakanui",1869,NA,0,"Canterbury",1010,10.1,12.6,NA
"19801","20180409:0000",-43.97167,171.81097,"Wakanui",1869,NA,0,"Canterbury",1010,7.6,10.1,NA
"19802","20180410:0000",-43.97167,171.81097,"Wakanui",1869,NA,0,"Canterbury",1010,27.4,7.1,NA
"19803","20180411:0000",-43.97167,171.81097,"Wakanui",1869,NA,0,"Canterbury",1010,30.2,7.6,NA
"19804","20180412:0000",-43.97167,171.81097,"Wakanui",1869,NA,0,"Canterbury",1010,13.7,6.7,NA
"19805","20180413:0000",-43.97167,171.81097,"Wakanui",1869,NA,0,"Canterbury",1010,14.4,8.6,NA
"19806","20180414:0000",-43.97167,171.81097,"Wakanui",1869,NA,0,"Canterbury",1010,6.8,7.35,NA
"19807","20180415:0000",-43.97167,171.81097,"Wakanui",1869,NA,0,"Canterbury",1010,4.7,8.4,NA
"19808","20180416:0000",-43.97167,171.81097,"Wakanui",1869,NA,0,"Canterbury",1010,17.6,12.95,NA
"19809","20180417:0000",-43.97167,171.81097,"Wakanui",1869,NA,0,"Canterbury",1010,11.2,13.4,NA
"19810","20180418:0000",-43.97167,171.81097,"Wakanui",1869,NA,0,"Canterbury",1010,11.2,10.75,NA
"19811","20180419:0000",-43.97167,171.81097,"Wakanui",1869,NA,0,"Canterbury",1010,17.3,13.2,NA
"19812","20180420:0000",-43.97167,171.81097,"Wakanui",1869,NA,0,"Canterbury",1010,10.4,15.6,NA
"19813","20180421:0000",-43.97167,171.81097,"Wakanui",1869,NA,0,"Canterbury",1010,6.5,11.2,NA
"19814","20180422:0000",-43.97167,171.81097,"Wakanui",1869,NA,0,"Canterbury",1010,7.2,8.4,NA
"19815","20180423:0000",-43.97167,171.81097,"Wakanui",1869,NA,0,"Canterbury",1010,3.6,9.55,NA
"19816","20180424:0000",-43.97167,171.81097,"Wakanui",1869,NA,0,"Canterbury",1010,7.9,12.8,NA
"19817","20180425:0000",-43.97167,171.81097,"Wakanui",1869,NA,0,"Canterbury",1010,7.2,9.6,NA
"19818","20180426:0000",-43.97167,171.81097,"Wakanui",1869,NA,0,"Canterbury",1010,8.6,14.5,NA
"19819","20180427:0000",-43.97167,171.81097,"Wakanui",1869,NA,0,"Canterbury",1010,13.7,13.7,NA
"19820","20180428:0000",-43.97167,171.81097,"Wakanui",1869,NA,0,"Canterbury",1010,8.3,11.35,NA
"19821","20180429:0000",-43.97167,171.81097,"Wakanui",1869,NA,0,"Canterbury",1010,29.5,10.15,NA
"19822","20180430:0000",-43.97167,171.81097,"Wakanui",1869,NA,0,"Canterbury",1010,5.8,10.6,NA
"19823","20180501:0000",-43.97167,171.81097,"Wakanui",1869,NA,0,"Canterbury",1010,7.2,10.15,NA
"19824","20180502:0000",-43.97167,171.81097,"Wakanui",1869,NA,0,"Canterbury",1010,6.8,11.3,NA
"19825","20180503:0000",-43.97167,171.81097,"Wakanui",1869,NA,0,"Canterbury",1010,2.5,10,NA
"19826","20180504:0000",-43.97167,171.81097,"Wakanui",1869,NA,0,"Canterbury",1010,14,11.65,NA
"19827","20180505:0000",-43.97167,171.81097,"Wakanui",1869,NA,0,"Canterbury",1010,7.9,12.25,NA
"19828","20180506:0000",-43.97167,171.81097,"Wakanui",1869,NA,0,"Canterbury",1010,8.3,12.75,NA
"19829","20180507:0000",-43.97167,171.81097,"Wakanui",1869,NA,0,"Canterbury",1010,18,12.95,NA
"19830","20180508:0000",-43.97167,171.81097,"Wakanui",1869,NA,0,"Canterbury",1010,11.5,14.2,NA
"19831","20180509:0000",-43.97167,171.81097,"Wakanui",1869,NA,0,"Canterbury",1010,7.6,13.7,NA
"19832","20180510:0000",-43.97167,171.81097,"Wakanui",1869,NA,0,"Canterbury",1010,6.8,10.75,NA
"19833","20180511:0000",-43.97167,171.81097,"Wakanui",1869,NA,0,"Canterbury",1010,5,12.85,NA
"19834","20180512:0000",-43.97167,171.81097,"Wakanui",1869,NA,0,"Canterbury",1010,18,10.4,NA
"19835","20180513:0000",-43.97167,171.81097,"Wakanui",1869,NA,0,"Canterbury",1010,5,6.8,NA
"19836","20180514:0000",-43.97167,171.81097,"Wakanui",1869,NA,0,"Canterbury",1010,4.3,9.2,NA
"19837","20180515:0000",-43.97167,171.81097,"Wakanui",1869,NA,0,"Canterbury",1010,4,NA,NA
"19838","20180516:0000",-43.97167,171.81097,"Wakanui",1869,NA,0,"Canterbury",1010,3.6,NA,NA
"19839","20180517:0000",-43.97167,171.81097,"Wakanui",1869,NA,0,"Canterbury",1010,5.4,NA,NA
"19840","20180518:0000",-43.97167,171.81097,"Wakanui",1869,NA,0,"Canterbury",1010,7.2,8.7,NA
"19841","20180519:0000",-43.97167,171.81097,"Wakanui",1869,NA,0,"Canterbury",1010,6.5,10.05,NA
"19842","20180520:0000",-43.97167,171.81097,"Wakanui",1869,NA,0,"Canterbury",1010,26.3,10.7,NA
"19843","20180521:0000",-43.97167,171.81097,"Wakanui",1869,NA,0,"Canterbury",1010,6.8,8.95,NA
"19844","20180522:0000",-43.97167,171.81097,"Wakanui",1869,NA,0,"Canterbury",1010,7.6,8.5,NA
"19845","20180523:0000",-43.97167,171.81097,"Wakanui",1869,NA,0,"Canterbury",1010,6.8,6.8,NA
"19846","20180524:0000",-43.97167,171.81097,"Wakanui",1869,NA,0,"Canterbury",1010,15.8,6.1,NA
"19847","20180525:0000",-43.97167,171.81097,"Wakanui",1869,NA,0,"Canterbury",1010,6.1,5.2,NA
"19848","20180526:0000",-43.97167,171.81097,"Wakanui",1869,NA,0,"Canterbury",1010,8.3,5.45,NA
"19849","20180527:0000",-43.97167,171.81097,"Wakanui",1869,NA,0,"Canterbury",1010,9,6.95,NA
"19850","20180528:0000",-43.97167,171.81097,"Wakanui",1869,NA,0,"Canterbury",1010,20.9,5.7,NA
"19851","20180529:0000",-43.97167,171.81097,"Wakanui",1869,NA,0,"Canterbury",1010,10.4,4.7,NA
"19852","20180530:0000",-43.97167,171.81097,"Wakanui",1869,NA,0,"Canterbury",1010,9,4.8,NA
"19853","20180531:0000",-43.97167,171.81097,"Wakanui",1869,NA,0,"Canterbury",1010,2.9,4.7,NA
"19854","20180601:0000",-43.97167,171.81097,"Wakanui",1869,NA,0,"Canterbury",1010,7.2,6.5,NA
"19855","20180602:0000",-43.97167,171.81097,"Wakanui",1869,NA,0,"Canterbury",1010,5.8,6,NA
"19856","20180603:0000",-43.97167,171.81097,"Wakanui",1869,NA,0,"Canterbury",1010,6.5,5.5,NA
"19857","20180604:0000",-43.97167,171.81097,"Wakanui",1869,NA,0,"Canterbury",1010,6.8,6.35,NA
"19858","20180605:0000",-43.97167,171.81097,"Wakanui",1869,NA,0,"Canterbury",1010,10.1,8.9,NA
"19859","20180606:0000",-43.97167,171.81097,"Wakanui",1869,NA,0,"Canterbury",1010,21.6,5.7,NA
"19860","20180607:0000",-43.97167,171.81097,"Wakanui",1869,NA,0,"Canterbury",1010,7.9,8.55,NA
"19861","20180608:0000",-43.97167,171.81097,"Wakanui",1869,NA,0,"Canterbury",1010,7.6,8.65,NA
"19862","20180609:0000",-43.97167,171.81097,"Wakanui",1869,NA,0,"Canterbury",1010,5,8.9,NA
"19863","20180610:0000",-43.97167,171.81097,"Wakanui",1869,NA,0,"Canterbury",1010,6.1,8.25,NA
"19864","20180611:0000",-43.97167,171.81097,"Wakanui",1869,NA,0,"Canterbury",1010,7.9,8.75,NA
"19865","20180612:0000",-43.97167,171.81097,"Wakanui",1869,NA,0,"Canterbury",1010,2.9,6.85,NA
"19866","20180613:0000",-43.97167,171.81097,"Wakanui",1869,NA,0,"Canterbury",1010,14.8,7.7,NA
"19867","20180614:0000",-43.97167,171.81097,"Wakanui",1869,NA,0,"Canterbury",1010,8.6,9.05,NA
"19868","20180615:0000",-43.97167,171.81097,"Wakanui",1869,NA,0,"Canterbury",1010,8.3,6.6,NA
"19869","20180616:0000",-43.97167,171.81097,"Wakanui",1869,NA,0,"Canterbury",1010,7.2,7.35,NA
"19870","20180617:0000",-43.97167,171.81097,"Wakanui",1869,NA,0,"Canterbury",1010,6.8,7.35,NA
"19871","20180618:0000",-43.97167,171.81097,"Wakanui",1869,NA,0,"Canterbury",1010,7.9,6.15,NA
"19872","20180619:0000",-43.97167,171.81097,"Wakanui",1869,NA,0,"Canterbury",1010,15.1,7.45,NA
"19873","20180620:0000",-43.97167,171.81097,"Wakanui",1869,NA,0,"Canterbury",1010,5,8,NA
"19874","20180621:0000",-43.97167,171.81097,"Wakanui",1869,NA,0,"Canterbury",1010,2.2,5.35,NA
"19875","20180622:0000",-43.97167,171.81097,"Wakanui",1869,NA,0,"Canterbury",1010,4.3,2.5,NA
"19876","20180623:0000",-43.97167,171.81097,"Wakanui",1869,NA,0,"Canterbury",1010,5.4,3.7,NA
"19877","20180624:0000",-43.97167,171.81097,"Wakanui",1869,NA,0,"Canterbury",1010,11.9,6.3,NA
"19878","20180625:0000",-43.97167,171.81097,"Wakanui",1869,NA,0,"Canterbury",1010,5,6.2,NA
"19879","20180626:0000",-43.97167,171.81097,"Wakanui",1869,NA,0,"Canterbury",1010,8.6,4.9,NA
"19880","20180627:0000",-43.97167,171.81097,"Wakanui",1869,NA,0,"Canterbury",1010,6.1,6.95,NA
"19881","20180628:0000",-43.97167,171.81097,"Wakanui",1869,NA,0,"Canterbury",1010,7.6,7.8,NA
"19882","20180629:0000",-43.97167,171.81097,"Wakanui",1869,NA,0,"Canterbury",1010,8.6,6.35,NA
"19883","20180630:0000",-43.97167,171.81097,"Wakanui",1869,NA,0,"Canterbury",1010,7.6,5.25,NA
"19884","20180701:0000",-43.97167,171.81097,"Wakanui",1869,NA,0,"Canterbury",1010,6.5,8.95,NA
"19885","20180702:0000",-43.97167,171.81097,"Wakanui",1869,NA,0,"Canterbury",1010,9.4,8.75,NA
"19886","20180703:0000",-43.97167,171.81097,"Wakanui",1869,NA,0,"Canterbury",1010,6.5,5.25,NA
"19887","20180704:0000",-43.97167,171.81097,"Wakanui",1869,NA,0,"Canterbury",1010,7.9,5.75,NA
"19888","20180705:0000",-43.97167,171.81097,"Wakanui",1869,NA,0,"Canterbury",1010,5.8,5.55,NA
"19889","20180706:0000",-43.97167,171.81097,"Wakanui",1869,NA,0,"Canterbury",1010,8.6,8.8,NA
"19890","20180707:0000",-43.97167,171.81097,"Wakanui",1869,NA,0,"Canterbury",1010,20.2,13.15,NA
"19891","20180708:0000",-43.97167,171.81097,"Wakanui",1869,NA,0,"Canterbury",1010,11.2,10.35,NA
"19892","20180709:0000",-43.97167,171.81097,"Wakanui",1869,NA,0,"Canterbury",1010,14.4,8.95,NA
"19893","20180710:0000",-43.97167,171.81097,"Wakanui",1869,NA,0,"Canterbury",1010,7.2,6.65,NA
"19894","20180711:0000",-43.97167,171.81097,"Wakanui",1869,NA,0,"Canterbury",1010,9.4,7.4,NA
"19895","20180712:0000",-43.97167,171.81097,"Wakanui",1869,NA,0,"Canterbury",1010,4.3,6.7,NA
"19896","20180713:0000",-43.97167,171.81097,"Wakanui",1869,NA,0,"Canterbury",1010,6.5,3.85,NA
"19897","20180714:0000",-43.97167,171.81097,"Wakanui",1869,NA,0,"Canterbury",1010,8.3,6.8,NA
"19898","20180715:0000",-43.97167,171.81097,"Wakanui",1869,NA,0,"Canterbury",1010,4.3,4.25,NA
"19899","20180716:0000",-43.97167,171.81097,"Wakanui",1869,NA,0,"Canterbury",1010,4.7,6.15,NA
"19900","20180717:0000",-43.97167,171.81097,"Wakanui",1869,NA,0,"Canterbury",1010,3.6,10.4,NA
"19901","20180718:0000",-43.97167,171.81097,"Wakanui",1869,NA,0,"Canterbury",1010,7.6,7.85,NA
"19902","20180719:0000",-43.97167,171.81097,"Wakanui",1869,NA,0,"Canterbury",1010,7.2,7.4,NA
"19903","20180720:0000",-43.97167,171.81097,"Wakanui",1869,NA,0,"Canterbury",1010,6.5,5.55,NA
"19904","20180721:0000",-43.97167,171.81097,"Wakanui",1869,NA,0,"Canterbury",1010,20.2,8.6,NA
"19905","20180722:0000",-43.97167,171.81097,"Wakanui",1869,NA,0,"Canterbury",1010,13.3,11.4,NA
"19906","20180723:0000",-43.97167,171.81097,"Wakanui",1869,NA,0,"Canterbury",1010,14,6.95,NA
"19907","20180724:0000",-43.97167,171.81097,"Wakanui",1869,NA,0,"Canterbury",1010,10.4,6.2,NA
"19908","20180725:0000",-43.97167,171.81097,"Wakanui",1869,NA,0,"Canterbury",1010,5.4,3.5,NA
"19909","20180726:0000",-43.97167,171.81097,"Wakanui",1869,NA,0,"Canterbury",1010,7.2,5.7,NA
"19910","20180727:0000",-43.97167,171.81097,"Wakanui",1869,NA,0,"Canterbury",1010,5,8.2,NA
"19911","20180728:0000",-43.97167,171.81097,"Wakanui",1869,NA,0,"Canterbury",1010,9.4,8.9,NA
"19912","20180729:0000",-43.97167,171.81097,"Wakanui",1869,NA,0,"Canterbury",1010,7.2,6.4,NA
"19913","20180730:0000",-43.97167,171.81097,"Wakanui",1869,NA,0,"Canterbury",1010,8.6,4.95,NA
"19914","20180731:0000",-43.97167,171.81097,"Wakanui",1869,NA,0,"Canterbury",1010,18.7,9.45,NA
"19915","20180801:0000",-43.97167,171.81097,"Wakanui",1869,NA,0,"Canterbury",1010,9.7,9.9,NA
"19916","20180802:0000",-43.97167,171.81097,"Wakanui",1869,NA,0,"Canterbury",1010,3.6,7.9,NA
"19917","20180803:0000",-43.97167,171.81097,"Wakanui",1869,NA,0,"Canterbury",1010,10.4,7.25,NA
"19918","20180804:0000",-43.97167,171.81097,"Wakanui",1869,NA,0,"Canterbury",1010,9.4,8.55,NA
"19919","20180805:0000",-43.97167,171.81097,"Wakanui",1869,NA,0,"Canterbury",1010,4.7,5.45,NA
"19920","20180806:0000",-43.97167,171.81097,"Wakanui",1869,NA,0,"Canterbury",1010,5.8,5.15,NA
"19921","20180807:0000",-43.97167,171.81097,"Wakanui",1869,NA,0,"Canterbury",1010,13,9.95,NA
"19922","20180808:0000",-43.97167,171.81097,"Wakanui",1869,NA,0,"Canterbury",1010,13.7,10.45,NA
"19923","20180809:0000",-43.97167,171.81097,"Wakanui",1869,NA,0,"Canterbury",1010,7.2,8.6,NA
"19924","20180810:0000",-43.97167,171.81097,"Wakanui",1869,NA,0,"Canterbury",1010,5.4,9,NA
"19925","20180811:0000",-43.97167,171.81097,"Wakanui",1869,NA,0,"Canterbury",1010,3.6,6.3,NA
"19926","20180812:0000",-43.97167,171.81097,"Wakanui",1869,NA,0,"Canterbury",1010,24.8,8.55,NA
"19927","20180813:0000",-43.97167,171.81097,"Wakanui",1869,NA,0,"Canterbury",1010,5.4,9.35,NA
"19928","20180814:0000",-43.97167,171.81097,"Wakanui",1869,NA,0,"Canterbury",1010,8.6,5.9,NA
"19929","20180815:0000",-43.97167,171.81097,"Wakanui",1869,NA,0,"Canterbury",1010,6.5,7.5,NA
"19930","20180816:0000",-43.97167,171.81097,"Wakanui",1869,NA,0,"Canterbury",1010,34.2,12,NA
"19931","20180817:0000",-43.97167,171.81097,"Wakanui",1869,NA,0,"Canterbury",1010,9,6.45,NA
"19932","20180818:0000",-43.97167,171.81097,"Wakanui",1869,NA,0,"Canterbury",1010,8.3,6.95,NA
"19933","20180819:0000",-43.97167,171.81097,"Wakanui",1869,NA,0,"Canterbury",1010,5.8,3.85,NA
"19934","20180820:0000",-43.97167,171.81097,"Wakanui",1869,NA,0,"Canterbury",1010,5,4.9,NA
"19935","20180821:0000",-43.97167,171.81097,"Wakanui",1869,NA,0,"Canterbury",1010,6.8,5.9,NA
"19936","20180822:0000",-43.97167,171.81097,"Wakanui",1869,NA,0,"Canterbury",1010,4.7,7.9,NA
"19937","20180823:0000",-43.97167,171.81097,"Wakanui",1869,NA,0,"Canterbury",1010,8.3,6.8,NA
"19938","20180824:0000",-43.97167,171.81097,"Wakanui",1869,NA,0,"Canterbury",1010,9.4,8.25,NA
"19939","20180825:0000",-43.97167,171.81097,"Wakanui",1869,NA,0,"Canterbury",1010,27.4,6.65,NA
"19940","20180826:0000",-43.97167,171.81097,"Wakanui",1869,NA,0,"Canterbury",1010,10.1,8.5,NA
"19941","20180827:0000",-43.97167,171.81097,"Wakanui",1869,NA,0,"Canterbury",1010,8.6,9.05,NA
"19942","20180828:0000",-43.97167,171.81097,"Wakanui",1869,NA,0,"Canterbury",1010,10.8,9.05,NA
"19943","20180829:0000",-43.97167,171.81097,"Wakanui",1869,NA,0,"Canterbury",1010,10.1,8.2,NA
"19944","20180830:0000",-43.97167,171.81097,"Wakanui",1869,NA,0,"Canterbury",1010,8.3,7.45,NA
"19945","20180831:0000",-43.97167,171.81097,"Wakanui",1869,NA,0,"Canterbury",1010,15.1,6.65,NA
"19946","20180901:0000",-43.97167,171.81097,"Wakanui",1869,NA,0,"Canterbury",1010,7.9,7.15,NA
"19947","20180902:0000",-43.97167,171.81097,"Wakanui",1869,NA,0,"Canterbury",1010,8.3,6.8,NA
"19948","20180903:0000",-43.97167,171.81097,"Wakanui",1869,NA,0,"Canterbury",1010,36,8,NA
"19949","20180904:0000",-43.97167,171.81097,"Wakanui",1869,NA,0,"Canterbury",1010,18.4,7.6,NA
"19950","20180905:0000",-43.97167,171.81097,"Wakanui",1869,NA,0,"Canterbury",1010,4.7,4.85,NA
"19951","20180906:0000",-43.97167,171.81097,"Wakanui",1869,NA,0,"Canterbury",1010,5.4,4.05,NA
"19952","20180907:0000",-43.97167,171.81097,"Wakanui",1869,NA,0,"Canterbury",1010,3.6,3.55,NA
"19953","20180908:0000",-43.97167,171.81097,"Wakanui",1869,NA,0,"Canterbury",1010,3.6,3.5,NA
"19954","20180909:0000",-43.97167,171.81097,"Wakanui",1869,NA,0,"Canterbury",1010,5,3.6,NA
"19955","20180910:0000",-43.97167,171.81097,"Wakanui",1869,NA,0,"Canterbury",1010,8.6,5.55,NA
"19956","20180911:0000",-43.97167,171.81097,"Wakanui",1869,NA,0,"Canterbury",1010,4.3,10.35,NA
"19957","20180912:0000",-43.97167,171.81097,"Wakanui",1869,NA,0,"Canterbury",1010,8.3,8.7,NA
"19958","20180913:0000",-43.97167,171.81097,"Wakanui",1869,NA,0,"Canterbury",1010,17.3,11.9,NA
"19959","20180914:0000",-43.97167,171.81097,"Wakanui",1869,NA,0,"Canterbury",1010,8.3,12.6,NA
"19960","20180915:0000",-43.97167,171.81097,"Wakanui",1869,NA,0,"Canterbury",1010,7.2,13.4,NA
"19961","20180916:0000",-43.97167,171.81097,"Wakanui",1869,NA,0,"Canterbury",1010,7.9,14.65,NA
"19962","20180917:0000",-43.97167,171.81097,"Wakanui",1869,NA,0,"Canterbury",1010,14.8,9.65,NA
"19963","20180918:0000",-43.97167,171.81097,"Wakanui",1869,NA,0,"Canterbury",1010,6.1,8.25,NA
"19964","20180919:0000",-43.97167,171.81097,"Wakanui",1869,NA,0,"Canterbury",1010,15.1,9.75,NA
"19965","20180920:0000",-43.97167,171.81097,"Wakanui",1869,NA,0,"Canterbury",1010,6.8,8.85,NA
"19966","20180921:0000",-43.97167,171.81097,"Wakanui",1869,NA,0,"Canterbury",1010,9.7,9.35,NA
"19967","20180922:0000",-43.97167,171.81097,"Wakanui",1869,NA,0,"Canterbury",1010,5.4,9.4,NA
"19968","20180923:0000",-43.97167,171.81097,"Wakanui",1869,NA,0,"Canterbury",1010,18.7,13.1,NA
"19969","20180924:0000",-43.97167,171.81097,"Wakanui",1869,NA,0,"Canterbury",1010,5,8.55,NA
"19970","20180925:0000",-43.97167,171.81097,"Wakanui",1869,NA,0,"Canterbury",1010,25.2,9.9,NA
"19971","20180926:0000",-43.97167,171.81097,"Wakanui",1869,NA,0,"Canterbury",1010,21.2,6.4,NA
"19972","20180927:0000",-43.97167,171.81097,"Wakanui",1869,NA,0,"Canterbury",1010,10.8,6.95,NA
"19973","20180928:0000",-43.97167,171.81097,"Wakanui",1869,NA,0,"Canterbury",1010,6.8,6.6,NA
"19974","20180929:0000",-43.97167,171.81097,"Wakanui",1869,NA,0,"Canterbury",1010,9,11.15,NA
"19975","20180930:0000",-43.97167,171.81097,"Wakanui",1869,NA,0,"Canterbury",1010,13.7,11.15,NA
"19976","20181001:0000",-43.97167,171.81097,"Wakanui",1869,NA,0,"Canterbury",1010,6.5,9.5,NA
"19977","20181002:0000",-43.97167,171.81097,"Wakanui",1869,NA,0,"Canterbury",1010,4,9.25,NA
"19978","20181003:0000",-43.97167,171.81097,"Wakanui",1869,NA,0,"Canterbury",1010,2.9,8.35,NA
"19979","20181004:0000",-43.97167,171.81097,"Wakanui",1869,NA,0,"Canterbury",1010,9.7,12.3,NA
"19980","20181005:0000",-43.97167,171.81097,"Wakanui",1869,NA,0,"Canterbury",1010,6.8,9.75,NA
"19981","20181006:0000",-43.97167,171.81097,"Wakanui",1869,NA,0,"Canterbury",1010,7.6,8.1,NA
"19982","20181007:0000",-43.97167,171.81097,"Wakanui",1869,NA,0,"Canterbury",1010,5,11.35,NA
"19983","20181008:0000",-43.97167,171.81097,"Wakanui",1869,NA,0,"Canterbury",1010,5,10.7,NA
"19984","20181009:0000",-43.97167,171.81097,"Wakanui",1869,NA,0,"Canterbury",1010,2.9,10.25,NA
"19985","20181010:0000",-43.97167,171.81097,"Wakanui",1869,NA,0,"Canterbury",1010,13.7,14.15,NA
"19986","20181011:0000",-43.97167,171.81097,"Wakanui",1869,NA,0,"Canterbury",1010,6.1,7.85,NA
"19987","20181012:0000",-43.97167,171.81097,"Wakanui",1869,NA,0,"Canterbury",1010,39.6,7.5,NA
"19988","20181013:0000",-43.97167,171.81097,"Wakanui",1869,NA,0,"Canterbury",1010,14.8,8.1,NA
"19989","20181014:0000",-43.97167,171.81097,"Wakanui",1869,NA,0,"Canterbury",1010,25.2,8.25,NA
"19990","20181015:0000",-43.97167,171.81097,"Wakanui",1869,NA,0,"Canterbury",1010,6.1,5.65,NA
"19991","20181016:0000",-43.97167,171.81097,"Wakanui",1869,NA,0,"Canterbury",1010,6.5,9.4,NA
"19992","20181017:0000",-43.97167,171.81097,"Wakanui",1869,NA,0,"Canterbury",1010,10.1,13.85,NA
"19993","20181018:0000",-43.97167,171.81097,"Wakanui",1869,NA,0,"Canterbury",1010,6.5,13.6,NA
"19994","20181019:0000",-43.97167,171.81097,"Wakanui",1869,NA,0,"Canterbury",1010,10.1,13.3,NA
"19995","20181020:0000",-43.97167,171.81097,"Wakanui",1869,NA,0,"Canterbury",1010,8.6,12.65,NA
"19996","20181021:0000",-43.97167,171.81097,"Wakanui",1869,NA,0,"Canterbury",1010,7.6,14.75,NA
"19997","20181022:0000",-43.97167,171.81097,"Wakanui",1869,NA,0,"Canterbury",1010,6.8,13,NA
"19998","20181023:0000",-43.97167,171.81097,"Wakanui",1869,NA,0,"Canterbury",1010,6.1,15.05,NA
"19999","20181024:0000",-43.97167,171.81097,"Wakanui",1869,NA,0,"Canterbury",1010,7.2,17.55,NA
"20000","20181025:0000",-43.97167,171.81097,"Wakanui",1869,NA,0,"Canterbury",1010,25.2,9.3,NA
"20001","20181026:0000",-43.97167,171.81097,"Wakanui",1869,NA,0,"Canterbury",1010,5.8,8.95,NA
"20002","20181027:0000",-43.97167,171.81097,"Wakanui",1869,NA,0,"Canterbury",1010,6.8,12.25,NA
"20003","20181028:0000",-43.97167,171.81097,"Wakanui",1869,NA,0,"Canterbury",1010,10.4,10.05,NA
"20004","20181029:0000",-43.97167,171.81097,"Wakanui",1869,NA,0,"Canterbury",1010,9,11.2,NA
"20005","20181030:0000",-43.97167,171.81097,"Wakanui",1869,NA,0,"Canterbury",1010,16.6,10.5,NA
"20006","20181031:0000",-43.97167,171.81097,"Wakanui",1869,NA,0,"Canterbury",1010,10.1,8.8,NA
"20007","20181101:0000",-43.97167,171.81097,"Wakanui",1869,NA,0,"Canterbury",1010,19.8,10.85,NA
"20008","20181102:0000",-43.97167,171.81097,"Wakanui",1869,NA,0,"Canterbury",1010,7.9,9.65,NA
"20009","20181103:0000",-43.97167,171.81097,"Wakanui",1869,NA,0,"Canterbury",1010,25.6,19.1,NA
"20010","20181104:0000",-43.97167,171.81097,"Wakanui",1869,NA,0,"Canterbury",1010,10.1,13.6,NA
"20011","20181105:0000",-43.97167,171.81097,"Wakanui",1869,NA,0,"Canterbury",1010,9.4,13.7,NA
"20012","20181106:0000",-43.97167,171.81097,"Wakanui",1869,NA,0,"Canterbury",1010,9.7,13.1,NA
"20013","20181107:0000",-43.97167,171.81097,"Wakanui",1869,NA,0,"Canterbury",1010,5.8,15.7,NA
"20014","20181108:0000",-43.97167,171.81097,"Wakanui",1869,NA,0,"Canterbury",1010,6.1,18.15,NA
"20015","20181109:0000",-43.97167,171.81097,"Wakanui",1869,NA,0,"Canterbury",1010,9.4,7.8,NA
"20016","20181110:0000",-43.97167,171.81097,"Wakanui",1869,NA,0,"Canterbury",1010,5,7.75,NA
"20017","20181111:0000",-43.97167,171.81097,"Wakanui",1869,NA,0,"Canterbury",1010,10.8,12.75,NA
"20018","20181112:0000",-43.97167,171.81097,"Wakanui",1869,NA,0,"Canterbury",1010,5,12.6,NA
"20019","20181113:0000",-43.97167,171.81097,"Wakanui",1869,NA,0,"Canterbury",1010,9,12.6,NA
"20020","20181114:0000",-43.97167,171.81097,"Wakanui",1869,NA,0,"Canterbury",1010,10.1,14.35,NA
"20021","20181115:0000",-43.97167,171.81097,"Wakanui",1869,NA,0,"Canterbury",1010,4.3,13.6,NA
"20022","20181116:0000",-43.97167,171.81097,"Wakanui",1869,NA,0,"Canterbury",1010,11.5,14.9,NA
"20023","20181117:0000",-43.97167,171.81097,"Wakanui",1869,NA,0,"Canterbury",1010,2.9,14.55,NA
"20024","20181118:0000",-43.97167,171.81097,"Wakanui",1869,NA,0,"Canterbury",1010,13,13,NA
"20025","20181119:0000",-43.97167,171.81097,"Wakanui",1869,NA,0,"Canterbury",1010,9.4,NA,NA
"20026","20181120:0000",-43.97167,171.81097,"Wakanui",1869,NA,0,"Canterbury",1010,10.4,NA,NA
"20027","20181121:0000",-43.97167,171.81097,"Wakanui",1869,NA,0,"Canterbury",1010,10.8,8.65,NA
"20028","20181122:0000",-43.97167,171.81097,"Wakanui",1869,NA,0,"Canterbury",1010,5,12.4,NA
"20029","20181123:0000",-43.97167,171.81097,"Wakanui",1869,NA,0,"Canterbury",1010,4.3,11.35,NA
"20030","20181124:0000",-43.97167,171.81097,"Wakanui",1869,NA,0,"Canterbury",1010,7.9,13.4,NA
"20031","20181125:0000",-43.97167,171.81097,"Wakanui",1869,NA,0,"Canterbury",1010,15.5,14.2,NA
"20032","20181126:0000",-43.97167,171.81097,"Wakanui",1869,NA,0,"Canterbury",1010,16.2,13.1,NA
"20033","20181127:0000",-43.97167,171.81097,"Wakanui",1869,NA,0,"Canterbury",1010,5.8,12.3,NA
"20034","20181128:0000",-43.97167,171.81097,"Wakanui",1869,NA,0,"Canterbury",1010,13,13.25,NA
"20035","20181129:0000",-43.97167,171.81097,"Wakanui",1869,NA,0,"Canterbury",1010,11.2,13.8,NA
"20036","20181130:0000",-43.97167,171.81097,"Wakanui",1869,NA,0,"Canterbury",1010,10.8,12.75,NA
"20037","20181201:0000",-43.97167,171.81097,"Wakanui",1869,NA,0,"Canterbury",1010,6.5,16.45,NA
"20038","20181202:0000",-43.97167,171.81097,"Wakanui",1869,NA,0,"Canterbury",1010,5.4,16.65,NA
"20039","20181203:0000",-43.97167,171.81097,"Wakanui",1869,NA,0,"Canterbury",1010,5.8,17.6,NA
"20040","20181204:0000",-43.97167,171.81097,"Wakanui",1869,NA,0,"Canterbury",1010,6.5,18.85,NA
"20041","20181205:0000",-43.97167,171.81097,"Wakanui",1869,NA,0,"Canterbury",1010,11.9,13.35,NA
"20042","20181206:0000",-43.97167,171.81097,"Wakanui",1869,NA,0,"Canterbury",1010,16.2,10.95,NA
"20043","20181207:0000",-43.97167,171.81097,"Wakanui",1869,NA,0,"Canterbury",1010,8.6,12.95,NA
"20044","20181208:0000",-43.97167,171.81097,"Wakanui",1869,NA,0,"Canterbury",1010,7.2,15.15,NA
"20045","20181209:0000",-43.97167,171.81097,"Wakanui",1869,NA,0,"Canterbury",1010,4.3,18.1,NA
"20046","20181210:0000",-43.97167,171.81097,"Wakanui",1869,NA,0,"Canterbury",1010,6.8,12.8,NA
"20047","20181211:0000",-43.97167,171.81097,"Wakanui",1869,NA,0,"Canterbury",1010,9.7,12.9,NA
"20048","20181212:0000",-43.97167,171.81097,"Wakanui",1869,NA,0,"Canterbury",1010,6.5,14.5,NA
"20049","20181213:0000",-43.97167,171.81097,"Wakanui",1869,NA,0,"Canterbury",1010,7.9,14.75,NA
"20050","20181214:0000",-43.97167,171.81097,"Wakanui",1869,NA,0,"Canterbury",1010,9.4,16.85,NA
"20051","20181215:0000",-43.97167,171.81097,"Wakanui",1869,NA,0,"Canterbury",1010,13.7,13.7,NA
"20052","20181216:0000",-43.97167,171.81097,"Wakanui",1869,NA,0,"Canterbury",1010,6.8,16.05,NA
"20053","20181217:0000",-43.97167,171.81097,"Wakanui",1869,NA,0,"Canterbury",1010,4.3,20.55,NA
"20054","20181218:0000",-43.97167,171.81097,"Wakanui",1869,NA,0,"Canterbury",1010,23,19.15,NA
"20055","20181219:0000",-43.97167,171.81097,"Wakanui",1869,NA,0,"Canterbury",1010,13.3,12.35,NA
"20056","20181220:0000",-43.97167,171.81097,"Wakanui",1869,NA,0,"Canterbury",1010,7.2,11.7,NA
"20057","20181221:0000",-43.97167,171.81097,"Wakanui",1869,NA,0,"Canterbury",1010,7.6,12.1,NA
"20058","20181222:0000",-43.97167,171.81097,"Wakanui",1869,NA,0,"Canterbury",1010,4,12.7,NA
"20059","20181223:0000",-43.97167,171.81097,"Wakanui",1869,NA,0,"Canterbury",1010,7.6,12.65,NA
"20060","20181224:0000",-43.97167,171.81097,"Wakanui",1869,NA,0,"Canterbury",1010,11.5,13.8,NA
"20061","20181225:0000",-43.97167,171.81097,"Wakanui",1869,NA,0,"Canterbury",1010,11.9,18.05,NA
"20062","20181226:0000",-43.97167,171.81097,"Wakanui",1869,NA,0,"Canterbury",1010,10.8,14.95,NA
"20063","20181227:0000",-43.97167,171.81097,"Wakanui",1869,NA,0,"Canterbury",1010,9.4,14.65,NA
"20064","20181228:0000",-43.97167,171.81097,"Wakanui",1869,NA,0,"Canterbury",1010,7.9,16.2,NA
"20065","20181229:0000",-43.97167,171.81097,"Wakanui",1869,NA,0,"Canterbury",1010,5.8,20.9,NA
"20066","20181230:0000",-43.97167,171.81097,"Wakanui",1869,NA,0,"Canterbury",1010,10.8,22,NA
"20067","20181231:0000",-43.97167,171.81097,"Wakanui",1869,NA,0,"Canterbury",1010,5.8,18.5,NA
"20068","20190101:0000",-43.97167,171.81097,"Wakanui",1869,NA,0,"Canterbury",1010,4.3,19.7,NA
"20069","20190102:0000",-43.97167,171.81097,"Wakanui",1869,NA,0,"Canterbury",1010,10.4,23.15,NA
"20070","20190103:0000",-43.97167,171.81097,"Wakanui",1869,NA,0,"Canterbury",1010,5.8,19,NA
"20071","20190104:0000",-43.97167,171.81097,"Wakanui",1869,NA,0,"Canterbury",1010,7.2,14.5,NA
"20072","20190105:0000",-43.97167,171.81097,"Wakanui",1869,NA,0,"Canterbury",1010,13,22.9,NA
"20073","20190106:0000",-43.97167,171.81097,"Wakanui",1869,NA,0,"Canterbury",1010,15.5,15.45,NA
"20074","20190107:0000",-43.97167,171.81097,"Wakanui",1869,NA,0,"Canterbury",1010,7.2,17.45,NA
"20075","20190108:0000",-43.97167,171.81097,"Wakanui",1869,NA,0,"Canterbury",1010,9.7,15.15,NA
"20076","20190109:0000",-43.97167,171.81097,"Wakanui",1869,NA,0,"Canterbury",1010,11.5,21.4,NA
"20077","20190110:0000",-43.97167,171.81097,"Wakanui",1869,NA,0,"Canterbury",1010,10.4,17.85,NA
"20078","20190111:0000",-43.97167,171.81097,"Wakanui",1869,NA,0,"Canterbury",1010,15.5,13.1,NA
"20079","20190112:0000",-43.97167,171.81097,"Wakanui",1869,NA,0,"Canterbury",1010,4.7,14.25,NA
"20080","20190113:0000",-43.97167,171.81097,"Wakanui",1869,NA,0,"Canterbury",1010,6.8,17.2,NA
"20081","20190114:0000",-43.97167,171.81097,"Wakanui",1869,NA,0,"Canterbury",1010,16.6,13.85,NA
"20082","20190115:0000",-43.97167,171.81097,"Wakanui",1869,NA,0,"Canterbury",1010,6.5,13.85,NA
"20083","20190116:0000",-43.97167,171.81097,"Wakanui",1869,NA,0,"Canterbury",1010,7.9,16.05,NA
"20084","20190117:0000",-43.97167,171.81097,"Wakanui",1869,NA,0,"Canterbury",1010,5.8,17.25,NA
"20085","20190118:0000",-43.97167,171.81097,"Wakanui",1869,NA,0,"Canterbury",1010,10.1,17,NA
"20086","20190119:0000",-43.97167,171.81097,"Wakanui",1869,NA,0,"Canterbury",1010,13.7,22.85,NA
"20087","20190120:0000",-43.97167,171.81097,"Wakanui",1869,NA,0,"Canterbury",1010,7.2,16.9,NA
"20088","20190121:0000",-43.97167,171.81097,"Wakanui",1869,NA,0,"Canterbury",1010,9,18,NA
"20089","20190122:0000",-43.97167,171.81097,"Wakanui",1869,NA,0,"Canterbury",1010,7.2,20.2,NA
"20090","20190123:0000",-43.97167,171.81097,"Wakanui",1869,NA,0,"Canterbury",1010,14.4,23.2,NA
"20091","20190124:0000",-43.97167,171.81097,"Wakanui",1869,NA,0,"Canterbury",1010,6.5,10.5,NA
"20092","20190125:0000",-43.97167,171.81097,"Wakanui",1869,NA,0,"Canterbury",1010,2.2,13,NA
"20093","20190126:0000",-43.97167,171.81097,"Wakanui",1869,NA,0,"Canterbury",1010,6.1,18.85,NA
"20094","20190127:0000",-43.97167,171.81097,"Wakanui",1869,NA,0,"Canterbury",1010,14,19.45,NA
"20095","20190128:0000",-43.97167,171.81097,"Wakanui",1869,NA,0,"Canterbury",1010,7.6,18.95,NA
"20096","20190129:0000",-43.97167,171.81097,"Wakanui",1869,NA,0,"Canterbury",1010,9.4,20.8,NA
"20097","20190130:0000",-43.97167,171.81097,"Wakanui",1869,NA,0,"Canterbury",1010,4.3,20.9,NA
"20098","20190131:0000",-43.97167,171.81097,"Wakanui",1869,NA,0,"Canterbury",1010,6.8,22.35,NA
"20099","20190201:0000",-43.97167,171.81097,"Wakanui",1869,NA,0,"Canterbury",1010,13.3,23.3,NA
"20100","20190202:0000",-43.97167,171.81097,"Wakanui",1869,NA,0,"Canterbury",1010,4,13.45,NA
"20101","20190203:0000",-43.97167,171.81097,"Wakanui",1869,NA,0,"Canterbury",1010,6.1,16.25,NA
"20102","20190204:0000",-43.97167,171.81097,"Wakanui",1869,NA,0,"Canterbury",1010,3.2,19.25,NA
"20103","20190205:0000",-43.97167,171.81097,"Wakanui",1869,NA,0,"Canterbury",1010,4.7,18.7,NA
"20104","20190206:0000",-43.97167,171.81097,"Wakanui",1869,NA,0,"Canterbury",1010,18.7,12.65,NA
"20105","20190207:0000",-43.97167,171.81097,"Wakanui",1869,NA,0,"Canterbury",1010,4.3,13.9,NA
"20106","20190208:0000",-43.97167,171.81097,"Wakanui",1869,NA,0,"Canterbury",1010,8.3,15.3,NA
"20107","20190209:0000",-43.97167,171.81097,"Wakanui",1869,NA,0,"Canterbury",1010,7.6,19.8,NA
"20108","20190210:0000",-43.97167,171.81097,"Wakanui",1869,NA,0,"Canterbury",1010,9,21.9,NA
"20109","20190211:0000",-43.97167,171.81097,"Wakanui",1869,NA,0,"Canterbury",1010,5,20,NA
"20110","20190212:0000",-43.97167,171.81097,"Wakanui",1869,NA,0,"Canterbury",1010,7.6,19.45,NA
"20111","20190213:0000",-43.97167,171.81097,"Wakanui",1869,NA,0,"Canterbury",1010,2.5,19.55,NA
"20112","20190214:0000",-43.97167,171.81097,"Wakanui",1869,NA,0,"Canterbury",1010,8.3,22.75,NA
"20113","20190215:0000",-43.97167,171.81097,"Wakanui",1869,NA,0,"Canterbury",1010,2.9,17.1,NA
"20114","20190216:0000",-43.97167,171.81097,"Wakanui",1869,NA,0,"Canterbury",1010,19.4,14.05,NA
"20115","20190217:0000",-43.97167,171.81097,"Wakanui",1869,NA,0,"Canterbury",1010,3.2,12.1,NA
"20116","20190218:0000",-43.97167,171.81097,"Wakanui",1869,NA,0,"Canterbury",1010,7.2,17.45,NA
"20117","20190219:0000",-43.97167,171.81097,"Wakanui",1869,NA,0,"Canterbury",1010,5.8,22.25,NA
"20118","20190220:0000",-43.97167,171.81097,"Wakanui",1869,NA,0,"Canterbury",1010,8.6,17.35,NA
"20119","20190221:0000",-43.97167,171.81097,"Wakanui",1869,NA,0,"Canterbury",1010,6.1,21.5,NA
"20120","20190222:0000",-43.97167,171.81097,"Wakanui",1869,NA,0,"Canterbury",1010,11.2,15.35,NA
"20121","20190223:0000",-43.97167,171.81097,"Wakanui",1869,NA,0,"Canterbury",1010,7.2,10.4,NA
"20122","20190224:0000",-43.97167,171.81097,"Wakanui",1869,NA,0,"Canterbury",1010,22.3,12.5,NA
"20123","20190225:0000",-43.97167,171.81097,"Wakanui",1869,NA,0,"Canterbury",1010,5.8,11.4,NA
"20124","20190226:0000",-43.97167,171.81097,"Wakanui",1869,NA,0,"Canterbury",1010,5,15,NA
"20125","20190227:0000",-43.97167,171.81097,"Wakanui",1869,NA,0,"Canterbury",1010,7.9,18.7,NA
"20126","20190228:0000",-43.97167,171.81097,"Wakanui",1869,NA,0,"Canterbury",1010,9.4,10.05,NA
"20127","20190301:0000",-43.97167,171.81097,"Wakanui",1869,NA,0,"Canterbury",1010,9,12.4,NA
"20128","20190302:0000",-43.97167,171.81097,"Wakanui",1869,NA,0,"Canterbury",1010,5,11.95,NA
"20129","20190303:0000",-43.97167,171.81097,"Wakanui",1869,NA,0,"Canterbury",1010,8.3,16.45,NA
"20130","20190304:0000",-43.97167,171.81097,"Wakanui",1869,NA,0,"Canterbury",1010,8.3,19.6,NA
"20131","20190305:0000",-43.97167,171.81097,"Wakanui",1869,NA,0,"Canterbury",1010,10.4,21.6,NA
"20132","20190306:0000",-43.97167,171.81097,"Wakanui",1869,NA,0,"Canterbury",1010,8.6,18.85,NA
"20133","20190307:0000",-43.97167,171.81097,"Wakanui",1869,NA,0,"Canterbury",1010,25.2,21.45,NA
"20134","20190308:0000",-43.97167,171.81097,"Wakanui",1869,NA,0,"Canterbury",1010,10.1,13.25,NA
"20135","20190309:0000",-43.97167,171.81097,"Wakanui",1869,NA,0,"Canterbury",1010,6.5,12.9,NA
"20136","20190310:0000",-43.97167,171.81097,"Wakanui",1869,NA,0,"Canterbury",1010,5.8,13.55,NA
"20137","20190311:0000",-43.97167,171.81097,"Wakanui",1869,NA,0,"Canterbury",1010,3.6,15.45,NA
"20138","20190312:0000",-43.97167,171.81097,"Wakanui",1869,NA,0,"Canterbury",1010,7.6,19.6,NA
"20139","20190313:0000",-43.97167,171.81097,"Wakanui",1869,NA,0,"Canterbury",1010,4.7,19.8,NA
"20140","20190314:0000",-43.97167,171.81097,"Wakanui",1869,NA,0,"Canterbury",1010,7.6,14.05,NA
"20141","20190315:0000",-43.97167,171.81097,"Wakanui",1869,NA,0,"Canterbury",1010,4.3,15.05,NA
"20142","20190316:0000",-43.97167,171.81097,"Wakanui",1869,NA,0,"Canterbury",1010,9.4,15.9,NA
"20143","20190317:0000",-43.97167,171.81097,"Wakanui",1869,NA,0,"Canterbury",1010,5.8,15.15,NA
"20144","20190318:0000",-43.97167,171.81097,"Wakanui",1869,NA,0,"Canterbury",1010,10.1,17.25,NA
"20145","20190319:0000",-43.97167,171.81097,"Wakanui",1869,NA,0,"Canterbury",1010,6.1,16.7,NA
"20146","20190320:0000",-43.97167,171.81097,"Wakanui",1869,NA,0,"Canterbury",1010,3.2,15.8,NA
"20147","20190321:0000",-43.97167,171.81097,"Wakanui",1869,NA,0,"Canterbury",1010,11.9,17.55,NA
"20148","20190322:0000",-43.97167,171.81097,"Wakanui",1869,NA,0,"Canterbury",1010,10.4,16.8,NA
"20149","20190323:0000",-43.97167,171.81097,"Wakanui",1869,NA,0,"Canterbury",1010,4,15.55,NA
"20150","20190324:0000",-43.97167,171.81097,"Wakanui",1869,NA,0,"Canterbury",1010,9.4,17.8,NA
"20151","20190325:0000",-43.97167,171.81097,"Wakanui",1869,NA,0,"Canterbury",1010,8.3,19.55,NA
"20152","20190326:0000",-43.97167,171.81097,"Wakanui",1869,NA,0,"Canterbury",1010,27,24.85,NA
"20153","20190327:0000",-43.97167,171.81097,"Wakanui",1869,NA,0,"Canterbury",1010,8.6,18.95,NA
"20154","20190328:0000",-43.97167,171.81097,"Wakanui",1869,NA,0,"Canterbury",1010,9.4,14.65,NA
"20155","20190329:0000",-43.97167,171.81097,"Wakanui",1869,NA,0,"Canterbury",1010,7.2,13.1,NA
"20156","20190330:0000",-43.97167,171.81097,"Wakanui",1869,NA,0,"Canterbury",1010,6.8,14.95,NA
"20157","20190331:0000",-43.97167,171.81097,"Wakanui",1869,NA,0,"Canterbury",1010,22.7,19.45,NA
"20158","20190401:0000",-43.97167,171.81097,"Wakanui",1869,NA,0,"Canterbury",1010,20.2,19.45,NA
"20159","20190402:0000",-43.97167,171.81097,"Wakanui",1869,NA,0,"Canterbury",1010,5.8,10.95,NA
"20160","20190403:0000",-43.97167,171.81097,"Wakanui",1869,NA,0,"Canterbury",1010,7.2,11.3,NA
"20161","20190404:0000",-43.97167,171.81097,"Wakanui",1869,NA,0,"Canterbury",1010,4.3,11.4,NA
"20162","20190405:0000",-43.97167,171.81097,"Wakanui",1869,NA,0,"Canterbury",1010,20.2,9.15,NA
"20163","20190406:0000",-43.97167,171.81097,"Wakanui",1869,NA,0,"Canterbury",1010,12.6,8.5,NA
"20164","20190407:0000",-43.97167,171.81097,"Wakanui",1869,NA,0,"Canterbury",1010,11.9,8.25,NA
"20165","20190408:0000",-43.97167,171.81097,"Wakanui",1869,NA,0,"Canterbury",1010,4.7,10.2,NA
"20166","20190409:0000",-43.97167,171.81097,"Wakanui",1869,NA,0,"Canterbury",1010,19.1,13.4,NA
"20167","20190410:0000",-43.97167,171.81097,"Wakanui",1869,NA,0,"Canterbury",1010,17.3,17.2,NA
"20168","20190411:0000",-43.97167,171.81097,"Wakanui",1869,NA,0,"Canterbury",1010,13.3,12,NA
"20169","20190412:0000",-43.97167,171.81097,"Wakanui",1869,NA,0,"Canterbury",1010,33.1,10.55,NA
"20170","20190413:0000",-43.97167,171.81097,"Wakanui",1869,NA,0,"Canterbury",1010,8.6,9.15,NA
"20171","20190414:0000",-43.97167,171.81097,"Wakanui",1869,NA,0,"Canterbury",1010,11.2,8.7,NA
"20172","20190415:0000",-43.97167,171.81097,"Wakanui",1869,NA,0,"Canterbury",1010,8.6,11.15,NA
"20173","20190416:0000",-43.97167,171.81097,"Wakanui",1869,NA,0,"Canterbury",1010,4.7,9.65,NA
"20174","20190417:0000",-43.97167,171.81097,"Wakanui",1869,NA,0,"Canterbury",1010,5,8.45,NA
"20175","20190418:0000",-43.97167,171.81097,"Wakanui",1869,NA,0,"Canterbury",1010,10.1,7.35,NA
"20176","20190419:0000",-43.97167,171.81097,"Wakanui",1869,NA,0,"Canterbury",1010,11.9,12.45,NA
"20177","20190420:0000",-43.97167,171.81097,"Wakanui",1869,NA,0,"Canterbury",1010,7.2,11.7,NA
"20178","20190421:0000",-43.97167,171.81097,"Wakanui",1869,NA,0,"Canterbury",1010,12.6,10.3,NA
"20179","20190422:0000",-43.97167,171.81097,"Wakanui",1869,NA,0,"Canterbury",1010,9.4,11.75,NA
"20180","20190423:0000",-43.97167,171.81097,"Wakanui",1869,NA,0,"Canterbury",1010,13.3,11.9,NA
"20181","20190424:0000",-43.97167,171.81097,"Wakanui",1869,NA,0,"Canterbury",1010,5.4,8.8,NA
"20182","20190425:0000",-43.97167,171.81097,"Wakanui",1869,NA,0,"Canterbury",1010,5,12.6,NA
"20183","20190426:0000",-43.97167,171.81097,"Wakanui",1869,NA,0,"Canterbury",1010,3.2,13.3,NA
"20184","20190427:0000",-43.97167,171.81097,"Wakanui",1869,NA,0,"Canterbury",1010,12.2,16,NA
"20185","20190428:0000",-43.97167,171.81097,"Wakanui",1869,NA,0,"Canterbury",1010,9.4,11.85,NA
"20186","20190429:0000",-43.97167,171.81097,"Wakanui",1869,NA,0,"Canterbury",1010,18,9.8,NA
"20187","20190430:0000",-43.97167,171.81097,"Wakanui",1869,NA,0,"Canterbury",1010,7.9,8.25,NA
"20188","20190501:0000",-43.97167,171.81097,"Wakanui",1869,NA,0,"Canterbury",1010,8.6,10.35,NA
"20189","20190502:0000",-43.97167,171.81097,"Wakanui",1869,NA,0,"Canterbury",1010,7.6,12.05,NA
"20190","20190503:0000",-43.97167,171.81097,"Wakanui",1869,NA,0,"Canterbury",1010,5.8,12.25,NA
"20191","20190504:0000",-43.97167,171.81097,"Wakanui",1869,NA,0,"Canterbury",1010,18,14.2,NA
"20192","20190505:0000",-43.97167,171.81097,"Wakanui",1869,NA,0,"Canterbury",1010,7.6,12.95,NA
"20193","20190506:0000",-43.97167,171.81097,"Wakanui",1869,NA,0,"Canterbury",1010,3.6,10.35,NA
"20194","20190507:0000",-43.97167,171.81097,"Wakanui",1869,NA,0,"Canterbury",1010,4.3,12.35,NA
"20195","20190508:0000",-43.97167,171.81097,"Wakanui",1869,NA,0,"Canterbury",1010,2.2,9.95,NA
"20196","20190509:0000",-43.97167,171.81097,"Wakanui",1869,NA,0,"Canterbury",1010,4,14.05,NA
"20197","20190510:0000",-43.97167,171.81097,"Wakanui",1869,NA,0,"Canterbury",1010,5,14.15,NA
"20198","20190511:0000",-43.97167,171.81097,"Wakanui",1869,NA,0,"Canterbury",1010,7.2,11.4,NA
"20199","20190512:0000",-43.97167,171.81097,"Wakanui",1869,NA,0,"Canterbury",1010,6.1,11.75,NA
"20200","20190513:0000",-43.97167,171.81097,"Wakanui",1869,NA,0,"Canterbury",1010,6.8,9.55,NA
"20201","20190514:0000",-43.97167,171.81097,"Wakanui",1869,NA,0,"Canterbury",1010,13,10.1,NA
"20202","20190515:0000",-43.97167,171.81097,"Wakanui",1869,NA,0,"Canterbury",1010,14.4,11.8,NA
"20203","20190516:0000",-43.97167,171.81097,"Wakanui",1869,NA,0,"Canterbury",1010,4.3,9,NA
"20204","20190517:0000",-43.97167,171.81097,"Wakanui",1869,NA,0,"Canterbury",1010,5,6.45,NA
"20205","20190518:0000",-43.97167,171.81097,"Wakanui",1869,NA,0,"Canterbury",1010,11.5,9.25,NA
"20206","20190519:0000",-43.97167,171.81097,"Wakanui",1869,NA,0,"Canterbury",1010,4.3,8.2,NA
"20207","20190520:0000",-43.97167,171.81097,"Wakanui",1869,NA,0,"Canterbury",1010,3.6,7.35,NA
"20208","20190521:0000",-43.97167,171.81097,"Wakanui",1869,NA,0,"Canterbury",1010,6.5,7.05,NA
"20209","20190522:0000",-43.97167,171.81097,"Wakanui",1869,NA,0,"Canterbury",1010,4,7.1,NA
"20210","20190523:0000",-43.97167,171.81097,"Wakanui",1869,NA,0,"Canterbury",1010,6.1,9,NA
"20211","20190524:0000",-43.97167,171.81097,"Wakanui",1869,NA,0,"Canterbury",1010,3.2,8.05,NA
"20212","20190525:0000",-43.97167,171.81097,"Wakanui",1869,NA,0,"Canterbury",1010,9.4,9.1,NA
"20213","20190526:0000",-43.97167,171.81097,"Wakanui",1869,NA,0,"Canterbury",1010,6.5,12.4,NA
"20214","20190527:0000",-43.97167,171.81097,"Wakanui",1869,NA,0,"Canterbury",1010,5,14,NA
"20215","20190528:0000",-43.97167,171.81097,"Wakanui",1869,NA,0,"Canterbury",1010,7.2,11.1,NA
"20216","20190529:0000",-43.97167,171.81097,"Wakanui",1869,NA,0,"Canterbury",1010,14.4,12.15,NA
"20217","20190530:0000",-43.97167,171.81097,"Wakanui",1869,NA,0,"Canterbury",1010,32,13.7,NA
"20218","20190531:0000",-43.97167,171.81097,"Wakanui",1869,NA,0,"Canterbury",1010,5.8,7.4,NA
"20219","20190601:0000",-43.97167,171.81097,"Wakanui",1869,NA,0,"Canterbury",1010,34.2,7.2,NA
"20220","20190602:0000",-43.97167,171.81097,"Wakanui",1869,NA,0,"Canterbury",1010,19.1,6.55,NA
"20221","20190603:0000",-43.97167,171.81097,"Wakanui",1869,NA,0,"Canterbury",1010,8.6,5.8,NA
"20222","20190604:0000",-43.97167,171.81097,"Wakanui",1869,NA,0,"Canterbury",1010,13.3,5.2,NA
"20223","20190605:0000",-43.97167,171.81097,"Wakanui",1869,NA,0,"Canterbury",1010,5.8,4.1,NA
"20224","20190606:0000",-43.97167,171.81097,"Wakanui",1869,NA,0,"Canterbury",1010,19.4,6.7,NA
"20225","20190607:0000",-43.97167,171.81097,"Wakanui",1869,NA,0,"Canterbury",1010,9,7.2,NA
"20226","20190608:0000",-43.97167,171.81097,"Wakanui",1869,NA,0,"Canterbury",1010,26.3,7.75,NA
"20227","20190609:0000",-43.97167,171.81097,"Wakanui",1869,NA,0,"Canterbury",1010,11.9,6.6,NA
"20228","20190610:0000",-43.97167,171.81097,"Wakanui",1869,NA,0,"Canterbury",1010,4.3,8.5,NA
"20229","20190611:0000",-43.97167,171.81097,"Wakanui",1869,NA,0,"Canterbury",1010,4.7,7.7,NA
"20230","20190612:0000",-43.97167,171.81097,"Wakanui",1869,NA,0,"Canterbury",1010,5.4,8.5,NA
"20231","20190613:0000",-43.97167,171.81097,"Wakanui",1869,NA,0,"Canterbury",1010,2.5,10.15,NA
"20232","20190614:0000",-43.97167,171.81097,"Wakanui",1869,NA,0,"Canterbury",1010,4.3,10.75,NA
"20233","20190615:0000",-43.97167,171.81097,"Wakanui",1869,NA,0,"Canterbury",1010,13.3,9.95,NA
"20234","20190616:0000",-43.97167,171.81097,"Wakanui",1869,NA,0,"Canterbury",1010,7.2,5.5,NA
"20235","20190617:0000",-43.97167,171.81097,"Wakanui",1869,NA,0,"Canterbury",1010,6.5,5.55,NA
"20236","20190618:0000",-43.97167,171.81097,"Wakanui",1869,NA,0,"Canterbury",1010,6.5,4.85,NA
"20237","20190619:0000",-43.97167,171.81097,"Wakanui",1869,NA,0,"Canterbury",1010,3.6,4.25,NA
"20238","20190620:0000",-43.97167,171.81097,"Wakanui",1869,NA,0,"Canterbury",1010,6.1,2.75,NA
"20239","20190621:0000",-43.97167,171.81097,"Wakanui",1869,NA,0,"Canterbury",1010,4.3,6.4,NA
"20240","20190622:0000",-43.97167,171.81097,"Wakanui",1869,NA,0,"Canterbury",1010,5.8,5.75,NA
"20241","20190623:0000",-43.97167,171.81097,"Wakanui",1869,NA,0,"Canterbury",1010,4.7,4.45,NA
"20242","20190624:0000",-43.97167,171.81097,"Wakanui",1869,NA,0,"Canterbury",1010,9,6.25,NA
"20243","20190625:0000",-43.97167,171.81097,"Wakanui",1869,NA,0,"Canterbury",1010,5.4,6.35,NA
"20244","20190626:0000",-43.97167,171.81097,"Wakanui",1869,NA,0,"Canterbury",1010,4.3,4.55,NA
"20245","20190627:0000",-43.97167,171.81097,"Wakanui",1869,NA,0,"Canterbury",1010,8.3,6.15,NA
"20246","20190628:0000",-43.97167,171.81097,"Wakanui",1869,NA,0,"Canterbury",1010,5,4.95,NA
"20247","20190629:0000",-43.97167,171.81097,"Wakanui",1869,NA,0,"Canterbury",1010,6.5,4.15,NA
"20248","20190630:0000",-43.97167,171.81097,"Wakanui",1869,NA,0,"Canterbury",1010,6.5,6.4,NA
"20249","20190701:0000",-43.97167,171.81097,"Wakanui",1869,NA,0,"Canterbury",1010,7.6,7.25,NA
"20250","20190702:0000",-43.97167,171.81097,"Wakanui",1869,NA,0,"Canterbury",1010,10.1,10.2,NA
"20251","20190703:0000",-43.97167,171.81097,"Wakanui",1869,NA,0,"Canterbury",1010,14.4,14.05,NA
"20252","20190704:0000",-43.97167,171.81097,"Wakanui",1869,NA,0,"Canterbury",1010,6.1,6.65,NA
"20253","20190705:0000",-43.97167,171.81097,"Wakanui",1869,NA,0,"Canterbury",1010,16.9,6.1,NA
"20254","20190706:0000",-43.97167,171.81097,"Wakanui",1869,NA,0,"Canterbury",1010,11.5,8.2,NA
"20255","20190707:0000",-43.97167,171.81097,"Wakanui",1869,NA,0,"Canterbury",1010,9,8.75,NA
"20256","20190708:0000",-43.97167,171.81097,"Wakanui",1869,NA,0,"Canterbury",1010,5,5.2,NA
"20257","20190709:0000",-43.97167,171.81097,"Wakanui",1869,NA,0,"Canterbury",1010,7.2,5.9,NA
"20258","20190710:0000",-43.97167,171.81097,"Wakanui",1869,NA,0,"Canterbury",1010,4.3,7.5,NA
"20259","20190711:0000",-43.97167,171.81097,"Wakanui",1869,NA,0,"Canterbury",1010,5,7.2,NA
"20260","20190712:0000",-43.97167,171.81097,"Wakanui",1869,NA,0,"Canterbury",1010,14.4,8.45,NA
"20261","20190713:0000",-43.97167,171.81097,"Wakanui",1869,NA,0,"Canterbury",1010,8.6,9.65,NA
"20262","20190714:0000",-43.97167,171.81097,"Wakanui",1869,NA,0,"Canterbury",1010,16.6,10.7,NA
"20263","20190715:0000",-43.97167,171.81097,"Wakanui",1869,NA,0,"Canterbury",1010,9,5.85,NA
"20264","20190716:0000",-43.97167,171.81097,"Wakanui",1869,NA,0,"Canterbury",1010,5.8,6.3,NA
"20265","20190717:0000",-43.97167,171.81097,"Wakanui",1869,NA,0,"Canterbury",1010,6.5,4.8,NA
"20266","20190718:0000",-43.97167,171.81097,"Wakanui",1869,NA,0,"Canterbury",1010,6.5,7.05,NA
"20267","20190719:0000",-43.97167,171.81097,"Wakanui",1869,NA,0,"Canterbury",1010,3.6,5.2,NA
"20268","20190720:0000",-43.97167,171.81097,"Wakanui",1869,NA,0,"Canterbury",1010,19.4,7.7,NA
"20269","20190721:0000",-43.97167,171.81097,"Wakanui",1869,NA,0,"Canterbury",1010,18,8.9,NA
"20270","20190722:0000",-43.97167,171.81097,"Wakanui",1869,NA,0,"Canterbury",1010,4.7,6.4,NA
"20271","20190723:0000",-43.97167,171.81097,"Wakanui",1869,NA,0,"Canterbury",1010,5,7.25,NA
"20272","20190724:0000",-43.97167,171.81097,"Wakanui",1869,NA,0,"Canterbury",1010,2.9,9.05,NA
"20273","20190725:0000",-43.97167,171.81097,"Wakanui",1869,NA,0,"Canterbury",1010,4.7,8.7,NA
"20274","20190726:0000",-43.97167,171.81097,"Wakanui",1869,NA,0,"Canterbury",1010,3.2,6.65,NA
"20275","20190727:0000",-43.97167,171.81097,"Wakanui",1869,NA,0,"Canterbury",1010,1.4,9.1,NA
"20276","20190728:0000",-43.97167,171.81097,"Wakanui",1869,NA,0,"Canterbury",1010,5,7.8,NA
"20277","20190729:0000",-43.97167,171.81097,"Wakanui",1869,NA,0,"Canterbury",1010,5.4,10.25,NA
"20278","20190730:0000",-43.97167,171.81097,"Wakanui",1869,NA,0,"Canterbury",1010,5,9.15,NA
"20279","20190731:0000",-43.97167,171.81097,"Wakanui",1869,NA,0,"Canterbury",1010,31.7,7.65,NA
"20280","20190801:0000",-43.97167,171.81097,"Wakanui",1869,NA,0,"Canterbury",1010,12.2,7.25,NA
"20281","20190802:0000",-43.97167,171.81097,"Wakanui",1869,NA,0,"Canterbury",1010,12.2,6.25,NA
"20282","20190803:0000",-43.97167,171.81097,"Wakanui",1869,NA,0,"Canterbury",1010,5,7.2,NA
"20283","20190804:0000",-43.97167,171.81097,"Wakanui",1869,NA,0,"Canterbury",1010,5.8,4.7,NA
"20284","20190805:0000",-43.97167,171.81097,"Wakanui",1869,NA,0,"Canterbury",1010,10.8,5.35,NA
"20285","20190806:0000",-43.97167,171.81097,"Wakanui",1869,NA,0,"Canterbury",1010,5.8,6.75,NA
"20286","20190807:0000",-43.97167,171.81097,"Wakanui",1869,NA,0,"Canterbury",1010,7.2,8.7,NA
"20287","20190808:0000",-43.97167,171.81097,"Wakanui",1869,NA,0,"Canterbury",1010,10.1,10.7,NA
"20288","20190809:0000",-43.97167,171.81097,"Wakanui",1869,NA,0,"Canterbury",1010,4.3,7.9,NA
"20289","20190810:0000",-43.97167,171.81097,"Wakanui",1869,NA,0,"Canterbury",1010,15.5,6.25,NA
"20290","20190811:0000",-43.97167,171.81097,"Wakanui",1869,NA,0,"Canterbury",1010,20.9,6.15,NA
"20291","20190812:0000",-43.97167,171.81097,"Wakanui",1869,NA,0,"Canterbury",1010,2.5,7.6,NA
"20292","20190813:0000",-43.97167,171.81097,"Wakanui",1869,NA,0,"Canterbury",1010,7.9,6.95,NA
"20293","20190814:0000",-43.97167,171.81097,"Wakanui",1869,NA,0,"Canterbury",1010,4,5.85,NA
"20294","20190815:0000",-43.97167,171.81097,"Wakanui",1869,NA,0,"Canterbury",1010,7.2,6.45,NA
"20295","20190816:0000",-43.97167,171.81097,"Wakanui",1869,NA,0,"Canterbury",1010,10.4,9.6,NA
"20296","20190817:0000",-43.97167,171.81097,"Wakanui",1869,NA,0,"Canterbury",1010,20.9,7.55,NA
"20297","20190818:0000",-43.97167,171.81097,"Wakanui",1869,NA,0,"Canterbury",1010,7.9,5.25,NA
"20298","20190819:0000",-43.97167,171.81097,"Wakanui",1869,NA,0,"Canterbury",1010,6.1,5.1,NA
"20299","20190820:0000",-43.97167,171.81097,"Wakanui",1869,NA,0,"Canterbury",1010,30.2,8.1,NA
"20300","20190821:0000",-43.97167,171.81097,"Wakanui",1869,NA,0,"Canterbury",1010,1.8,9.85,NA
"20301","20190822:0000",-43.97167,171.81097,"Wakanui",1869,NA,0,"Canterbury",1010,6.8,8.3,NA
"20302","20190823:0000",-43.97167,171.81097,"Wakanui",1869,NA,0,"Canterbury",1010,2.9,6.5,NA
"20303","20190824:0000",-43.97167,171.81097,"Wakanui",1869,NA,0,"Canterbury",1010,6.1,7.6,NA
"20304","20190825:0000",-43.97167,171.81097,"Wakanui",1869,NA,0,"Canterbury",1010,10.8,9.85,NA
"20305","20190826:0000",-43.97167,171.81097,"Wakanui",1869,NA,0,"Canterbury",1010,9.4,7.6,NA
"20306","20190827:0000",-43.97167,171.81097,"Wakanui",1869,NA,0,"Canterbury",1010,9.7,6.9,NA
"20307","20190828:0000",-43.97167,171.81097,"Wakanui",1869,NA,0,"Canterbury",1010,10.1,10.55,NA
"20308","20190829:0000",-43.97167,171.81097,"Wakanui",1869,NA,0,"Canterbury",1010,15.5,11.95,NA
"20309","20190830:0000",-43.97167,171.81097,"Wakanui",1869,NA,0,"Canterbury",1010,7.2,7.3,NA
"20310","20190831:0000",-43.97167,171.81097,"Wakanui",1869,NA,0,"Canterbury",1010,5.4,9.55,NA
"20311","20190901:0000",-43.97167,171.81097,"Wakanui",1869,NA,0,"Canterbury",1010,6.5,11.45,NA
"20312","20190902:0000",-43.97167,171.81097,"Wakanui",1869,NA,0,"Canterbury",1010,11.9,8.45,NA
"20313","20190903:0000",-43.97167,171.81097,"Wakanui",1869,NA,0,"Canterbury",1010,6.5,6.05,NA
"20314","20190904:0000",-43.97167,171.81097,"Wakanui",1869,NA,0,"Canterbury",1010,3.6,6.35,NA
"20315","20190905:0000",-43.97167,171.81097,"Wakanui",1869,NA,0,"Canterbury",1010,13.3,9.1,NA
"20316","20190906:0000",-43.97167,171.81097,"Wakanui",1869,NA,0,"Canterbury",1010,25.2,8.65,NA
"20317","20190907:0000",-43.97167,171.81097,"Wakanui",1869,NA,0,"Canterbury",1010,8.3,6.1,NA
"20318","20190908:0000",-43.97167,171.81097,"Wakanui",1869,NA,0,"Canterbury",1010,17.6,3.3,NA
"20319","20190909:0000",-43.97167,171.81097,"Wakanui",1869,NA,0,"Canterbury",1010,8.6,5.05,NA
"20320","20190910:0000",-43.97167,171.81097,"Wakanui",1869,NA,0,"Canterbury",1010,5,4.7,NA
"20321","20190911:0000",-43.97167,171.81097,"Wakanui",1869,NA,0,"Canterbury",1010,7.2,5.9,NA
"20322","20190912:0000",-43.97167,171.81097,"Wakanui",1869,NA,0,"Canterbury",1010,11.5,9.65,NA
"20323","20190913:0000",-43.97167,171.81097,"Wakanui",1869,NA,0,"Canterbury",1010,19.1,10.55,NA
"20324","20190914:0000",-43.97167,171.81097,"Wakanui",1869,NA,0,"Canterbury",1010,15.5,7.75,NA
"20325","20190915:0000",-43.97167,171.81097,"Wakanui",1869,NA,0,"Canterbury",1010,8.3,10.6,NA
"20326","20190916:0000",-43.97167,171.81097,"Wakanui",1869,NA,0,"Canterbury",1010,6.8,11.4,NA
"20327","20190917:0000",-43.97167,171.81097,"Wakanui",1869,NA,0,"Canterbury",1010,12.6,10.75,NA
"20328","20190918:0000",-43.97167,171.81097,"Wakanui",1869,NA,0,"Canterbury",1010,7.2,7.4,NA
"20329","20190919:0000",-43.97167,171.81097,"Wakanui",1869,NA,0,"Canterbury",1010,6.8,7.75,NA
"20330","20190920:0000",-43.97167,171.81097,"Wakanui",1869,NA,0,"Canterbury",1010,5,8.25,NA
"20331","20190921:0000",-43.97167,171.81097,"Wakanui",1869,NA,0,"Canterbury",1010,10.8,9.25,NA
"20332","20190922:0000",-43.97167,171.81097,"Wakanui",1869,NA,0,"Canterbury",1010,9.4,10.55,NA
"20333","20190923:0000",-43.97167,171.81097,"Wakanui",1869,NA,0,"Canterbury",1010,7.2,12.3,NA
"20334","20190924:0000",-43.97167,171.81097,"Wakanui",1869,NA,0,"Canterbury",1010,6.8,8.2,NA
"20335","20190925:0000",-43.97167,171.81097,"Wakanui",1869,NA,0,"Canterbury",1010,7.2,7.6,NA
"20336","20190926:0000",-43.97167,171.81097,"Wakanui",1869,NA,0,"Canterbury",1010,15.1,8.45,NA
"20337","20190927:0000",-43.97167,171.81097,"Wakanui",1869,NA,0,"Canterbury",1010,6.5,10.7,NA
"20338","20190928:0000",-43.97167,171.81097,"Wakanui",1869,NA,0,"Canterbury",1010,14.8,12.2,NA
"20339","20190929:0000",-43.97167,171.81097,"Wakanui",1869,NA,0,"Canterbury",1010,6.1,11.65,NA
"20340","20190930:0000",-43.97167,171.81097,"Wakanui",1869,NA,0,"Canterbury",1010,6.8,11.55,NA
"20341","20191001:0000",-43.97167,171.81097,"Wakanui",1869,NA,0,"Canterbury",1010,9.4,6.85,NA
"20342","20191002:0000",-43.97167,171.81097,"Wakanui",1869,NA,0,"Canterbury",1010,40.7,6.8,NA
"20343","20191003:0000",-43.97167,171.81097,"Wakanui",1869,NA,0,"Canterbury",1010,10.8,6.05,NA
"20344","20191004:0000",-43.97167,171.81097,"Wakanui",1869,NA,0,"Canterbury",1010,7.9,9.25,NA
"20345","20191005:0000",-43.97167,171.81097,"Wakanui",1869,NA,0,"Canterbury",1010,24.5,8.5,NA
"20346","20191006:0000",-43.97167,171.81097,"Wakanui",1869,NA,0,"Canterbury",1010,5.8,7,NA
"20347","20191007:0000",-43.97167,171.81097,"Wakanui",1869,NA,0,"Canterbury",1010,10.1,10.55,NA
"20348","20191008:0000",-43.97167,171.81097,"Wakanui",1869,NA,0,"Canterbury",1010,4.7,14.2,NA
"20349","20191009:0000",-43.97167,171.81097,"Wakanui",1869,NA,0,"Canterbury",1010,9.7,12.8,NA
"20350","20191010:0000",-43.97167,171.81097,"Wakanui",1869,NA,0,"Canterbury",1010,10.1,10.2,NA
"20351","20191011:0000",-43.97167,171.81097,"Wakanui",1869,NA,0,"Canterbury",1010,8.3,10.45,NA
"20352","20191012:0000",-43.97167,171.81097,"Wakanui",1869,NA,0,"Canterbury",1010,14.8,9.3,NA
"20353","20191013:0000",-43.97167,171.81097,"Wakanui",1869,NA,0,"Canterbury",1010,6.5,8.5,NA
"20354","20191014:0000",-43.97167,171.81097,"Wakanui",1869,NA,0,"Canterbury",1010,11.5,10.65,NA
"20355","20191015:0000",-43.97167,171.81097,"Wakanui",1869,NA,0,"Canterbury",1010,6.5,10.6,NA
"20356","20191016:0000",-43.97167,171.81097,"Wakanui",1869,NA,0,"Canterbury",1010,4,9.7,NA
"20357","20191017:0000",-43.97167,171.81097,"Wakanui",1869,NA,0,"Canterbury",1010,5.8,9.75,NA
"20358","20191018:0000",-43.97167,171.81097,"Wakanui",1869,NA,0,"Canterbury",1010,5,8.6,NA
"20359","20191019:0000",-43.97167,171.81097,"Wakanui",1869,NA,0,"Canterbury",1010,6.5,10.25,NA
"20360","20191020:0000",-43.97167,171.81097,"Wakanui",1869,NA,0,"Canterbury",1010,10.8,12.85,NA
"20361","20191021:0000",-43.97167,171.81097,"Wakanui",1869,NA,0,"Canterbury",1010,15.8,11.65,NA
"20362","20191022:0000",-43.97167,171.81097,"Wakanui",1869,NA,0,"Canterbury",1010,5.4,6.9,NA
"20363","20191023:0000",-43.97167,171.81097,"Wakanui",1869,NA,0,"Canterbury",1010,15.8,7.35,NA
"20364","20191024:0000",-43.97167,171.81097,"Wakanui",1869,NA,0,"Canterbury",1010,14,9.65,NA
"20365","20191025:0000",-43.97167,171.81097,"Wakanui",1869,NA,0,"Canterbury",1010,7.6,6.55,NA
"20366","20191026:0000",-43.97167,171.81097,"Wakanui",1869,NA,0,"Canterbury",1010,13.3,13.2,NA
"20367","20191027:0000",-43.97167,171.81097,"Wakanui",1869,NA,0,"Canterbury",1010,13.7,16.6,NA
"20368","20191028:0000",-43.97167,171.81097,"Wakanui",1869,NA,0,"Canterbury",1010,11.5,12.85,NA
"20369","20191029:0000",-43.97167,171.81097,"Wakanui",1869,NA,0,"Canterbury",1010,8.6,9.6,NA
"20370","20191030:0000",-43.97167,171.81097,"Wakanui",1869,NA,0,"Canterbury",1010,11.2,12.25,NA
"20371","20191031:0000",-43.97167,171.81097,"Wakanui",1869,NA,0,"Canterbury",1010,8.6,9.15,NA
"20372","20191101:0000",-43.97167,171.81097,"Wakanui",1869,NA,0,"Canterbury",1010,5.4,8.7,NA
"20373","20191102:0000",-43.97167,171.81097,"Wakanui",1869,NA,0,"Canterbury",1010,14,18.6,NA
"20374","20191103:0000",-43.97167,171.81097,"Wakanui",1869,NA,0,"Canterbury",1010,6.8,21.35,NA
"20375","20191104:0000",-43.97167,171.81097,"Wakanui",1869,NA,0,"Canterbury",1010,6.1,18.45,NA
"20376","20191105:0000",-43.97167,171.81097,"Wakanui",1869,NA,0,"Canterbury",1010,3.2,13.2,NA
"20377","20191106:0000",-43.97167,171.81097,"Wakanui",1869,NA,0,"Canterbury",1010,9.4,11.8,NA
"20378","20191107:0000",-43.97167,171.81097,"Wakanui",1869,NA,0,"Canterbury",1010,4.3,14.7,NA
"20379","20191108:0000",-43.97167,171.81097,"Wakanui",1869,NA,0,"Canterbury",1010,30.2,19.65,NA
"20380","20191109:0000",-43.97167,171.81097,"Wakanui",1869,NA,0,"Canterbury",1010,20.5,20,NA
"20381","20191110:0000",-43.97167,171.81097,"Wakanui",1869,NA,0,"Canterbury",1010,22.3,13.25,NA
"20382","20191111:0000",-43.97167,171.81097,"Wakanui",1869,NA,0,"Canterbury",1010,18.4,9.9,NA
"20383","20191112:0000",-43.97167,171.81097,"Wakanui",1869,NA,0,"Canterbury",1010,4.7,9.65,NA
"20384","20191113:0000",-43.97167,171.81097,"Wakanui",1869,NA,0,"Canterbury",1010,13.7,13.6,NA
"20385","20191114:0000",-43.97167,171.81097,"Wakanui",1869,NA,0,"Canterbury",1010,17.3,12.05,NA
"20386","20191115:0000",-43.97167,171.81097,"Wakanui",1869,NA,0,"Canterbury",1010,4.3,13.15,NA
"20387","20191116:0000",-43.97167,171.81097,"Wakanui",1869,NA,0,"Canterbury",1010,13,15.95,NA
"20388","20191117:0000",-43.97167,171.81097,"Wakanui",1869,NA,0,"Canterbury",1010,13,12.75,NA
"20389","20191118:0000",-43.97167,171.81097,"Wakanui",1869,NA,0,"Canterbury",1010,12.6,11.5,NA
"20390","20191119:0000",-43.97167,171.81097,"Wakanui",1869,NA,0,"Canterbury",1010,10.8,11.05,NA
"20391","20191120:0000",-43.97167,171.81097,"Wakanui",1869,NA,0,"Canterbury",1010,8.3,10.8,NA
"20392","20191121:0000",-43.97167,171.81097,"Wakanui",1869,NA,0,"Canterbury",1010,8.6,12.1,NA
"20393","20191122:0000",-43.97167,171.81097,"Wakanui",1869,NA,0,"Canterbury",1010,8.6,17.6,NA
"20394","20191123:0000",-43.97167,171.81097,"Wakanui",1869,NA,0,"Canterbury",1010,6.8,14.15,NA
"20395","20191124:0000",-43.97167,171.81097,"Wakanui",1869,NA,0,"Canterbury",1010,6.1,19.3,NA
"20396","20191125:0000",-43.97167,171.81097,"Wakanui",1869,NA,0,"Canterbury",1010,9.7,12.8,NA
"20397","20191126:0000",-43.97167,171.81097,"Wakanui",1869,NA,0,"Canterbury",1010,11.9,17.35,NA
"20398","20191127:0000",-43.97167,171.81097,"Wakanui",1869,NA,0,"Canterbury",1010,10.1,17.95,NA
"20399","20191128:0000",-43.97167,171.81097,"Wakanui",1869,NA,0,"Canterbury",1010,19.4,21.95,NA
"20400","20191129:0000",-43.97167,171.81097,"Wakanui",1869,NA,0,"Canterbury",1010,7.9,12.4,NA
"20401","20191130:0000",-43.97167,171.81097,"Wakanui",1869,NA,0,"Canterbury",1010,7.9,16.35,NA
"20402","20191201:0000",-43.97167,171.81097,"Wakanui",1869,NA,0,"Canterbury",1010,12.6,17.35,NA
"20403","20191202:0000",-43.97167,171.81097,"Wakanui",1869,NA,0,"Canterbury",1010,4.7,15.3,NA
"20404","20191203:0000",-43.97167,171.81097,"Wakanui",1869,NA,0,"Canterbury",1010,24.1,18.75,NA
"20405","20191204:0000",-43.97167,171.81097,"Wakanui",1869,NA,0,"Canterbury",1010,17.3,16.15,NA
"20406","20191205:0000",-43.97167,171.81097,"Wakanui",1869,NA,0,"Canterbury",1010,11.9,15.35,NA
"20407","20191206:0000",-43.97167,171.81097,"Wakanui",1869,NA,0,"Canterbury",1010,6.8,15.8,NA
"20408","20191207:0000",-43.97167,171.81097,"Wakanui",1869,NA,0,"Canterbury",1010,5.4,18.1,NA
"20409","20191208:0000",-43.97167,171.81097,"Wakanui",1869,NA,0,"Canterbury",1010,10.1,15.9,NA
"20410","20191209:0000",-43.97167,171.81097,"Wakanui",1869,NA,0,"Canterbury",1010,9.7,11.2,NA
"20411","20191210:0000",-43.97167,171.81097,"Wakanui",1869,NA,0,"Canterbury",1010,7.2,13.4,NA
"20412","20191211:0000",-43.97167,171.81097,"Wakanui",1869,NA,0,"Canterbury",1010,7.6,15.95,NA
"20413","20191212:0000",-43.97167,171.81097,"Wakanui",1869,NA,0,"Canterbury",1010,4,16.65,NA
"20414","20191213:0000",-43.97167,171.81097,"Wakanui",1869,NA,0,"Canterbury",1010,17.3,18.65,NA
"20415","20191214:0000",-43.97167,171.81097,"Wakanui",1869,NA,0,"Canterbury",1010,9.4,15,NA
"20416","20191215:0000",-43.97167,171.81097,"Wakanui",1869,NA,0,"Canterbury",1010,11.9,15.15,NA
"20417","20191216:0000",-43.97167,171.81097,"Wakanui",1869,NA,0,"Canterbury",1010,3.6,10.8,NA
"20418","20191217:0000",-43.97167,171.81097,"Wakanui",1869,NA,0,"Canterbury",1010,22.7,12.5,NA
"20419","20191218:0000",-43.97167,171.81097,"Wakanui",1869,NA,0,"Canterbury",1010,23,11.8,NA
"20420","20191219:0000",-43.97167,171.81097,"Wakanui",1869,NA,0,"Canterbury",1010,7.2,13.5,NA
"20421","20191220:0000",-43.97167,171.81097,"Wakanui",1869,NA,0,"Canterbury",1010,22,14.3,NA
"20422","20191221:0000",-43.97167,171.81097,"Wakanui",1869,NA,0,"Canterbury",1010,6.1,10.1,NA
"20423","20191222:0000",-43.97167,171.81097,"Wakanui",1869,NA,0,"Canterbury",1010,12.6,17.45,NA
"20424","20191223:0000",-43.97167,171.81097,"Wakanui",1869,NA,0,"Canterbury",1010,1.8,12.75,NA
"20425","20191224:0000",-43.97167,171.81097,"Wakanui",1869,NA,0,"Canterbury",1010,8.3,11.75,NA
"20426","20191225:0000",-43.97167,171.81097,"Wakanui",1869,NA,0,"Canterbury",1010,10.1,14.1,NA
"20427","20191226:0000",-43.97167,171.81097,"Wakanui",1869,NA,0,"Canterbury",1010,11.2,13.55,NA
"20428","20191227:0000",-43.97167,171.81097,"Wakanui",1869,NA,0,"Canterbury",1010,5.4,16.05,NA
"20429","20191228:0000",-43.97167,171.81097,"Wakanui",1869,NA,0,"Canterbury",1010,7.6,11.55,NA
"20430","20191229:0000",-43.97167,171.81097,"Wakanui",1869,NA,0,"Canterbury",1010,14,15.1,NA
"20431","20191230:0000",-43.97167,171.81097,"Wakanui",1869,NA,0,"Canterbury",1010,9.7,14.6,NA
"20432","20191231:0000",-43.97167,171.81097,"Wakanui",1869,NA,0,"Canterbury",1010,12.2,16.85,NA
"20433","20200101:0000",-43.97167,171.81097,"Wakanui",1869,NA,0,"Canterbury",1010,6.1,19,NA
"20434","20200102:0000",-43.97167,171.81097,"Wakanui",1869,NA,0,"Canterbury",1010,11.2,16.95,NA
"20435","20200103:0000",-43.97167,171.81097,"Wakanui",1869,NA,0,"Canterbury",1010,5,14.25,NA
"20436","20200104:0000",-43.97167,171.81097,"Wakanui",1869,NA,0,"Canterbury",1010,8.3,10.75,NA
"20437","20200105:0000",-43.97167,171.81097,"Wakanui",1869,NA,0,"Canterbury",1010,16.9,15.95,NA
"20438","20200106:0000",-43.97167,171.81097,"Wakanui",1869,NA,0,"Canterbury",1010,3.2,13.8,NA
"20439","20200107:0000",-43.97167,171.81097,"Wakanui",1869,NA,0,"Canterbury",1010,28.1,12.55,NA
"20440","20200108:0000",-43.97167,171.81097,"Wakanui",1869,NA,0,"Canterbury",1010,2.5,12.6,NA
"20441","20200109:0000",-43.97167,171.81097,"Wakanui",1869,NA,0,"Canterbury",1010,3.2,13.5,NA
"20442","20200110:0000",-43.97167,171.81097,"Wakanui",1869,NA,0,"Canterbury",1010,2.2,13.8,NA
"20443","20200111:0000",-43.97167,171.81097,"Wakanui",1869,NA,0,"Canterbury",1010,13.7,18.15,NA
"20444","20200112:0000",-43.97167,171.81097,"Wakanui",1869,NA,0,"Canterbury",1010,10.1,22.25,NA
"20445","20200113:0000",-43.97167,171.81097,"Wakanui",1869,NA,0,"Canterbury",1010,7.6,12.45,NA
"20446","20200114:0000",-43.97167,171.81097,"Wakanui",1869,NA,0,"Canterbury",1010,5.4,11.35,NA
"20447","20200115:0000",-43.97167,171.81097,"Wakanui",1869,NA,0,"Canterbury",1010,9.7,11.4,NA
"20448","20200116:0000",-43.97167,171.81097,"Wakanui",1869,NA,0,"Canterbury",1010,8.6,10.7,NA
"20449","20200117:0000",-43.97167,171.81097,"Wakanui",1869,NA,0,"Canterbury",1010,13.3,13.25,NA
"20450","20200118:0000",-43.97167,171.81097,"Wakanui",1869,NA,0,"Canterbury",1010,15.1,14.5,NA
"20451","20200119:0000",-43.97167,171.81097,"Wakanui",1869,NA,0,"Canterbury",1010,11.5,15.3,NA
"20452","20200120:0000",-43.97167,171.81097,"Wakanui",1869,NA,0,"Canterbury",1010,3.6,16.05,NA
"20453","20200121:0000",-43.97167,171.81097,"Wakanui",1869,NA,0,"Canterbury",1010,4.3,17,NA
"20454","20200122:0000",-43.97167,171.81097,"Wakanui",1869,NA,0,"Canterbury",1010,8.6,19.5,NA
"20455","20200123:0000",-43.97167,171.81097,"Wakanui",1869,NA,0,"Canterbury",1010,7.2,15.2,NA
"20456","20200124:0000",-43.97167,171.81097,"Wakanui",1869,NA,0,"Canterbury",1010,13,19.95,NA
"20457","20200125:0000",-43.97167,171.81097,"Wakanui",1869,NA,0,"Canterbury",1010,3.6,23.45,NA
"20458","20200126:0000",-43.97167,171.81097,"Wakanui",1869,NA,0,"Canterbury",1010,4,16.4,NA
"20459","20200127:0000",-43.97167,171.81097,"Wakanui",1869,NA,0,"Canterbury",1010,2.2,17.8,NA
"20460","20200128:0000",-43.97167,171.81097,"Wakanui",1869,NA,0,"Canterbury",1010,8.6,18.1,NA
"20461","20200129:0000",-43.97167,171.81097,"Wakanui",1869,NA,0,"Canterbury",1010,3.6,19.9,NA
"20462","20200130:0000",-43.97167,171.81097,"Wakanui",1869,NA,0,"Canterbury",1010,5.8,19.25,NA
"20463","20200131:0000",-43.97167,171.81097,"Wakanui",1869,NA,0,"Canterbury",1010,16.6,16.2,NA
"20464","20200201:0000",-43.97167,171.81097,"Wakanui",1869,NA,0,"Canterbury",1010,5.4,17.65,NA
"20465","20200202:0000",-43.97167,171.81097,"Wakanui",1869,NA,0,"Canterbury",1010,12.2,24.45,NA
"20466","20200203:0000",-43.97167,171.81097,"Wakanui",1869,NA,0,"Canterbury",1010,20.9,23.85,NA
"20467","20200204:0000",-43.97167,171.81097,"Wakanui",1869,NA,0,"Canterbury",1010,14.4,15.8,NA
"20468","20200205:0000",-43.97167,171.81097,"Wakanui",1869,NA,0,"Canterbury",1010,8.3,13.3,NA
"20469","20200206:0000",-43.97167,171.81097,"Wakanui",1869,NA,0,"Canterbury",1010,4.7,11.95,NA
"20470","20200207:0000",-43.97167,171.81097,"Wakanui",1869,NA,0,"Canterbury",1010,1.4,14,NA
"20471","20200208:0000",-43.97167,171.81097,"Wakanui",1869,NA,0,"Canterbury",1010,7.9,11.4,NA
"20472","20200209:0000",-43.97167,171.81097,"Wakanui",1869,NA,0,"Canterbury",1010,7.9,13.1,NA
"20473","20200210:0000",-43.97167,171.81097,"Wakanui",1869,NA,0,"Canterbury",1010,6.1,13.85,NA
"20474","20200211:0000",-43.97167,171.81097,"Wakanui",1869,NA,0,"Canterbury",1010,6.5,12.4,NA
"20475","20200212:0000",-43.97167,171.81097,"Wakanui",1869,NA,0,"Canterbury",1010,11.5,18.9,NA
"20476","20200213:0000",-43.97167,171.81097,"Wakanui",1869,NA,0,"Canterbury",1010,2.2,18.05,NA
"20477","20200214:0000",-43.97167,171.81097,"Wakanui",1869,NA,0,"Canterbury",1010,9,13.5,NA
"20478","20200215:0000",-43.97167,171.81097,"Wakanui",1869,NA,0,"Canterbury",1010,11.2,17.5,NA
"20479","20200216:0000",-43.97167,171.81097,"Wakanui",1869,NA,0,"Canterbury",1010,13.7,19.95,NA
"20480","20200217:0000",-43.97167,171.81097,"Wakanui",1869,NA,0,"Canterbury",1010,5.4,24.8,NA
"20481","20200218:0000",-43.97167,171.81097,"Wakanui",1869,NA,0,"Canterbury",1010,10.1,16.95,NA
"20482","20200219:0000",-43.97167,171.81097,"Wakanui",1869,NA,0,"Canterbury",1010,8.6,16.25,NA
"20483",NA,-43.97167,171.81097,"Wakanui",1869,NA,0,"Canterbury",1010,NA,NA,NA
"20484","20180101:0000",-43.50495,170.92635,"Ashburton Lakes",2066,NA,0,"Canterbury",1010,NA,7.6,NA
"20485","20180102:0000",-43.50495,170.92635,"Ashburton Lakes",2066,NA,0,"Canterbury",1010,NA,9.85,NA
"20486","20180103:0000",-43.50495,170.92635,"Ashburton Lakes",2066,NA,0,"Canterbury",1010,NA,10.65,NA
"20487","20180104:0000",-43.50495,170.92635,"Ashburton Lakes",2066,NA,0,"Canterbury",1010,NA,9.4,NA
"20488","20180105:0000",-43.50495,170.92635,"Ashburton Lakes",2066,NA,0,"Canterbury",1010,NA,4.5,NA
"20489","20180106:0000",-43.50495,170.92635,"Ashburton Lakes",2066,NA,0,"Canterbury",1010,NA,3.45,NA
"20490","20180107:0000",-43.50495,170.92635,"Ashburton Lakes",2066,NA,0,"Canterbury",1010,NA,4.6,NA
"20491","20180108:0000",-43.50495,170.92635,"Ashburton Lakes",2066,NA,0,"Canterbury",1010,NA,9.4,NA
"20492","20180109:0000",-43.50495,170.92635,"Ashburton Lakes",2066,NA,0,"Canterbury",1010,NA,9.15,NA
"20493","20180110:0000",-43.50495,170.92635,"Ashburton Lakes",2066,NA,0,"Canterbury",1010,NA,6.55,NA
"20494","20180111:0000",-43.50495,170.92635,"Ashburton Lakes",2066,NA,0,"Canterbury",1010,NA,3.4,NA
"20495","20180112:0000",-43.50495,170.92635,"Ashburton Lakes",2066,NA,0,"Canterbury",1010,NA,3.6,NA
"20496","20180113:0000",-43.50495,170.92635,"Ashburton Lakes",2066,NA,0,"Canterbury",1010,NA,6.2,NA
"20497","20180114:0000",-43.50495,170.92635,"Ashburton Lakes",2066,NA,0,"Canterbury",1010,NA,9.25,NA
"20498","20180115:0000",-43.50495,170.92635,"Ashburton Lakes",2066,NA,0,"Canterbury",1010,NA,9.85,NA
"20499","20180116:0000",-43.50495,170.92635,"Ashburton Lakes",2066,NA,0,"Canterbury",1010,NA,9.45,NA
"20500","20180117:0000",-43.50495,170.92635,"Ashburton Lakes",2066,NA,0,"Canterbury",1010,NA,8.1,NA
"20501","20180118:0000",-43.50495,170.92635,"Ashburton Lakes",2066,NA,0,"Canterbury",1010,NA,8.5,NA
"20502","20180119:0000",-43.50495,170.92635,"Ashburton Lakes",2066,NA,0,"Canterbury",1010,NA,9.85,NA
"20503","20180120:0000",-43.50495,170.92635,"Ashburton Lakes",2066,NA,0,"Canterbury",1010,NA,12.7,NA
"20504","20180121:0000",-43.50495,170.92635,"Ashburton Lakes",2066,NA,0,"Canterbury",1010,NA,13.75,NA
"20505","20180122:0000",-43.50495,170.92635,"Ashburton Lakes",2066,NA,0,"Canterbury",1010,NA,10.15,NA
"20506","20180123:0000",-43.50495,170.92635,"Ashburton Lakes",2066,NA,0,"Canterbury",1010,NA,13.8,NA
"20507","20180124:0000",-43.50495,170.92635,"Ashburton Lakes",2066,NA,0,"Canterbury",1010,NA,13.05,NA
"20508","20180125:0000",-43.50495,170.92635,"Ashburton Lakes",2066,NA,0,"Canterbury",1010,NA,15.2,NA
"20509","20180126:0000",-43.50495,170.92635,"Ashburton Lakes",2066,NA,0,"Canterbury",1010,NA,12.4,NA
"20510","20180127:0000",-43.50495,170.92635,"Ashburton Lakes",2066,NA,0,"Canterbury",1010,NA,12.3,NA
"20511","20180128:0000",-43.50495,170.92635,"Ashburton Lakes",2066,NA,0,"Canterbury",1010,NA,14,NA
"20512","20180129:0000",-43.50495,170.92635,"Ashburton Lakes",2066,NA,0,"Canterbury",1010,NA,14.4,NA
"20513","20180130:0000",-43.50495,170.92635,"Ashburton Lakes",2066,NA,0,"Canterbury",1010,NA,15.5,NA
"20514","20180131:0000",-43.50495,170.92635,"Ashburton Lakes",2066,NA,0,"Canterbury",1010,NA,9.5,NA
"20515","20180201:0000",-43.50495,170.92635,"Ashburton Lakes",2066,NA,0,"Canterbury",1010,NA,9.45,NA
"20516","20180202:0000",-43.50495,170.92635,"Ashburton Lakes",2066,NA,0,"Canterbury",1010,NA,-1.2,NA
"20517","20180203:0000",-43.50495,170.92635,"Ashburton Lakes",2066,NA,0,"Canterbury",1010,NA,0.7,NA
"20518","20180204:0000",-43.50495,170.92635,"Ashburton Lakes",2066,NA,0,"Canterbury",1010,NA,1.9,NA
"20519","20180205:0000",-43.50495,170.92635,"Ashburton Lakes",2066,NA,0,"Canterbury",1010,NA,1.85,NA
"20520","20180206:0000",-43.50495,170.92635,"Ashburton Lakes",2066,NA,0,"Canterbury",1010,NA,2.75,NA
"20521","20180207:0000",-43.50495,170.92635,"Ashburton Lakes",2066,NA,0,"Canterbury",1010,NA,3.75,NA
"20522","20180208:0000",-43.50495,170.92635,"Ashburton Lakes",2066,NA,0,"Canterbury",1010,NA,6.3,NA
"20523","20180209:0000",-43.50495,170.92635,"Ashburton Lakes",2066,NA,0,"Canterbury",1010,NA,8.25,NA
"20524","20180210:0000",-43.50495,170.92635,"Ashburton Lakes",2066,NA,0,"Canterbury",1010,NA,9.3,NA
"20525","20180211:0000",-43.50495,170.92635,"Ashburton Lakes",2066,NA,0,"Canterbury",1010,NA,8.5,NA
"20526","20180212:0000",-43.50495,170.92635,"Ashburton Lakes",2066,NA,0,"Canterbury",1010,NA,8.15,NA
"20527","20180213:0000",-43.50495,170.92635,"Ashburton Lakes",2066,NA,0,"Canterbury",1010,NA,9.4,NA
"20528","20180214:0000",-43.50495,170.92635,"Ashburton Lakes",2066,NA,0,"Canterbury",1010,NA,5.95,NA
"20529","20180215:0000",-43.50495,170.92635,"Ashburton Lakes",2066,NA,0,"Canterbury",1010,NA,6.85,NA
"20530","20180216:0000",-43.50495,170.92635,"Ashburton Lakes",2066,NA,0,"Canterbury",1010,NA,6.1,NA
"20531","20180217:0000",-43.50495,170.92635,"Ashburton Lakes",2066,NA,0,"Canterbury",1010,NA,7,NA
"20532","20180218:0000",-43.50495,170.92635,"Ashburton Lakes",2066,NA,0,"Canterbury",1010,NA,6.35,NA
"20533","20180219:0000",-43.50495,170.92635,"Ashburton Lakes",2066,NA,0,"Canterbury",1010,NA,5.25,NA
"20534","20180220:0000",-43.50495,170.92635,"Ashburton Lakes",2066,NA,0,"Canterbury",1010,NA,-0.25,NA
"20535","20180221:0000",-43.50495,170.92635,"Ashburton Lakes",2066,NA,0,"Canterbury",1010,NA,-1.65,NA
"20536","20180222:0000",-43.50495,170.92635,"Ashburton Lakes",2066,NA,0,"Canterbury",1010,NA,0.0500000000000003,NA
"20537","20180223:0000",-43.50495,170.92635,"Ashburton Lakes",2066,NA,0,"Canterbury",1010,NA,3.3,NA
"20538","20180224:0000",-43.50495,170.92635,"Ashburton Lakes",2066,NA,0,"Canterbury",1010,NA,7.4,NA
"20539","20180225:0000",-43.50495,170.92635,"Ashburton Lakes",2066,NA,0,"Canterbury",1010,NA,5.4,NA
"20540","20180226:0000",-43.50495,170.92635,"Ashburton Lakes",2066,NA,0,"Canterbury",1010,NA,3,NA
"20541","20180227:0000",-43.50495,170.92635,"Ashburton Lakes",2066,NA,0,"Canterbury",1010,NA,5.2,NA
"20542","20180228:0000",-43.50495,170.92635,"Ashburton Lakes",2066,NA,0,"Canterbury",1010,NA,5.95,NA
"20543","20180301:0000",-43.50495,170.92635,"Ashburton Lakes",2066,NA,0,"Canterbury",1010,NA,8.7,NA
"20544","20180302:0000",-43.50495,170.92635,"Ashburton Lakes",2066,NA,0,"Canterbury",1010,NA,8.25,NA
"20545","20180303:0000",-43.50495,170.92635,"Ashburton Lakes",2066,NA,0,"Canterbury",1010,NA,10,NA
"20546","20180304:0000",-43.50495,170.92635,"Ashburton Lakes",2066,NA,0,"Canterbury",1010,NA,8.1,NA
"20547","20180305:0000",-43.50495,170.92635,"Ashburton Lakes",2066,NA,0,"Canterbury",1010,NA,9.35,NA
"20548","20180306:0000",-43.50495,170.92635,"Ashburton Lakes",2066,NA,0,"Canterbury",1010,NA,4.3,NA
"20549","20180307:0000",-43.50495,170.92635,"Ashburton Lakes",2066,NA,0,"Canterbury",1010,NA,2.95,NA
"20550","20180308:0000",-43.50495,170.92635,"Ashburton Lakes",2066,NA,0,"Canterbury",1010,NA,5.15,NA
"20551","20180309:0000",-43.50495,170.92635,"Ashburton Lakes",2066,NA,0,"Canterbury",1010,NA,3.2,NA
"20552","20180310:0000",-43.50495,170.92635,"Ashburton Lakes",2066,NA,0,"Canterbury",1010,NA,3.05,NA
"20553","20180311:0000",-43.50495,170.92635,"Ashburton Lakes",2066,NA,0,"Canterbury",1010,NA,8.45,NA
"20554","20180312:0000",-43.50495,170.92635,"Ashburton Lakes",2066,NA,0,"Canterbury",1010,NA,9.05,NA
"20555","20180313:0000",-43.50495,170.92635,"Ashburton Lakes",2066,NA,0,"Canterbury",1010,NA,3.55,NA
"20556","20180314:0000",-43.50495,170.92635,"Ashburton Lakes",2066,NA,0,"Canterbury",1010,NA,2.15,NA
"20557","20180315:0000",-43.50495,170.92635,"Ashburton Lakes",2066,NA,0,"Canterbury",1010,NA,3.3,NA
"20558","20180316:0000",-43.50495,170.92635,"Ashburton Lakes",2066,NA,0,"Canterbury",1010,NA,5.95,NA
"20559","20180317:0000",-43.50495,170.92635,"Ashburton Lakes",2066,NA,0,"Canterbury",1010,NA,3.6,NA
"20560","20180318:0000",-43.50495,170.92635,"Ashburton Lakes",2066,NA,0,"Canterbury",1010,NA,8.45,NA
"20561","20180319:0000",-43.50495,170.92635,"Ashburton Lakes",2066,NA,0,"Canterbury",1010,NA,7.4,NA
"20562","20180320:0000",-43.50495,170.92635,"Ashburton Lakes",2066,NA,0,"Canterbury",1010,NA,8.8,NA
"20563","20180321:0000",-43.50495,170.92635,"Ashburton Lakes",2066,NA,0,"Canterbury",1010,NA,7.7,NA
"20564","20180322:0000",-43.50495,170.92635,"Ashburton Lakes",2066,NA,0,"Canterbury",1010,NA,-3,NA
"20565","20180323:0000",-43.50495,170.92635,"Ashburton Lakes",2066,NA,0,"Canterbury",1010,NA,-2.4,NA
"20566","20180324:0000",-43.50495,170.92635,"Ashburton Lakes",2066,NA,0,"Canterbury",1010,NA,-0.25,NA
"20567","20180325:0000",-43.50495,170.92635,"Ashburton Lakes",2066,NA,0,"Canterbury",1010,NA,1.65,NA
"20568","20180326:0000",-43.50495,170.92635,"Ashburton Lakes",2066,NA,0,"Canterbury",1010,NA,4.05,NA
"20569","20180327:0000",-43.50495,170.92635,"Ashburton Lakes",2066,NA,0,"Canterbury",1010,NA,6.45,NA
"20570","20180328:0000",-43.50495,170.92635,"Ashburton Lakes",2066,NA,0,"Canterbury",1010,NA,6.05,NA
"20571","20180329:0000",-43.50495,170.92635,"Ashburton Lakes",2066,NA,0,"Canterbury",1010,NA,5.1,NA
"20572","20180330:0000",-43.50495,170.92635,"Ashburton Lakes",2066,NA,0,"Canterbury",1010,NA,6.8,NA
"20573","20180331:0000",-43.50495,170.92635,"Ashburton Lakes",2066,NA,0,"Canterbury",1010,NA,4.7,NA
"20574","20180401:0000",-43.50495,170.92635,"Ashburton Lakes",2066,NA,0,"Canterbury",1010,NA,3.35,NA
"20575","20180402:0000",-43.50495,170.92635,"Ashburton Lakes",2066,NA,0,"Canterbury",1010,NA,4.7,NA
"20576","20180403:0000",-43.50495,170.92635,"Ashburton Lakes",2066,NA,0,"Canterbury",1010,NA,4.05,NA
"20577","20180404:0000",-43.50495,170.92635,"Ashburton Lakes",2066,NA,0,"Canterbury",1010,NA,2.95,NA
"20578","20180405:0000",-43.50495,170.92635,"Ashburton Lakes",2066,NA,0,"Canterbury",1010,NA,5.6,NA
"20579","20180406:0000",-43.50495,170.92635,"Ashburton Lakes",2066,NA,0,"Canterbury",1010,NA,5.45,NA
"20580","20180407:0000",-43.50495,170.92635,"Ashburton Lakes",2066,NA,0,"Canterbury",1010,NA,1.8,NA
"20581","20180408:0000",-43.50495,170.92635,"Ashburton Lakes",2066,NA,0,"Canterbury",1010,NA,0,NA
"20582","20180409:0000",-43.50495,170.92635,"Ashburton Lakes",2066,NA,0,"Canterbury",1010,NA,-1,NA
"20583","20180410:0000",-43.50495,170.92635,"Ashburton Lakes",2066,NA,0,"Canterbury",1010,NA,-9.45,NA
"20584","20180411:0000",-43.50495,170.92635,"Ashburton Lakes",2066,NA,0,"Canterbury",1010,NA,-5,NA
"20585","20180412:0000",-43.50495,170.92635,"Ashburton Lakes",2066,NA,0,"Canterbury",1010,NA,-6,NA
"20586","20180413:0000",-43.50495,170.92635,"Ashburton Lakes",2066,NA,0,"Canterbury",1010,NA,-3.65,NA
"20587","20180414:0000",-43.50495,170.92635,"Ashburton Lakes",2066,NA,0,"Canterbury",1010,NA,-1.2,NA
"20588","20180415:0000",-43.50495,170.92635,"Ashburton Lakes",2066,NA,0,"Canterbury",1010,NA,2.55,NA
"20589","20180416:0000",-43.50495,170.92635,"Ashburton Lakes",2066,NA,0,"Canterbury",1010,NA,0.4,NA
"20590","20180417:0000",-43.50495,170.92635,"Ashburton Lakes",2066,NA,0,"Canterbury",1010,NA,-3,NA
"20591","20180418:0000",-43.50495,170.92635,"Ashburton Lakes",2066,NA,0,"Canterbury",1010,NA,-2.3,NA
"20592","20180419:0000",-43.50495,170.92635,"Ashburton Lakes",2066,NA,0,"Canterbury",1010,NA,-2.1,NA
"20593","20180420:0000",-43.50495,170.92635,"Ashburton Lakes",2066,NA,0,"Canterbury",1010,NA,0.15,NA
"20594","20180421:0000",-43.50495,170.92635,"Ashburton Lakes",2066,NA,0,"Canterbury",1010,NA,0,NA
"20595","20180422:0000",-43.50495,170.92635,"Ashburton Lakes",2066,NA,0,"Canterbury",1010,NA,0.2,NA
"20596","20180423:0000",-43.50495,170.92635,"Ashburton Lakes",2066,NA,0,"Canterbury",1010,NA,1.65,NA
"20597","20180424:0000",-43.50495,170.92635,"Ashburton Lakes",2066,NA,0,"Canterbury",1010,NA,2.15,NA
"20598","20180425:0000",-43.50495,170.92635,"Ashburton Lakes",2066,NA,0,"Canterbury",1010,NA,4.45,NA
"20599","20180426:0000",-43.50495,170.92635,"Ashburton Lakes",2066,NA,0,"Canterbury",1010,NA,6.5,NA
"20600","20180427:0000",-43.50495,170.92635,"Ashburton Lakes",2066,NA,0,"Canterbury",1010,NA,2.6,NA
"20601","20180428:0000",-43.50495,170.92635,"Ashburton Lakes",2066,NA,0,"Canterbury",1010,NA,-1.95,NA
"20602","20180429:0000",-43.50495,170.92635,"Ashburton Lakes",2066,NA,0,"Canterbury",1010,NA,0.25,NA
"20603","20180430:0000",-43.50495,170.92635,"Ashburton Lakes",2066,NA,0,"Canterbury",1010,NA,1.15,NA
"20604","20180501:0000",-43.50495,170.92635,"Ashburton Lakes",2066,NA,0,"Canterbury",1010,NA,3.6,NA
"20605","20180502:0000",-43.50495,170.92635,"Ashburton Lakes",2066,NA,0,"Canterbury",1010,NA,3.8,NA
"20606","20180503:0000",-43.50495,170.92635,"Ashburton Lakes",2066,NA,0,"Canterbury",1010,NA,7,NA
"20607","20180504:0000",-43.50495,170.92635,"Ashburton Lakes",2066,NA,0,"Canterbury",1010,NA,NA,NA
"20608","20180505:0000",-43.50495,170.92635,"Ashburton Lakes",2066,NA,0,"Canterbury",1010,61.6,6.9,NA
"20609","20180506:0000",-43.50495,170.92635,"Ashburton Lakes",2066,NA,0,"Canterbury",1010,48.2,-0.6,NA
"20610","20180507:0000",-43.50495,170.92635,"Ashburton Lakes",2066,NA,0,"Canterbury",1010,47.9,-0.45,NA
"20611","20180508:0000",-43.50495,170.92635,"Ashburton Lakes",2066,NA,0,"Canterbury",1010,60.1,2.1,NA
"20612","20180509:0000",-43.50495,170.92635,"Ashburton Lakes",2066,NA,0,"Canterbury",1010,10.4,4.25,NA
"20613","20180510:0000",-43.50495,170.92635,"Ashburton Lakes",2066,NA,0,"Canterbury",1010,22,3.1,NA
"20614","20180511:0000",-43.50495,170.92635,"Ashburton Lakes",2066,NA,0,"Canterbury",1010,29.9,3,NA
"20615","20180512:0000",-43.50495,170.92635,"Ashburton Lakes",2066,NA,0,"Canterbury",1010,11.5,2.6,NA
"20616","20180513:0000",-43.50495,170.92635,"Ashburton Lakes",2066,NA,0,"Canterbury",1010,18.4,0.95,NA
"20617","20180514:0000",-43.50495,170.92635,"Ashburton Lakes",2066,NA,0,"Canterbury",1010,9.4,-0.0499999999999998,NA
"20618","20180515:0000",-43.50495,170.92635,"Ashburton Lakes",2066,NA,0,"Canterbury",1010,14.4,0.9,NA
"20619","20180516:0000",-43.50495,170.92635,"Ashburton Lakes",2066,NA,0,"Canterbury",1010,6.8,0.15,NA
"20620","20180517:0000",-43.50495,170.92635,"Ashburton Lakes",2066,NA,0,"Canterbury",1010,22.3,-3.3,NA
"20621","20180518:0000",-43.50495,170.92635,"Ashburton Lakes",2066,NA,0,"Canterbury",1010,47.5,-2.65,NA
"20622","20180519:0000",-43.50495,170.92635,"Ashburton Lakes",2066,NA,0,"Canterbury",1010,39.6,-2.2,NA
"20623","20180520:0000",-43.50495,170.92635,"Ashburton Lakes",2066,NA,0,"Canterbury",1010,67.7,-1.9,NA
"20624","20180521:0000",-43.50495,170.92635,"Ashburton Lakes",2066,NA,0,"Canterbury",1010,19.8,-4.6,NA
"20625","20180522:0000",-43.50495,170.92635,"Ashburton Lakes",2066,NA,0,"Canterbury",1010,70.2,-4.3,NA
"20626","20180523:0000",-43.50495,170.92635,"Ashburton Lakes",2066,NA,0,"Canterbury",1010,7.2,-5.8,NA
"20627","20180524:0000",-43.50495,170.92635,"Ashburton Lakes",2066,NA,0,"Canterbury",1010,58.7,-7.1,NA
"20628","20180525:0000",-43.50495,170.92635,"Ashburton Lakes",2066,NA,0,"Canterbury",1010,11.5,-6.1,NA
"20629","20180526:0000",-43.50495,170.92635,"Ashburton Lakes",2066,NA,0,"Canterbury",1010,22.3,-4.2,NA
"20630","20180527:0000",-43.50495,170.92635,"Ashburton Lakes",2066,NA,0,"Canterbury",1010,21.2,-6.55,NA
"20631","20180528:0000",-43.50495,170.92635,"Ashburton Lakes",2066,NA,0,"Canterbury",1010,NA,-5.2,NA
"20632","20180529:0000",-43.50495,170.92635,"Ashburton Lakes",2066,NA,0,"Canterbury",1010,13.3,-3.25,NA
"20633","20180530:0000",-43.50495,170.92635,"Ashburton Lakes",2066,NA,0,"Canterbury",1010,7.2,1.4,NA
"20634","20180531:0000",-43.50495,170.92635,"Ashburton Lakes",2066,NA,0,"Canterbury",1010,1.1,3,NA
"20635","20180601:0000",-43.50495,170.92635,"Ashburton Lakes",2066,NA,0,"Canterbury",1010,4.3,0.15,NA
"20636","20180602:0000",-43.50495,170.92635,"Ashburton Lakes",2066,NA,0,"Canterbury",1010,19.1,-1.3,NA
"20637","20180603:0000",-43.50495,170.92635,"Ashburton Lakes",2066,NA,0,"Canterbury",1010,19.1,-2.4,NA
"20638","20180604:0000",-43.50495,170.92635,"Ashburton Lakes",2066,NA,0,"Canterbury",1010,31,-2.6,NA
"20639","20180605:0000",-43.50495,170.92635,"Ashburton Lakes",2066,NA,0,"Canterbury",1010,31,-1.1,NA
"20640","20180606:0000",-43.50495,170.92635,"Ashburton Lakes",2066,NA,0,"Canterbury",1010,27.4,-6.2,NA
"20641","20180607:0000",-43.50495,170.92635,"Ashburton Lakes",2066,NA,0,"Canterbury",1010,27.4,-4.25,NA
"20642","20180608:0000",-43.50495,170.92635,"Ashburton Lakes",2066,NA,0,"Canterbury",1010,6.1,1.7,NA
"20643","20180609:0000",-43.50495,170.92635,"Ashburton Lakes",2066,NA,0,"Canterbury",1010,42.1,-0.0499999999999998,NA
"20644","20180610:0000",-43.50495,170.92635,"Ashburton Lakes",2066,NA,0,"Canterbury",1010,31.3,-0.55,NA
"20645","20180611:0000",-43.50495,170.92635,"Ashburton Lakes",2066,NA,0,"Canterbury",1010,2.2,-3.2,NA
"20646","20180612:0000",-43.50495,170.92635,"Ashburton Lakes",2066,NA,0,"Canterbury",1010,2.2,-4.15,NA
"20647","20180613:0000",-43.50495,170.92635,"Ashburton Lakes",2066,NA,0,"Canterbury",1010,2.2,-1.3,NA
"20648","20180614:0000",-43.50495,170.92635,"Ashburton Lakes",2066,NA,0,"Canterbury",1010,8.3,1.05,NA
"20649","20180615:0000",-43.50495,170.92635,"Ashburton Lakes",2066,NA,0,"Canterbury",1010,18.7,1.15,NA
"20650","20180616:0000",-43.50495,170.92635,"Ashburton Lakes",2066,NA,0,"Canterbury",1010,31.7,-1,NA
"20651","20180617:0000",-43.50495,170.92635,"Ashburton Lakes",2066,NA,0,"Canterbury",1010,31.3,-2.55,NA
"20652","20180618:0000",-43.50495,170.92635,"Ashburton Lakes",2066,NA,0,"Canterbury",1010,14.8,-3.35,NA
"20653","20180619:0000",-43.50495,170.92635,"Ashburton Lakes",2066,NA,0,"Canterbury",1010,17.6,-5.15,NA
"20654","20180620:0000",-43.50495,170.92635,"Ashburton Lakes",2066,NA,0,"Canterbury",1010,18.4,-3.65,NA
"20655","20180621:0000",-43.50495,170.92635,"Ashburton Lakes",2066,NA,0,"Canterbury",1010,2.9,-0.85,NA
"20656","20180622:0000",-43.50495,170.92635,"Ashburton Lakes",2066,NA,0,"Canterbury",1010,7.9,0.1,NA
"20657","20180623:0000",-43.50495,170.92635,"Ashburton Lakes",2066,NA,0,"Canterbury",1010,5.4,-1.45,NA
"20658","20180624:0000",-43.50495,170.92635,"Ashburton Lakes",2066,NA,0,"Canterbury",1010,92.9,-3.3,NA
"20659","20180625:0000",-43.50495,170.92635,"Ashburton Lakes",2066,NA,0,"Canterbury",1010,32.8,-6.95,NA
"20660","20180626:0000",-43.50495,170.92635,"Ashburton Lakes",2066,NA,0,"Canterbury",1010,22.7,-6.25,NA
"20661","20180627:0000",-43.50495,170.92635,"Ashburton Lakes",2066,NA,0,"Canterbury",1010,6.8,-4.7,NA
"20662","20180628:0000",-43.50495,170.92635,"Ashburton Lakes",2066,NA,0,"Canterbury",1010,14.8,-4.35,NA
"20663","20180629:0000",-43.50495,170.92635,"Ashburton Lakes",2066,NA,0,"Canterbury",1010,8.6,-2.25,NA
"20664","20180630:0000",-43.50495,170.92635,"Ashburton Lakes",2066,NA,0,"Canterbury",1010,7.2,-2.2,NA
"20665","20180701:0000",-43.50495,170.92635,"Ashburton Lakes",2066,NA,0,"Canterbury",1010,78.5,-1.05,NA
"20666","20180702:0000",-43.50495,170.92635,"Ashburton Lakes",2066,NA,0,"Canterbury",1010,13.7,-2.3,NA
"20667","20180703:0000",-43.50495,170.92635,"Ashburton Lakes",2066,NA,0,"Canterbury",1010,14.4,-1.55,NA
"20668","20180704:0000",-43.50495,170.92635,"Ashburton Lakes",2066,NA,0,"Canterbury",1010,7.6,1.7,NA
"20669","20180705:0000",-43.50495,170.92635,"Ashburton Lakes",2066,NA,0,"Canterbury",1010,15.1,0.35,NA
"20670","20180706:0000",-43.50495,170.92635,"Ashburton Lakes",2066,NA,0,"Canterbury",1010,16.6,0.8,NA
"20671","20180707:0000",-43.50495,170.92635,"Ashburton Lakes",2066,NA,0,"Canterbury",1010,68.4,0.35,NA
"20672","20180708:0000",-43.50495,170.92635,"Ashburton Lakes",2066,NA,0,"Canterbury",1010,67.7,-1.15,NA
"20673","20180709:0000",-43.50495,170.92635,"Ashburton Lakes",2066,NA,0,"Canterbury",1010,39.6,-4.9,NA
"20674","20180710:0000",-43.50495,170.92635,"Ashburton Lakes",2066,NA,0,"Canterbury",1010,10.8,-5.9,NA
"20675","20180711:0000",-43.50495,170.92635,"Ashburton Lakes",2066,NA,0,"Canterbury",1010,28.8,-5.9,NA
"20676","20180712:0000",-43.50495,170.92635,"Ashburton Lakes",2066,NA,0,"Canterbury",1010,26.3,-3.45,NA
"20677","20180713:0000",-43.50495,170.92635,"Ashburton Lakes",2066,NA,0,"Canterbury",1010,21.6,-3.35,NA
"20678","20180714:0000",-43.50495,170.92635,"Ashburton Lakes",2066,NA,0,"Canterbury",1010,27.7,-2.45,NA
"20679","20180715:0000",-43.50495,170.92635,"Ashburton Lakes",2066,NA,0,"Canterbury",1010,28.8,-3.05,NA
"20680","20180716:0000",-43.50495,170.92635,"Ashburton Lakes",2066,NA,0,"Canterbury",1010,9.4,-2.45,NA
"20681","20180717:0000",-43.50495,170.92635,"Ashburton Lakes",2066,NA,0,"Canterbury",1010,20.5,0.7,NA
"20682","20180718:0000",-43.50495,170.92635,"Ashburton Lakes",2066,NA,0,"Canterbury",1010,5.4,-1.3,NA
"20683","20180719:0000",-43.50495,170.92635,"Ashburton Lakes",2066,NA,0,"Canterbury",1010,24.1,-0.85,NA
"20684","20180720:0000",-43.50495,170.92635,"Ashburton Lakes",2066,NA,0,"Canterbury",1010,11.5,-0.05,NA
"20685","20180721:0000",-43.50495,170.92635,"Ashburton Lakes",2066,NA,0,"Canterbury",1010,64.1,-1.15,NA
"20686","20180722:0000",-43.50495,170.92635,"Ashburton Lakes",2066,NA,0,"Canterbury",1010,45.4,-5.8,NA
"20687","20180723:0000",-43.50495,170.92635,"Ashburton Lakes",2066,NA,0,"Canterbury",1010,7.2,-7.15,NA
"20688","20180724:0000",-43.50495,170.92635,"Ashburton Lakes",2066,NA,0,"Canterbury",1010,7.2,-6.95,NA
"20689","20180725:0000",-43.50495,170.92635,"Ashburton Lakes",2066,NA,0,"Canterbury",1010,7.2,-5.15,NA
"20690","20180726:0000",-43.50495,170.92635,"Ashburton Lakes",2066,NA,0,"Canterbury",1010,31.7,-4.85,NA
"20691","20180727:0000",-43.50495,170.92635,"Ashburton Lakes",2066,NA,0,"Canterbury",1010,54.7,-4.35,NA
"20692","20180728:0000",-43.50495,170.92635,"Ashburton Lakes",2066,NA,0,"Canterbury",1010,35.3,-3.9,NA
"20693","20180729:0000",-43.50495,170.92635,"Ashburton Lakes",2066,NA,0,"Canterbury",1010,18,-2.8,NA
"20694","20180730:0000",-43.50495,170.92635,"Ashburton Lakes",2066,NA,0,"Canterbury",1010,13.3,-2.1,NA
"20695","20180731:0000",-43.50495,170.92635,"Ashburton Lakes",2066,NA,0,"Canterbury",1010,86,-1.6,NA
"20696","20180801:0000",-43.50495,170.92635,"Ashburton Lakes",2066,NA,0,"Canterbury",1010,52.9,-1.75,NA
"20697","20180802:0000",-43.50495,170.92635,"Ashburton Lakes",2066,NA,0,"Canterbury",1010,29.2,-2.45,NA
"20698","20180803:0000",-43.50495,170.92635,"Ashburton Lakes",2066,NA,0,"Canterbury",1010,6.5,-4.6,NA
"20699","20180804:0000",-43.50495,170.92635,"Ashburton Lakes",2066,NA,0,"Canterbury",1010,1.4,-4.1,NA
"20700","20180805:0000",-43.50495,170.92635,"Ashburton Lakes",2066,NA,0,"Canterbury",1010,16.2,-2.6,NA
"20701","20180806:0000",-43.50495,170.92635,"Ashburton Lakes",2066,NA,0,"Canterbury",1010,3.2,-1.25,NA
"20702","20180807:0000",-43.50495,170.92635,"Ashburton Lakes",2066,NA,0,"Canterbury",1010,15.5,0.05,NA
"20703","20180808:0000",-43.50495,170.92635,"Ashburton Lakes",2066,NA,0,"Canterbury",1010,36,-0.95,NA
"20704","20180809:0000",-43.50495,170.92635,"Ashburton Lakes",2066,NA,0,"Canterbury",1010,13.7,-0.15,NA
"20705","20180810:0000",-43.50495,170.92635,"Ashburton Lakes",2066,NA,0,"Canterbury",1010,5,0.0499999999999998,NA
"20706","20180811:0000",-43.50495,170.92635,"Ashburton Lakes",2066,NA,0,"Canterbury",1010,10.4,0.9,NA
"20707","20180812:0000",-43.50495,170.92635,"Ashburton Lakes",2066,NA,0,"Canterbury",1010,44.6,3.05,NA
"20708","20180813:0000",-43.50495,170.92635,"Ashburton Lakes",2066,NA,0,"Canterbury",1010,41,0.15,NA
"20709","20180814:0000",-43.50495,170.92635,"Ashburton Lakes",2066,NA,0,"Canterbury",1010,6.5,-0.6,NA
"20710","20180815:0000",-43.50495,170.92635,"Ashburton Lakes",2066,NA,0,"Canterbury",1010,10.4,-1.8,NA
"20711","20180816:0000",-43.50495,170.92635,"Ashburton Lakes",2066,NA,0,"Canterbury",1010,90.4,-2.15,NA
"20712","20180817:0000",-43.50495,170.92635,"Ashburton Lakes",2066,NA,0,"Canterbury",1010,11.9,-3.55,NA
"20713","20180818:0000",-43.50495,170.92635,"Ashburton Lakes",2066,NA,0,"Canterbury",1010,22,-4.6,NA
"20714","20180819:0000",-43.50495,170.92635,"Ashburton Lakes",2066,NA,0,"Canterbury",1010,15.5,-3.2,NA
"20715","20180820:0000",-43.50495,170.92635,"Ashburton Lakes",2066,NA,0,"Canterbury",1010,29.2,-2.9,NA
"20716","20180821:0000",-43.50495,170.92635,"Ashburton Lakes",2066,NA,0,"Canterbury",1010,3.2,-3.75,NA
"20717","20180822:0000",-43.50495,170.92635,"Ashburton Lakes",2066,NA,0,"Canterbury",1010,31,-5.45,NA
"20718","20180823:0000",-43.50495,170.92635,"Ashburton Lakes",2066,NA,0,"Canterbury",1010,10.8,-5.45,NA
"20719","20180824:0000",-43.50495,170.92635,"Ashburton Lakes",2066,NA,0,"Canterbury",1010,12.6,-3.8,NA
"20720","20180825:0000",-43.50495,170.92635,"Ashburton Lakes",2066,NA,0,"Canterbury",1010,11.5,-1.3,NA
"20721","20180826:0000",-43.50495,170.92635,"Ashburton Lakes",2066,NA,0,"Canterbury",1010,14.4,1.7,NA
"20722","20180827:0000",-43.50495,170.92635,"Ashburton Lakes",2066,NA,0,"Canterbury",1010,30.2,0.05,NA
"20723","20180828:0000",-43.50495,170.92635,"Ashburton Lakes",2066,NA,0,"Canterbury",1010,10.4,-3.1,NA
"20724","20180829:0000",-43.50495,170.92635,"Ashburton Lakes",2066,NA,0,"Canterbury",1010,8.3,-3.3,NA
"20725","20180830:0000",-43.50495,170.92635,"Ashburton Lakes",2066,NA,0,"Canterbury",1010,21.6,-2.4,NA
"20726","20180831:0000",-43.50495,170.92635,"Ashburton Lakes",2066,NA,0,"Canterbury",1010,27.4,-1.65,NA
"20727","20180901:0000",-43.50495,170.92635,"Ashburton Lakes",2066,NA,0,"Canterbury",1010,23,-1.45,NA
"20728","20180902:0000",-43.50495,170.92635,"Ashburton Lakes",2066,NA,0,"Canterbury",1010,7.9,-1.35,NA
"20729","20180903:0000",-43.50495,170.92635,"Ashburton Lakes",2066,NA,0,"Canterbury",1010,19.4,-5.9,NA
"20730","20180904:0000",-43.50495,170.92635,"Ashburton Lakes",2066,NA,0,"Canterbury",1010,19.4,-4.95,NA
"20731","20180905:0000",-43.50495,170.92635,"Ashburton Lakes",2066,NA,0,"Canterbury",1010,33.5,-3.9,NA
"20732","20180906:0000",-43.50495,170.92635,"Ashburton Lakes",2066,NA,0,"Canterbury",1010,14.8,1.15,NA
"20733","20180907:0000",-43.50495,170.92635,"Ashburton Lakes",2066,NA,0,"Canterbury",1010,2.9,-0.9,NA
"20734","20180908:0000",-43.50495,170.92635,"Ashburton Lakes",2066,NA,0,"Canterbury",1010,8.6,3.8,NA
"20735","20180909:0000",-43.50495,170.92635,"Ashburton Lakes",2066,NA,0,"Canterbury",1010,13.3,0.7,NA
"20736","20180910:0000",-43.50495,170.92635,"Ashburton Lakes",2066,NA,0,"Canterbury",1010,9.7,0.95,NA
"20737","20180911:0000",-43.50495,170.92635,"Ashburton Lakes",2066,NA,0,"Canterbury",1010,11.2,1.55,NA
"20738","20180912:0000",-43.50495,170.92635,"Ashburton Lakes",2066,NA,0,"Canterbury",1010,20.2,2.65,NA
"20739","20180913:0000",-43.50495,170.92635,"Ashburton Lakes",2066,NA,0,"Canterbury",1010,52.9,1.5,NA
"20740","20180914:0000",-43.50495,170.92635,"Ashburton Lakes",2066,NA,0,"Canterbury",1010,21.6,3.85,NA
"20741","20180915:0000",-43.50495,170.92635,"Ashburton Lakes",2066,NA,0,"Canterbury",1010,10.1,5.7,NA
"20742","20180916:0000",-43.50495,170.92635,"Ashburton Lakes",2066,NA,0,"Canterbury",1010,75.6,0.3,NA
"20743","20180917:0000",-43.50495,170.92635,"Ashburton Lakes",2066,NA,0,"Canterbury",1010,13.7,-1.05,NA
"20744","20180918:0000",-43.50495,170.92635,"Ashburton Lakes",2066,NA,0,"Canterbury",1010,13.7,-2.15,NA
"20745","20180919:0000",-43.50495,170.92635,"Ashburton Lakes",2066,NA,0,"Canterbury",1010,13.3,0.15,NA
"20746","20180920:0000",-43.50495,170.92635,"Ashburton Lakes",2066,NA,0,"Canterbury",1010,31,1.7,NA
"20747","20180921:0000",-43.50495,170.92635,"Ashburton Lakes",2066,NA,0,"Canterbury",1010,13,0.5,NA
"20748","20180922:0000",-43.50495,170.92635,"Ashburton Lakes",2066,NA,0,"Canterbury",1010,10.4,3,NA
"20749","20180923:0000",-43.50495,170.92635,"Ashburton Lakes",2066,NA,0,"Canterbury",1010,16.9,3.9,NA
"20750","20180924:0000",-43.50495,170.92635,"Ashburton Lakes",2066,NA,0,"Canterbury",1010,27,-2.75,NA
"20751","20180925:0000",-43.50495,170.92635,"Ashburton Lakes",2066,NA,0,"Canterbury",1010,26.3,-5.35,NA
"20752","20180926:0000",-43.50495,170.92635,"Ashburton Lakes",2066,NA,0,"Canterbury",1010,9,-4.3,NA
"20753","20180927:0000",-43.50495,170.92635,"Ashburton Lakes",2066,NA,0,"Canterbury",1010,6.5,-3.9,NA
"20754","20180928:0000",-43.50495,170.92635,"Ashburton Lakes",2066,NA,0,"Canterbury",1010,6.1,-3.05,NA
"20755","20180929:0000",-43.50495,170.92635,"Ashburton Lakes",2066,NA,0,"Canterbury",1010,34.9,-1.7,NA
"20756","20180930:0000",-43.50495,170.92635,"Ashburton Lakes",2066,NA,0,"Canterbury",1010,45.4,-0.55,NA
"20757","20181001:0000",-43.50495,170.92635,"Ashburton Lakes",2066,NA,0,"Canterbury",1010,16.6,0,NA
"20758","20181002:0000",-43.50495,170.92635,"Ashburton Lakes",2066,NA,0,"Canterbury",1010,16.2,1.05,NA
"20759","20181003:0000",-43.50495,170.92635,"Ashburton Lakes",2066,NA,0,"Canterbury",1010,21.6,0.35,NA
"20760","20181004:0000",-43.50495,170.92635,"Ashburton Lakes",2066,NA,0,"Canterbury",1010,32.4,-1.2,NA
"20761","20181005:0000",-43.50495,170.92635,"Ashburton Lakes",2066,NA,0,"Canterbury",1010,22.3,0.35,NA
"20762","20181006:0000",-43.50495,170.92635,"Ashburton Lakes",2066,NA,0,"Canterbury",1010,18.4,-0.35,NA
"20763","20181007:0000",-43.50495,170.92635,"Ashburton Lakes",2066,NA,0,"Canterbury",1010,8.6,1.15,NA
"20764","20181008:0000",-43.50495,170.92635,"Ashburton Lakes",2066,NA,0,"Canterbury",1010,15.1,0.0999999999999999,NA
"20765","20181009:0000",-43.50495,170.92635,"Ashburton Lakes",2066,NA,0,"Canterbury",1010,7.9,1.65,NA
"20766","20181010:0000",-43.50495,170.92635,"Ashburton Lakes",2066,NA,0,"Canterbury",1010,61.9,-1.4,NA
"20767","20181011:0000",-43.50495,170.92635,"Ashburton Lakes",2066,NA,0,"Canterbury",1010,18.7,0.55,NA
"20768","20181012:0000",-43.50495,170.92635,"Ashburton Lakes",2066,NA,0,"Canterbury",1010,8.3,-6.35,NA
"20769","20181013:0000",-43.50495,170.92635,"Ashburton Lakes",2066,NA,0,"Canterbury",1010,8.3,-7.3,NA
"20770","20181014:0000",-43.50495,170.92635,"Ashburton Lakes",2066,NA,0,"Canterbury",1010,14.4,-3.1,NA
"20771","20181015:0000",-43.50495,170.92635,"Ashburton Lakes",2066,NA,0,"Canterbury",1010,10.1,0.8,NA
"20772","20181016:0000",-43.50495,170.92635,"Ashburton Lakes",2066,NA,0,"Canterbury",1010,5,5.8,NA
"20773","20181017:0000",-43.50495,170.92635,"Ashburton Lakes",2066,NA,0,"Canterbury",1010,16.9,4.3,NA
"20774","20181018:0000",-43.50495,170.92635,"Ashburton Lakes",2066,NA,0,"Canterbury",1010,12.6,4.1,NA
"20775","20181019:0000",-43.50495,170.92635,"Ashburton Lakes",2066,NA,0,"Canterbury",1010,19.1,4.3,NA
"20776","20181020:0000",-43.50495,170.92635,"Ashburton Lakes",2066,NA,0,"Canterbury",1010,25.2,7.25,NA
"20777","20181021:0000",-43.50495,170.92635,"Ashburton Lakes",2066,NA,0,"Canterbury",1010,11.5,8.4,NA
"20778","20181022:0000",-43.50495,170.92635,"Ashburton Lakes",2066,NA,0,"Canterbury",1010,6.5,9.5,NA
"20779","20181023:0000",-43.50495,170.92635,"Ashburton Lakes",2066,NA,0,"Canterbury",1010,8.3,10.7,NA
"20780","20181024:0000",-43.50495,170.92635,"Ashburton Lakes",2066,NA,0,"Canterbury",1010,20.2,8.8,NA
"20781","20181025:0000",-43.50495,170.92635,"Ashburton Lakes",2066,NA,0,"Canterbury",1010,13,1.35,NA
"20782","20181026:0000",-43.50495,170.92635,"Ashburton Lakes",2066,NA,0,"Canterbury",1010,23.4,-2.85,NA
"20783","20181027:0000",-43.50495,170.92635,"Ashburton Lakes",2066,NA,0,"Canterbury",1010,15.1,1.15,NA
"20784","20181028:0000",-43.50495,170.92635,"Ashburton Lakes",2066,NA,0,"Canterbury",1010,17.6,-0.4,NA
"20785","20181029:0000",-43.50495,170.92635,"Ashburton Lakes",2066,NA,0,"Canterbury",1010,35.6,-0.25,NA
"20786","20181030:0000",-43.50495,170.92635,"Ashburton Lakes",2066,NA,0,"Canterbury",1010,12.6,-0.95,NA
"20787","20181031:0000",-43.50495,170.92635,"Ashburton Lakes",2066,NA,0,"Canterbury",1010,NA,-1.95,NA
"20788","20181101:0000",-43.50495,170.92635,"Ashburton Lakes",2066,NA,0,"Canterbury",1010,11.9,-3.9,NA
"20789","20181102:0000",-43.50495,170.92635,"Ashburton Lakes",2066,NA,0,"Canterbury",1010,14,-0.7,NA
"20790","20181103:0000",-43.50495,170.92635,"Ashburton Lakes",2066,NA,0,"Canterbury",1010,79.9,2.35,NA
"20791","20181104:0000",-43.50495,170.92635,"Ashburton Lakes",2066,NA,0,"Canterbury",1010,55.8,0.0499999999999998,NA
"20792","20181105:0000",-43.50495,170.92635,"Ashburton Lakes",2066,NA,0,"Canterbury",1010,15.1,2.65,NA
"20793","20181106:0000",-43.50495,170.92635,"Ashburton Lakes",2066,NA,0,"Canterbury",1010,15.8,7.6,NA
"20794","20181107:0000",-43.50495,170.92635,"Ashburton Lakes",2066,NA,0,"Canterbury",1010,25.6,6.9,NA
"20795","20181108:0000",-43.50495,170.92635,"Ashburton Lakes",2066,NA,0,"Canterbury",1010,83.9,5.5,NA
"20796","20181109:0000",-43.50495,170.92635,"Ashburton Lakes",2066,NA,0,"Canterbury",1010,6.8,-2.6,NA
"20797","20181110:0000",-43.50495,170.92635,"Ashburton Lakes",2066,NA,0,"Canterbury",1010,8.3,-0.7,NA
"20798","20181111:0000",-43.50495,170.92635,"Ashburton Lakes",2066,NA,0,"Canterbury",1010,5.4,1.55,NA
"20799","20181112:0000",-43.50495,170.92635,"Ashburton Lakes",2066,NA,0,"Canterbury",1010,2.9,3.5,NA
"20800","20181113:0000",-43.50495,170.92635,"Ashburton Lakes",2066,NA,0,"Canterbury",1010,6.5,4.75,NA
"20801","20181114:0000",-43.50495,170.92635,"Ashburton Lakes",2066,NA,0,"Canterbury",1010,11.9,7.05,NA
"20802","20181115:0000",-43.50495,170.92635,"Ashburton Lakes",2066,NA,0,"Canterbury",1010,15.5,8.05,NA
"20803","20181116:0000",-43.50495,170.92635,"Ashburton Lakes",2066,NA,0,"Canterbury",1010,14.8,3.8,NA
"20804","20181117:0000",-43.50495,170.92635,"Ashburton Lakes",2066,NA,0,"Canterbury",1010,27.4,4.05,NA
"20805","20181118:0000",-43.50495,170.92635,"Ashburton Lakes",2066,NA,0,"Canterbury",1010,41,-0.3,NA
"20806","20181119:0000",-43.50495,170.92635,"Ashburton Lakes",2066,NA,0,"Canterbury",1010,18.7,-7.6,NA
"20807","20181120:0000",-43.50495,170.92635,"Ashburton Lakes",2066,NA,0,"Canterbury",1010,41.4,-5.7,NA
"20808","20181121:0000",-43.50495,170.92635,"Ashburton Lakes",2066,NA,0,"Canterbury",1010,4,-2.95,NA
"20809","20181122:0000",-43.50495,170.92635,"Ashburton Lakes",2066,NA,0,"Canterbury",1010,11.5,-1.55,NA
"20810","20181123:0000",-43.50495,170.92635,"Ashburton Lakes",2066,NA,0,"Canterbury",1010,13.7,1,NA
"20811","20181124:0000",-43.50495,170.92635,"Ashburton Lakes",2066,NA,0,"Canterbury",1010,12.2,2.25,NA
"20812","20181125:0000",-43.50495,170.92635,"Ashburton Lakes",2066,NA,0,"Canterbury",1010,15.1,2.95,NA
"20813","20181126:0000",-43.50495,170.92635,"Ashburton Lakes",2066,NA,0,"Canterbury",1010,30.6,0.25,NA
"20814","20181127:0000",-43.50495,170.92635,"Ashburton Lakes",2066,NA,0,"Canterbury",1010,25.2,-0.5,NA
"20815","20181128:0000",-43.50495,170.92635,"Ashburton Lakes",2066,NA,0,"Canterbury",1010,13,1.6,NA
"20816","20181129:0000",-43.50495,170.92635,"Ashburton Lakes",2066,NA,0,"Canterbury",1010,4.7,3.5,NA
"20817","20181130:0000",-43.50495,170.92635,"Ashburton Lakes",2066,NA,0,"Canterbury",1010,15.8,4.25,NA
"20818","20181201:0000",-43.50495,170.92635,"Ashburton Lakes",2066,NA,0,"Canterbury",1010,14.8,5.4,NA
"20819","20181202:0000",-43.50495,170.92635,"Ashburton Lakes",2066,NA,0,"Canterbury",1010,11.5,6.65,NA
"20820","20181203:0000",-43.50495,170.92635,"Ashburton Lakes",2066,NA,0,"Canterbury",1010,16.6,7.4,NA
"20821","20181204:0000",-43.50495,170.92635,"Ashburton Lakes",2066,NA,0,"Canterbury",1010,55.1,4.5,NA
"20822","20181205:0000",-43.50495,170.92635,"Ashburton Lakes",2066,NA,0,"Canterbury",1010,16.2,0.4,NA
"20823","20181206:0000",-43.50495,170.92635,"Ashburton Lakes",2066,NA,0,"Canterbury",1010,16.9,1.1,NA
"20824","20181207:0000",-43.50495,170.92635,"Ashburton Lakes",2066,NA,0,"Canterbury",1010,14,5.35,NA
"20825","20181208:0000",-43.50495,170.92635,"Ashburton Lakes",2066,NA,0,"Canterbury",1010,9.4,11.1,NA
"20826","20181209:0000",-43.50495,170.92635,"Ashburton Lakes",2066,NA,0,"Canterbury",1010,13,12.75,NA
"20827","20181210:0000",-43.50495,170.92635,"Ashburton Lakes",2066,NA,0,"Canterbury",1010,6.8,8.6,NA
"20828","20181211:0000",-43.50495,170.92635,"Ashburton Lakes",2066,NA,0,"Canterbury",1010,11.9,4.95,NA
"20829","20181212:0000",-43.50495,170.92635,"Ashburton Lakes",2066,NA,0,"Canterbury",1010,6.5,3.9,NA
"20830","20181213:0000",-43.50495,170.92635,"Ashburton Lakes",2066,NA,0,"Canterbury",1010,8.3,3.9,NA
"20831","20181214:0000",-43.50495,170.92635,"Ashburton Lakes",2066,NA,0,"Canterbury",1010,4.7,5.25,NA
"20832","20181215:0000",-43.50495,170.92635,"Ashburton Lakes",2066,NA,0,"Canterbury",1010,6.5,9.1,NA
"20833","20181216:0000",-43.50495,170.92635,"Ashburton Lakes",2066,NA,0,"Canterbury",1010,4.3,10.95,NA
"20834","20181217:0000",-43.50495,170.92635,"Ashburton Lakes",2066,NA,0,"Canterbury",1010,15.8,10.1,NA
"20835","20181218:0000",-43.50495,170.92635,"Ashburton Lakes",2066,NA,0,"Canterbury",1010,54.7,5.35,NA
"20836","20181219:0000",-43.50495,170.92635,"Ashburton Lakes",2066,NA,0,"Canterbury",1010,6.1,2.65,NA
"20837","20181220:0000",-43.50495,170.92635,"Ashburton Lakes",2066,NA,0,"Canterbury",1010,7.2,0.25,NA
"20838","20181221:0000",-43.50495,170.92635,"Ashburton Lakes",2066,NA,0,"Canterbury",1010,12.6,1.85,NA
"20839","20181222:0000",-43.50495,170.92635,"Ashburton Lakes",2066,NA,0,"Canterbury",1010,12.2,3.5,NA
"20840","20181223:0000",-43.50495,170.92635,"Ashburton Lakes",2066,NA,0,"Canterbury",1010,10.1,3.8,NA
"20841","20181224:0000",-43.50495,170.92635,"Ashburton Lakes",2066,NA,0,"Canterbury",1010,7.9,6.05,NA
"20842","20181225:0000",-43.50495,170.92635,"Ashburton Lakes",2066,NA,0,"Canterbury",1010,10.8,10.45,NA
"20843","20181226:0000",-43.50495,170.92635,"Ashburton Lakes",2066,NA,0,"Canterbury",1010,18.4,5.8,NA
"20844","20181227:0000",-43.50495,170.92635,"Ashburton Lakes",2066,NA,0,"Canterbury",1010,6.5,4.05,NA
"20845","20181228:0000",-43.50495,170.92635,"Ashburton Lakes",2066,NA,0,"Canterbury",1010,18,6.15,NA
"20846","20181229:0000",-43.50495,170.92635,"Ashburton Lakes",2066,NA,0,"Canterbury",1010,20.5,8.75,NA
"20847","20181230:0000",-43.50495,170.92635,"Ashburton Lakes",2066,NA,0,"Canterbury",1010,35.3,9.65,NA
"20848","20181231:0000",-43.50495,170.92635,"Ashburton Lakes",2066,NA,0,"Canterbury",1010,16.2,11.25,NA
"20849","20190101:0000",-43.50495,170.92635,"Ashburton Lakes",2066,NA,0,"Canterbury",1010,6.5,10.7,NA
"20850","20190102:0000",-43.50495,170.92635,"Ashburton Lakes",2066,NA,0,"Canterbury",1010,47.2,9.35,NA
"20851","20190103:0000",-43.50495,170.92635,"Ashburton Lakes",2066,NA,0,"Canterbury",1010,43.9,8.85,NA
"20852","20190104:0000",-43.50495,170.92635,"Ashburton Lakes",2066,NA,0,"Canterbury",1010,9,8,NA
"20853","20190105:0000",-43.50495,170.92635,"Ashburton Lakes",2066,NA,0,"Canterbury",1010,27.4,10.9,NA
"20854","20190106:0000",-43.50495,170.92635,"Ashburton Lakes",2066,NA,0,"Canterbury",1010,42.5,9.15,NA
"20855","20190107:0000",-43.50495,170.92635,"Ashburton Lakes",2066,NA,0,"Canterbury",1010,6.1,9.3,NA
"20856","20190108:0000",-43.50495,170.92635,"Ashburton Lakes",2066,NA,0,"Canterbury",1010,9.7,10,NA
"20857","20190109:0000",-43.50495,170.92635,"Ashburton Lakes",2066,NA,0,"Canterbury",1010,37.8,8.85,NA
"20858","20190110:0000",-43.50495,170.92635,"Ashburton Lakes",2066,NA,0,"Canterbury",1010,31.7,7.7,NA
"20859","20190111:0000",-43.50495,170.92635,"Ashburton Lakes",2066,NA,0,"Canterbury",1010,8.3,6.45,NA
"20860","20190112:0000",-43.50495,170.92635,"Ashburton Lakes",2066,NA,0,"Canterbury",1010,9.7,7.2,NA
"20861","20190113:0000",-43.50495,170.92635,"Ashburton Lakes",2066,NA,0,"Canterbury",1010,49.3,6.75,NA
"20862","20190114:0000",-43.50495,170.92635,"Ashburton Lakes",2066,NA,0,"Canterbury",1010,22.3,3.4,NA
"20863","20190115:0000",-43.50495,170.92635,"Ashburton Lakes",2066,NA,0,"Canterbury",1010,13.7,6.15,NA
"20864","20190116:0000",-43.50495,170.92635,"Ashburton Lakes",2066,NA,0,"Canterbury",1010,3.6,10.55,NA
"20865","20190117:0000",-43.50495,170.92635,"Ashburton Lakes",2066,NA,0,"Canterbury",1010,7.6,14.7,NA
"20866","20190118:0000",-43.50495,170.92635,"Ashburton Lakes",2066,NA,0,"Canterbury",1010,14.4,11.6,NA
"20867","20190119:0000",-43.50495,170.92635,"Ashburton Lakes",2066,NA,0,"Canterbury",1010,38.5,10.5,NA
"20868","20190120:0000",-43.50495,170.92635,"Ashburton Lakes",2066,NA,0,"Canterbury",1010,45,2.65,NA
"20869","20190121:0000",-43.50495,170.92635,"Ashburton Lakes",2066,NA,0,"Canterbury",1010,44.6,5,NA
"20870","20190122:0000",-43.50495,170.92635,"Ashburton Lakes",2066,NA,0,"Canterbury",1010,30.2,6.3,NA
"20871","20190123:0000",-43.50495,170.92635,"Ashburton Lakes",2066,NA,0,"Canterbury",1010,43.2,7.65,NA
"20872","20190124:0000",-43.50495,170.92635,"Ashburton Lakes",2066,NA,0,"Canterbury",1010,5.4,3.85,NA
"20873","20190125:0000",-43.50495,170.92635,"Ashburton Lakes",2066,NA,0,"Canterbury",1010,9,7.45,NA
"20874","20190126:0000",-43.50495,170.92635,"Ashburton Lakes",2066,NA,0,"Canterbury",1010,18,10.55,NA
"20875","20190127:0000",-43.50495,170.92635,"Ashburton Lakes",2066,NA,0,"Canterbury",1010,40,12.25,NA
"20876","20190128:0000",-43.50495,170.92635,"Ashburton Lakes",2066,NA,0,"Canterbury",1010,24.5,14.15,NA
"20877","20190129:0000",-43.50495,170.92635,"Ashburton Lakes",2066,NA,0,"Canterbury",1010,15.8,15.9,NA
"20878","20190130:0000",-43.50495,170.92635,"Ashburton Lakes",2066,NA,0,"Canterbury",1010,14,16.8,NA
"20879","20190131:0000",-43.50495,170.92635,"Ashburton Lakes",2066,NA,0,"Canterbury",1010,9.7,18.45,NA
"20880","20190201:0000",-43.50495,170.92635,"Ashburton Lakes",2066,NA,0,"Canterbury",1010,86.4,8.7,NA
"20881","20190202:0000",-43.50495,170.92635,"Ashburton Lakes",2066,NA,0,"Canterbury",1010,7.2,5.6,NA
"20882","20190203:0000",-43.50495,170.92635,"Ashburton Lakes",2066,NA,0,"Canterbury",1010,5.4,8.2,NA
"20883","20190204:0000",-43.50495,170.92635,"Ashburton Lakes",2066,NA,0,"Canterbury",1010,26.6,13.8,NA
"20884","20190205:0000",-43.50495,170.92635,"Ashburton Lakes",2066,NA,0,"Canterbury",1010,18.7,10,NA
"20885","20190206:0000",-43.50495,170.92635,"Ashburton Lakes",2066,NA,0,"Canterbury",1010,6.5,2.25,NA
"20886","20190207:0000",-43.50495,170.92635,"Ashburton Lakes",2066,NA,0,"Canterbury",1010,5,4.1,NA
"20887","20190208:0000",-43.50495,170.92635,"Ashburton Lakes",2066,NA,0,"Canterbury",1010,7.2,7.35,NA
"20888","20190209:0000",-43.50495,170.92635,"Ashburton Lakes",2066,NA,0,"Canterbury",1010,20.9,8.25,NA
"20889","20190210:0000",-43.50495,170.92635,"Ashburton Lakes",2066,NA,0,"Canterbury",1010,19.8,8.65,NA
"20890","20190211:0000",-43.50495,170.92635,"Ashburton Lakes",2066,NA,0,"Canterbury",1010,13,11.1,NA
"20891","20190212:0000",-43.50495,170.92635,"Ashburton Lakes",2066,NA,0,"Canterbury",1010,33.1,9.45,NA
"20892","20190213:0000",-43.50495,170.92635,"Ashburton Lakes",2066,NA,0,"Canterbury",1010,5,11.7,NA
"20893","20190214:0000",-43.50495,170.92635,"Ashburton Lakes",2066,NA,0,"Canterbury",1010,59,9.3,NA
"20894","20190215:0000",-43.50495,170.92635,"Ashburton Lakes",2066,NA,0,"Canterbury",1010,14,7,NA
"20895","20190216:0000",-43.50495,170.92635,"Ashburton Lakes",2066,NA,0,"Canterbury",1010,7.6,5.3,NA
"20896","20190217:0000",-43.50495,170.92635,"Ashburton Lakes",2066,NA,0,"Canterbury",1010,9.4,6.85,NA
"20897","20190218:0000",-43.50495,170.92635,"Ashburton Lakes",2066,NA,0,"Canterbury",1010,12.2,9.2,NA
"20898","20190219:0000",-43.50495,170.92635,"Ashburton Lakes",2066,NA,0,"Canterbury",1010,40.3,7.9,NA
"20899","20190220:0000",-43.50495,170.92635,"Ashburton Lakes",2066,NA,0,"Canterbury",1010,35.6,8.55,NA
"20900","20190221:0000",-43.50495,170.92635,"Ashburton Lakes",2066,NA,0,"Canterbury",1010,34.6,7.9,NA
"20901","20190222:0000",-43.50495,170.92635,"Ashburton Lakes",2066,NA,0,"Canterbury",1010,46.4,7.15,NA
"20902","20190223:0000",-43.50495,170.92635,"Ashburton Lakes",2066,NA,0,"Canterbury",1010,4.7,1.55,NA
"20903","20190224:0000",-43.50495,170.92635,"Ashburton Lakes",2066,NA,0,"Canterbury",1010,29.2,-3.05,NA
"20904","20190225:0000",-43.50495,170.92635,"Ashburton Lakes",2066,NA,0,"Canterbury",1010,29.2,1.85,NA
"20905","20190226:0000",-43.50495,170.92635,"Ashburton Lakes",2066,NA,0,"Canterbury",1010,10.8,4.85,NA
"20906","20190227:0000",-43.50495,170.92635,"Ashburton Lakes",2066,NA,0,"Canterbury",1010,51.1,3.05,NA
"20907","20190228:0000",-43.50495,170.92635,"Ashburton Lakes",2066,NA,0,"Canterbury",1010,13.7,-0.8,NA
"20908","20190301:0000",-43.50495,170.92635,"Ashburton Lakes",2066,NA,0,"Canterbury",1010,13,2.6,NA
"20909","20190302:0000",-43.50495,170.92635,"Ashburton Lakes",2066,NA,0,"Canterbury",1010,9,7.75,NA
"20910","20190303:0000",-43.50495,170.92635,"Ashburton Lakes",2066,NA,0,"Canterbury",1010,5.4,10.65,NA
"20911","20190304:0000",-43.50495,170.92635,"Ashburton Lakes",2066,NA,0,"Canterbury",1010,15.5,11.25,NA
"20912","20190305:0000",-43.50495,170.92635,"Ashburton Lakes",2066,NA,0,"Canterbury",1010,9.4,13.15,NA
"20913","20190306:0000",-43.50495,170.92635,"Ashburton Lakes",2066,NA,0,"Canterbury",1010,7.2,13.5,NA
"20914","20190307:0000",-43.50495,170.92635,"Ashburton Lakes",2066,NA,0,"Canterbury",1010,50.4,5.2,NA
"20915","20190308:0000",-43.50495,170.92635,"Ashburton Lakes",2066,NA,0,"Canterbury",1010,22,2.75,NA
"20916","20190309:0000",-43.50495,170.92635,"Ashburton Lakes",2066,NA,0,"Canterbury",1010,9,3.4,NA
"20917","20190310:0000",-43.50495,170.92635,"Ashburton Lakes",2066,NA,0,"Canterbury",1010,10.8,3.2,NA
"20918","20190311:0000",-43.50495,170.92635,"Ashburton Lakes",2066,NA,0,"Canterbury",1010,22.3,5.1,NA
"20919","20190312:0000",-43.50495,170.92635,"Ashburton Lakes",2066,NA,0,"Canterbury",1010,23,7.95,NA
"20920","20190313:0000",-43.50495,170.92635,"Ashburton Lakes",2066,NA,0,"Canterbury",1010,23,8.15,NA
"20921","20190314:0000",-43.50495,170.92635,"Ashburton Lakes",2066,NA,0,"Canterbury",1010,21.2,4.6,NA
"20922","20190315:0000",-43.50495,170.92635,"Ashburton Lakes",2066,NA,0,"Canterbury",1010,27,6.5,NA
"20923","20190316:0000",-43.50495,170.92635,"Ashburton Lakes",2066,NA,0,"Canterbury",1010,20.9,8.5,NA
"20924","20190317:0000",-43.50495,170.92635,"Ashburton Lakes",2066,NA,0,"Canterbury",1010,10.4,9.55,NA
"20925","20190318:0000",-43.50495,170.92635,"Ashburton Lakes",2066,NA,0,"Canterbury",1010,4.3,9.7,NA
"20926","20190319:0000",-43.50495,170.92635,"Ashburton Lakes",2066,NA,0,"Canterbury",1010,4,9.85,NA
"20927","20190320:0000",-43.50495,170.92635,"Ashburton Lakes",2066,NA,0,"Canterbury",1010,4.7,9.1,NA
"20928","20190321:0000",-43.50495,170.92635,"Ashburton Lakes",2066,NA,0,"Canterbury",1010,3.6,10.55,NA
"20929","20190322:0000",-43.50495,170.92635,"Ashburton Lakes",2066,NA,0,"Canterbury",1010,12.2,11.1,NA
"20930","20190323:0000",-43.50495,170.92635,"Ashburton Lakes",2066,NA,0,"Canterbury",1010,13,11.05,NA
"20931","20190324:0000",-43.50495,170.92635,"Ashburton Lakes",2066,NA,0,"Canterbury",1010,25.2,11.4,NA
"20932","20190325:0000",-43.50495,170.92635,"Ashburton Lakes",2066,NA,0,"Canterbury",1010,42.1,8.65,NA
"20933","20190326:0000",-43.50495,170.92635,"Ashburton Lakes",2066,NA,0,"Canterbury",1010,73.4,9.1,NA
"20934","20190327:0000",-43.50495,170.92635,"Ashburton Lakes",2066,NA,0,"Canterbury",1010,35.6,4.8,NA
"20935","20190328:0000",-43.50495,170.92635,"Ashburton Lakes",2066,NA,0,"Canterbury",1010,12.2,5.5,NA
"20936","20190329:0000",-43.50495,170.92635,"Ashburton Lakes",2066,NA,0,"Canterbury",1010,17.6,7.8,NA
"20937","20190330:0000",-43.50495,170.92635,"Ashburton Lakes",2066,NA,0,"Canterbury",1010,13,8,NA
"20938","20190331:0000",-43.50495,170.92635,"Ashburton Lakes",2066,NA,0,"Canterbury",1010,29.9,6.65,NA
"20939","20190401:0000",-43.50495,170.92635,"Ashburton Lakes",2066,NA,0,"Canterbury",1010,49,4.3,NA
"20940","20190402:0000",-43.50495,170.92635,"Ashburton Lakes",2066,NA,0,"Canterbury",1010,8.6,-0.8,NA
"20941","20190403:0000",-43.50495,170.92635,"Ashburton Lakes",2066,NA,0,"Canterbury",1010,13.7,1.5,NA
"20942","20190404:0000",-43.50495,170.92635,"Ashburton Lakes",2066,NA,0,"Canterbury",1010,11.2,5.85,NA
"20943","20190405:0000",-43.50495,170.92635,"Ashburton Lakes",2066,NA,0,"Canterbury",1010,43.2,-4.95,NA
"20944","20190406:0000",-43.50495,170.92635,"Ashburton Lakes",2066,NA,0,"Canterbury",1010,43.2,-4.65,NA
"20945","20190407:0000",-43.50495,170.92635,"Ashburton Lakes",2066,NA,0,"Canterbury",1010,4.3,-0.8,NA
"20946","20190408:0000",-43.50495,170.92635,"Ashburton Lakes",2066,NA,0,"Canterbury",1010,13.7,3.1,NA
"20947","20190409:0000",-43.50495,170.92635,"Ashburton Lakes",2066,NA,0,"Canterbury",1010,7.6,6.75,NA
"20948","20190410:0000",-43.50495,170.92635,"Ashburton Lakes",2066,NA,0,"Canterbury",1010,51.5,5.35,NA
"20949","20190411:0000",-43.50495,170.92635,"Ashburton Lakes",2066,NA,0,"Canterbury",1010,5,2.3,NA
"20950","20190412:0000",-43.50495,170.92635,"Ashburton Lakes",2066,NA,0,"Canterbury",1010,38.2,0,NA
"20951","20190413:0000",-43.50495,170.92635,"Ashburton Lakes",2066,NA,0,"Canterbury",1010,14,0.3,NA
"20952","20190414:0000",-43.50495,170.92635,"Ashburton Lakes",2066,NA,0,"Canterbury",1010,16.6,1.75,NA
"20953","20190415:0000",-43.50495,170.92635,"Ashburton Lakes",2066,NA,0,"Canterbury",1010,17.6,1.55,NA
"20954","20190416:0000",-43.50495,170.92635,"Ashburton Lakes",2066,NA,0,"Canterbury",1010,13,4.6,NA
"20955","20190417:0000",-43.50495,170.92635,"Ashburton Lakes",2066,NA,0,"Canterbury",1010,7.9,NA,NA
"20956","20190418:0000",-43.50495,170.92635,"Ashburton Lakes",2066,NA,0,"Canterbury",1010,1.8,NA,NA
"20957","20190419:0000",-43.50495,170.92635,"Ashburton Lakes",2066,NA,0,"Canterbury",1010,38.5,7.2,NA
"20958","20190420:0000",-43.50495,170.92635,"Ashburton Lakes",2066,NA,0,"Canterbury",1010,46.1,2.2,NA
"20959","20190421:0000",-43.50495,170.92635,"Ashburton Lakes",2066,NA,0,"Canterbury",1010,38.9,-2,NA
"20960","20190422:0000",-43.50495,170.92635,"Ashburton Lakes",2066,NA,0,"Canterbury",1010,38.9,2.3,NA
"20961","20190423:0000",-43.50495,170.92635,"Ashburton Lakes",2066,NA,0,"Canterbury",1010,15.1,4.6,NA
"20962","20190424:0000",-43.50495,170.92635,"Ashburton Lakes",2066,NA,0,"Canterbury",1010,7.6,9.25,NA
"20963","20190425:0000",-43.50495,170.92635,"Ashburton Lakes",2066,NA,0,"Canterbury",1010,17.3,4.8,NA
"20964","20190426:0000",-43.50495,170.92635,"Ashburton Lakes",2066,NA,0,"Canterbury",1010,12.2,4.45,NA
"20965","20190427:0000",-43.50495,170.92635,"Ashburton Lakes",2066,NA,0,"Canterbury",1010,95.4,3.7,NA
"20966","20190428:0000",-43.50495,170.92635,"Ashburton Lakes",2066,NA,0,"Canterbury",1010,28.4,-1.4,NA
"20967","20190429:0000",-43.50495,170.92635,"Ashburton Lakes",2066,NA,0,"Canterbury",1010,20.2,-2.9,NA
"20968","20190430:0000",-43.50495,170.92635,"Ashburton Lakes",2066,NA,0,"Canterbury",1010,8.6,-2.6,NA
"20969",NA,-43.9207,171.4856,"Lismore",757,NA,0,"Canterbury",1010,NA,NA,NA
"20970","20180101:0000",-44.12476,171.31075,"Orton",1140,NA,0,"Canterbury",1010,2.9,15.7,NA
"20971","20180102:0000",-44.12476,171.31075,"Orton",1140,NA,0,"Canterbury",1010,3.6,16.95,NA
"20972","20180103:0000",-44.12476,171.31075,"Orton",1140,NA,0,"Canterbury",1010,4.7,18.85,NA
"20973","20180104:0000",-44.12476,171.31075,"Orton",1140,NA,0,"Canterbury",1010,7.2,18.75,NA
"20974","20180105:0000",-44.12476,171.31075,"Orton",1140,NA,0,"Canterbury",1010,11.2,15.2,NA
"20975","20180106:0000",-44.12476,171.31075,"Orton",1140,NA,0,"Canterbury",1010,13,14.15,NA
"20976","20180107:0000",-44.12476,171.31075,"Orton",1140,NA,0,"Canterbury",1010,2.9,12.7,NA
"20977","20180108:0000",-44.12476,171.31075,"Orton",1140,NA,0,"Canterbury",1010,4.3,15.75,NA
"20978","20180109:0000",-44.12476,171.31075,"Orton",1140,NA,0,"Canterbury",1010,6.8,16.15,NA
"20979","20180110:0000",-44.12476,171.31075,"Orton",1140,NA,0,"Canterbury",1010,5,15.45,NA
"20980","20180111:0000",-44.12476,171.31075,"Orton",1140,NA,0,"Canterbury",1010,2.5,12.65,NA
"20981","20180112:0000",-44.12476,171.31075,"Orton",1140,NA,0,"Canterbury",1010,12.2,14.2,NA
"20982","20180113:0000",-44.12476,171.31075,"Orton",1140,NA,0,"Canterbury",1010,5.8,16.65,NA
"20983","20180114:0000",-44.12476,171.31075,"Orton",1140,NA,0,"Canterbury",1010,3.6,18.7,NA
"20984","20180115:0000",-44.12476,171.31075,"Orton",1140,NA,0,"Canterbury",1010,3.2,21.6,NA
"20985","20180116:0000",-44.12476,171.31075,"Orton",1140,NA,0,"Canterbury",1010,3.6,24.3,NA
"20986","20180117:0000",-44.12476,171.31075,"Orton",1140,NA,0,"Canterbury",1010,5.8,22.15,NA
"20987","20180118:0000",-44.12476,171.31075,"Orton",1140,NA,0,"Canterbury",1010,5.8,19.85,NA
"20988","20180119:0000",-44.12476,171.31075,"Orton",1140,NA,0,"Canterbury",1010,6.5,20.1,NA
"20989","20180120:0000",-44.12476,171.31075,"Orton",1140,NA,0,"Canterbury",1010,2.9,20.15,NA
"20990","20180121:0000",-44.12476,171.31075,"Orton",1140,NA,0,"Canterbury",1010,5,18.5,NA
"20991","20180122:0000",-44.12476,171.31075,"Orton",1140,NA,0,"Canterbury",1010,3.2,20,NA
"20992","20180123:0000",-44.12476,171.31075,"Orton",1140,NA,0,"Canterbury",1010,8.3,24.05,NA
"20993","20180124:0000",-44.12476,171.31075,"Orton",1140,NA,0,"Canterbury",1010,6.8,21.8,NA
"20994","20180125:0000",-44.12476,171.31075,"Orton",1140,NA,0,"Canterbury",1010,6.1,22.15,NA
"20995","20180126:0000",-44.12476,171.31075,"Orton",1140,NA,0,"Canterbury",1010,3.6,18.8,NA
"20996","20180127:0000",-44.12476,171.31075,"Orton",1140,NA,0,"Canterbury",1010,2.5,20.25,NA
"20997","20180128:0000",-44.12476,171.31075,"Orton",1140,NA,0,"Canterbury",1010,2.9,20.45,NA
"20998","20180129:0000",-44.12476,171.31075,"Orton",1140,NA,0,"Canterbury",1010,0.7,NA,NA
"20999","20180130:0000",-44.12476,171.31075,"Orton",1140,NA,0,"Canterbury",1010,NA,NA,NA
"21000","20180131:0000",-44.12476,171.31075,"Orton",1140,NA,0,"Canterbury",1010,NA,NA,NA
"21001","20180201:0000",-44.12476,171.31075,"Orton",1140,NA,0,"Canterbury",1010,7.6,NA,NA
"21002","20180202:0000",-44.12476,171.31075,"Orton",1140,NA,0,"Canterbury",1010,3.2,12.85,NA
"21003","20180203:0000",-44.12476,171.31075,"Orton",1140,NA,0,"Canterbury",1010,1.4,13.15,NA
"21004","20180204:0000",-44.12476,171.31075,"Orton",1140,NA,0,"Canterbury",1010,4.7,14.7,NA
"21005","20180205:0000",-44.12476,171.31075,"Orton",1140,NA,0,"Canterbury",1010,4.7,17.9,NA
"21006","20180206:0000",-44.12476,171.31075,"Orton",1140,NA,0,"Canterbury",1010,8.6,13.4,NA
"21007","20180207:0000",-44.12476,171.31075,"Orton",1140,NA,0,"Canterbury",1010,5.4,13.95,NA
"21008","20180208:0000",-44.12476,171.31075,"Orton",1140,NA,0,"Canterbury",1010,2.2,15.35,NA
"21009","20180209:0000",-44.12476,171.31075,"Orton",1140,NA,0,"Canterbury",1010,2.2,15.35,NA
"21010","20180210:0000",-44.12476,171.31075,"Orton",1140,NA,0,"Canterbury",1010,4,17.15,NA
"21011","20180211:0000",-44.12476,171.31075,"Orton",1140,NA,0,"Canterbury",1010,4.7,18.8,NA
"21012","20180212:0000",-44.12476,171.31075,"Orton",1140,NA,0,"Canterbury",1010,2.9,19.95,NA
"21013","20180213:0000",-44.12476,171.31075,"Orton",1140,NA,0,"Canterbury",1010,2.9,18.95,NA
"21014","20180214:0000",-44.12476,171.31075,"Orton",1140,NA,0,"Canterbury",1010,9.4,16.7,NA
"21015","20180215:0000",-44.12476,171.31075,"Orton",1140,NA,0,"Canterbury",1010,6.8,19.1,NA
"21016","20180216:0000",-44.12476,171.31075,"Orton",1140,NA,0,"Canterbury",1010,2.5,18.3,NA
"21017","20180217:0000",-44.12476,171.31075,"Orton",1140,NA,0,"Canterbury",1010,5.8,17.75,NA
"21018","20180218:0000",-44.12476,171.31075,"Orton",1140,NA,0,"Canterbury",1010,2.9,16.8,NA
"21019","20180219:0000",-44.12476,171.31075,"Orton",1140,NA,0,"Canterbury",1010,11.9,13.7,NA
"21020","20180220:0000",-44.12476,171.31075,"Orton",1140,NA,0,"Canterbury",1010,6.5,11.65,NA
"21021","20180221:0000",-44.12476,171.31075,"Orton",1140,NA,0,"Canterbury",1010,11.5,10.95,NA
"21022","20180222:0000",-44.12476,171.31075,"Orton",1140,NA,0,"Canterbury",1010,2.5,13,NA
"21023","20180223:0000",-44.12476,171.31075,"Orton",1140,NA,0,"Canterbury",1010,2.2,13.95,NA
"21024","20180224:0000",-44.12476,171.31075,"Orton",1140,NA,0,"Canterbury",1010,3.2,15.65,NA
"21025","20180225:0000",-44.12476,171.31075,"Orton",1140,NA,0,"Canterbury",1010,2.2,18.95,NA
"21026","20180226:0000",-44.12476,171.31075,"Orton",1140,NA,0,"Canterbury",1010,4.3,NA,NA
"21027","20180227:0000",-44.12476,171.31075,"Orton",1140,NA,0,"Canterbury",1010,2.5,NA,NA
"21028","20180228:0000",-44.12476,171.31075,"Orton",1140,NA,0,"Canterbury",1010,1.8,16.2,NA
"21029","20180301:0000",-44.12476,171.31075,"Orton",1140,NA,0,"Canterbury",1010,1.4,18.15,NA
"21030","20180302:0000",-44.12476,171.31075,"Orton",1140,NA,0,"Canterbury",1010,1.4,20,NA
"21031","20180303:0000",-44.12476,171.31075,"Orton",1140,NA,0,"Canterbury",1010,1.8,18.8,NA
"21032","20180304:0000",-44.12476,171.31075,"Orton",1140,NA,0,"Canterbury",1010,2.2,21.65,NA
"21033","20180305:0000",-44.12476,171.31075,"Orton",1140,NA,0,"Canterbury",1010,4.3,17.45,NA
"21034","20180306:0000",-44.12476,171.31075,"Orton",1140,NA,0,"Canterbury",1010,12.2,14.1,NA
"21035","20180307:0000",-44.12476,171.31075,"Orton",1140,NA,0,"Canterbury",1010,3.2,12.8,NA
"21036","20180308:0000",-44.12476,171.31075,"Orton",1140,NA,0,"Canterbury",1010,1.8,13.35,NA
"21037","20180309:0000",-44.12476,171.31075,"Orton",1140,NA,0,"Canterbury",1010,14,12.4,NA
"21038","20180310:0000",-44.12476,171.31075,"Orton",1140,NA,0,"Canterbury",1010,3.6,13.4,NA
"21039","20180311:0000",-44.12476,171.31075,"Orton",1140,NA,0,"Canterbury",1010,1.4,14.45,NA
"21040","20180312:0000",-44.12476,171.31075,"Orton",1140,NA,0,"Canterbury",1010,1.8,16.95,NA
"21041","20180313:0000",-44.12476,171.31075,"Orton",1140,NA,0,"Canterbury",1010,2.5,12.65,NA
"21042","20180314:0000",-44.12476,171.31075,"Orton",1140,NA,0,"Canterbury",1010,2.9,12.55,NA
"21043","20180315:0000",-44.12476,171.31075,"Orton",1140,NA,0,"Canterbury",1010,2.5,16.85,NA
"21044","20180316:0000",-44.12476,171.31075,"Orton",1140,NA,0,"Canterbury",1010,13.3,12.6,NA
"21045","20180317:0000",-44.12476,171.31075,"Orton",1140,NA,0,"Canterbury",1010,7.9,11.65,NA
"21046","20180318:0000",-44.12476,171.31075,"Orton",1140,NA,0,"Canterbury",1010,2.5,14.65,NA
"21047","20180319:0000",-44.12476,171.31075,"Orton",1140,NA,0,"Canterbury",1010,2.2,16.15,NA
"21048","20180320:0000",-44.12476,171.31075,"Orton",1140,NA,0,"Canterbury",1010,1.8,19.6,NA
"21049","20180321:0000",-44.12476,171.31075,"Orton",1140,NA,0,"Canterbury",1010,4.3,16.1,NA
"21050","20180322:0000",-44.12476,171.31075,"Orton",1140,NA,0,"Canterbury",1010,6.5,9.7,NA
"21051","20180323:0000",-44.12476,171.31075,"Orton",1140,NA,0,"Canterbury",1010,3.2,10.2,NA
"21052","20180324:0000",-44.12476,171.31075,"Orton",1140,NA,0,"Canterbury",1010,1.4,13,NA
"21053","20180325:0000",-44.12476,171.31075,"Orton",1140,NA,0,"Canterbury",1010,1.8,12.6,NA
"21054","20180326:0000",-44.12476,171.31075,"Orton",1140,NA,0,"Canterbury",1010,2.5,16.45,NA
"21055","20180327:0000",-44.12476,171.31075,"Orton",1140,NA,0,"Canterbury",1010,23,18.15,NA
"21056","20180328:0000",-44.12476,171.31075,"Orton",1140,NA,0,"Canterbury",1010,2.9,15.4,NA
"21057","20180329:0000",-44.12476,171.31075,"Orton",1140,NA,0,"Canterbury",1010,4.3,15.2,NA
"21058","20180330:0000",-44.12476,171.31075,"Orton",1140,NA,0,"Canterbury",1010,1.4,14.8,NA
"21059","20180331:0000",-44.12476,171.31075,"Orton",1140,NA,0,"Canterbury",1010,3.6,17.15,NA
"21060","20180401:0000",-44.12476,171.31075,"Orton",1140,NA,0,"Canterbury",1010,3.6,10.45,NA
"21061","20180402:0000",-44.12476,171.31075,"Orton",1140,NA,0,"Canterbury",1010,3.2,13.6,NA
"21062","20180403:0000",-44.12476,171.31075,"Orton",1140,NA,0,"Canterbury",1010,3.2,15.45,NA
"21063","20180404:0000",-44.12476,171.31075,"Orton",1140,NA,0,"Canterbury",1010,13.3,16.15,NA
"21064","20180405:0000",-44.12476,171.31075,"Orton",1140,NA,0,"Canterbury",1010,9,15.9,NA
"21065","20180406:0000",-44.12476,171.31075,"Orton",1140,NA,0,"Canterbury",1010,5.4,16.65,NA
"21066","20180407:0000",-44.12476,171.31075,"Orton",1140,NA,0,"Canterbury",1010,4.7,12.05,NA
"21067","20180408:0000",-44.12476,171.31075,"Orton",1140,NA,0,"Canterbury",1010,6.5,12.1,NA
"21068","20180409:0000",-44.12476,171.31075,"Orton",1140,NA,0,"Canterbury",1010,10.4,9.45,NA
"21069","20180410:0000",-44.12476,171.31075,"Orton",1140,NA,0,"Canterbury",1010,6.1,7.05,NA
"21070","20180411:0000",-44.12476,171.31075,"Orton",1140,NA,0,"Canterbury",1010,7.2,7.75,NA
"21071","20180412:0000",-44.12476,171.31075,"Orton",1140,NA,0,"Canterbury",1010,3.6,5.65,NA
"21072","20180413:0000",-44.12476,171.31075,"Orton",1140,NA,0,"Canterbury",1010,3.6,8.5,NA
"21073","20180414:0000",-44.12476,171.31075,"Orton",1140,NA,0,"Canterbury",1010,2.9,7.4,NA
"21074","20180415:0000",-44.12476,171.31075,"Orton",1140,NA,0,"Canterbury",1010,2.2,7.75,NA
"21075","20180416:0000",-44.12476,171.31075,"Orton",1140,NA,0,"Canterbury",1010,21.6,13.1,NA
"21076","20180417:0000",-44.12476,171.31075,"Orton",1140,NA,0,"Canterbury",1010,2.9,11.6,NA
"21077","20180418:0000",-44.12476,171.31075,"Orton",1140,NA,0,"Canterbury",1010,3.2,8.95,NA
"21078","20180419:0000",-44.12476,171.31075,"Orton",1140,NA,0,"Canterbury",1010,4.3,12.75,NA
"21079","20180420:0000",-44.12476,171.31075,"Orton",1140,NA,0,"Canterbury",1010,4.3,15.05,NA
"21080","20180421:0000",-44.12476,171.31075,"Orton",1140,NA,0,"Canterbury",1010,6.5,11.5,NA
"21081","20180422:0000",-44.12476,171.31075,"Orton",1140,NA,0,"Canterbury",1010,4.7,7.6,NA
"21082","20180423:0000",-44.12476,171.31075,"Orton",1140,NA,0,"Canterbury",1010,2.2,9.5,NA
"21083","20180424:0000",-44.12476,171.31075,"Orton",1140,NA,0,"Canterbury",1010,3.6,12.15,NA
"21084","20180425:0000",-44.12476,171.31075,"Orton",1140,NA,0,"Canterbury",1010,5,11.1,NA
"21085","20180426:0000",-44.12476,171.31075,"Orton",1140,NA,0,"Canterbury",1010,2.5,13.55,NA
"21086","20180427:0000",-44.12476,171.31075,"Orton",1140,NA,0,"Canterbury",1010,4.3,8.6,NA
"21087","20180428:0000",-44.12476,171.31075,"Orton",1140,NA,0,"Canterbury",1010,8.3,10.35,NA
"21088","20180429:0000",-44.12476,171.31075,"Orton",1140,NA,0,"Canterbury",1010,5.8,9.3,NA
"21089","20180430:0000",-44.12476,171.31075,"Orton",1140,NA,0,"Canterbury",1010,2.5,9.55,NA
"21090","20180501:0000",-44.12476,171.31075,"Orton",1140,NA,0,"Canterbury",1010,6.8,11.15,NA
"21091","20180502:0000",-44.12476,171.31075,"Orton",1140,NA,0,"Canterbury",1010,2.2,11.75,NA
"21092","20180503:0000",-44.12476,171.31075,"Orton",1140,NA,0,"Canterbury",1010,2.2,9.4,NA
"21093","20180504:0000",-44.12476,171.31075,"Orton",1140,NA,0,"Canterbury",1010,2.5,9.35,NA
"21094","20180505:0000",-44.12476,171.31075,"Orton",1140,NA,0,"Canterbury",1010,2.5,11.65,NA
"21095","20180506:0000",-44.12476,171.31075,"Orton",1140,NA,0,"Canterbury",1010,3.2,12.25,NA
"21096","20180507:0000",-44.12476,171.31075,"Orton",1140,NA,0,"Canterbury",1010,3.6,12.25,NA
"21097","20180508:0000",-44.12476,171.31075,"Orton",1140,NA,0,"Canterbury",1010,12.2,14.1,NA
"21098","20180509:0000",-44.12476,171.31075,"Orton",1140,NA,0,"Canterbury",1010,3.2,12.8,NA
"21099","20180510:0000",-44.12476,171.31075,"Orton",1140,NA,0,"Canterbury",1010,2.5,10.3,NA
"21100","20180511:0000",-44.12476,171.31075,"Orton",1140,NA,0,"Canterbury",1010,3.2,11.05,NA
"21101","20180512:0000",-44.12476,171.31075,"Orton",1140,NA,0,"Canterbury",1010,10.4,9.95,NA
"21102","20180513:0000",-44.12476,171.31075,"Orton",1140,NA,0,"Canterbury",1010,1.8,6.65,NA
"21103","20180514:0000",-44.12476,171.31075,"Orton",1140,NA,0,"Canterbury",1010,4.7,7.2,NA
"21104","20180515:0000",-44.12476,171.31075,"Orton",1140,NA,0,"Canterbury",1010,1.4,8.7,NA
"21105","20180516:0000",-44.12476,171.31075,"Orton",1140,NA,0,"Canterbury",1010,2.2,6.55,NA
"21106","20180517:0000",-44.12476,171.31075,"Orton",1140,NA,0,"Canterbury",1010,2.9,8.15,NA
"21107","20180518:0000",-44.12476,171.31075,"Orton",1140,NA,0,"Canterbury",1010,3.6,8.7,NA
"21108","20180519:0000",-44.12476,171.31075,"Orton",1140,NA,0,"Canterbury",1010,5.4,9.5,NA
"21109","20180520:0000",-44.12476,171.31075,"Orton",1140,NA,0,"Canterbury",1010,14.4,10.85,NA
"21110","20180521:0000",-44.12476,171.31075,"Orton",1140,NA,0,"Canterbury",1010,4,8.1,NA
"21111","20180522:0000",-44.12476,171.31075,"Orton",1140,NA,0,"Canterbury",1010,4.7,7.75,NA
"21112","20180523:0000",-44.12476,171.31075,"Orton",1140,NA,0,"Canterbury",1010,2.5,7.1,NA
"21113","20180524:0000",-44.12476,171.31075,"Orton",1140,NA,0,"Canterbury",1010,5,6.4,NA
"21114","20180525:0000",-44.12476,171.31075,"Orton",1140,NA,0,"Canterbury",1010,4.3,5.1,NA
"21115","20180526:0000",-44.12476,171.31075,"Orton",1140,NA,0,"Canterbury",1010,3.2,5.4,NA
"21116","20180527:0000",-44.12476,171.31075,"Orton",1140,NA,0,"Canterbury",1010,2.2,6.9,NA
"21117","20180528:0000",-44.12476,171.31075,"Orton",1140,NA,0,"Canterbury",1010,5,6.05,NA
"21118","20180529:0000",-44.12476,171.31075,"Orton",1140,NA,0,"Canterbury",1010,3.6,4.55,NA
"21119","20180530:0000",-44.12476,171.31075,"Orton",1140,NA,0,"Canterbury",1010,1.4,3.75,NA
"21120","20180531:0000",-44.12476,171.31075,"Orton",1140,NA,0,"Canterbury",1010,3.2,4.75,NA
"21121","20180601:0000",-44.12476,171.31075,"Orton",1140,NA,0,"Canterbury",1010,1.8,4.15,NA
"21122","20180602:0000",-44.12476,171.31075,"Orton",1140,NA,0,"Canterbury",1010,2.2,4.75,NA
"21123","20180603:0000",-44.12476,171.31075,"Orton",1140,NA,0,"Canterbury",1010,2.2,4.15,NA
"21124","20180604:0000",-44.12476,171.31075,"Orton",1140,NA,0,"Canterbury",1010,1.4,6.85,NA
"21125","20180605:0000",-44.12476,171.31075,"Orton",1140,NA,0,"Canterbury",1010,2.5,7.8,NA
"21126","20180606:0000",-44.12476,171.31075,"Orton",1140,NA,0,"Canterbury",1010,3.6,5.2,NA
"21127","20180607:0000",-44.12476,171.31075,"Orton",1140,NA,0,"Canterbury",1010,3.2,10.2,NA
"21128","20180608:0000",-44.12476,171.31075,"Orton",1140,NA,0,"Canterbury",1010,2.2,6,NA
"21129","20180609:0000",-44.12476,171.31075,"Orton",1140,NA,0,"Canterbury",1010,5.8,7.25,NA
"21130","20180610:0000",-44.12476,171.31075,"Orton",1140,NA,0,"Canterbury",1010,2.9,7.3,NA
"21131","20180611:0000",-44.12476,171.31075,"Orton",1140,NA,0,"Canterbury",1010,2.5,8.15,NA
"21132","20180612:0000",-44.12476,171.31075,"Orton",1140,NA,0,"Canterbury",1010,4.3,6.65,NA
"21133","20180613:0000",-44.12476,171.31075,"Orton",1140,NA,0,"Canterbury",1010,2.9,8.1,NA
"21134","20180614:0000",-44.12476,171.31075,"Orton",1140,NA,0,"Canterbury",1010,1.8,9.35,NA
"21135","20180615:0000",-44.12476,171.31075,"Orton",1140,NA,0,"Canterbury",1010,4,8.95,NA
"21136","20180616:0000",-44.12476,171.31075,"Orton",1140,NA,0,"Canterbury",1010,3.6,6.2,NA
"21137","20180617:0000",-44.12476,171.31075,"Orton",1140,NA,0,"Canterbury",1010,1.1,6.8,NA
"21138","20180618:0000",-44.12476,171.31075,"Orton",1140,NA,0,"Canterbury",1010,2.2,5.7,NA
"21139","20180619:0000",-44.12476,171.31075,"Orton",1140,NA,0,"Canterbury",1010,3.6,8.15,NA
"21140","20180620:0000",-44.12476,171.31075,"Orton",1140,NA,0,"Canterbury",1010,2.2,7.6,NA
"21141","20180621:0000",-44.12476,171.31075,"Orton",1140,NA,0,"Canterbury",1010,3.2,6.15,NA
"21142","20180622:0000",-44.12476,171.31075,"Orton",1140,NA,0,"Canterbury",1010,2.5,2.75,NA
"21143","20180623:0000",-44.12476,171.31075,"Orton",1140,NA,0,"Canterbury",1010,2.9,2.4,NA
"21144","20180624:0000",-44.12476,171.31075,"Orton",1140,NA,0,"Canterbury",1010,5,6.3,NA
"21145","20180625:0000",-44.12476,171.31075,"Orton",1140,NA,0,"Canterbury",1010,5,6.25,NA
"21146","20180626:0000",-44.12476,171.31075,"Orton",1140,NA,0,"Canterbury",1010,1.8,4.8,NA
"21147","20180627:0000",-44.12476,171.31075,"Orton",1140,NA,0,"Canterbury",1010,2.2,7.45,NA
"21148","20180628:0000",-44.12476,171.31075,"Orton",1140,NA,0,"Canterbury",1010,4,8.65,NA
"21149","20180629:0000",-44.12476,171.31075,"Orton",1140,NA,0,"Canterbury",1010,4.3,6.05,NA
"21150","20180630:0000",-44.12476,171.31075,"Orton",1140,NA,0,"Canterbury",1010,4.7,5.05,NA
"21151","20180701:0000",-44.12476,171.31075,"Orton",1140,NA,0,"Canterbury",1010,3.6,6.15,NA
"21152","20180702:0000",-44.12476,171.31075,"Orton",1140,NA,0,"Canterbury",1010,2.5,6.45,NA
"21153","20180703:0000",-44.12476,171.31075,"Orton",1140,NA,0,"Canterbury",1010,3.2,4.75,NA
"21154","20180704:0000",-44.12476,171.31075,"Orton",1140,NA,0,"Canterbury",1010,4,5.55,NA
"21155","20180705:0000",-44.12476,171.31075,"Orton",1140,NA,0,"Canterbury",1010,3.2,4.75,NA
"21156","20180706:0000",-44.12476,171.31075,"Orton",1140,NA,0,"Canterbury",1010,4.3,9.2,NA
"21157","20180707:0000",-44.12476,171.31075,"Orton",1140,NA,0,"Canterbury",1010,26.3,11.85,NA
"21158","20180708:0000",-44.12476,171.31075,"Orton",1140,NA,0,"Canterbury",1010,3.6,7.2,NA
"21159","20180709:0000",-44.12476,171.31075,"Orton",1140,NA,0,"Canterbury",1010,2.5,7.85,NA
"21160","20180710:0000",-44.12476,171.31075,"Orton",1140,NA,0,"Canterbury",1010,4.3,6.95,NA
"21161","20180711:0000",-44.12476,171.31075,"Orton",1140,NA,0,"Canterbury",1010,4.3,6.2,NA
"21162","20180712:0000",-44.12476,171.31075,"Orton",1140,NA,0,"Canterbury",1010,5.8,5.4,NA
"21163","20180713:0000",-44.12476,171.31075,"Orton",1140,NA,0,"Canterbury",1010,2.5,2.65,NA
"21164","20180714:0000",-44.12476,171.31075,"Orton",1140,NA,0,"Canterbury",1010,3.2,4.95,NA
"21165","20180715:0000",-44.12476,171.31075,"Orton",1140,NA,0,"Canterbury",1010,2.2,3.55,NA
"21166","20180716:0000",-44.12476,171.31075,"Orton",1140,NA,0,"Canterbury",1010,1.8,6.7,NA
"21167","20180717:0000",-44.12476,171.31075,"Orton",1140,NA,0,"Canterbury",1010,2.9,8.75,NA
"21168","20180718:0000",-44.12476,171.31075,"Orton",1140,NA,0,"Canterbury",1010,2.9,6.8,NA
"21169","20180719:0000",-44.12476,171.31075,"Orton",1140,NA,0,"Canterbury",1010,2.9,5.15,NA
"21170","20180720:0000",-44.12476,171.31075,"Orton",1140,NA,0,"Canterbury",1010,2.2,5.75,NA
"21171","20180721:0000",-44.12476,171.31075,"Orton",1140,NA,0,"Canterbury",1010,2.9,8.4,NA
"21172","20180722:0000",-44.12476,171.31075,"Orton",1140,NA,0,"Canterbury",1010,12.6,9.05,NA
"21173","20180723:0000",-44.12476,171.31075,"Orton",1140,NA,0,"Canterbury",1010,2.5,6.7,NA
"21174","20180724:0000",-44.12476,171.31075,"Orton",1140,NA,0,"Canterbury",1010,3.6,5.5,NA
"21175","20180725:0000",-44.12476,171.31075,"Orton",1140,NA,0,"Canterbury",1010,4.3,3.7,NA
"21176","20180726:0000",-44.12476,171.31075,"Orton",1140,NA,0,"Canterbury",1010,2.5,4.8,NA
"21177","20180727:0000",-44.12476,171.31075,"Orton",1140,NA,0,"Canterbury",1010,5,7.45,NA
"21178","20180728:0000",-44.12476,171.31075,"Orton",1140,NA,0,"Canterbury",1010,5,8.9,NA
"21179","20180729:0000",-44.12476,171.31075,"Orton",1140,NA,0,"Canterbury",1010,3.6,6.6,NA
"21180","20180730:0000",-44.12476,171.31075,"Orton",1140,NA,0,"Canterbury",1010,3.2,5.25,NA
"21181","20180731:0000",-44.12476,171.31075,"Orton",1140,NA,0,"Canterbury",1010,2.9,8.25,NA
"21182","20180801:0000",-44.12476,171.31075,"Orton",1140,NA,0,"Canterbury",1010,3.6,7.85,NA
"21183","20180802:0000",-44.12476,171.31075,"Orton",1140,NA,0,"Canterbury",1010,2.2,6.55,NA
"21184","20180803:0000",-44.12476,171.31075,"Orton",1140,NA,0,"Canterbury",1010,1.4,7.85,NA
"21185","20180804:0000",-44.12476,171.31075,"Orton",1140,NA,0,"Canterbury",1010,1.4,9.2,NA
"21186","20180805:0000",-44.12476,171.31075,"Orton",1140,NA,0,"Canterbury",1010,2.2,8.15,NA
"21187","20180806:0000",-44.12476,171.31075,"Orton",1140,NA,0,"Canterbury",1010,3.6,5.3,NA
"21188","20180807:0000",-44.12476,171.31075,"Orton",1140,NA,0,"Canterbury",1010,2.5,5.9,NA
"21189","20180808:0000",-44.12476,171.31075,"Orton",1140,NA,0,"Canterbury",1010,3.6,6,NA
"21190","20180809:0000",-44.12476,171.31075,"Orton",1140,NA,0,"Canterbury",1010,4.7,8.55,NA
"21191","20180810:0000",-44.12476,171.31075,"Orton",1140,NA,0,"Canterbury",1010,3.6,7.95,NA
"21192","20180811:0000",-44.12476,171.31075,"Orton",1140,NA,0,"Canterbury",1010,3.2,6.95,NA
"21193","20180812:0000",-44.12476,171.31075,"Orton",1140,NA,0,"Canterbury",1010,2.2,4.9,NA
"21194","20180813:0000",-44.12476,171.31075,"Orton",1140,NA,0,"Canterbury",1010,2.2,7.55,NA
"21195","20180814:0000",-44.12476,171.31075,"Orton",1140,NA,0,"Canterbury",1010,2.5,5.95,NA
"21196","20180815:0000",-44.12476,171.31075,"Orton",1140,NA,0,"Canterbury",1010,4,7.7,NA
"21197","20180816:0000",-44.12476,171.31075,"Orton",1140,NA,0,"Canterbury",1010,3.6,10.5,NA
"21198","20180817:0000",-44.12476,171.31075,"Orton",1140,NA,0,"Canterbury",1010,3.6,6.25,NA
"21199","20180818:0000",-44.12476,171.31075,"Orton",1140,NA,0,"Canterbury",1010,4.3,6.4,NA
"21200","20180819:0000",-44.12476,171.31075,"Orton",1140,NA,0,"Canterbury",1010,4,4.1,NA
"21201","20180820:0000",-44.12476,171.31075,"Orton",1140,NA,0,"Canterbury",1010,3.6,4.1,NA
"21202","20180821:0000",-44.12476,171.31075,"Orton",1140,NA,0,"Canterbury",1010,3.2,6.1,NA
"21203","20180822:0000",-44.12476,171.31075,"Orton",1140,NA,0,"Canterbury",1010,3.2,7.85,NA
"21204","20180823:0000",-44.12476,171.31075,"Orton",1140,NA,0,"Canterbury",1010,2.5,6.1,NA
"21205","20180824:0000",-44.12476,171.31075,"Orton",1140,NA,0,"Canterbury",1010,2.5,8.1,NA
"21206","20180825:0000",-44.12476,171.31075,"Orton",1140,NA,0,"Canterbury",1010,3.2,6.3,NA
"21207","20180826:0000",-44.12476,171.31075,"Orton",1140,NA,0,"Canterbury",1010,2.9,7.5,NA
"21208","20180827:0000",-44.12476,171.31075,"Orton",1140,NA,0,"Canterbury",1010,5,9.25,NA
"21209","20180828:0000",-44.12476,171.31075,"Orton",1140,NA,0,"Canterbury",1010,13,6.1,NA
"21210","20180829:0000",-44.12476,171.31075,"Orton",1140,NA,0,"Canterbury",1010,4.7,8.35,NA
"21211","20180830:0000",-44.12476,171.31075,"Orton",1140,NA,0,"Canterbury",1010,3.6,7.05,NA
"21212","20180831:0000",-44.12476,171.31075,"Orton",1140,NA,0,"Canterbury",1010,3.2,6.85,NA
"21213","20180901:0000",-44.12476,171.31075,"Orton",1140,NA,0,"Canterbury",1010,5.4,7.3,NA
"21214","20180902:0000",-44.12476,171.31075,"Orton",1140,NA,0,"Canterbury",1010,2.5,8.25,NA
"21215","20180903:0000",-44.12476,171.31075,"Orton",1140,NA,0,"Canterbury",1010,10.1,8.8,NA
"21216","20180904:0000",-44.12476,171.31075,"Orton",1140,NA,0,"Canterbury",1010,5,7.75,NA
"21217","20180905:0000",-44.12476,171.31075,"Orton",1140,NA,0,"Canterbury",1010,5.4,6.9,NA
"21218","20180906:0000",-44.12476,171.31075,"Orton",1140,NA,0,"Canterbury",1010,4.3,4.8,NA
"21219","20180907:0000",-44.12476,171.31075,"Orton",1140,NA,0,"Canterbury",1010,2.9,4.2,NA
"21220","20180908:0000",-44.12476,171.31075,"Orton",1140,NA,0,"Canterbury",1010,1.4,4.25,NA
"21221","20180909:0000",-44.12476,171.31075,"Orton",1140,NA,0,"Canterbury",1010,8.3,5.75,NA
"21222","20180910:0000",-44.12476,171.31075,"Orton",1140,NA,0,"Canterbury",1010,2.9,6.5,NA
"21223","20180911:0000",-44.12476,171.31075,"Orton",1140,NA,0,"Canterbury",1010,2.9,10.65,NA
"21224","20180912:0000",-44.12476,171.31075,"Orton",1140,NA,0,"Canterbury",1010,7.2,7.5,NA
"21225","20180913:0000",-44.12476,171.31075,"Orton",1140,NA,0,"Canterbury",1010,5,12.8,NA
"21226","20180914:0000",-44.12476,171.31075,"Orton",1140,NA,0,"Canterbury",1010,7.2,11.75,NA
"21227","20180915:0000",-44.12476,171.31075,"Orton",1140,NA,0,"Canterbury",1010,2.9,11.85,NA
"21228","20180916:0000",-44.12476,171.31075,"Orton",1140,NA,0,"Canterbury",1010,16.2,13.7,NA
"21229","20180917:0000",-44.12476,171.31075,"Orton",1140,NA,0,"Canterbury",1010,5.8,8.75,NA
"21230","20180918:0000",-44.12476,171.31075,"Orton",1140,NA,0,"Canterbury",1010,9.4,8,NA
"21231","20180919:0000",-44.12476,171.31075,"Orton",1140,NA,0,"Canterbury",1010,4.7,8.8,NA
"21232","20180920:0000",-44.12476,171.31075,"Orton",1140,NA,0,"Canterbury",1010,4,9.45,NA
"21233","20180921:0000",-44.12476,171.31075,"Orton",1140,NA,0,"Canterbury",1010,6.8,9.95,NA
"21234","20180922:0000",-44.12476,171.31075,"Orton",1140,NA,0,"Canterbury",1010,3.2,10.2,NA
"21235","20180923:0000",-44.12476,171.31075,"Orton",1140,NA,0,"Canterbury",1010,2.9,9.5,NA
"21236","20180924:0000",-44.12476,171.31075,"Orton",1140,NA,0,"Canterbury",1010,2.2,8.1,NA
"21237","20180925:0000",-44.12476,171.31075,"Orton",1140,NA,0,"Canterbury",1010,8.6,9.6,NA
"21238","20180926:0000",-44.12476,171.31075,"Orton",1140,NA,0,"Canterbury",1010,4,8.05,NA
"21239","20180927:0000",-44.12476,171.31075,"Orton",1140,NA,0,"Canterbury",1010,3.2,6.9,NA
"21240","20180928:0000",-44.12476,171.31075,"Orton",1140,NA,0,"Canterbury",1010,2.5,7.2,NA
"21241","20180929:0000",-44.12476,171.31075,"Orton",1140,NA,0,"Canterbury",1010,3.2,10.2,NA
"21242","20180930:0000",-44.12476,171.31075,"Orton",1140,NA,0,"Canterbury",1010,4.3,9.1,NA
"21243","20181001:0000",-44.12476,171.31075,"Orton",1140,NA,0,"Canterbury",1010,2.2,9.25,NA
"21244","20181002:0000",-44.12476,171.31075,"Orton",1140,NA,0,"Canterbury",1010,2.9,10.25,NA
"21245","20181003:0000",-44.12476,171.31075,"Orton",1140,NA,0,"Canterbury",1010,3.2,8.2,NA
"21246","20181004:0000",-44.12476,171.31075,"Orton",1140,NA,0,"Canterbury",1010,5,10.4,NA
"21247","20181005:0000",-44.12476,171.31075,"Orton",1140,NA,0,"Canterbury",1010,2.9,9,NA
"21248","20181006:0000",-44.12476,171.31075,"Orton",1140,NA,0,"Canterbury",1010,1.4,8.65,NA
"21249","20181007:0000",-44.12476,171.31075,"Orton",1140,NA,0,"Canterbury",1010,2.5,12.25,NA
"21250","20181008:0000",-44.12476,171.31075,"Orton",1140,NA,0,"Canterbury",1010,4.3,11.35,NA
"21251","20181009:0000",-44.12476,171.31075,"Orton",1140,NA,0,"Canterbury",1010,2.9,10.4,NA
"21252","20181010:0000",-44.12476,171.31075,"Orton",1140,NA,0,"Canterbury",1010,2.2,13.3,NA
"21253","20181011:0000",-44.12476,171.31075,"Orton",1140,NA,0,"Canterbury",1010,2.2,8.7,NA
"21254","20181012:0000",-44.12476,171.31075,"Orton",1140,NA,0,"Canterbury",1010,18,6.5,NA
"21255","20181013:0000",-44.12476,171.31075,"Orton",1140,NA,0,"Canterbury",1010,5.4,7.2,NA
"21256","20181014:0000",-44.12476,171.31075,"Orton",1140,NA,0,"Canterbury",1010,7.9,9.25,NA
"21257","20181015:0000",-44.12476,171.31075,"Orton",1140,NA,0,"Canterbury",1010,2.2,6.35,NA
"21258","20181016:0000",-44.12476,171.31075,"Orton",1140,NA,0,"Canterbury",1010,2.5,10.2,NA
"21259","20181017:0000",-44.12476,171.31075,"Orton",1140,NA,0,"Canterbury",1010,4.7,14.6,NA
"21260","20181018:0000",-44.12476,171.31075,"Orton",1140,NA,0,"Canterbury",1010,4.3,13.7,NA
"21261","20181019:0000",-44.12476,171.31075,"Orton",1140,NA,0,"Canterbury",1010,2.9,12.9,NA
"21262","20181020:0000",-44.12476,171.31075,"Orton",1140,NA,0,"Canterbury",1010,4.7,12.95,NA
"21263","20181021:0000",-44.12476,171.31075,"Orton",1140,NA,0,"Canterbury",1010,2.9,15.15,NA
"21264","20181022:0000",-44.12476,171.31075,"Orton",1140,NA,0,"Canterbury",1010,2.9,13.4,NA
"21265","20181023:0000",-44.12476,171.31075,"Orton",1140,NA,0,"Canterbury",1010,5.8,15.05,NA
"21266","20181024:0000",-44.12476,171.31075,"Orton",1140,NA,0,"Canterbury",1010,2.2,16.6,NA
"21267","20181025:0000",-44.12476,171.31075,"Orton",1140,NA,0,"Canterbury",1010,13.7,9,NA
"21268","20181026:0000",-44.12476,171.31075,"Orton",1140,NA,0,"Canterbury",1010,3.6,8.7,NA
"21269","20181027:0000",-44.12476,171.31075,"Orton",1140,NA,0,"Canterbury",1010,3.6,11.85,NA
"21270","20181028:0000",-44.12476,171.31075,"Orton",1140,NA,0,"Canterbury",1010,7.2,9.95,NA
"21271","20181029:0000",-44.12476,171.31075,"Orton",1140,NA,0,"Canterbury",1010,5.8,10.5,NA
"21272","20181030:0000",-44.12476,171.31075,"Orton",1140,NA,0,"Canterbury",1010,15.5,10.15,NA
"21273","20181031:0000",-44.12476,171.31075,"Orton",1140,NA,0,"Canterbury",1010,9,10.15,NA
"21274","20181101:0000",-44.12476,171.31075,"Orton",1140,NA,0,"Canterbury",1010,6.8,10.4,NA
"21275","20181102:0000",-44.12476,171.31075,"Orton",1140,NA,0,"Canterbury",1010,4.3,9.8,NA
"21276","20181103:0000",-44.12476,171.31075,"Orton",1140,NA,0,"Canterbury",1010,3.6,17.25,NA
"21277","20181104:0000",-44.12476,171.31075,"Orton",1140,NA,0,"Canterbury",1010,5,12.1,NA
"21278","20181105:0000",-44.12476,171.31075,"Orton",1140,NA,0,"Canterbury",1010,3.6,12.2,NA
"21279","20181106:0000",-44.12476,171.31075,"Orton",1140,NA,0,"Canterbury",1010,4,14.15,NA
"21280","20181107:0000",-44.12476,171.31075,"Orton",1140,NA,0,"Canterbury",1010,2.5,16.6,NA
"21281","20181108:0000",-44.12476,171.31075,"Orton",1140,NA,0,"Canterbury",1010,14,14,NA
"21282","20181109:0000",-44.12476,171.31075,"Orton",1140,NA,0,"Canterbury",1010,4,7,NA
"21283","20181110:0000",-44.12476,171.31075,"Orton",1140,NA,0,"Canterbury",1010,3.6,8.1,NA
"21284","20181111:0000",-44.12476,171.31075,"Orton",1140,NA,0,"Canterbury",1010,4.3,12.2,NA
"21285","20181112:0000",-44.12476,171.31075,"Orton",1140,NA,0,"Canterbury",1010,2.9,12.7,NA
"21286","20181113:0000",-44.12476,171.31075,"Orton",1140,NA,0,"Canterbury",1010,4.7,12.35,NA
"21287","20181114:0000",-44.12476,171.31075,"Orton",1140,NA,0,"Canterbury",1010,5,13.05,NA
"21288","20181115:0000",-44.12476,171.31075,"Orton",1140,NA,0,"Canterbury",1010,3.6,15.7,NA
"21289","20181116:0000",-44.12476,171.31075,"Orton",1140,NA,0,"Canterbury",1010,2.9,14.15,NA
"21290","20181117:0000",-44.12476,171.31075,"Orton",1140,NA,0,"Canterbury",1010,4.7,14.6,NA
"21291","20181118:0000",-44.12476,171.31075,"Orton",1140,NA,0,"Canterbury",1010,5.8,14.6,NA
"21292","20181119:0000",-44.12476,171.31075,"Orton",1140,NA,0,"Canterbury",1010,3.6,6.6,NA
"21293","20181120:0000",-44.12476,171.31075,"Orton",1140,NA,0,"Canterbury",1010,5.4,7.25,NA
"21294","20181121:0000",-44.12476,171.31075,"Orton",1140,NA,0,"Canterbury",1010,2.5,8.4,NA
"21295","20181122:0000",-44.12476,171.31075,"Orton",1140,NA,0,"Canterbury",1010,2.9,13.1,NA
"21296","20181123:0000",-44.12476,171.31075,"Orton",1140,NA,0,"Canterbury",1010,4,12.3,NA
"21297","20181124:0000",-44.12476,171.31075,"Orton",1140,NA,0,"Canterbury",1010,5.8,13.45,NA
"21298","20181125:0000",-44.12476,171.31075,"Orton",1140,NA,0,"Canterbury",1010,13,13.45,NA
"21299","20181126:0000",-44.12476,171.31075,"Orton",1140,NA,0,"Canterbury",1010,10.8,12.8,NA
"21300","20181127:0000",-44.12476,171.31075,"Orton",1140,NA,0,"Canterbury",1010,4.3,13.05,NA
"21301","20181128:0000",-44.12476,171.31075,"Orton",1140,NA,0,"Canterbury",1010,6.8,13.05,NA
"21302","20181129:0000",-44.12476,171.31075,"Orton",1140,NA,0,"Canterbury",1010,13,13.7,NA
"21303","20181130:0000",-44.12476,171.31075,"Orton",1140,NA,0,"Canterbury",1010,9,13.3,NA
"21304","20181201:0000",-44.12476,171.31075,"Orton",1140,NA,0,"Canterbury",1010,2.2,15.85,NA
"21305","20181202:0000",-44.12476,171.31075,"Orton",1140,NA,0,"Canterbury",1010,6.8,16.05,NA
"21306","20181203:0000",-44.12476,171.31075,"Orton",1140,NA,0,"Canterbury",1010,7.2,18.1,NA
"21307","20181204:0000",-44.12476,171.31075,"Orton",1140,NA,0,"Canterbury",1010,4.3,18.65,NA
"21308","20181205:0000",-44.12476,171.31075,"Orton",1140,NA,0,"Canterbury",1010,3.6,12.5,NA
"21309","20181206:0000",-44.12476,171.31075,"Orton",1140,NA,0,"Canterbury",1010,7.2,11.75,NA
"21310","20181207:0000",-44.12476,171.31075,"Orton",1140,NA,0,"Canterbury",1010,2.2,13.8,NA
"21311","20181208:0000",-44.12476,171.31075,"Orton",1140,NA,0,"Canterbury",1010,9.4,16.65,NA
"21312","20181209:0000",-44.12476,171.31075,"Orton",1140,NA,0,"Canterbury",1010,2.9,18.15,NA
"21313","20181210:0000",-44.12476,171.31075,"Orton",1140,NA,0,"Canterbury",1010,6.8,12.1,NA
"21314","20181211:0000",-44.12476,171.31075,"Orton",1140,NA,0,"Canterbury",1010,4.3,12.45,NA
"21315","20181212:0000",-44.12476,171.31075,"Orton",1140,NA,0,"Canterbury",1010,4.3,14.35,NA
"21316","20181213:0000",-44.12476,171.31075,"Orton",1140,NA,0,"Canterbury",1010,3.6,14.7,NA
"21317","20181214:0000",-44.12476,171.31075,"Orton",1140,NA,0,"Canterbury",1010,3.2,17.05,NA
"21318","20181215:0000",-44.12476,171.31075,"Orton",1140,NA,0,"Canterbury",1010,8.3,15.3,NA
"21319","20181216:0000",-44.12476,171.31075,"Orton",1140,NA,0,"Canterbury",1010,7.9,15.95,NA
"21320","20181217:0000",-44.12476,171.31075,"Orton",1140,NA,0,"Canterbury",1010,5,19.8,NA
"21321","20181218:0000",-44.12476,171.31075,"Orton",1140,NA,0,"Canterbury",1010,3.2,20.6,NA
"21322","20181219:0000",-44.12476,171.31075,"Orton",1140,NA,0,"Canterbury",1010,9.7,11.75,NA
"21323","20181220:0000",-44.12476,171.31075,"Orton",1140,NA,0,"Canterbury",1010,3.6,11.9,NA
"21324","20181221:0000",-44.12476,171.31075,"Orton",1140,NA,0,"Canterbury",1010,2.9,12.1,NA
"21325","20181222:0000",-44.12476,171.31075,"Orton",1140,NA,0,"Canterbury",1010,6.1,13.3,NA
"21326","20181223:0000",-44.12476,171.31075,"Orton",1140,NA,0,"Canterbury",1010,6.5,12.35,NA
"21327","20181224:0000",-44.12476,171.31075,"Orton",1140,NA,0,"Canterbury",1010,4.7,14.45,NA
"21328","20181225:0000",-44.12476,171.31075,"Orton",1140,NA,0,"Canterbury",1010,7.9,16.8,NA
"21329","20181226:0000",-44.12476,171.31075,"Orton",1140,NA,0,"Canterbury",1010,3.2,13.85,NA
"21330","20181227:0000",-44.12476,171.31075,"Orton",1140,NA,0,"Canterbury",1010,3.6,14.85,NA
"21331","20181228:0000",-44.12476,171.31075,"Orton",1140,NA,0,"Canterbury",1010,4,16.3,NA
"21332","20181229:0000",-44.12476,171.31075,"Orton",1140,NA,0,"Canterbury",1010,1.8,21.25,NA
"21333","20181230:0000",-44.12476,171.31075,"Orton",1140,NA,0,"Canterbury",1010,3.6,23.4,NA
"21334","20181231:0000",-44.12476,171.31075,"Orton",1140,NA,0,"Canterbury",1010,10.4,17.75,NA
"21335","20190101:0000",-44.12476,171.31075,"Orton",1140,NA,0,"Canterbury",1010,5.8,20.5,NA
"21336","20190102:0000",-44.12476,171.31075,"Orton",1140,NA,0,"Canterbury",1010,12.2,24.15,NA
"21337","20190103:0000",-44.12476,171.31075,"Orton",1140,NA,0,"Canterbury",1010,7.2,17.35,NA
"21338","20190104:0000",-44.12476,171.31075,"Orton",1140,NA,0,"Canterbury",1010,8.3,14.85,NA
"21339","20190105:0000",-44.12476,171.31075,"Orton",1140,NA,0,"Canterbury",1010,2.9,20.35,NA
"21340","20190106:0000",-44.12476,171.31075,"Orton",1140,NA,0,"Canterbury",1010,7.6,14.5,NA
"21341","20190107:0000",-44.12476,171.31075,"Orton",1140,NA,0,"Canterbury",1010,7.6,18,NA
"21342","20190108:0000",-44.12476,171.31075,"Orton",1140,NA,0,"Canterbury",1010,5.4,16.1,NA
"21343","20190109:0000",-44.12476,171.31075,"Orton",1140,NA,0,"Canterbury",1010,6.1,18.8,NA
"21344","20190110:0000",-44.12476,171.31075,"Orton",1140,NA,0,"Canterbury",1010,16.6,16.95,NA
"21345","20190111:0000",-44.12476,171.31075,"Orton",1140,NA,0,"Canterbury",1010,9.4,12.3,NA
"21346","20190112:0000",-44.12476,171.31075,"Orton",1140,NA,0,"Canterbury",1010,7.9,14.45,NA
"21347","20190113:0000",-44.12476,171.31075,"Orton",1140,NA,0,"Canterbury",1010,2.2,14.05,NA
"21348","20190114:0000",-44.12476,171.31075,"Orton",1140,NA,0,"Canterbury",1010,1.8,14.15,NA
"21349","20190115:0000",-44.12476,171.31075,"Orton",1140,NA,0,"Canterbury",1010,3.2,14.45,NA
"21350","20190116:0000",-44.12476,171.31075,"Orton",1140,NA,0,"Canterbury",1010,3.2,16.5,NA
"21351","20190117:0000",-44.12476,171.31075,"Orton",1140,NA,0,"Canterbury",1010,5.8,15.85,NA
"21352","20190118:0000",-44.12476,171.31075,"Orton",1140,NA,0,"Canterbury",1010,7.2,16.3,NA
"21353","20190119:0000",-44.12476,171.31075,"Orton",1140,NA,0,"Canterbury",1010,4.3,20.3,NA
"21354","20190120:0000",-44.12476,171.31075,"Orton",1140,NA,0,"Canterbury",1010,5.4,18.2,NA
"21355","20190121:0000",-44.12476,171.31075,"Orton",1140,NA,0,"Canterbury",1010,11.5,18.35,NA
"21356","20190122:0000",-44.12476,171.31075,"Orton",1140,NA,0,"Canterbury",1010,4.7,20.05,NA
"21357","20190123:0000",-44.12476,171.31075,"Orton",1140,NA,0,"Canterbury",1010,5.8,20.75,NA
"21358","20190124:0000",-44.12476,171.31075,"Orton",1140,NA,0,"Canterbury",1010,9.4,11,NA
"21359","20190125:0000",-44.12476,171.31075,"Orton",1140,NA,0,"Canterbury",1010,1.4,13.2,NA
"21360","20190126:0000",-44.12476,171.31075,"Orton",1140,NA,0,"Canterbury",1010,1.8,18.25,NA
"21361","20190127:0000",-44.12476,171.31075,"Orton",1140,NA,0,"Canterbury",1010,6.5,18.15,NA
"21362","20190128:0000",-44.12476,171.31075,"Orton",1140,NA,0,"Canterbury",1010,5.8,19.65,NA
"21363","20190129:0000",-44.12476,171.31075,"Orton",1140,NA,0,"Canterbury",1010,4,21.5,NA
"21364","20190130:0000",-44.12476,171.31075,"Orton",1140,NA,0,"Canterbury",1010,1.8,21.85,NA
"21365","20190131:0000",-44.12476,171.31075,"Orton",1140,NA,0,"Canterbury",1010,2.9,21.4,NA
"21366","20190201:0000",-44.12476,171.31075,"Orton",1140,NA,0,"Canterbury",1010,19.4,24.35,NA
"21367","20190202:0000",-44.12476,171.31075,"Orton",1140,NA,0,"Canterbury",1010,2.5,14.3,NA
"21368","20190203:0000",-44.12476,171.31075,"Orton",1140,NA,0,"Canterbury",1010,3.2,14.95,NA
"21369","20190204:0000",-44.12476,171.31075,"Orton",1140,NA,0,"Canterbury",1010,2.5,19.35,NA
"21370","20190205:0000",-44.12476,171.31075,"Orton",1140,NA,0,"Canterbury",1010,4.7,18.1,NA
"21371","20190206:0000",-44.12476,171.31075,"Orton",1140,NA,0,"Canterbury",1010,3.2,12.8,NA
"21372","20190207:0000",-44.12476,171.31075,"Orton",1140,NA,0,"Canterbury",1010,5,14.15,NA
"21373","20190208:0000",-44.12476,171.31075,"Orton",1140,NA,0,"Canterbury",1010,1.1,15.3,NA
"21374","20190209:0000",-44.12476,171.31075,"Orton",1140,NA,0,"Canterbury",1010,5.4,20.4,NA
"21375","20190210:0000",-44.12476,171.31075,"Orton",1140,NA,0,"Canterbury",1010,2.9,20.85,NA
"21376","20190211:0000",-44.12476,171.31075,"Orton",1140,NA,0,"Canterbury",1010,3.6,19,NA
"21377","20190212:0000",-44.12476,171.31075,"Orton",1140,NA,0,"Canterbury",1010,2.9,17.6,NA
"21378","20190213:0000",-44.12476,171.31075,"Orton",1140,NA,0,"Canterbury",1010,2.9,18.9,NA
"21379","20190214:0000",-44.12476,171.31075,"Orton",1140,NA,0,"Canterbury",1010,3.2,22.15,NA
"21380","20190215:0000",-44.12476,171.31075,"Orton",1140,NA,0,"Canterbury",1010,3.6,17.25,NA
"21381","20190216:0000",-44.12476,171.31075,"Orton",1140,NA,0,"Canterbury",1010,4.7,13.8,NA
"21382","20190217:0000",-44.12476,171.31075,"Orton",1140,NA,0,"Canterbury",1010,2.5,13.5,NA
"21383","20190218:0000",-44.12476,171.31075,"Orton",1140,NA,0,"Canterbury",1010,2.5,17.4,NA
"21384","20190219:0000",-44.12476,171.31075,"Orton",1140,NA,0,"Canterbury",1010,3.6,21.15,NA
"21385","20190220:0000",-44.12476,171.31075,"Orton",1140,NA,0,"Canterbury",1010,13,17.75,NA
"21386","20190221:0000",-44.12476,171.31075,"Orton",1140,NA,0,"Canterbury",1010,3.2,18,NA
"21387","20190222:0000",-44.12476,171.31075,"Orton",1140,NA,0,"Canterbury",1010,7.9,14,NA
"21388","20190223:0000",-44.12476,171.31075,"Orton",1140,NA,0,"Canterbury",1010,4.3,11.55,NA
"21389","20190224:0000",-44.12476,171.31075,"Orton",1140,NA,0,"Canterbury",1010,8.6,11.6,NA
"21390","20190225:0000",-44.12476,171.31075,"Orton",1140,NA,0,"Canterbury",1010,2.9,11.8,NA
"21391","20190226:0000",-44.12476,171.31075,"Orton",1140,NA,0,"Canterbury",1010,3.2,14.4,NA
"21392","20190227:0000",-44.12476,171.31075,"Orton",1140,NA,0,"Canterbury",1010,2.9,18.05,NA
"21393","20190228:0000",-44.12476,171.31075,"Orton",1140,NA,0,"Canterbury",1010,4,9.75,NA
"21394","20190301:0000",-44.12476,171.31075,"Orton",1140,NA,0,"Canterbury",1010,4,12.8,NA
"21395","20190302:0000",-44.12476,171.31075,"Orton",1140,NA,0,"Canterbury",1010,2.2,13.3,NA
"21396","20190303:0000",-44.12476,171.31075,"Orton",1140,NA,0,"Canterbury",1010,3.2,17.2,NA
"21397","20190304:0000",-44.12476,171.31075,"Orton",1140,NA,0,"Canterbury",1010,2.2,17.75,NA
"21398","20190305:0000",-44.12476,171.31075,"Orton",1140,NA,0,"Canterbury",1010,2.5,20.65,NA
"21399","20190306:0000",-44.12476,171.31075,"Orton",1140,NA,0,"Canterbury",1010,1.1,20.1,NA
"21400","20190307:0000",-44.12476,171.31075,"Orton",1140,NA,0,"Canterbury",1010,2.5,19.5,NA
"21401","20190308:0000",-44.12476,171.31075,"Orton",1140,NA,0,"Canterbury",1010,3.2,13.1,NA
"21402","20190309:0000",-44.12476,171.31075,"Orton",1140,NA,0,"Canterbury",1010,2.2,12.85,NA
"21403","20190310:0000",-44.12476,171.31075,"Orton",1140,NA,0,"Canterbury",1010,2.2,13.8,NA
"21404","20190311:0000",-44.12476,171.31075,"Orton",1140,NA,0,"Canterbury",1010,0.7,13.85,NA
"21405","20190312:0000",-44.12476,171.31075,"Orton",1140,NA,0,"Canterbury",1010,2.5,18.55,NA
"21406","20190313:0000",-44.12476,171.31075,"Orton",1140,NA,0,"Canterbury",1010,3.6,17.95,NA
"21407","20190314:0000",-44.12476,171.31075,"Orton",1140,NA,0,"Canterbury",1010,4,12.4,NA
"21408","20190315:0000",-44.12476,171.31075,"Orton",1140,NA,0,"Canterbury",1010,3.2,14.3,NA
"21409","20190316:0000",-44.12476,171.31075,"Orton",1140,NA,0,"Canterbury",1010,5.4,16.05,NA
"21410","20190317:0000",-44.12476,171.31075,"Orton",1140,NA,0,"Canterbury",1010,3.6,15.8,NA
"21411","20190318:0000",-44.12476,171.31075,"Orton",1140,NA,0,"Canterbury",1010,1.4,17.25,NA
"21412","20190319:0000",-44.12476,171.31075,"Orton",1140,NA,0,"Canterbury",1010,1.4,16.7,NA
"21413","20190320:0000",-44.12476,171.31075,"Orton",1140,NA,0,"Canterbury",1010,0.7,16.15,NA
"21414","20190321:0000",-44.12476,171.31075,"Orton",1140,NA,0,"Canterbury",1010,8.3,18.05,NA
"21415","20190322:0000",-44.12476,171.31075,"Orton",1140,NA,0,"Canterbury",1010,4,17.5,NA
"21416","20190323:0000",-44.12476,171.31075,"Orton",1140,NA,0,"Canterbury",1010,0.7,15.2,NA
"21417","20190324:0000",-44.12476,171.31075,"Orton",1140,NA,0,"Canterbury",1010,3.6,19.3,NA
"21418","20190325:0000",-44.12476,171.31075,"Orton",1140,NA,0,"Canterbury",1010,2.5,18,NA
"21419","20190326:0000",-44.12476,171.31075,"Orton",1140,NA,0,"Canterbury",1010,16.9,22.75,NA
"21420","20190327:0000",-44.12476,171.31075,"Orton",1140,NA,0,"Canterbury",1010,5.4,19,NA
"21421","20190328:0000",-44.12476,171.31075,"Orton",1140,NA,0,"Canterbury",1010,7.2,13.35,NA
"21422","20190329:0000",-44.12476,171.31075,"Orton",1140,NA,0,"Canterbury",1010,1.8,11.75,NA
"21423","20190330:0000",-44.12476,171.31075,"Orton",1140,NA,0,"Canterbury",1010,2.5,13.55,NA
"21424","20190331:0000",-44.12476,171.31075,"Orton",1140,NA,0,"Canterbury",1010,1.4,18.15,NA
"21425","20190401:0000",-44.12476,171.31075,"Orton",1140,NA,0,"Canterbury",1010,7.2,18.7,NA
"21426","20190402:0000",-44.12476,171.31075,"Orton",1140,NA,0,"Canterbury",1010,2.5,11.45,NA
"21427","20190403:0000",-44.12476,171.31075,"Orton",1140,NA,0,"Canterbury",1010,2.2,10.25,NA
"21428","20190404:0000",-44.12476,171.31075,"Orton",1140,NA,0,"Canterbury",1010,2.2,8.9,NA
"21429","20190405:0000",-44.12476,171.31075,"Orton",1140,NA,0,"Canterbury",1010,5.4,9.55,NA
"21430","20190406:0000",-44.12476,171.31075,"Orton",1140,NA,0,"Canterbury",1010,1.4,8.6,NA
"21431","20190407:0000",-44.12476,171.31075,"Orton",1140,NA,0,"Canterbury",1010,2.9,8.2,NA
"21432","20190408:0000",-44.12476,171.31075,"Orton",1140,NA,0,"Canterbury",1010,2.2,9.45,NA
"21433","20190409:0000",-44.12476,171.31075,"Orton",1140,NA,0,"Canterbury",1010,1.4,12.7,NA
"21434","20190410:0000",-44.12476,171.31075,"Orton",1140,NA,0,"Canterbury",1010,2.5,14.25,NA
"21435","20190411:0000",-44.12476,171.31075,"Orton",1140,NA,0,"Canterbury",1010,5,11.05,NA
"21436","20190412:0000",-44.12476,171.31075,"Orton",1140,NA,0,"Canterbury",1010,10.8,10.45,NA
"21437","20190413:0000",-44.12476,171.31075,"Orton",1140,NA,0,"Canterbury",1010,7.6,8.8,NA
"21438","20190414:0000",-44.12476,171.31075,"Orton",1140,NA,0,"Canterbury",1010,3.6,9.1,NA
"21439","20190415:0000",-44.12476,171.31075,"Orton",1140,NA,0,"Canterbury",1010,1.4,12.1,NA
"21440","20190416:0000",-44.12476,171.31075,"Orton",1140,NA,0,"Canterbury",1010,3.2,10.3,NA
"21441","20190417:0000",-44.12476,171.31075,"Orton",1140,NA,0,"Canterbury",1010,2.9,9.75,NA
"21442","20190418:0000",-44.12476,171.31075,"Orton",1140,NA,0,"Canterbury",1010,2.5,8.2,NA
"21443","20190419:0000",-44.12476,171.31075,"Orton",1140,NA,0,"Canterbury",1010,2.5,12.4,NA
"21444","20190420:0000",-44.12476,171.31075,"Orton",1140,NA,0,"Canterbury",1010,2.9,9.15,NA
"21445","20190421:0000",-44.12476,171.31075,"Orton",1140,NA,0,"Canterbury",1010,4.3,10.15,NA
"21446","20190422:0000",-44.12476,171.31075,"Orton",1140,NA,0,"Canterbury",1010,1.4,12.8,NA
"21447","20190423:0000",-44.12476,171.31075,"Orton",1140,NA,0,"Canterbury",1010,2.5,11.7,NA
"21448","20190424:0000",-44.12476,171.31075,"Orton",1140,NA,0,"Canterbury",1010,5,8.85,NA
"21449","20190425:0000",-44.12476,171.31075,"Orton",1140,NA,0,"Canterbury",1010,2.9,12.65,NA
"21450","20190426:0000",-44.12476,171.31075,"Orton",1140,NA,0,"Canterbury",1010,1.4,13.05,NA
"21451","20190427:0000",-44.12476,171.31075,"Orton",1140,NA,0,"Canterbury",1010,3.6,14.6,NA
"21452","20190428:0000",-44.12476,171.31075,"Orton",1140,NA,0,"Canterbury",1010,3.2,10.8,NA
"21453","20190429:0000",-44.12476,171.31075,"Orton",1140,NA,0,"Canterbury",1010,6.1,9,NA
"21454","20190430:0000",-44.12476,171.31075,"Orton",1140,NA,0,"Canterbury",1010,7.6,7.6,NA
"21455","20190501:0000",-44.12476,171.31075,"Orton",1140,NA,0,"Canterbury",1010,2.2,9.4,NA
"21456","20190502:0000",-44.12476,171.31075,"Orton",1140,NA,0,"Canterbury",1010,7.9,11.8,NA
"21457","20190503:0000",-44.12476,171.31075,"Orton",1140,NA,0,"Canterbury",1010,4,12.1,NA
"21458","20190504:0000",-44.12476,171.31075,"Orton",1140,NA,0,"Canterbury",1010,2.2,10.3,NA
"21459","20190505:0000",-44.12476,171.31075,"Orton",1140,NA,0,"Canterbury",1010,2.9,11.65,NA
"21460","20190506:0000",-44.12476,171.31075,"Orton",1140,NA,0,"Canterbury",1010,1.4,10.5,NA
"21461","20190507:0000",-44.12476,171.31075,"Orton",1140,NA,0,"Canterbury",1010,2.5,12.05,NA
"21462","20190508:0000",-44.12476,171.31075,"Orton",1140,NA,0,"Canterbury",1010,1.8,9.8,NA
"21463","20190509:0000",-44.12476,171.31075,"Orton",1140,NA,0,"Canterbury",1010,2.5,11,NA
"21464","20190510:0000",-44.12476,171.31075,"Orton",1140,NA,0,"Canterbury",1010,2.2,13.6,NA
"21465","20190511:0000",-44.12476,171.31075,"Orton",1140,NA,0,"Canterbury",1010,2.2,9.35,NA
"21466","20190512:0000",-44.12476,171.31075,"Orton",1140,NA,0,"Canterbury",1010,2.9,9.2,NA
"21467","20190513:0000",-44.12476,171.31075,"Orton",1140,NA,0,"Canterbury",1010,3.6,9.9,NA
"21468","20190514:0000",-44.12476,171.31075,"Orton",1140,NA,0,"Canterbury",1010,5,8.6,NA
"21469","20190515:0000",-44.12476,171.31075,"Orton",1140,NA,0,"Canterbury",1010,5.4,12.45,NA
"21470","20190516:0000",-44.12476,171.31075,"Orton",1140,NA,0,"Canterbury",1010,3.2,11.35,NA
"21471","20190517:0000",-44.12476,171.31075,"Orton",1140,NA,0,"Canterbury",1010,2.5,6.8,NA
"21472","20190518:0000",-44.12476,171.31075,"Orton",1140,NA,0,"Canterbury",1010,3.2,9.15,NA
"21473","20190519:0000",-44.12476,171.31075,"Orton",1140,NA,0,"Canterbury",1010,6.5,8.25,NA
"21474","20190520:0000",-44.12476,171.31075,"Orton",1140,NA,0,"Canterbury",1010,4.7,7.4,NA
"21475","20190521:0000",-44.12476,171.31075,"Orton",1140,NA,0,"Canterbury",1010,1.4,6.3,NA
"21476","20190522:0000",-44.12476,171.31075,"Orton",1140,NA,0,"Canterbury",1010,2.9,7.55,NA
"21477","20190523:0000",-44.12476,171.31075,"Orton",1140,NA,0,"Canterbury",1010,2.5,9.55,NA
"21478","20190524:0000",-44.12476,171.31075,"Orton",1140,NA,0,"Canterbury",1010,2.2,6.85,NA
"21479","20190525:0000",-44.12476,171.31075,"Orton",1140,NA,0,"Canterbury",1010,3.6,8.95,NA
"21480","20190526:0000",-44.12476,171.31075,"Orton",1140,NA,0,"Canterbury",1010,4,12.7,NA
"21481","20190527:0000",-44.12476,171.31075,"Orton",1140,NA,0,"Canterbury",1010,7.2,NA,NA
"21482","20190528:0000",-44.12476,171.31075,"Orton",1140,NA,0,"Canterbury",1010,NA,NA,NA
"21483","20190529:0000",-44.12476,171.31075,"Orton",1140,NA,0,"Canterbury",1010,NA,NA,NA
"21484","20190530:0000",-44.12476,171.31075,"Orton",1140,NA,0,"Canterbury",1010,3.2,NA,NA
"21485","20190531:0000",-44.12476,171.31075,"Orton",1140,NA,0,"Canterbury",1010,2.9,NA,NA
"21486","20190601:0000",-44.12476,171.31075,"Orton",1140,NA,0,"Canterbury",1010,NA,NA,NA
"21487","20190602:0000",-44.12476,171.31075,"Orton",1140,NA,0,"Canterbury",1010,NA,NA,NA
"21488","20190603:0000",-44.12476,171.31075,"Orton",1140,NA,0,"Canterbury",1010,NA,NA,NA
"21489","20190604:0000",-44.12476,171.31075,"Orton",1140,NA,0,"Canterbury",1010,NA,NA,NA
"21490","20190605:0000",-44.12476,171.31075,"Orton",1140,NA,0,"Canterbury",1010,NA,NA,NA
"21491","20190606:0000",-44.12476,171.31075,"Orton",1140,NA,0,"Canterbury",1010,NA,NA,NA
"21492","20190607:0000",-44.12476,171.31075,"Orton",1140,NA,0,"Canterbury",1010,NA,NA,NA
"21493","20190608:0000",-44.12476,171.31075,"Orton",1140,NA,0,"Canterbury",1010,15.1,NA,NA
"21494","20190609:0000",-44.12476,171.31075,"Orton",1140,NA,0,"Canterbury",1010,4.3,6.3,NA
"21495","20190610:0000",-44.12476,171.31075,"Orton",1140,NA,0,"Canterbury",1010,6.5,6.5,NA
"21496","20190611:0000",-44.12476,171.31075,"Orton",1140,NA,0,"Canterbury",1010,2.9,7,NA
"21497","20190612:0000",-44.12476,171.31075,"Orton",1140,NA,0,"Canterbury",1010,2.9,8.65,NA
"21498","20190613:0000",-44.12476,171.31075,"Orton",1140,NA,0,"Canterbury",1010,2.5,9.75,NA
"21499","20190614:0000",-44.12476,171.31075,"Orton",1140,NA,0,"Canterbury",1010,1.1,8.95,NA
"21500","20190615:0000",-44.12476,171.31075,"Orton",1140,NA,0,"Canterbury",1010,2.2,9.6,NA
"21501","20190616:0000",-44.12476,171.31075,"Orton",1140,NA,0,"Canterbury",1010,2.9,5.95,NA
"21502","20190617:0000",-44.12476,171.31075,"Orton",1140,NA,0,"Canterbury",1010,3.6,5,NA
"21503","20190618:0000",-44.12476,171.31075,"Orton",1140,NA,0,"Canterbury",1010,5,4.65,NA
"21504","20190619:0000",-44.12476,171.31075,"Orton",1140,NA,0,"Canterbury",1010,2.5,3.7,NA
"21505","20190620:0000",-44.12476,171.31075,"Orton",1140,NA,0,"Canterbury",1010,4,2.15,NA
"21506","20190621:0000",-44.12476,171.31075,"Orton",1140,NA,0,"Canterbury",1010,2.2,6.75,NA
"21507","20190622:0000",-44.12476,171.31075,"Orton",1140,NA,0,"Canterbury",1010,2.2,5.1,NA
"21508","20190623:0000",-44.12476,171.31075,"Orton",1140,NA,0,"Canterbury",1010,2.5,4.85,NA
"21509","20190624:0000",-44.12476,171.31075,"Orton",1140,NA,0,"Canterbury",1010,3.6,7.4,NA
"21510","20190625:0000",-44.12476,171.31075,"Orton",1140,NA,0,"Canterbury",1010,3.2,6,NA
"21511","20190626:0000",-44.12476,171.31075,"Orton",1140,NA,0,"Canterbury",1010,2.9,4.8,NA
"21512","20190627:0000",-44.12476,171.31075,"Orton",1140,NA,0,"Canterbury",1010,2.9,5.1,NA
"21513","20190628:0000",-44.12476,171.31075,"Orton",1140,NA,0,"Canterbury",1010,1.8,5.05,NA
"21514","20190629:0000",-44.12476,171.31075,"Orton",1140,NA,0,"Canterbury",1010,2.5,4.3,NA
"21515","20190630:0000",-44.12476,171.31075,"Orton",1140,NA,0,"Canterbury",1010,2.2,5.5,NA
"21516","20190701:0000",-44.12476,171.31075,"Orton",1140,NA,0,"Canterbury",1010,2.5,6.35,NA
"21517","20190702:0000",-44.12476,171.31075,"Orton",1140,NA,0,"Canterbury",1010,2.9,7.75,NA
"21518","20190703:0000",-44.12476,171.31075,"Orton",1140,NA,0,"Canterbury",1010,10.4,10.85,NA
"21519","20190704:0000",-44.12476,171.31075,"Orton",1140,NA,0,"Canterbury",1010,4.7,7.15,NA
"21520","20190705:0000",-44.12476,171.31075,"Orton",1140,NA,0,"Canterbury",1010,4.3,6.2,NA
"21521","20190706:0000",-44.12476,171.31075,"Orton",1140,NA,0,"Canterbury",1010,2.2,6.45,NA
"21522","20190707:0000",-44.12476,171.31075,"Orton",1140,NA,0,"Canterbury",1010,4.3,7.55,NA
"21523","20190708:0000",-44.12476,171.31075,"Orton",1140,NA,0,"Canterbury",1010,2.5,4.95,NA
"21524","20190709:0000",-44.12476,171.31075,"Orton",1140,NA,0,"Canterbury",1010,3.6,5.45,NA
"21525","20190710:0000",-44.12476,171.31075,"Orton",1140,NA,0,"Canterbury",1010,2.9,5.55,NA
"21526","20190711:0000",-44.12476,171.31075,"Orton",1140,NA,0,"Canterbury",1010,2.5,8.2,NA
"21527","20190712:0000",-44.12476,171.31075,"Orton",1140,NA,0,"Canterbury",1010,3.6,5.35,NA
"21528","20190713:0000",-44.12476,171.31075,"Orton",1140,NA,0,"Canterbury",1010,4,9.1,NA
"21529","20190714:0000",-44.12476,171.31075,"Orton",1140,NA,0,"Canterbury",1010,3.6,10.4,NA
"21530","20190715:0000",-44.12476,171.31075,"Orton",1140,NA,0,"Canterbury",1010,2.9,4.45,NA
"21531","20190716:0000",-44.12476,171.31075,"Orton",1140,NA,0,"Canterbury",1010,3.6,NA,NA
"21532","20190717:0000",-44.12476,171.31075,"Orton",1140,NA,0,"Canterbury",1010,NA,NA,NA
"21533","20190718:0000",-44.12476,171.31075,"Orton",1140,NA,0,"Canterbury",1010,NA,NA,NA
"21534","20190719:0000",-44.12476,171.31075,"Orton",1140,NA,0,"Canterbury",1010,2.5,NA,NA
"21535","20190720:0000",-44.12476,171.31075,"Orton",1140,NA,0,"Canterbury",1010,1.8,7.3,NA
"21536","20190721:0000",-44.12476,171.31075,"Orton",1140,NA,0,"Canterbury",1010,12.2,8.9,NA
"21537","20190722:0000",-44.12476,171.31075,"Orton",1140,NA,0,"Canterbury",1010,1.4,7.35,NA
"21538","20190723:0000",-44.12476,171.31075,"Orton",1140,NA,0,"Canterbury",1010,1.8,8.35,NA
"21539","20190724:0000",-44.12476,171.31075,"Orton",1140,NA,0,"Canterbury",1010,2.5,7.6,NA
"21540","20190725:0000",-44.12476,171.31075,"Orton",1140,NA,0,"Canterbury",1010,2.5,8.3,NA
"21541","20190726:0000",-44.12476,171.31075,"Orton",1140,NA,0,"Canterbury",1010,4,5.95,NA
"21542","20190727:0000",-44.12476,171.31075,"Orton",1140,NA,0,"Canterbury",1010,3.2,8.25,NA
"21543","20190728:0000",-44.12476,171.31075,"Orton",1140,NA,0,"Canterbury",1010,2.9,6.8,NA
"21544","20190729:0000",-44.12476,171.31075,"Orton",1140,NA,0,"Canterbury",1010,2.2,7.9,NA
"21545","20190730:0000",-44.12476,171.31075,"Orton",1140,NA,0,"Canterbury",1010,2.2,8.3,NA
"21546","20190731:0000",-44.12476,171.31075,"Orton",1140,NA,0,"Canterbury",1010,6.8,7.8,NA
"21547","20190801:0000",-44.12476,171.31075,"Orton",1140,NA,0,"Canterbury",1010,2.2,7.1,NA
"21548","20190802:0000",-44.12476,171.31075,"Orton",1140,NA,0,"Canterbury",1010,2.2,6.15,NA
"21549","20190803:0000",-44.12476,171.31075,"Orton",1140,NA,0,"Canterbury",1010,5.4,8.15,NA
"21550","20190804:0000",-44.12476,171.31075,"Orton",1140,NA,0,"Canterbury",1010,4,4.95,NA
"21551","20190805:0000",-44.12476,171.31075,"Orton",1140,NA,0,"Canterbury",1010,4.3,4.95,NA
"21552","20190806:0000",-44.12476,171.31075,"Orton",1140,NA,0,"Canterbury",1010,3.6,7.25,NA
"21553","20190807:0000",-44.12476,171.31075,"Orton",1140,NA,0,"Canterbury",1010,2.5,8.6,NA
"21554","20190808:0000",-44.12476,171.31075,"Orton",1140,NA,0,"Canterbury",1010,3.2,9.25,NA
"21555","20190809:0000",-44.12476,171.31075,"Orton",1140,NA,0,"Canterbury",1010,4.3,6.75,NA
"21556","20190810:0000",-44.12476,171.31075,"Orton",1140,NA,0,"Canterbury",1010,7.2,6,NA
"21557","20190811:0000",-44.12476,171.31075,"Orton",1140,NA,0,"Canterbury",1010,5,6.25,NA
"21558","20190812:0000",-44.12476,171.31075,"Orton",1140,NA,0,"Canterbury",1010,2.9,5.65,NA
"21559","20190813:0000",-44.12476,171.31075,"Orton",1140,NA,0,"Canterbury",1010,4.7,8,NA
"21560","20190814:0000",-44.12476,171.31075,"Orton",1140,NA,0,"Canterbury",1010,5,5.1,NA
"21561","20190815:0000",-44.12476,171.31075,"Orton",1140,NA,0,"Canterbury",1010,2.9,6.6,NA
"21562","20190816:0000",-44.12476,171.31075,"Orton",1140,NA,0,"Canterbury",1010,6.8,9.55,NA
"21563","20190817:0000",-44.12476,171.31075,"Orton",1140,NA,0,"Canterbury",1010,12.2,7.1,NA
"21564","20190818:0000",-44.12476,171.31075,"Orton",1140,NA,0,"Canterbury",1010,4.3,4.85,NA
"21565","20190819:0000",-44.12476,171.31075,"Orton",1140,NA,0,"Canterbury",1010,3.6,3.55,NA
"21566","20190820:0000",-44.12476,171.31075,"Orton",1140,NA,0,"Canterbury",1010,26.6,7.05,NA
"21567","20190821:0000",-44.12476,171.31075,"Orton",1140,NA,0,"Canterbury",1010,1.8,9.25,NA
"21568","20190822:0000",-44.12476,171.31075,"Orton",1140,NA,0,"Canterbury",1010,2.2,8.35,NA
"21569","20190823:0000",-44.12476,171.31075,"Orton",1140,NA,0,"Canterbury",1010,2.9,7.25,NA
"21570","20190824:0000",-44.12476,171.31075,"Orton",1140,NA,0,"Canterbury",1010,2.2,7.9,NA
"21571","20190825:0000",-44.12476,171.31075,"Orton",1140,NA,0,"Canterbury",1010,4.3,9.65,NA
"21572","20190826:0000",-44.12476,171.31075,"Orton",1140,NA,0,"Canterbury",1010,1.8,7.55,NA
"21573","20190827:0000",-44.12476,171.31075,"Orton",1140,NA,0,"Canterbury",1010,9.4,7.35,NA
"21574","20190828:0000",-44.12476,171.31075,"Orton",1140,NA,0,"Canterbury",1010,3.2,11.4,NA
"21575","20190829:0000",-44.12476,171.31075,"Orton",1140,NA,0,"Canterbury",1010,4,10.5,NA
"21576","20190830:0000",-44.12476,171.31075,"Orton",1140,NA,0,"Canterbury",1010,3.2,6.5,NA
"21577","20190831:0000",-44.12476,171.31075,"Orton",1140,NA,0,"Canterbury",1010,3.6,10.25,NA
"21578","20190901:0000",-44.12476,171.31075,"Orton",1140,NA,0,"Canterbury",1010,5,11.2,NA
"21579","20190902:0000",-44.12476,171.31075,"Orton",1140,NA,0,"Canterbury",1010,2.2,8.4,NA
"21580","20190903:0000",-44.12476,171.31075,"Orton",1140,NA,0,"Canterbury",1010,2.9,6.85,NA
"21581","20190904:0000",-44.12476,171.31075,"Orton",1140,NA,0,"Canterbury",1010,3.6,4.4,NA
"21582","20190905:0000",-44.12476,171.31075,"Orton",1140,NA,0,"Canterbury",1010,1.8,8.65,NA
"21583","20190906:0000",-44.12476,171.31075,"Orton",1140,NA,0,"Canterbury",1010,5,8.4,NA
"21584","20190907:0000",-44.12476,171.31075,"Orton",1140,NA,0,"Canterbury",1010,7.9,6.55,NA
"21585","20190908:0000",-44.12476,171.31075,"Orton",1140,NA,0,"Canterbury",1010,5.8,2.8,NA
"21586","20190909:0000",-44.12476,171.31075,"Orton",1140,NA,0,"Canterbury",1010,4.7,4.5,NA
"21587","20190910:0000",-44.12476,171.31075,"Orton",1140,NA,0,"Canterbury",1010,2.9,4.6,NA
"21588","20190911:0000",-44.12476,171.31075,"Orton",1140,NA,0,"Canterbury",1010,4.3,6.8,NA
"21589","20190912:0000",-44.12476,171.31075,"Orton",1140,NA,0,"Canterbury",1010,6.8,9.6,NA
"21590","20190913:0000",-44.12476,171.31075,"Orton",1140,NA,0,"Canterbury",1010,19.1,8.35,NA
"21591","20190914:0000",-44.12476,171.31075,"Orton",1140,NA,0,"Canterbury",1010,4,7.15,NA
"21592","20190915:0000",-44.12476,171.31075,"Orton",1140,NA,0,"Canterbury",1010,4,8.8,NA
"21593","20190916:0000",-44.12476,171.31075,"Orton",1140,NA,0,"Canterbury",1010,4,9.75,NA
"21594","20190917:0000",-44.12476,171.31075,"Orton",1140,NA,0,"Canterbury",1010,6.8,11.25,NA
"21595","20190918:0000",-44.12476,171.31075,"Orton",1140,NA,0,"Canterbury",1010,2.9,6.9,NA
"21596","20190919:0000",-44.12476,171.31075,"Orton",1140,NA,0,"Canterbury",1010,5,7.45,NA
"21597","20190920:0000",-44.12476,171.31075,"Orton",1140,NA,0,"Canterbury",1010,5.8,8.55,NA
"21598","20190921:0000",-44.12476,171.31075,"Orton",1140,NA,0,"Canterbury",1010,1.8,7.5,NA
"21599","20190922:0000",-44.12476,171.31075,"Orton",1140,NA,0,"Canterbury",1010,1.4,11.1,NA
"21600","20190923:0000",-44.12476,171.31075,"Orton",1140,NA,0,"Canterbury",1010,3.6,10.15,NA
"21601","20190924:0000",-44.12476,171.31075,"Orton",1140,NA,0,"Canterbury",1010,2.9,8.4,NA
"21602","20190925:0000",-44.12476,171.31075,"Orton",1140,NA,0,"Canterbury",1010,5.8,7.7,NA
"21603","20190926:0000",-44.12476,171.31075,"Orton",1140,NA,0,"Canterbury",1010,4,9.15,NA
"21604","20190927:0000",-44.12476,171.31075,"Orton",1140,NA,0,"Canterbury",1010,7.9,11.5,NA
"21605","20190928:0000",-44.12476,171.31075,"Orton",1140,NA,0,"Canterbury",1010,3.6,13.35,NA
"21606","20190929:0000",-44.12476,171.31075,"Orton",1140,NA,0,"Canterbury",1010,2.9,10.15,NA
"21607","20190930:0000",-44.12476,171.31075,"Orton",1140,NA,0,"Canterbury",1010,2.5,9.85,NA
"21608","20191001:0000",-44.12476,171.31075,"Orton",1140,NA,0,"Canterbury",1010,1.4,7,NA
"21609","20191002:0000",-44.12476,171.31075,"Orton",1140,NA,0,"Canterbury",1010,23.8,NA,NA
"21610","20191003:0000",-44.12476,171.31075,"Orton",1140,NA,0,"Canterbury",1010,NA,NA,NA
"21611","20191004:0000",-44.12476,171.31075,"Orton",1140,NA,0,"Canterbury",1010,NA,NA,NA
"21612","20191005:0000",-44.12476,171.31075,"Orton",1140,NA,0,"Canterbury",1010,NA,NA,NA
"21613","20191006:0000",-44.12476,171.31075,"Orton",1140,NA,0,"Canterbury",1010,NA,NA,NA
"21614","20191007:0000",-44.12476,171.31075,"Orton",1140,NA,0,"Canterbury",1010,NA,NA,NA
"21615","20191008:0000",-44.12476,171.31075,"Orton",1140,NA,0,"Canterbury",1010,3.6,NA,NA
"21616","20191009:0000",-44.12476,171.31075,"Orton",1140,NA,0,"Canterbury",1010,2.5,12.25,NA
"21617","20191010:0000",-44.12476,171.31075,"Orton",1140,NA,0,"Canterbury",1010,6.5,9.95,NA
"21618","20191011:0000",-44.12476,171.31075,"Orton",1140,NA,0,"Canterbury",1010,6.1,10.9,NA
"21619","20191012:0000",-44.12476,171.31075,"Orton",1140,NA,0,"Canterbury",1010,5.8,9.05,NA
"21620","20191013:0000",-44.12476,171.31075,"Orton",1140,NA,0,"Canterbury",1010,7.2,9.55,NA
"21621","20191014:0000",-44.12476,171.31075,"Orton",1140,NA,0,"Canterbury",1010,7.2,11.15,NA
"21622","20191015:0000",-44.12476,171.31075,"Orton",1140,NA,0,"Canterbury",1010,4.3,10.15,NA
"21623","20191016:0000",-44.12476,171.31075,"Orton",1140,NA,0,"Canterbury",1010,2.9,10,NA
"21624","20191017:0000",-44.12476,171.31075,"Orton",1140,NA,0,"Canterbury",1010,3.6,12.35,NA
"21625","20191018:0000",-44.12476,171.31075,"Orton",1140,NA,0,"Canterbury",1010,3.2,8.15,NA
"21626","20191019:0000",-44.12476,171.31075,"Orton",1140,NA,0,"Canterbury",1010,4,10.95,NA
"21627","20191020:0000",-44.12476,171.31075,"Orton",1140,NA,0,"Canterbury",1010,4.7,12.85,NA
"21628","20191021:0000",-44.12476,171.31075,"Orton",1140,NA,0,"Canterbury",1010,4.7,10.45,NA
"21629","20191022:0000",-44.12476,171.31075,"Orton",1140,NA,0,"Canterbury",1010,10.4,7.3,NA
"21630","20191023:0000",-44.12476,171.31075,"Orton",1140,NA,0,"Canterbury",1010,4.3,8.1,NA
"21631","20191024:0000",-44.12476,171.31075,"Orton",1140,NA,0,"Canterbury",1010,11.9,9.35,NA
"21632","20191025:0000",-44.12476,171.31075,"Orton",1140,NA,0,"Canterbury",1010,6.8,6.85,NA
"21633","20191026:0000",-44.12476,171.31075,"Orton",1140,NA,0,"Canterbury",1010,3.6,14.8,NA
"21634","20191027:0000",-44.12476,171.31075,"Orton",1140,NA,0,"Canterbury",1010,23,16.7,NA
"21635","20191028:0000",-44.12476,171.31075,"Orton",1140,NA,0,"Canterbury",1010,4.3,12.15,NA
"21636","20191029:0000",-44.12476,171.31075,"Orton",1140,NA,0,"Canterbury",1010,4.3,9.75,NA
"21637","20191030:0000",-44.12476,171.31075,"Orton",1140,NA,0,"Canterbury",1010,2.9,12.75,NA
"21638","20191031:0000",-44.12476,171.31075,"Orton",1140,NA,0,"Canterbury",1010,4.7,9.65,NA
"21639","20191101:0000",-44.12476,171.31075,"Orton",1140,NA,0,"Canterbury",1010,7.2,9.4,NA
"21640","20191102:0000",-44.12476,171.31075,"Orton",1140,NA,0,"Canterbury",1010,10.1,19.2,NA
"21641","20191103:0000",-44.12476,171.31075,"Orton",1140,NA,0,"Canterbury",1010,4.3,21.2,NA
"21642","20191104:0000",-44.12476,171.31075,"Orton",1140,NA,0,"Canterbury",1010,7.2,17.4,NA
"21643","20191105:0000",-44.12476,171.31075,"Orton",1140,NA,0,"Canterbury",1010,1.8,13.85,NA
"21644","20191106:0000",-44.12476,171.31075,"Orton",1140,NA,0,"Canterbury",1010,6.8,11.25,NA
"21645","20191107:0000",-44.12476,171.31075,"Orton",1140,NA,0,"Canterbury",1010,2.9,15.15,NA
"21646","20191108:0000",-44.12476,171.31075,"Orton",1140,NA,0,"Canterbury",1010,6.1,18.4,NA
"21647","20191109:0000",-44.12476,171.31075,"Orton",1140,NA,0,"Canterbury",1010,13,19.95,NA
"21648","20191110:0000",-44.12476,171.31075,"Orton",1140,NA,0,"Canterbury",1010,8.6,13,NA
"21649","20191111:0000",-44.12476,171.31075,"Orton",1140,NA,0,"Canterbury",1010,2.2,10.2,NA
"21650","20191112:0000",-44.12476,171.31075,"Orton",1140,NA,0,"Canterbury",1010,3.2,10.8,NA
"21651","20191113:0000",-44.12476,171.31075,"Orton",1140,NA,0,"Canterbury",1010,2.9,14.55,NA
"21652","20191114:0000",-44.12476,171.31075,"Orton",1140,NA,0,"Canterbury",1010,7.2,12.25,NA
"21653","20191115:0000",-44.12476,171.31075,"Orton",1140,NA,0,"Canterbury",1010,5,13.35,NA
"21654","20191116:0000",-44.12476,171.31075,"Orton",1140,NA,0,"Canterbury",1010,9,15.4,NA
"21655","20191117:0000",-44.12476,171.31075,"Orton",1140,NA,0,"Canterbury",1010,5.4,12.95,NA
"21656","20191118:0000",-44.12476,171.31075,"Orton",1140,NA,0,"Canterbury",1010,3.2,11.3,NA
"21657","20191119:0000",-44.12476,171.31075,"Orton",1140,NA,0,"Canterbury",1010,3.6,10.75,NA
"21658","20191120:0000",-44.12476,171.31075,"Orton",1140,NA,0,"Canterbury",1010,11.9,11.65,NA
"21659","20191121:0000",-44.12476,171.31075,"Orton",1140,NA,0,"Canterbury",1010,1.8,11.9,NA
"21660","20191122:0000",-44.12476,171.31075,"Orton",1140,NA,0,"Canterbury",1010,7.2,19.05,NA
"21661","20191123:0000",-44.12476,171.31075,"Orton",1140,NA,0,"Canterbury",1010,7.9,14.25,NA
"21662","20191124:0000",-44.12476,171.31075,"Orton",1140,NA,0,"Canterbury",1010,4,19.6,NA
"21663","20191125:0000",-44.12476,171.31075,"Orton",1140,NA,0,"Canterbury",1010,6.1,13.35,NA
"21664","20191126:0000",-44.12476,171.31075,"Orton",1140,NA,0,"Canterbury",1010,3.6,15.75,NA
"21665","20191127:0000",-44.12476,171.31075,"Orton",1140,NA,0,"Canterbury",1010,2.2,19.4,NA
"21666","20191128:0000",-44.12476,171.31075,"Orton",1140,NA,0,"Canterbury",1010,2.2,21.15,NA
"21667","20191129:0000",-44.12476,171.31075,"Orton",1140,NA,0,"Canterbury",1010,4.7,12.95,NA
"21668","20191130:0000",-44.12476,171.31075,"Orton",1140,NA,0,"Canterbury",1010,1.8,16.45,NA
"21669","20191201:0000",-44.12476,171.31075,"Orton",1140,NA,0,"Canterbury",1010,11.5,17.95,NA
"21670","20191202:0000",-44.12476,171.31075,"Orton",1140,NA,0,"Canterbury",1010,9.7,16.05,NA
"21671","20191203:0000",-44.12476,171.31075,"Orton",1140,NA,0,"Canterbury",1010,19.8,19.15,NA
"21672","20191204:0000",-44.12476,171.31075,"Orton",1140,NA,0,"Canterbury",1010,20.9,15.8,NA
"21673","20191205:0000",-44.12476,171.31075,"Orton",1140,NA,0,"Canterbury",1010,4.3,14.55,NA
"21674","20191206:0000",-44.12476,171.31075,"Orton",1140,NA,0,"Canterbury",1010,6.8,16.55,NA
"21675","20191207:0000",-44.12476,171.31075,"Orton",1140,NA,0,"Canterbury",1010,2.5,18.3,NA
"21676","20191208:0000",-44.12476,171.31075,"Orton",1140,NA,0,"Canterbury",1010,7.9,16.45,NA
"21677","20191209:0000",-44.12476,171.31075,"Orton",1140,NA,0,"Canterbury",1010,5,12.35,NA
"21678","20191210:0000",-44.12476,171.31075,"Orton",1140,NA,0,"Canterbury",1010,4,14.35,NA
"21679","20191211:0000",-44.12476,171.31075,"Orton",1140,NA,0,"Canterbury",1010,4,15.85,NA
"21680","20191212:0000",-44.12476,171.31075,"Orton",1140,NA,0,"Canterbury",1010,3.6,16.65,NA
"21681","20191213:0000",-44.12476,171.31075,"Orton",1140,NA,0,"Canterbury",1010,4.7,16.95,NA
"21682","20191214:0000",-44.12476,171.31075,"Orton",1140,NA,0,"Canterbury",1010,7.6,15.45,NA
"21683","20191215:0000",-44.12476,171.31075,"Orton",1140,NA,0,"Canterbury",1010,2.9,14.85,NA
"21684","20191216:0000",-44.12476,171.31075,"Orton",1140,NA,0,"Canterbury",1010,3.6,12.95,NA
"21685","20191217:0000",-44.12476,171.31075,"Orton",1140,NA,0,"Canterbury",1010,10.8,12.1,NA
"21686","20191218:0000",-44.12476,171.31075,"Orton",1140,NA,0,"Canterbury",1010,5.8,12.8,NA
"21687","20191219:0000",-44.12476,171.31075,"Orton",1140,NA,0,"Canterbury",1010,2.9,13.65,NA
"21688","20191220:0000",-44.12476,171.31075,"Orton",1140,NA,0,"Canterbury",1010,5,14.6,NA
"21689","20191221:0000",-44.12476,171.31075,"Orton",1140,NA,0,"Canterbury",1010,4.3,10.8,NA
"21690","20191222:0000",-44.12476,171.31075,"Orton",1140,NA,0,"Canterbury",1010,3.6,18.75,NA
"21691","20191223:0000",-44.12476,171.31075,"Orton",1140,NA,0,"Canterbury",1010,5,14.6,NA
"21692","20191224:0000",-44.12476,171.31075,"Orton",1140,NA,0,"Canterbury",1010,5.8,13.8,NA
"21693","20191225:0000",-44.12476,171.31075,"Orton",1140,NA,0,"Canterbury",1010,7.9,14.25,NA
"21694","20191226:0000",-44.12476,171.31075,"Orton",1140,NA,0,"Canterbury",1010,2.2,13.6,NA
"21695","20191227:0000",-44.12476,171.31075,"Orton",1140,NA,0,"Canterbury",1010,4.3,17.15,NA
"21696","20191228:0000",-44.12476,171.31075,"Orton",1140,NA,0,"Canterbury",1010,3.2,12.95,NA
"21697","20191229:0000",-44.12476,171.31075,"Orton",1140,NA,0,"Canterbury",1010,4,16.25,NA
"21698","20191230:0000",-44.12476,171.31075,"Orton",1140,NA,0,"Canterbury",1010,8.3,14.75,NA
"21699","20191231:0000",-44.12476,171.31075,"Orton",1140,NA,0,"Canterbury",1010,9,17.8,NA
"21700","20200101:0000",-44.12476,171.31075,"Orton",1140,NA,0,"Canterbury",1010,3.2,17.45,NA
"21701","20200102:0000",-44.12476,171.31075,"Orton",1140,NA,0,"Canterbury",1010,5.8,17.8,NA
"21702","20200103:0000",-44.12476,171.31075,"Orton",1140,NA,0,"Canterbury",1010,4.3,12,NA
"21703","20200104:0000",-44.12476,171.31075,"Orton",1140,NA,0,"Canterbury",1010,4.3,12.3,NA
"21704","20200105:0000",-44.12476,171.31075,"Orton",1140,NA,0,"Canterbury",1010,9.7,18.15,NA
"21705","20200106:0000",-44.12476,171.31075,"Orton",1140,NA,0,"Canterbury",1010,7.2,15.25,NA
"21706","20200107:0000",-44.12476,171.31075,"Orton",1140,NA,0,"Canterbury",1010,5,13,NA
"21707","20200108:0000",-44.12476,171.31075,"Orton",1140,NA,0,"Canterbury",1010,2.9,13.3,NA
"21708","20200109:0000",-44.12476,171.31075,"Orton",1140,NA,0,"Canterbury",1010,2.2,13.4,NA
"21709","20200110:0000",-44.12476,171.31075,"Orton",1140,NA,0,"Canterbury",1010,2.2,13.5,NA
"21710","20200111:0000",-44.12476,171.31075,"Orton",1140,NA,0,"Canterbury",1010,2.5,15.25,NA
"21711","20200112:0000",-44.12476,171.31075,"Orton",1140,NA,0,"Canterbury",1010,6.5,17.75,NA
"21712","20200113:0000",-44.12476,171.31075,"Orton",1140,NA,0,"Canterbury",1010,8.3,14.05,NA
"21713","20200114:0000",-44.12476,171.31075,"Orton",1140,NA,0,"Canterbury",1010,2.5,13.8,NA
"21714","20200115:0000",-44.12476,171.31075,"Orton",1140,NA,0,"Canterbury",1010,2.5,12.45,NA
"21715","20200116:0000",-44.12476,171.31075,"Orton",1140,NA,0,"Canterbury",1010,5,15.15,NA
"21716","20200117:0000",-44.12476,171.31075,"Orton",1140,NA,0,"Canterbury",1010,9,14.1,NA
"21717","20200118:0000",-44.12476,171.31075,"Orton",1140,NA,0,"Canterbury",1010,8.3,13.9,NA
"21718","20200119:0000",-44.12476,171.31075,"Orton",1140,NA,0,"Canterbury",1010,2.5,16.15,NA
"21719","20200120:0000",-44.12476,171.31075,"Orton",1140,NA,0,"Canterbury",1010,2.5,15.85,NA
"21720","20200121:0000",-44.12476,171.31075,"Orton",1140,NA,0,"Canterbury",1010,3.6,17.45,NA
"21721","20200122:0000",-44.12476,171.31075,"Orton",1140,NA,0,"Canterbury",1010,6.1,18.7,NA
"21722","20200123:0000",-44.12476,171.31075,"Orton",1140,NA,0,"Canterbury",1010,7.2,15.55,NA
"21723","20200124:0000",-44.12476,171.31075,"Orton",1140,NA,0,"Canterbury",1010,5.4,20.4,NA
"21724","20200125:0000",-44.12476,171.31075,"Orton",1140,NA,0,"Canterbury",1010,3.2,22.9,NA
"21725","20200126:0000",-44.12476,171.31075,"Orton",1140,NA,0,"Canterbury",1010,5.4,18.1,NA
"21726","20200127:0000",-44.12476,171.31075,"Orton",1140,NA,0,"Canterbury",1010,4.3,18.55,NA
"21727","20200128:0000",-44.12476,171.31075,"Orton",1140,NA,0,"Canterbury",1010,2.9,18.9,NA
"21728","20200129:0000",-44.12476,171.31075,"Orton",1140,NA,0,"Canterbury",1010,2.2,21,NA
"21729","20200130:0000",-44.12476,171.31075,"Orton",1140,NA,0,"Canterbury",1010,10.4,19.8,NA
"21730","20200131:0000",-44.12476,171.31075,"Orton",1140,NA,0,"Canterbury",1010,10.1,16.65,NA
"21731","20200201:0000",-44.12476,171.31075,"Orton",1140,NA,0,"Canterbury",1010,2.9,18.2,NA
"21732","20200202:0000",-44.12476,171.31075,"Orton",1140,NA,0,"Canterbury",1010,5.4,23.9,NA
"21733","20200203:0000",-44.12476,171.31075,"Orton",1140,NA,0,"Canterbury",1010,6.8,24.5,NA
"21734","20200204:0000",-44.12476,171.31075,"Orton",1140,NA,0,"Canterbury",1010,7.9,14.35,NA
"21735","20200205:0000",-44.12476,171.31075,"Orton",1140,NA,0,"Canterbury",1010,7.2,13.25,NA
"21736","20200206:0000",-44.12476,171.31075,"Orton",1140,NA,0,"Canterbury",1010,7.9,11.4,NA
"21737","20200207:0000",-44.12476,171.31075,"Orton",1140,NA,0,"Canterbury",1010,3.2,14.9,NA
"21738","20200208:0000",-44.12476,171.31075,"Orton",1140,NA,0,"Canterbury",1010,3.2,13.3,NA
"21739","20200209:0000",-44.12476,171.31075,"Orton",1140,NA,0,"Canterbury",1010,3.2,13.3,NA
"21740","20200210:0000",-44.12476,171.31075,"Orton",1140,NA,0,"Canterbury",1010,6.5,15.05,NA
"21741","20200211:0000",-44.12476,171.31075,"Orton",1140,NA,0,"Canterbury",1010,5.8,14.4,NA
"21742","20200212:0000",-44.12476,171.31075,"Orton",1140,NA,0,"Canterbury",1010,5.8,19,NA
"21743","20200213:0000",-44.12476,171.31075,"Orton",1140,NA,0,"Canterbury",1010,3.6,18.25,NA
"21744","20200214:0000",-44.12476,171.31075,"Orton",1140,NA,0,"Canterbury",1010,3.2,13.35,NA
"21745","20200215:0000",-44.12476,171.31075,"Orton",1140,NA,0,"Canterbury",1010,7.9,16.9,NA
"21746","20200216:0000",-44.12476,171.31075,"Orton",1140,NA,0,"Canterbury",1010,16.6,19.4,NA
"21747","20200217:0000",-44.12476,171.31075,"Orton",1140,NA,0,"Canterbury",1010,2.9,22.45,NA
"21748","20200218:0000",-44.12476,171.31075,"Orton",1140,NA,0,"Canterbury",1010,3.2,18.1,NA
"21749","20200219:0000",-44.12476,171.31075,"Orton",1140,NA,0,"Canterbury",1010,4.3,17.45,NA
"21750","20180101:0000",-44.03774,170.77051,"Ashwick Flat",64,NA,0,"Canterbury",1010,4.8,15.1,NA
"21751","20180102:0000",-44.03774,170.77051,"Ashwick Flat",64,NA,0,"Canterbury",1010,6.5,18.25,NA
"21752","20180103:0000",-44.03774,170.77051,"Ashwick Flat",64,NA,0,"Canterbury",1010,4.6,18.9,NA
"21753","20180104:0000",-44.03774,170.77051,"Ashwick Flat",64,NA,0,"Canterbury",1010,7.6,19.95,NA
"21754","20180105:0000",-44.03774,170.77051,"Ashwick Flat",64,NA,0,"Canterbury",1010,1.3,14.5,NA
"21755","20180106:0000",-44.03774,170.77051,"Ashwick Flat",64,NA,0,"Canterbury",1010,12.8,13.35,NA
"21756","20180107:0000",-44.03774,170.77051,"Ashwick Flat",64,NA,0,"Canterbury",1010,7.8,13.45,NA
"21757","20180108:0000",-44.03774,170.77051,"Ashwick Flat",64,NA,0,"Canterbury",1010,3,16.2,NA
"21758","20180109:0000",-44.03774,170.77051,"Ashwick Flat",64,NA,0,"Canterbury",1010,6.8,17.9,NA
"21759","20180110:0000",-44.03774,170.77051,"Ashwick Flat",64,NA,0,"Canterbury",1010,8.6,13.5,NA
"21760","20180111:0000",-44.03774,170.77051,"Ashwick Flat",64,NA,0,"Canterbury",1010,8.3,10.8,NA
"21761","20180112:0000",-44.03774,170.77051,"Ashwick Flat",64,NA,0,"Canterbury",1010,9.1,11.8,NA
"21762","20180113:0000",-44.03774,170.77051,"Ashwick Flat",64,NA,0,"Canterbury",1010,9.1,15.3,NA
"21763","20180114:0000",-44.03774,170.77051,"Ashwick Flat",64,NA,0,"Canterbury",1010,2.9,17.45,NA
"21764","20180115:0000",-44.03774,170.77051,"Ashwick Flat",64,NA,0,"Canterbury",1010,3.5,22.4,NA
"21765","20180116:0000",-44.03774,170.77051,"Ashwick Flat",64,NA,0,"Canterbury",1010,6.7,21.6,NA
"21766","20180117:0000",-44.03774,170.77051,"Ashwick Flat",64,NA,0,"Canterbury",1010,2.3,19.5,NA
"21767","20180118:0000",-44.03774,170.77051,"Ashwick Flat",64,NA,0,"Canterbury",1010,5.2,18.65,NA
"21768","20180119:0000",-44.03774,170.77051,"Ashwick Flat",64,NA,0,"Canterbury",1010,1.4,19.45,NA
"21769","20180120:0000",-44.03774,170.77051,"Ashwick Flat",64,NA,0,"Canterbury",1010,5.9,21.45,NA
"21770","20180121:0000",-44.03774,170.77051,"Ashwick Flat",64,NA,0,"Canterbury",1010,7.6,17.2,NA
"21771","20180122:0000",-44.03774,170.77051,"Ashwick Flat",64,NA,0,"Canterbury",1010,4.2,19.25,NA
"21772","20180123:0000",-44.03774,170.77051,"Ashwick Flat",64,NA,0,"Canterbury",1010,4.6,22.45,NA
"21773","20180124:0000",-44.03774,170.77051,"Ashwick Flat",64,NA,0,"Canterbury",1010,5,23.25,NA
"21774","20180125:0000",-44.03774,170.77051,"Ashwick Flat",64,NA,0,"Canterbury",1010,6.7,23.8,NA
"21775","20180126:0000",-44.03774,170.77051,"Ashwick Flat",64,NA,0,"Canterbury",1010,8,17.45,NA
"21776","20180127:0000",-44.03774,170.77051,"Ashwick Flat",64,NA,0,"Canterbury",1010,5.8,20.5,NA
"21777","20180128:0000",-44.03774,170.77051,"Ashwick Flat",64,NA,0,"Canterbury",1010,3.6,19.45,NA
"21778","20180129:0000",-44.03774,170.77051,"Ashwick Flat",64,NA,0,"Canterbury",1010,2.2,23.1,NA
"21779","20180130:0000",-44.03774,170.77051,"Ashwick Flat",64,NA,0,"Canterbury",1010,3.1,25.4,NA
"21780","20180131:0000",-44.03774,170.77051,"Ashwick Flat",64,NA,0,"Canterbury",1010,4.5,21.45,NA
"21781","20180201:0000",-44.03774,170.77051,"Ashwick Flat",64,NA,0,"Canterbury",1010,2.8,17.45,NA
"21782","20180202:0000",-44.03774,170.77051,"Ashwick Flat",64,NA,0,"Canterbury",1010,8.4,11.15,NA
"21783","20180203:0000",-44.03774,170.77051,"Ashwick Flat",64,NA,0,"Canterbury",1010,5.6,10.95,NA
"21784","20180204:0000",-44.03774,170.77051,"Ashwick Flat",64,NA,0,"Canterbury",1010,5.2,15.65,NA
"21785","20180205:0000",-44.03774,170.77051,"Ashwick Flat",64,NA,0,"Canterbury",1010,4.3,16.25,NA
"21786","20180206:0000",-44.03774,170.77051,"Ashwick Flat",64,NA,0,"Canterbury",1010,13.2,12.75,NA
"21787","20180207:0000",-44.03774,170.77051,"Ashwick Flat",64,NA,0,"Canterbury",1010,7.4,11.8,NA
"21788","20180208:0000",-44.03774,170.77051,"Ashwick Flat",64,NA,0,"Canterbury",1010,4.6,14.5,NA
"21789","20180209:0000",-44.03774,170.77051,"Ashwick Flat",64,NA,0,"Canterbury",1010,2.7,15.5,NA
"21790","20180210:0000",-44.03774,170.77051,"Ashwick Flat",64,NA,0,"Canterbury",1010,4.1,15.55,NA
"21791","20180211:0000",-44.03774,170.77051,"Ashwick Flat",64,NA,0,"Canterbury",1010,4.9,16.85,NA
"21792","20180212:0000",-44.03774,170.77051,"Ashwick Flat",64,NA,0,"Canterbury",1010,5.1,18.4,NA
"21793","20180213:0000",-44.03774,170.77051,"Ashwick Flat",64,NA,0,"Canterbury",1010,5.1,18.3,NA
"21794","20180214:0000",-44.03774,170.77051,"Ashwick Flat",64,NA,0,"Canterbury",1010,2.2,13.65,NA
"21795","20180215:0000",-44.03774,170.77051,"Ashwick Flat",64,NA,0,"Canterbury",1010,1.4,18.95,NA
"21796","20180216:0000",-44.03774,170.77051,"Ashwick Flat",64,NA,0,"Canterbury",1010,7.1,18.75,NA
"21797","20180217:0000",-44.03774,170.77051,"Ashwick Flat",64,NA,0,"Canterbury",1010,9.7,17.65,NA
"21798","20180218:0000",-44.03774,170.77051,"Ashwick Flat",64,NA,0,"Canterbury",1010,3.6,17.55,NA
"21799","20180219:0000",-44.03774,170.77051,"Ashwick Flat",64,NA,0,"Canterbury",1010,6.6,14,NA
"21800","20180220:0000",-44.03774,170.77051,"Ashwick Flat",64,NA,0,"Canterbury",1010,16.1,9.25,NA
"21801","20180221:0000",-44.03774,170.77051,"Ashwick Flat",64,NA,0,"Canterbury",1010,11.8,8.65,NA
"21802","20180222:0000",-44.03774,170.77051,"Ashwick Flat",64,NA,0,"Canterbury",1010,11.1,12.55,NA
"21803","20180223:0000",-44.03774,170.77051,"Ashwick Flat",64,NA,0,"Canterbury",1010,9,13.2,NA
"21804","20180224:0000",-44.03774,170.77051,"Ashwick Flat",64,NA,0,"Canterbury",1010,7.6,13.85,NA
"21805","20180225:0000",-44.03774,170.77051,"Ashwick Flat",64,NA,0,"Canterbury",1010,9.2,18.65,NA
"21806","20180226:0000",-44.03774,170.77051,"Ashwick Flat",64,NA,0,"Canterbury",1010,5.1,12.5,NA
"21807","20180227:0000",-44.03774,170.77051,"Ashwick Flat",64,NA,0,"Canterbury",1010,4,10.85,NA
"21808","20180228:0000",-44.03774,170.77051,"Ashwick Flat",64,NA,0,"Canterbury",1010,6.2,NA,NA
"21809","20180301:0000",-44.03774,170.77051,"Ashwick Flat",64,NA,0,"Canterbury",1010,7,17.15,NA
"21810","20180302:0000",-44.03774,170.77051,"Ashwick Flat",64,NA,0,"Canterbury",1010,3.9,19.1,NA
"21811","20180303:0000",-44.03774,170.77051,"Ashwick Flat",64,NA,0,"Canterbury",1010,3,18.9,NA
"21812","20180304:0000",-44.03774,170.77051,"Ashwick Flat",64,NA,0,"Canterbury",1010,7.4,18.95,NA
"21813","20180305:0000",-44.03774,170.77051,"Ashwick Flat",64,NA,0,"Canterbury",1010,5.1,16.95,NA
"21814","20180306:0000",-44.03774,170.77051,"Ashwick Flat",64,NA,0,"Canterbury",1010,11.3,12.1,NA
"21815","20180307:0000",-44.03774,170.77051,"Ashwick Flat",64,NA,0,"Canterbury",1010,4.8,10.65,NA
"21816","20180308:0000",-44.03774,170.77051,"Ashwick Flat",64,NA,0,"Canterbury",1010,7,12.1,NA
"21817","20180309:0000",-44.03774,170.77051,"Ashwick Flat",64,NA,0,"Canterbury",1010,17.4,10.15,NA
"21818","20180310:0000",-44.03774,170.77051,"Ashwick Flat",64,NA,0,"Canterbury",1010,NA,11.2,NA
"21819","20180311:0000",-44.03774,170.77051,"Ashwick Flat",64,NA,0,"Canterbury",1010,NA,14,NA
"21820","20180312:0000",-44.03774,170.77051,"Ashwick Flat",64,NA,0,"Canterbury",1010,NA,15.3,NA
"21821","20180313:0000",-44.03774,170.77051,"Ashwick Flat",64,NA,0,"Canterbury",1010,NA,14.85,NA
"21822","20180314:0000",-44.03774,170.77051,"Ashwick Flat",64,NA,0,"Canterbury",1010,NA,12.05,NA
"21823","20180315:0000",-44.03774,170.77051,"Ashwick Flat",64,NA,0,"Canterbury",1010,NA,15.5,NA
"21824","20180316:0000",-44.03774,170.77051,"Ashwick Flat",64,NA,0,"Canterbury",1010,NA,16.95,NA
"21825","20180317:0000",-44.03774,170.77051,"Ashwick Flat",64,NA,0,"Canterbury",1010,NA,9.1,NA
"21826","20180318:0000",-44.03774,170.77051,"Ashwick Flat",64,NA,0,"Canterbury",1010,NA,12.35,NA
"21827","20180319:0000",-44.03774,170.77051,"Ashwick Flat",64,NA,0,"Canterbury",1010,NA,15.95,NA
"21828","20180320:0000",-44.03774,170.77051,"Ashwick Flat",64,NA,0,"Canterbury",1010,NA,19.95,NA
"21829","20180321:0000",-44.03774,170.77051,"Ashwick Flat",64,NA,0,"Canterbury",1010,NA,15.55,NA
"21830","20180322:0000",-44.03774,170.77051,"Ashwick Flat",64,NA,0,"Canterbury",1010,NA,8.2,NA
"21831","20180323:0000",-44.03774,170.77051,"Ashwick Flat",64,NA,0,"Canterbury",1010,NA,7.95,NA
"21832","20180324:0000",-44.03774,170.77051,"Ashwick Flat",64,NA,0,"Canterbury",1010,NA,10.15,NA
"21833","20180325:0000",-44.03774,170.77051,"Ashwick Flat",64,NA,0,"Canterbury",1010,NA,13.2,NA
"21834","20180326:0000",-44.03774,170.77051,"Ashwick Flat",64,NA,0,"Canterbury",1010,5.6,16.05,NA
"21835","20180327:0000",-44.03774,170.77051,"Ashwick Flat",64,NA,0,"Canterbury",1010,10.7,16.55,NA
"21836","20180328:0000",-44.03774,170.77051,"Ashwick Flat",64,NA,0,"Canterbury",1010,9.9,13.9,NA
"21837","20180329:0000",-44.03774,170.77051,"Ashwick Flat",64,NA,0,"Canterbury",1010,4,12.9,NA
"21838","20180330:0000",-44.03774,170.77051,"Ashwick Flat",64,NA,0,"Canterbury",1010,16.1,14,NA
"21839","20180331:0000",-44.03774,170.77051,"Ashwick Flat",64,NA,0,"Canterbury",1010,11.8,15.8,NA
"21840","20180401:0000",-44.03774,170.77051,"Ashwick Flat",64,NA,0,"Canterbury",1010,3.5,8.1,NA
"21841","20180402:0000",-44.03774,170.77051,"Ashwick Flat",64,NA,0,"Canterbury",1010,6.7,13.95,NA
"21842","20180403:0000",-44.03774,170.77051,"Ashwick Flat",64,NA,0,"Canterbury",1010,20.7,16.4,NA
"21843","20180404:0000",-44.03774,170.77051,"Ashwick Flat",64,NA,0,"Canterbury",1010,13.5,15,NA
"21844","20180405:0000",-44.03774,170.77051,"Ashwick Flat",64,NA,0,"Canterbury",1010,6.6,14.3,NA
"21845","20180406:0000",-44.03774,170.77051,"Ashwick Flat",64,NA,0,"Canterbury",1010,7.5,16.5,NA
"21846","20180407:0000",-44.03774,170.77051,"Ashwick Flat",64,NA,0,"Canterbury",1010,5.7,11.05,NA
"21847","20180408:0000",-44.03774,170.77051,"Ashwick Flat",64,NA,0,"Canterbury",1010,3.3,10.25,NA
"21848","20180409:0000",-44.03774,170.77051,"Ashwick Flat",64,NA,0,"Canterbury",1010,4,6.4,NA
"21849","20180410:0000",-44.03774,170.77051,"Ashwick Flat",64,NA,0,"Canterbury",1010,6.9,3.6,NA
"21850","20180411:0000",-44.03774,170.77051,"Ashwick Flat",64,NA,0,"Canterbury",1010,19.6,5.65,NA
"21851","20180412:0000",-44.03774,170.77051,"Ashwick Flat",64,NA,0,"Canterbury",1010,3.4,4.3,NA
"21852","20180413:0000",-44.03774,170.77051,"Ashwick Flat",64,NA,0,"Canterbury",1010,8.7,6.9,NA
"21853","20180414:0000",-44.03774,170.77051,"Ashwick Flat",64,NA,0,"Canterbury",1010,6.4,5.2,NA
"21854","20180415:0000",-44.03774,170.77051,"Ashwick Flat",64,NA,0,"Canterbury",1010,4.4,6.7,NA
"21855","20180416:0000",-44.03774,170.77051,"Ashwick Flat",64,NA,0,"Canterbury",1010,6.2,10.3,NA
"21856","20180417:0000",-44.03774,170.77051,"Ashwick Flat",64,NA,0,"Canterbury",1010,18.8,9.55,NA
"21857","20180418:0000",-44.03774,170.77051,"Ashwick Flat",64,NA,0,"Canterbury",1010,4.1,8.65,NA
"21858","20180419:0000",-44.03774,170.77051,"Ashwick Flat",64,NA,0,"Canterbury",1010,14.4,11.35,NA
"21859","20180420:0000",-44.03774,170.77051,"Ashwick Flat",64,NA,0,"Canterbury",1010,37.4,14.85,NA
"21860","20180421:0000",-44.03774,170.77051,"Ashwick Flat",64,NA,0,"Canterbury",1010,7.7,NA,NA
"21861","20180422:0000",-44.03774,170.77051,"Ashwick Flat",64,NA,0,"Canterbury",1010,NA,NA,NA
"21862","20180423:0000",-44.03774,170.77051,"Ashwick Flat",64,NA,0,"Canterbury",1010,7.4,NA,NA
"21863","20180424:0000",-44.03774,170.77051,"Ashwick Flat",64,NA,0,"Canterbury",1010,9.9,12.35,NA
"21864","20180425:0000",-44.03774,170.77051,"Ashwick Flat",64,NA,0,"Canterbury",1010,3.4,9.25,NA
"21865","20180426:0000",-44.03774,170.77051,"Ashwick Flat",64,NA,0,"Canterbury",1010,10.3,12.7,NA
"21866","20180427:0000",-44.03774,170.77051,"Ashwick Flat",64,NA,0,"Canterbury",1010,4.4,11.95,NA
"21867","20180428:0000",-44.03774,170.77051,"Ashwick Flat",64,NA,0,"Canterbury",1010,10.3,7.75,NA
"21868","20180429:0000",-44.03774,170.77051,"Ashwick Flat",64,NA,0,"Canterbury",1010,13.9,7.5,NA
"21869","20180430:0000",-44.03774,170.77051,"Ashwick Flat",64,NA,0,"Canterbury",1010,8.7,8.65,NA
"21870","20180501:0000",-44.03774,170.77051,"Ashwick Flat",64,NA,0,"Canterbury",1010,22.2,9.6,NA
"21871","20180502:0000",-44.03774,170.77051,"Ashwick Flat",64,NA,0,"Canterbury",1010,4.5,9.9,NA
"21872","20180503:0000",-44.03774,170.77051,"Ashwick Flat",64,NA,0,"Canterbury",1010,5.5,8.4,NA
"21873","20180504:0000",-44.03774,170.77051,"Ashwick Flat",64,NA,0,"Canterbury",1010,4.6,10.55,NA
"21874","20180505:0000",-44.03774,170.77051,"Ashwick Flat",64,NA,0,"Canterbury",1010,2.6,8.85,NA
"21875","20180506:0000",-44.03774,170.77051,"Ashwick Flat",64,NA,0,"Canterbury",1010,7.2,10.3,NA
"21876","20180507:0000",-44.03774,170.77051,"Ashwick Flat",64,NA,0,"Canterbury",1010,9.1,13.2,NA
"21877","20180508:0000",-44.03774,170.77051,"Ashwick Flat",64,NA,0,"Canterbury",1010,16,13.05,NA
"21878","20180509:0000",-44.03774,170.77051,"Ashwick Flat",64,NA,0,"Canterbury",1010,18.1,13.25,NA
"21879","20180510:0000",-44.03774,170.77051,"Ashwick Flat",64,NA,0,"Canterbury",1010,5,8.25,NA
"21880","20180511:0000",-44.03774,170.77051,"Ashwick Flat",64,NA,0,"Canterbury",1010,4,10.5,NA
"21881","20180512:0000",-44.03774,170.77051,"Ashwick Flat",64,NA,0,"Canterbury",1010,11.4,7.6,NA
"21882","20180513:0000",-44.03774,170.77051,"Ashwick Flat",64,NA,0,"Canterbury",1010,4.5,5.7,NA
"21883","20180514:0000",-44.03774,170.77051,"Ashwick Flat",64,NA,0,"Canterbury",1010,8.3,6,NA
"21884","20180515:0000",-44.03774,170.77051,"Ashwick Flat",64,NA,0,"Canterbury",1010,2.1,7.95,NA
"21885","20180516:0000",-44.03774,170.77051,"Ashwick Flat",64,NA,0,"Canterbury",1010,15.3,7.35,NA
"21886","20180517:0000",-44.03774,170.77051,"Ashwick Flat",64,NA,0,"Canterbury",1010,9.3,8.1,NA
"21887","20180518:0000",-44.03774,170.77051,"Ashwick Flat",64,NA,0,"Canterbury",1010,6.5,10.05,NA
"21888","20180519:0000",-44.03774,170.77051,"Ashwick Flat",64,NA,0,"Canterbury",1010,9.9,8.1,NA
"21889","20180520:0000",-44.03774,170.77051,"Ashwick Flat",64,NA,0,"Canterbury",1010,9.8,10.8,NA
"21890","20180521:0000",-44.03774,170.77051,"Ashwick Flat",64,NA,0,"Canterbury",1010,5.1,7.4,NA
"21891","20180522:0000",-44.03774,170.77051,"Ashwick Flat",64,NA,0,"Canterbury",1010,11.8,5.8,NA
"21892","20180523:0000",-44.03774,170.77051,"Ashwick Flat",64,NA,0,"Canterbury",1010,17.5,5,NA
"21893","20180524:0000",-44.03774,170.77051,"Ashwick Flat",64,NA,0,"Canterbury",1010,24.3,3.95,NA
"21894","20180525:0000",-44.03774,170.77051,"Ashwick Flat",64,NA,0,"Canterbury",1010,7.5,4.05,NA
"21895","20180526:0000",-44.03774,170.77051,"Ashwick Flat",64,NA,0,"Canterbury",1010,10.3,4.9,NA
"21896","20180527:0000",-44.03774,170.77051,"Ashwick Flat",64,NA,0,"Canterbury",1010,13.4,5.85,NA
"21897","20180528:0000",-44.03774,170.77051,"Ashwick Flat",64,NA,0,"Canterbury",1010,9.6,4.9,NA
"21898","20180529:0000",-44.03774,170.77051,"Ashwick Flat",64,NA,0,"Canterbury",1010,6.7,1.35,NA
"21899","20180530:0000",-44.03774,170.77051,"Ashwick Flat",64,NA,0,"Canterbury",1010,4.7,1.75,NA
"21900","20180531:0000",-44.03774,170.77051,"Ashwick Flat",64,NA,0,"Canterbury",1010,8.2,2.2,NA
"21901","20180601:0000",-44.03774,170.77051,"Ashwick Flat",64,NA,0,"Canterbury",1010,2.6,3.3,NA
"21902","20180602:0000",-44.03774,170.77051,"Ashwick Flat",64,NA,0,"Canterbury",1010,8.7,3.2,NA
"21903","20180603:0000",-44.03774,170.77051,"Ashwick Flat",64,NA,0,"Canterbury",1010,13.6,3.45,NA
"21904","20180604:0000",-44.03774,170.77051,"Ashwick Flat",64,NA,0,"Canterbury",1010,9.1,3.5,NA
"21905","20180605:0000",-44.03774,170.77051,"Ashwick Flat",64,NA,0,"Canterbury",1010,13,7.55,NA
"21906","20180606:0000",-44.03774,170.77051,"Ashwick Flat",64,NA,0,"Canterbury",1010,15.2,5.6,NA
"21907","20180607:0000",-44.03774,170.77051,"Ashwick Flat",64,NA,0,"Canterbury",1010,24.3,7.6,NA
"21908","20180608:0000",-44.03774,170.77051,"Ashwick Flat",64,NA,0,"Canterbury",1010,6.6,4.25,NA
"21909","20180609:0000",-44.03774,170.77051,"Ashwick Flat",64,NA,0,"Canterbury",1010,8.6,7.4,NA
"21910","20180610:0000",-44.03774,170.77051,"Ashwick Flat",64,NA,0,"Canterbury",1010,5.4,8.1,NA
"21911","20180611:0000",-44.03774,170.77051,"Ashwick Flat",64,NA,0,"Canterbury",1010,10.1,6.15,NA
"21912","20180612:0000",-44.03774,170.77051,"Ashwick Flat",64,NA,0,"Canterbury",1010,5.7,4.85,NA
"21913","20180613:0000",-44.03774,170.77051,"Ashwick Flat",64,NA,0,"Canterbury",1010,3.4,4.8,NA
"21914","20180614:0000",-44.03774,170.77051,"Ashwick Flat",64,NA,0,"Canterbury",1010,14.2,7.9,NA
"21915","20180615:0000",-44.03774,170.77051,"Ashwick Flat",64,NA,0,"Canterbury",1010,5,7.15,NA
"21916","20180616:0000",-44.03774,170.77051,"Ashwick Flat",64,NA,0,"Canterbury",1010,7.1,7.1,NA
"21917","20180617:0000",-44.03774,170.77051,"Ashwick Flat",64,NA,0,"Canterbury",1010,5.2,7.3,NA
"21918","20180618:0000",-44.03774,170.77051,"Ashwick Flat",64,NA,0,"Canterbury",1010,3.2,1.55,NA
"21919","20180619:0000",-44.03774,170.77051,"Ashwick Flat",64,NA,0,"Canterbury",1010,6.8,4.05,NA
"21920","20180620:0000",-44.03774,170.77051,"Ashwick Flat",64,NA,0,"Canterbury",1010,3.5,4.9,NA
"21921","20180621:0000",-44.03774,170.77051,"Ashwick Flat",64,NA,0,"Canterbury",1010,13.3,4.25,NA
"21922","20180622:0000",-44.03774,170.77051,"Ashwick Flat",64,NA,0,"Canterbury",1010,4.7,1.3,NA
"21923","20180623:0000",-44.03774,170.77051,"Ashwick Flat",64,NA,0,"Canterbury",1010,15.4,4.85,NA
"21924","20180624:0000",-44.03774,170.77051,"Ashwick Flat",64,NA,0,"Canterbury",1010,13.4,6.95,NA
"21925","20180625:0000",-44.03774,170.77051,"Ashwick Flat",64,NA,0,"Canterbury",1010,3.8,5.85,NA
"21926","20180626:0000",-44.03774,170.77051,"Ashwick Flat",64,NA,0,"Canterbury",1010,15,4.9,NA
"21927","20180627:0000",-44.03774,170.77051,"Ashwick Flat",64,NA,0,"Canterbury",1010,12.8,6.6,NA
"21928","20180628:0000",-44.03774,170.77051,"Ashwick Flat",64,NA,0,"Canterbury",1010,11.4,5.2,NA
"21929","20180629:0000",-44.03774,170.77051,"Ashwick Flat",64,NA,0,"Canterbury",1010,14.3,6.25,NA
"21930","20180630:0000",-44.03774,170.77051,"Ashwick Flat",64,NA,0,"Canterbury",1010,12.7,4.15,NA
"21931","20180701:0000",-44.03774,170.77051,"Ashwick Flat",64,NA,0,"Canterbury",1010,4.7,7.4,NA
"21932","20180702:0000",-44.03774,170.77051,"Ashwick Flat",64,NA,0,"Canterbury",1010,7.9,6.75,NA
"21933","20180703:0000",-44.03774,170.77051,"Ashwick Flat",64,NA,0,"Canterbury",1010,8.2,4.25,NA
"21934","20180704:0000",-44.03774,170.77051,"Ashwick Flat",64,NA,0,"Canterbury",1010,13.5,7.05,NA
"21935","20180705:0000",-44.03774,170.77051,"Ashwick Flat",64,NA,0,"Canterbury",1010,8.3,4.35,NA
"21936","20180706:0000",-44.03774,170.77051,"Ashwick Flat",64,NA,0,"Canterbury",1010,8.6,8.65,NA
"21937","20180707:0000",-44.03774,170.77051,"Ashwick Flat",64,NA,0,"Canterbury",1010,30,10.25,NA
"21938","20180708:0000",-44.03774,170.77051,"Ashwick Flat",64,NA,0,"Canterbury",1010,7.6,6.95,NA
"21939","20180709:0000",-44.03774,170.77051,"Ashwick Flat",64,NA,0,"Canterbury",1010,4.6,6.8,NA
"21940","20180710:0000",-44.03774,170.77051,"Ashwick Flat",64,NA,0,"Canterbury",1010,17.8,7.2,NA
"21941","20180711:0000",-44.03774,170.77051,"Ashwick Flat",64,NA,0,"Canterbury",1010,9.5,6.1,NA
"21942","20180712:0000",-44.03774,170.77051,"Ashwick Flat",64,NA,0,"Canterbury",1010,6.7,4.2,NA
"21943","20180713:0000",-44.03774,170.77051,"Ashwick Flat",64,NA,0,"Canterbury",1010,18.3,6.2,NA
"21944","20180714:0000",-44.03774,170.77051,"Ashwick Flat",64,NA,0,"Canterbury",1010,6.7,5.9,NA
"21945","20180715:0000",-44.03774,170.77051,"Ashwick Flat",64,NA,0,"Canterbury",1010,3.8,1.75,NA
"21946","20180716:0000",-44.03774,170.77051,"Ashwick Flat",64,NA,0,"Canterbury",1010,2.8,6.45,NA
"21947","20180717:0000",-44.03774,170.77051,"Ashwick Flat",64,NA,0,"Canterbury",1010,7.3,8.7,NA
"21948","20180718:0000",-44.03774,170.77051,"Ashwick Flat",64,NA,0,"Canterbury",1010,16,8.15,NA
"21949","20180719:0000",-44.03774,170.77051,"Ashwick Flat",64,NA,0,"Canterbury",1010,13.7,7.45,NA
"21950","20180720:0000",-44.03774,170.77051,"Ashwick Flat",64,NA,0,"Canterbury",1010,17.3,6.9,NA
"21951","20180721:0000",-44.03774,170.77051,"Ashwick Flat",64,NA,0,"Canterbury",1010,9.9,8.35,NA
"21952","20180722:0000",-44.03774,170.77051,"Ashwick Flat",64,NA,0,"Canterbury",1010,9.2,7.7,NA
"21953","20180723:0000",-44.03774,170.77051,"Ashwick Flat",64,NA,0,"Canterbury",1010,12.9,6,NA
"21954","20180724:0000",-44.03774,170.77051,"Ashwick Flat",64,NA,0,"Canterbury",1010,6.2,3.75,NA
"21955","20180725:0000",-44.03774,170.77051,"Ashwick Flat",64,NA,0,"Canterbury",1010,7.7,3.95,NA
"21956","20180726:0000",-44.03774,170.77051,"Ashwick Flat",64,NA,0,"Canterbury",1010,8.1,5.3,NA
"21957","20180727:0000",-44.03774,170.77051,"Ashwick Flat",64,NA,0,"Canterbury",1010,8.6,6.6,NA
"21958","20180728:0000",-44.03774,170.77051,"Ashwick Flat",64,NA,0,"Canterbury",1010,15,7.65,NA
"21959","20180729:0000",-44.03774,170.77051,"Ashwick Flat",64,NA,0,"Canterbury",1010,6.8,6.35,NA
"21960","20180730:0000",-44.03774,170.77051,"Ashwick Flat",64,NA,0,"Canterbury",1010,5.9,3.05,NA
"21961","20180731:0000",-44.03774,170.77051,"Ashwick Flat",64,NA,0,"Canterbury",1010,5.6,6.8,NA
"21962","20180801:0000",-44.03774,170.77051,"Ashwick Flat",64,NA,0,"Canterbury",1010,12.5,8.7,NA
"21963","20180802:0000",-44.03774,170.77051,"Ashwick Flat",64,NA,0,"Canterbury",1010,9.1,7.05,NA
"21964","20180803:0000",-44.03774,170.77051,"Ashwick Flat",64,NA,0,"Canterbury",1010,6.1,5.45,NA
"21965","20180804:0000",-44.03774,170.77051,"Ashwick Flat",64,NA,0,"Canterbury",1010,11,5.35,NA
"21966","20180805:0000",-44.03774,170.77051,"Ashwick Flat",64,NA,0,"Canterbury",1010,2.7,3.9,NA
"21967","20180806:0000",-44.03774,170.77051,"Ashwick Flat",64,NA,0,"Canterbury",1010,4.4,4.85,NA
"21968","20180807:0000",-44.03774,170.77051,"Ashwick Flat",64,NA,0,"Canterbury",1010,5.7,6.15,NA
"21969","20180808:0000",-44.03774,170.77051,"Ashwick Flat",64,NA,0,"Canterbury",1010,6.8,7.15,NA
"21970","20180809:0000",-44.03774,170.77051,"Ashwick Flat",64,NA,0,"Canterbury",1010,16.2,10,NA
"21971","20180810:0000",-44.03774,170.77051,"Ashwick Flat",64,NA,0,"Canterbury",1010,6,6.65,NA
"21972","20180811:0000",-44.03774,170.77051,"Ashwick Flat",64,NA,0,"Canterbury",1010,9.4,6.5,NA
"21973","20180812:0000",-44.03774,170.77051,"Ashwick Flat",64,NA,0,"Canterbury",1010,8.3,8.45,NA
"21974","20180813:0000",-44.03774,170.77051,"Ashwick Flat",64,NA,0,"Canterbury",1010,5.9,6.95,NA
"21975","20180814:0000",-44.03774,170.77051,"Ashwick Flat",64,NA,0,"Canterbury",1010,5.1,4.75,NA
"21976","20180815:0000",-44.03774,170.77051,"Ashwick Flat",64,NA,0,"Canterbury",1010,5,6.45,NA
"21977","20180816:0000",-44.03774,170.77051,"Ashwick Flat",64,NA,0,"Canterbury",1010,12.9,9.15,NA
"21978","20180817:0000",-44.03774,170.77051,"Ashwick Flat",64,NA,0,"Canterbury",1010,4.4,4.65,NA
"21979","20180818:0000",-44.03774,170.77051,"Ashwick Flat",64,NA,0,"Canterbury",1010,6.4,4.35,NA
"21980","20180819:0000",-44.03774,170.77051,"Ashwick Flat",64,NA,0,"Canterbury",1010,10.3,3.2,NA
"21981","20180820:0000",-44.03774,170.77051,"Ashwick Flat",64,NA,0,"Canterbury",1010,3.2,2.6,NA
"21982","20180821:0000",-44.03774,170.77051,"Ashwick Flat",64,NA,0,"Canterbury",1010,14.1,6.05,NA
"21983","20180822:0000",-44.03774,170.77051,"Ashwick Flat",64,NA,0,"Canterbury",1010,14.7,7.05,NA
"21984","20180823:0000",-44.03774,170.77051,"Ashwick Flat",64,NA,0,"Canterbury",1010,NA,3.95,NA
"21985","20180824:0000",-44.03774,170.77051,"Ashwick Flat",64,NA,0,"Canterbury",1010,6.2,6,NA
"21986","20180825:0000",-44.03774,170.77051,"Ashwick Flat",64,NA,0,"Canterbury",1010,5.5,5.15,NA
"21987","20180826:0000",-44.03774,170.77051,"Ashwick Flat",64,NA,0,"Canterbury",1010,9.2,8.85,NA
"21988","20180827:0000",-44.03774,170.77051,"Ashwick Flat",64,NA,0,"Canterbury",1010,8.4,10.15,NA
"21989","20180828:0000",-44.03774,170.77051,"Ashwick Flat",64,NA,0,"Canterbury",1010,8.5,5.5,NA
"21990","20180829:0000",-44.03774,170.77051,"Ashwick Flat",64,NA,0,"Canterbury",1010,1.8,5.7,NA
"21991","20180830:0000",-44.03774,170.77051,"Ashwick Flat",64,NA,0,"Canterbury",1010,13.7,6.95,NA
"21992","20180831:0000",-44.03774,170.77051,"Ashwick Flat",64,NA,0,"Canterbury",1010,4.1,6.4,NA
"21993","20180901:0000",-44.03774,170.77051,"Ashwick Flat",64,NA,0,"Canterbury",1010,2.2,6.7,NA
"21994","20180902:0000",-44.03774,170.77051,"Ashwick Flat",64,NA,0,"Canterbury",1010,6,6.65,NA
"21995","20180903:0000",-44.03774,170.77051,"Ashwick Flat",64,NA,0,"Canterbury",1010,15.3,6.3,NA
"21996","20180904:0000",-44.03774,170.77051,"Ashwick Flat",64,NA,0,"Canterbury",1010,9.4,7,NA
"21997","20180905:0000",-44.03774,170.77051,"Ashwick Flat",64,NA,0,"Canterbury",1010,5,6.4,NA
"21998","20180906:0000",-44.03774,170.77051,"Ashwick Flat",64,NA,0,"Canterbury",1010,3.9,4.4,NA
"21999","20180907:0000",-44.03774,170.77051,"Ashwick Flat",64,NA,0,"Canterbury",1010,7.3,5,NA
"22000","20180908:0000",-44.03774,170.77051,"Ashwick Flat",64,NA,0,"Canterbury",1010,2.6,4.25,NA
"22001","20180909:0000",-44.03774,170.77051,"Ashwick Flat",64,NA,0,"Canterbury",1010,6.5,5.8,NA
"22002","20180910:0000",-44.03774,170.77051,"Ashwick Flat",64,NA,0,"Canterbury",1010,1.6,6.1,NA
"22003","20180911:0000",-44.03774,170.77051,"Ashwick Flat",64,NA,0,"Canterbury",1010,4.1,8.85,NA
"22004","20180912:0000",-44.03774,170.77051,"Ashwick Flat",64,NA,0,"Canterbury",1010,4,9.35,NA
"22005","20180913:0000",-44.03774,170.77051,"Ashwick Flat",64,NA,0,"Canterbury",1010,9.2,13.55,NA
"22006","20180914:0000",-44.03774,170.77051,"Ashwick Flat",64,NA,0,"Canterbury",1010,8,12.45,NA
"22007","20180915:0000",-44.03774,170.77051,"Ashwick Flat",64,NA,0,"Canterbury",1010,12.7,13.4,NA
"22008","20180916:0000",-44.03774,170.77051,"Ashwick Flat",64,NA,0,"Canterbury",1010,16,13.65,NA
"22009","20180917:0000",-44.03774,170.77051,"Ashwick Flat",64,NA,0,"Canterbury",1010,13.8,6.4,NA
"22010","20180918:0000",-44.03774,170.77051,"Ashwick Flat",64,NA,0,"Canterbury",1010,6.6,8.05,NA
"22011","20180919:0000",-44.03774,170.77051,"Ashwick Flat",64,NA,0,"Canterbury",1010,2.9,10.05,NA
"22012","20180920:0000",-44.03774,170.77051,"Ashwick Flat",64,NA,0,"Canterbury",1010,6.8,10.85,NA
"22013","20180921:0000",-44.03774,170.77051,"Ashwick Flat",64,NA,0,"Canterbury",1010,3.8,10.25,NA
"22014","20180922:0000",-44.03774,170.77051,"Ashwick Flat",64,NA,0,"Canterbury",1010,5.5,10.4,NA
"22015","20180923:0000",-44.03774,170.77051,"Ashwick Flat",64,NA,0,"Canterbury",1010,12.2,12.15,NA
"22016","20180924:0000",-44.03774,170.77051,"Ashwick Flat",64,NA,0,"Canterbury",1010,10,5.6,NA
"22017","20180925:0000",-44.03774,170.77051,"Ashwick Flat",64,NA,0,"Canterbury",1010,16.4,7.85,NA
"22018","20180926:0000",-44.03774,170.77051,"Ashwick Flat",64,NA,0,"Canterbury",1010,12.6,7.9,NA
"22019","20180927:0000",-44.03774,170.77051,"Ashwick Flat",64,NA,0,"Canterbury",1010,14.3,5.7,NA
"22020","20180928:0000",-44.03774,170.77051,"Ashwick Flat",64,NA,0,"Canterbury",1010,5.1,6.65,NA
"22021","20180929:0000",-44.03774,170.77051,"Ashwick Flat",64,NA,0,"Canterbury",1010,7.4,9.3,NA
"22022","20180930:0000",-44.03774,170.77051,"Ashwick Flat",64,NA,0,"Canterbury",1010,5.6,8.25,NA
"22023","20181001:0000",-44.03774,170.77051,"Ashwick Flat",64,NA,0,"Canterbury",1010,8.4,7.6,NA
"22024","20181002:0000",-44.03774,170.77051,"Ashwick Flat",64,NA,0,"Canterbury",1010,3.2,10.6,NA
"22025","20181003:0000",-44.03774,170.77051,"Ashwick Flat",64,NA,0,"Canterbury",1010,5.9,7.8,NA
"22026","20181004:0000",-44.03774,170.77051,"Ashwick Flat",64,NA,0,"Canterbury",1010,6.5,10.5,NA
"22027","20181005:0000",-44.03774,170.77051,"Ashwick Flat",64,NA,0,"Canterbury",1010,8.1,7.15,NA
"22028","20181006:0000",-44.03774,170.77051,"Ashwick Flat",64,NA,0,"Canterbury",1010,2.2,8.35,NA
"22029","20181007:0000",-44.03774,170.77051,"Ashwick Flat",64,NA,0,"Canterbury",1010,3,9.6,NA
"22030","20181008:0000",-44.03774,170.77051,"Ashwick Flat",64,NA,0,"Canterbury",1010,3.8,9.45,NA
"22031","20181009:0000",-44.03774,170.77051,"Ashwick Flat",64,NA,0,"Canterbury",1010,5.6,9.15,NA
"22032","20181010:0000",-44.03774,170.77051,"Ashwick Flat",64,NA,0,"Canterbury",1010,5.9,12.3,NA
"22033","20181011:0000",-44.03774,170.77051,"Ashwick Flat",64,NA,0,"Canterbury",1010,5.5,7.05,NA
"22034","20181012:0000",-44.03774,170.77051,"Ashwick Flat",64,NA,0,"Canterbury",1010,4.8,2.65,NA
"22035","20181013:0000",-44.03774,170.77051,"Ashwick Flat",64,NA,0,"Canterbury",1010,8.4,5.4,NA
"22036","20181014:0000",-44.03774,170.77051,"Ashwick Flat",64,NA,0,"Canterbury",1010,5.9,7.7,NA
"22037","20181015:0000",-44.03774,170.77051,"Ashwick Flat",64,NA,0,"Canterbury",1010,4.6,5.55,NA
"22038","20181016:0000",-44.03774,170.77051,"Ashwick Flat",64,NA,0,"Canterbury",1010,9.1,9.65,NA
"22039","20181017:0000",-44.03774,170.77051,"Ashwick Flat",64,NA,0,"Canterbury",1010,10,12.9,NA
"22040","20181018:0000",-44.03774,170.77051,"Ashwick Flat",64,NA,0,"Canterbury",1010,5.8,12.65,NA
"22041","20181019:0000",-44.03774,170.77051,"Ashwick Flat",64,NA,0,"Canterbury",1010,9.6,13.25,NA
"22042","20181020:0000",-44.03774,170.77051,"Ashwick Flat",64,NA,0,"Canterbury",1010,8.1,14.2,NA
"22043","20181021:0000",-44.03774,170.77051,"Ashwick Flat",64,NA,0,"Canterbury",1010,5,14.6,NA
"22044","20181022:0000",-44.03774,170.77051,"Ashwick Flat",64,NA,0,"Canterbury",1010,5.5,14.2,NA
"22045","20181023:0000",-44.03774,170.77051,"Ashwick Flat",64,NA,0,"Canterbury",1010,5.1,17.95,NA
"22046","20181024:0000",-44.03774,170.77051,"Ashwick Flat",64,NA,0,"Canterbury",1010,8.2,18.55,NA
"22047","20181025:0000",-44.03774,170.77051,"Ashwick Flat",64,NA,0,"Canterbury",1010,22.4,7.05,NA
"22048","20181026:0000",-44.03774,170.77051,"Ashwick Flat",64,NA,0,"Canterbury",1010,2.8,7.45,NA
"22049","20181027:0000",-44.03774,170.77051,"Ashwick Flat",64,NA,0,"Canterbury",1010,2.5,10.3,NA
"22050","20181028:0000",-44.03774,170.77051,"Ashwick Flat",64,NA,0,"Canterbury",1010,3.7,8,NA
"22051","20181029:0000",-44.03774,170.77051,"Ashwick Flat",64,NA,0,"Canterbury",1010,4.1,8.9,NA
"22052","20181030:0000",-44.03774,170.77051,"Ashwick Flat",64,NA,0,"Canterbury",1010,4.4,8.1,NA
"22053","20181031:0000",-44.03774,170.77051,"Ashwick Flat",64,NA,0,"Canterbury",1010,5.4,9.4,NA
"22054","20181101:0000",-44.03774,170.77051,"Ashwick Flat",64,NA,0,"Canterbury",1010,13.6,9.25,NA
"22055","20181102:0000",-44.03774,170.77051,"Ashwick Flat",64,NA,0,"Canterbury",1010,3.4,8.6,NA
"22056","20181103:0000",-44.03774,170.77051,"Ashwick Flat",64,NA,0,"Canterbury",1010,4.5,15.7,NA
"22057","20181104:0000",-44.03774,170.77051,"Ashwick Flat",64,NA,0,"Canterbury",1010,35,11.1,NA
"22058","20181105:0000",-44.03774,170.77051,"Ashwick Flat",64,NA,0,"Canterbury",1010,4.5,13.15,NA
"22059","20181106:0000",-44.03774,170.77051,"Ashwick Flat",64,NA,0,"Canterbury",1010,5.5,11.95,NA
"22060","20181107:0000",-44.03774,170.77051,"Ashwick Flat",64,NA,0,"Canterbury",1010,9.1,17.3,NA
"22061","20181108:0000",-44.03774,170.77051,"Ashwick Flat",64,NA,0,"Canterbury",1010,9.4,14.7,NA
"22062","20181109:0000",-44.03774,170.77051,"Ashwick Flat",64,NA,0,"Canterbury",1010,NA,3.35,NA
"22063","20181110:0000",-44.03774,170.77051,"Ashwick Flat",64,NA,0,"Canterbury",1010,NA,6.7,NA
"22064","20181111:0000",-44.03774,170.77051,"Ashwick Flat",64,NA,0,"Canterbury",1010,NA,11,NA
"22065","20181112:0000",-44.03774,170.77051,"Ashwick Flat",64,NA,0,"Canterbury",1010,NA,12.85,NA
"22066","20181113:0000",-44.03774,170.77051,"Ashwick Flat",64,NA,0,"Canterbury",1010,NA,11.15,NA
"22067","20181114:0000",-44.03774,170.77051,"Ashwick Flat",64,NA,0,"Canterbury",1010,NA,12.55,NA
"22068","20181115:0000",-44.03774,170.77051,"Ashwick Flat",64,NA,0,"Canterbury",1010,7.1,16.6,NA
"22069","20181116:0000",-44.03774,170.77051,"Ashwick Flat",64,NA,0,"Canterbury",1010,8.7,13.75,NA
"22070","20181117:0000",-44.03774,170.77051,"Ashwick Flat",64,NA,0,"Canterbury",1010,4.3,13,NA
"22071","20181118:0000",-44.03774,170.77051,"Ashwick Flat",64,NA,0,"Canterbury",1010,7.2,13.1,NA
"22072","20181119:0000",-44.03774,170.77051,"Ashwick Flat",64,NA,0,"Canterbury",1010,9.8,4.15,NA
"22073","20181120:0000",-44.03774,170.77051,"Ashwick Flat",64,NA,0,"Canterbury",1010,8.7,5.15,NA
"22074","20181121:0000",-44.03774,170.77051,"Ashwick Flat",64,NA,0,"Canterbury",1010,11.3,7.4,NA
"22075","20181122:0000",-44.03774,170.77051,"Ashwick Flat",64,NA,0,"Canterbury",1010,8.2,10.7,NA
"22076","20181123:0000",-44.03774,170.77051,"Ashwick Flat",64,NA,0,"Canterbury",1010,2.6,10.5,NA
"22077","20181124:0000",-44.03774,170.77051,"Ashwick Flat",64,NA,0,"Canterbury",1010,14.3,11.35,NA
"22078","20181125:0000",-44.03774,170.77051,"Ashwick Flat",64,NA,0,"Canterbury",1010,8.2,11.3,NA
"22079","20181126:0000",-44.03774,170.77051,"Ashwick Flat",64,NA,0,"Canterbury",1010,15.6,10.75,NA
"22080","20181127:0000",-44.03774,170.77051,"Ashwick Flat",64,NA,0,"Canterbury",1010,11.9,10.3,NA
"22081","20181128:0000",-44.03774,170.77051,"Ashwick Flat",64,NA,0,"Canterbury",1010,2.3,10.9,NA
"22082","20181129:0000",-44.03774,170.77051,"Ashwick Flat",64,NA,0,"Canterbury",1010,10.8,10.7,NA
"22083","20181130:0000",-44.03774,170.77051,"Ashwick Flat",64,NA,0,"Canterbury",1010,6.7,11.95,NA
"22084","20181201:0000",-44.03774,170.77051,"Ashwick Flat",64,NA,0,"Canterbury",1010,5.5,13.1,NA
"22085","20181202:0000",-44.03774,170.77051,"Ashwick Flat",64,NA,0,"Canterbury",1010,6.5,14.6,NA
"22086","20181203:0000",-44.03774,170.77051,"Ashwick Flat",64,NA,0,"Canterbury",1010,4.1,15.3,NA
"22087","20181204:0000",-44.03774,170.77051,"Ashwick Flat",64,NA,0,"Canterbury",1010,3.9,16.9,NA
"22088","20181205:0000",-44.03774,170.77051,"Ashwick Flat",64,NA,0,"Canterbury",1010,6,11.95,NA
"22089","20181206:0000",-44.03774,170.77051,"Ashwick Flat",64,NA,0,"Canterbury",1010,21.5,12.55,NA
"22090","20181207:0000",-44.03774,170.77051,"Ashwick Flat",64,NA,0,"Canterbury",1010,10.2,14.65,NA
"22091","20181208:0000",-44.03774,170.77051,"Ashwick Flat",64,NA,0,"Canterbury",1010,5.1,17.15,NA
"22092","20181209:0000",-44.03774,170.77051,"Ashwick Flat",64,NA,0,"Canterbury",1010,7.6,17.25,NA
"22093","20181210:0000",-44.03774,170.77051,"Ashwick Flat",64,NA,0,"Canterbury",1010,10.5,10.3,NA
"22094","20181211:0000",-44.03774,170.77051,"Ashwick Flat",64,NA,0,"Canterbury",1010,2,10.3,NA
"22095","20181212:0000",-44.03774,170.77051,"Ashwick Flat",64,NA,0,"Canterbury",1010,10.3,12,NA
"22096","20181213:0000",-44.03774,170.77051,"Ashwick Flat",64,NA,0,"Canterbury",1010,8.9,12.35,NA
"22097","20181214:0000",-44.03774,170.77051,"Ashwick Flat",64,NA,0,"Canterbury",1010,3.8,15.1,NA
"22098","20181215:0000",-44.03774,170.77051,"Ashwick Flat",64,NA,0,"Canterbury",1010,7.3,15.95,NA
"22099","20181216:0000",-44.03774,170.77051,"Ashwick Flat",64,NA,0,"Canterbury",1010,3.3,14.4,NA
"22100","20181217:0000",-44.03774,170.77051,"Ashwick Flat",64,NA,0,"Canterbury",1010,3.7,19.2,NA
"22101","20181218:0000",-44.03774,170.77051,"Ashwick Flat",64,NA,0,"Canterbury",1010,7.3,20.3,NA
"22102","20181219:0000",-44.03774,170.77051,"Ashwick Flat",64,NA,0,"Canterbury",1010,12.6,9.95,NA
"22103","20181220:0000",-44.03774,170.77051,"Ashwick Flat",64,NA,0,"Canterbury",1010,3.6,9.05,NA
"22104","20181221:0000",-44.03774,170.77051,"Ashwick Flat",64,NA,0,"Canterbury",1010,3.9,10.9,NA
"22105","20181222:0000",-44.03774,170.77051,"Ashwick Flat",64,NA,0,"Canterbury",1010,8.3,12.35,NA
"22106","20181223:0000",-44.03774,170.77051,"Ashwick Flat",64,NA,0,"Canterbury",1010,2.4,9.25,NA
"22107","20181224:0000",-44.03774,170.77051,"Ashwick Flat",64,NA,0,"Canterbury",1010,4.2,13.45,NA
"22108","20181225:0000",-44.03774,170.77051,"Ashwick Flat",64,NA,0,"Canterbury",1010,2.1,16.1,NA
"22109","20181226:0000",-44.03774,170.77051,"Ashwick Flat",64,NA,0,"Canterbury",1010,13.3,10.8,NA
"22110","20181227:0000",-44.03774,170.77051,"Ashwick Flat",64,NA,0,"Canterbury",1010,4.4,12.8,NA
"22111","20181228:0000",-44.03774,170.77051,"Ashwick Flat",64,NA,0,"Canterbury",1010,6.4,14.85,NA
"22112","20181229:0000",-44.03774,170.77051,"Ashwick Flat",64,NA,0,"Canterbury",1010,6.9,19.2,NA
"22113","20181230:0000",-44.03774,170.77051,"Ashwick Flat",64,NA,0,"Canterbury",1010,16.2,22.75,NA
"22114","20181231:0000",-44.03774,170.77051,"Ashwick Flat",64,NA,0,"Canterbury",1010,4.2,17.4,NA
"22115","20190101:0000",-44.03774,170.77051,"Ashwick Flat",64,NA,0,"Canterbury",1010,2.8,18.5,NA
"22116","20190102:0000",-44.03774,170.77051,"Ashwick Flat",64,NA,0,"Canterbury",1010,10.8,21.65,NA
"22117","20190103:0000",-44.03774,170.77051,"Ashwick Flat",64,NA,0,"Canterbury",1010,8.6,18.1,NA
"22118","20190104:0000",-44.03774,170.77051,"Ashwick Flat",64,NA,0,"Canterbury",1010,4.2,14.45,NA
"22119","20190105:0000",-44.03774,170.77051,"Ashwick Flat",64,NA,0,"Canterbury",1010,9.8,19.6,NA
"22120","20190106:0000",-44.03774,170.77051,"Ashwick Flat",64,NA,0,"Canterbury",1010,10,12.6,NA
"22121","20190107:0000",-44.03774,170.77051,"Ashwick Flat",64,NA,0,"Canterbury",1010,4.4,16.1,NA
"22122","20190108:0000",-44.03774,170.77051,"Ashwick Flat",64,NA,0,"Canterbury",1010,4.4,14.75,NA
"22123","20190109:0000",-44.03774,170.77051,"Ashwick Flat",64,NA,0,"Canterbury",1010,2.3,18.25,NA
"22124","20190110:0000",-44.03774,170.77051,"Ashwick Flat",64,NA,0,"Canterbury",1010,12.1,15.8,NA
"22125","20190111:0000",-44.03774,170.77051,"Ashwick Flat",64,NA,0,"Canterbury",1010,3.4,11.6,NA
"22126","20190112:0000",-44.03774,170.77051,"Ashwick Flat",64,NA,0,"Canterbury",1010,2.9,12.2,NA
"22127","20190113:0000",-44.03774,170.77051,"Ashwick Flat",64,NA,0,"Canterbury",1010,4.4,15.6,NA
"22128","20190114:0000",-44.03774,170.77051,"Ashwick Flat",64,NA,0,"Canterbury",1010,13.7,13.4,NA
"22129","20190115:0000",-44.03774,170.77051,"Ashwick Flat",64,NA,0,"Canterbury",1010,3.1,13.25,NA
"22130","20190116:0000",-44.03774,170.77051,"Ashwick Flat",64,NA,0,"Canterbury",1010,5.4,16.65,NA
"22131","20190117:0000",-44.03774,170.77051,"Ashwick Flat",64,NA,0,"Canterbury",1010,1.7,17.2,NA
"22132","20190118:0000",-44.03774,170.77051,"Ashwick Flat",64,NA,0,"Canterbury",1010,5.5,14.65,NA
"22133","20190119:0000",-44.03774,170.77051,"Ashwick Flat",64,NA,0,"Canterbury",1010,3.9,18.4,NA
"22134","20190120:0000",-44.03774,170.77051,"Ashwick Flat",64,NA,0,"Canterbury",1010,14.9,17.15,NA
"22135","20190121:0000",-44.03774,170.77051,"Ashwick Flat",64,NA,0,"Canterbury",1010,9.1,15.45,NA
"22136","20190122:0000",-44.03774,170.77051,"Ashwick Flat",64,NA,0,"Canterbury",1010,14.9,16.65,NA
"22137","20190123:0000",-44.03774,170.77051,"Ashwick Flat",64,NA,0,"Canterbury",1010,27.1,23.3,NA
"22138","20190124:0000",-44.03774,170.77051,"Ashwick Flat",64,NA,0,"Canterbury",1010,5.5,10.7,NA
"22139","20190125:0000",-44.03774,170.77051,"Ashwick Flat",64,NA,0,"Canterbury",1010,6,11.8,NA
"22140","20190126:0000",-44.03774,170.77051,"Ashwick Flat",64,NA,0,"Canterbury",1010,3.9,18.75,NA
"22141","20190127:0000",-44.03774,170.77051,"Ashwick Flat",64,NA,0,"Canterbury",1010,11.9,17.1,NA
"22142","20190128:0000",-44.03774,170.77051,"Ashwick Flat",64,NA,0,"Canterbury",1010,10.7,20.65,NA
"22143","20190129:0000",-44.03774,170.77051,"Ashwick Flat",64,NA,0,"Canterbury",1010,5.6,19.7,NA
"22144","20190130:0000",-44.03774,170.77051,"Ashwick Flat",64,NA,0,"Canterbury",1010,9.1,22.8,NA
"22145","20190131:0000",-44.03774,170.77051,"Ashwick Flat",64,NA,0,"Canterbury",1010,1.2,22.95,NA
"22146","20190201:0000",-44.03774,170.77051,"Ashwick Flat",64,NA,0,"Canterbury",1010,16.2,23.3,NA
"22147","20190202:0000",-44.03774,170.77051,"Ashwick Flat",64,NA,0,"Canterbury",1010,5.3,12.95,NA
"22148","20190203:0000",-44.03774,170.77051,"Ashwick Flat",64,NA,0,"Canterbury",1010,4.9,15.2,NA
"22149","20190204:0000",-44.03774,170.77051,"Ashwick Flat",64,NA,0,"Canterbury",1010,4.1,20.05,NA
"22150","20190205:0000",-44.03774,170.77051,"Ashwick Flat",64,NA,0,"Canterbury",1010,18.1,18.4,NA
"22151","20190206:0000",-44.03774,170.77051,"Ashwick Flat",64,NA,0,"Canterbury",1010,8.4,9.6,NA
"22152","20190207:0000",-44.03774,170.77051,"Ashwick Flat",64,NA,0,"Canterbury",1010,2.5,11.35,NA
"22153","20190208:0000",-44.03774,170.77051,"Ashwick Flat",64,NA,0,"Canterbury",1010,4,14.85,NA
"22154","20190209:0000",-44.03774,170.77051,"Ashwick Flat",64,NA,0,"Canterbury",1010,8.2,19.25,NA
"22155","20190210:0000",-44.03774,170.77051,"Ashwick Flat",64,NA,0,"Canterbury",1010,5.6,21.05,NA
"22156","20190211:0000",-44.03774,170.77051,"Ashwick Flat",64,NA,0,"Canterbury",1010,11.3,20.25,NA
"22157","20190212:0000",-44.03774,170.77051,"Ashwick Flat",64,NA,0,"Canterbury",1010,3.8,18.6,NA
"22158","20190213:0000",-44.03774,170.77051,"Ashwick Flat",64,NA,0,"Canterbury",1010,8.1,17.5,NA
"22159","20190214:0000",-44.03774,170.77051,"Ashwick Flat",64,NA,0,"Canterbury",1010,7.8,20.2,NA
"22160","20190215:0000",-44.03774,170.77051,"Ashwick Flat",64,NA,0,"Canterbury",1010,7,16.25,NA
"22161","20190216:0000",-44.03774,170.77051,"Ashwick Flat",64,NA,0,"Canterbury",1010,2.9,11.95,NA
"22162","20190217:0000",-44.03774,170.77051,"Ashwick Flat",64,NA,0,"Canterbury",1010,6.1,14,NA
"22163","20190218:0000",-44.03774,170.77051,"Ashwick Flat",64,NA,0,"Canterbury",1010,4.1,16.25,NA
"22164","20190219:0000",-44.03774,170.77051,"Ashwick Flat",64,NA,0,"Canterbury",1010,9.7,19.95,NA
"22165","20190220:0000",-44.03774,170.77051,"Ashwick Flat",64,NA,0,"Canterbury",1010,7.7,16.25,NA
"22166","20190221:0000",-44.03774,170.77051,"Ashwick Flat",64,NA,0,"Canterbury",1010,6.8,18.95,NA
"22167","20190222:0000",-44.03774,170.77051,"Ashwick Flat",64,NA,0,"Canterbury",1010,11.1,14.7,NA
"22168","20190223:0000",-44.03774,170.77051,"Ashwick Flat",64,NA,0,"Canterbury",1010,3,9.65,NA
"22169","20190224:0000",-44.03774,170.77051,"Ashwick Flat",64,NA,0,"Canterbury",1010,15.9,9.6,NA
"22170","20190225:0000",-44.03774,170.77051,"Ashwick Flat",64,NA,0,"Canterbury",1010,7.9,9.6,NA
"22171","20190226:0000",-44.03774,170.77051,"Ashwick Flat",64,NA,0,"Canterbury",1010,7.9,14.25,NA
"22172","20190227:0000",-44.03774,170.77051,"Ashwick Flat",64,NA,0,"Canterbury",1010,11.5,17.5,NA
"22173","20190228:0000",-44.03774,170.77051,"Ashwick Flat",64,NA,0,"Canterbury",1010,13.4,10.4,NA
"22174","20190301:0000",-44.03774,170.77051,"Ashwick Flat",64,NA,0,"Canterbury",1010,13.2,11.05,NA
"22175","20190302:0000",-44.03774,170.77051,"Ashwick Flat",64,NA,0,"Canterbury",1010,3.1,12.45,NA
"22176","20190303:0000",-44.03774,170.77051,"Ashwick Flat",64,NA,0,"Canterbury",1010,5.6,15.6,NA
"22177","20190304:0000",-44.03774,170.77051,"Ashwick Flat",64,NA,0,"Canterbury",1010,4.3,18.2,NA
"22178","20190305:0000",-44.03774,170.77051,"Ashwick Flat",64,NA,0,"Canterbury",1010,13.7,20.85,NA
"22179","20190306:0000",-44.03774,170.77051,"Ashwick Flat",64,NA,0,"Canterbury",1010,7.9,21.45,NA
"22180","20190307:0000",-44.03774,170.77051,"Ashwick Flat",64,NA,0,"Canterbury",1010,7.7,18.45,NA
"22181","20190308:0000",-44.03774,170.77051,"Ashwick Flat",64,NA,0,"Canterbury",1010,7.8,11.3,NA
"22182","20190309:0000",-44.03774,170.77051,"Ashwick Flat",64,NA,0,"Canterbury",1010,3.6,11.95,NA
"22183","20190310:0000",-44.03774,170.77051,"Ashwick Flat",64,NA,0,"Canterbury",1010,2.8,12,NA
"22184","20190311:0000",-44.03774,170.77051,"Ashwick Flat",64,NA,0,"Canterbury",1010,9.7,14.45,NA
"22185","20190312:0000",-44.03774,170.77051,"Ashwick Flat",64,NA,0,"Canterbury",1010,8.2,18.8,NA
"22186","20190313:0000",-44.03774,170.77051,"Ashwick Flat",64,NA,0,"Canterbury",1010,12.8,18.3,NA
"22187","20190314:0000",-44.03774,170.77051,"Ashwick Flat",64,NA,0,"Canterbury",1010,5.2,9.25,NA
"22188","20190315:0000",-44.03774,170.77051,"Ashwick Flat",64,NA,0,"Canterbury",1010,4.4,12.05,NA
"22189","20190316:0000",-44.03774,170.77051,"Ashwick Flat",64,NA,0,"Canterbury",1010,7.4,13.3,NA
"22190","20190317:0000",-44.03774,170.77051,"Ashwick Flat",64,NA,0,"Canterbury",1010,1,14.55,NA
"22191","20190318:0000",-44.03774,170.77051,"Ashwick Flat",64,NA,0,"Canterbury",1010,7.4,16.4,NA
"22192","20190319:0000",-44.03774,170.77051,"Ashwick Flat",64,NA,0,"Canterbury",1010,4.3,14,NA
"22193","20190320:0000",-44.03774,170.77051,"Ashwick Flat",64,NA,0,"Canterbury",1010,6.2,14.8,NA
"22194","20190321:0000",-44.03774,170.77051,"Ashwick Flat",64,NA,0,"Canterbury",1010,8.1,16.4,NA
"22195","20190322:0000",-44.03774,170.77051,"Ashwick Flat",64,NA,0,"Canterbury",1010,2.4,17.35,NA
"22196","20190323:0000",-44.03774,170.77051,"Ashwick Flat",64,NA,0,"Canterbury",1010,5.3,14.4,NA
"22197","20190324:0000",-44.03774,170.77051,"Ashwick Flat",64,NA,0,"Canterbury",1010,9,18.1,NA
"22198","20190325:0000",-44.03774,170.77051,"Ashwick Flat",64,NA,0,"Canterbury",1010,10,18.45,NA
"22199","20190326:0000",-44.03774,170.77051,"Ashwick Flat",64,NA,0,"Canterbury",1010,10,21.75,NA
"22200","20190327:0000",-44.03774,170.77051,"Ashwick Flat",64,NA,0,"Canterbury",1010,5.1,18,NA
"22201","20190328:0000",-44.03774,170.77051,"Ashwick Flat",64,NA,0,"Canterbury",1010,6.7,12.5,NA
"22202","20190329:0000",-44.03774,170.77051,"Ashwick Flat",64,NA,0,"Canterbury",1010,8.2,10.95,NA
"22203","20190330:0000",-44.03774,170.77051,"Ashwick Flat",64,NA,0,"Canterbury",1010,7.5,13.65,NA
"22204","20190331:0000",-44.03774,170.77051,"Ashwick Flat",64,NA,0,"Canterbury",1010,4.9,15.55,NA
"22205","20190401:0000",-44.03774,170.77051,"Ashwick Flat",64,NA,0,"Canterbury",1010,29.3,15.8,NA
"22206","20190402:0000",-44.03774,170.77051,"Ashwick Flat",64,NA,0,"Canterbury",1010,9.6,8.35,NA
"22207","20190403:0000",-44.03774,170.77051,"Ashwick Flat",64,NA,0,"Canterbury",1010,10.9,8.6,NA
"22208","20190404:0000",-44.03774,170.77051,"Ashwick Flat",64,NA,0,"Canterbury",1010,2.3,10.2,NA
"22209","20190405:0000",-44.03774,170.77051,"Ashwick Flat",64,NA,0,"Canterbury",1010,12.3,7.5,NA
"22210","20190406:0000",-44.03774,170.77051,"Ashwick Flat",64,NA,0,"Canterbury",1010,8,5.6,NA
"22211","20190407:0000",-44.03774,170.77051,"Ashwick Flat",64,NA,0,"Canterbury",1010,5.6,6.95,NA
"22212","20190408:0000",-44.03774,170.77051,"Ashwick Flat",64,NA,0,"Canterbury",1010,4.4,10.25,NA
"22213","20190409:0000",-44.03774,170.77051,"Ashwick Flat",64,NA,0,"Canterbury",1010,8.5,14.4,NA
"22214","20190410:0000",-44.03774,170.77051,"Ashwick Flat",64,NA,0,"Canterbury",1010,10.7,16.95,NA
"22215","20190411:0000",-44.03774,170.77051,"Ashwick Flat",64,NA,0,"Canterbury",1010,6.8,8.8,NA
"22216","20190412:0000",-44.03774,170.77051,"Ashwick Flat",64,NA,0,"Canterbury",1010,13.2,10,NA
"22217","20190413:0000",-44.03774,170.77051,"Ashwick Flat",64,NA,0,"Canterbury",1010,8.1,7.3,NA
"22218","20190414:0000",-44.03774,170.77051,"Ashwick Flat",64,NA,0,"Canterbury",1010,14,8.9,NA
"22219","20190415:0000",-44.03774,170.77051,"Ashwick Flat",64,NA,0,"Canterbury",1010,4.9,9.6,NA
"22220","20190416:0000",-44.03774,170.77051,"Ashwick Flat",64,NA,0,"Canterbury",1010,2.5,8.2,NA
"22221","20190417:0000",-44.03774,170.77051,"Ashwick Flat",64,NA,0,"Canterbury",1010,4.5,8.95,NA
"22222","20190418:0000",-44.03774,170.77051,"Ashwick Flat",64,NA,0,"Canterbury",1010,3.8,5.9,NA
"22223","20190419:0000",-44.03774,170.77051,"Ashwick Flat",64,NA,0,"Canterbury",1010,2.8,9.75,NA
"22224","20190420:0000",-44.03774,170.77051,"Ashwick Flat",64,NA,0,"Canterbury",1010,9.5,11.5,NA
"22225","20190421:0000",-44.03774,170.77051,"Ashwick Flat",64,NA,0,"Canterbury",1010,6.6,8.35,NA
"22226","20190422:0000",-44.03774,170.77051,"Ashwick Flat",64,NA,0,"Canterbury",1010,7,9.45,NA
"22227","20190423:0000",-44.03774,170.77051,"Ashwick Flat",64,NA,0,"Canterbury",1010,1.9,11.6,NA
"22228","20190424:0000",-44.03774,170.77051,"Ashwick Flat",64,NA,0,"Canterbury",1010,6.7,9.8,NA
"22229","20190425:0000",-44.03774,170.77051,"Ashwick Flat",64,NA,0,"Canterbury",1010,3.8,13.05,NA
"22230","20190426:0000",-44.03774,170.77051,"Ashwick Flat",64,NA,0,"Canterbury",1010,4,13.85,NA
"22231","20190427:0000",-44.03774,170.77051,"Ashwick Flat",64,NA,0,"Canterbury",1010,10.9,12.7,NA
"22232","20190428:0000",-44.03774,170.77051,"Ashwick Flat",64,NA,0,"Canterbury",1010,10.9,10,NA
"22233","20190429:0000",-44.03774,170.77051,"Ashwick Flat",64,NA,0,"Canterbury",1010,7.5,7.5,NA
"22234","20190430:0000",-44.03774,170.77051,"Ashwick Flat",64,NA,0,"Canterbury",1010,9.8,7.6,NA
"22235","20190501:0000",-44.03774,170.77051,"Ashwick Flat",64,NA,0,"Canterbury",1010,13.8,10.6,NA
"22236","20190502:0000",-44.03774,170.77051,"Ashwick Flat",64,NA,0,"Canterbury",1010,7.3,12.35,NA
"22237","20190503:0000",-44.03774,170.77051,"Ashwick Flat",64,NA,0,"Canterbury",1010,6.8,9.8,NA
"22238","20190504:0000",-44.03774,170.77051,"Ashwick Flat",64,NA,0,"Canterbury",1010,6.3,12.55,NA
"22239","20190505:0000",-44.03774,170.77051,"Ashwick Flat",64,NA,0,"Canterbury",1010,5.1,12.15,NA
"22240","20190506:0000",-44.03774,170.77051,"Ashwick Flat",64,NA,0,"Canterbury",1010,10.4,8.1,NA
"22241","20190507:0000",-44.03774,170.77051,"Ashwick Flat",64,NA,0,"Canterbury",1010,5.1,8.8,NA
"22242","20190508:0000",-44.03774,170.77051,"Ashwick Flat",64,NA,0,"Canterbury",1010,2.7,10.15,NA
"22243","20190509:0000",-44.03774,170.77051,"Ashwick Flat",64,NA,0,"Canterbury",1010,9.1,11.85,NA
"22244","20190510:0000",-44.03774,170.77051,"Ashwick Flat",64,NA,0,"Canterbury",1010,11.2,14.85,NA
"22245","20190511:0000",-44.03774,170.77051,"Ashwick Flat",64,NA,0,"Canterbury",1010,11.2,11.05,NA
"22246","20190512:0000",-44.03774,170.77051,"Ashwick Flat",64,NA,0,"Canterbury",1010,13.6,11,NA
"22247","20190513:0000",-44.03774,170.77051,"Ashwick Flat",64,NA,0,"Canterbury",1010,9,9.8,NA
"22248","20190514:0000",-44.03774,170.77051,"Ashwick Flat",64,NA,0,"Canterbury",1010,5.8,9.1,NA
"22249","20190515:0000",-44.03774,170.77051,"Ashwick Flat",64,NA,0,"Canterbury",1010,25.9,10.55,NA
"22250","20190516:0000",-44.03774,170.77051,"Ashwick Flat",64,NA,0,"Canterbury",1010,22.8,14.7,NA
"22251","20190517:0000",-44.03774,170.77051,"Ashwick Flat",64,NA,0,"Canterbury",1010,12,8.3,NA
"22252","20190518:0000",-44.03774,170.77051,"Ashwick Flat",64,NA,0,"Canterbury",1010,16.4,9.7,NA
"22253","20190519:0000",-44.03774,170.77051,"Ashwick Flat",64,NA,0,"Canterbury",1010,7.2,11.5,NA
"22254","20190520:0000",-44.03774,170.77051,"Ashwick Flat",64,NA,0,"Canterbury",1010,7.2,9.7,NA
"22255","20190521:0000",-44.03774,170.77051,"Ashwick Flat",64,NA,0,"Canterbury",1010,12,8.4,NA
"22256","20190522:0000",-44.03774,170.77051,"Ashwick Flat",64,NA,0,"Canterbury",1010,16.3,8.8,NA
"22257","20190523:0000",-44.03774,170.77051,"Ashwick Flat",64,NA,0,"Canterbury",1010,8.5,8.7,NA
"22258","20190524:0000",-44.03774,170.77051,"Ashwick Flat",64,NA,0,"Canterbury",1010,16.2,9.65,NA
"22259","20190525:0000",-44.03774,170.77051,"Ashwick Flat",64,NA,0,"Canterbury",1010,15.9,10.7,NA
"22260","20190526:0000",-44.03774,170.77051,"Ashwick Flat",64,NA,0,"Canterbury",1010,8.3,13.9,NA
"22261","20190527:0000",-44.03774,170.77051,"Ashwick Flat",64,NA,0,"Canterbury",1010,8.3,12.1,NA
"22262","20190528:0000",-44.03774,170.77051,"Ashwick Flat",64,NA,0,"Canterbury",1010,14,8.65,NA
"22263","20190529:0000",-44.03774,170.77051,"Ashwick Flat",64,NA,0,"Canterbury",1010,6.5,12.05,NA
"22264","20190530:0000",-44.03774,170.77051,"Ashwick Flat",64,NA,0,"Canterbury",1010,22.5,12.35,NA
"22265","20190531:0000",-44.03774,170.77051,"Ashwick Flat",64,NA,0,"Canterbury",1010,9.8,4.9,NA
"22266","20190601:0000",-44.03774,170.77051,"Ashwick Flat",64,NA,0,"Canterbury",1010,11.4,3.2,NA
"22267","20190602:0000",-44.03774,170.77051,"Ashwick Flat",64,NA,0,"Canterbury",1010,19.6,4.25,NA
"22268","20190603:0000",-44.03774,170.77051,"Ashwick Flat",64,NA,0,"Canterbury",1010,19.5,4.25,NA
"22269","20190604:0000",-44.03774,170.77051,"Ashwick Flat",64,NA,0,"Canterbury",1010,6.2,3.55,NA
"22270","20190605:0000",-44.03774,170.77051,"Ashwick Flat",64,NA,0,"Canterbury",1010,12.7,3.8,NA
"22271","20190606:0000",-44.03774,170.77051,"Ashwick Flat",64,NA,0,"Canterbury",1010,8.1,6.1,NA
"22272","20190607:0000",-44.03774,170.77051,"Ashwick Flat",64,NA,0,"Canterbury",1010,9.5,8.9,NA
"22273","20190608:0000",-44.03774,170.77051,"Ashwick Flat",64,NA,0,"Canterbury",1010,17.6,8.75,NA
"22274","20190609:0000",-44.03774,170.77051,"Ashwick Flat",64,NA,0,"Canterbury",1010,17.6,10,NA
"22275","20190610:0000",-44.03774,170.77051,"Ashwick Flat",64,NA,0,"Canterbury",1010,7.1,6.75,NA
"22276","20190611:0000",-44.03774,170.77051,"Ashwick Flat",64,NA,0,"Canterbury",1010,6.9,7.8,NA
"22277","20190612:0000",-44.03774,170.77051,"Ashwick Flat",64,NA,0,"Canterbury",1010,11,6.95,NA
"22278","20190613:0000",-44.03774,170.77051,"Ashwick Flat",64,NA,0,"Canterbury",1010,7.3,4.8,NA
"22279","20190614:0000",-44.03774,170.77051,"Ashwick Flat",64,NA,0,"Canterbury",1010,6.3,7.6,NA
"22280","20190615:0000",-44.03774,170.77051,"Ashwick Flat",64,NA,0,"Canterbury",1010,4.8,NA,NA
"22281","20190616:0000",-44.03774,170.77051,"Ashwick Flat",64,NA,0,"Canterbury",1010,NA,NA,NA
"22282","20190617:0000",-44.03774,170.77051,"Ashwick Flat",64,NA,0,"Canterbury",1010,20.1,5.55,NA
"22283","20190618:0000",-44.03774,170.77051,"Ashwick Flat",64,NA,0,"Canterbury",1010,9.5,4.85,NA
"22284","20190619:0000",-44.03774,170.77051,"Ashwick Flat",64,NA,0,"Canterbury",1010,14.9,5.1,NA
"22285","20190620:0000",-44.03774,170.77051,"Ashwick Flat",64,NA,0,"Canterbury",1010,7.3,3.15,NA
"22286","20190621:0000",-44.03774,170.77051,"Ashwick Flat",64,NA,0,"Canterbury",1010,3.8,7.25,NA
"22287","20190622:0000",-44.03774,170.77051,"Ashwick Flat",64,NA,0,"Canterbury",1010,9,5.55,NA
"22288","20190623:0000",-44.03774,170.77051,"Ashwick Flat",64,NA,0,"Canterbury",1010,7.7,4.95,NA
"22289","20190624:0000",-44.03774,170.77051,"Ashwick Flat",64,NA,0,"Canterbury",1010,13.5,4.45,NA
"22290","20190625:0000",-44.03774,170.77051,"Ashwick Flat",64,NA,0,"Canterbury",1010,14,7.55,NA
"22291","20190626:0000",-44.03774,170.77051,"Ashwick Flat",64,NA,0,"Canterbury",1010,17.9,4.25,NA
"22292","20190627:0000",-44.03774,170.77051,"Ashwick Flat",64,NA,0,"Canterbury",1010,14.8,5.85,NA
"22293","20190628:0000",-44.03774,170.77051,"Ashwick Flat",64,NA,0,"Canterbury",1010,15.5,7.3,NA
"22294","20190629:0000",-44.03774,170.77051,"Ashwick Flat",64,NA,0,"Canterbury",1010,20.5,9,NA
"22295","20190630:0000",-44.03774,170.77051,"Ashwick Flat",64,NA,0,"Canterbury",1010,13.1,8.35,NA
"22296","20190701:0000",-44.03774,170.77051,"Ashwick Flat",64,NA,0,"Canterbury",1010,12,9.85,NA
"22297","20190702:0000",-44.03774,170.77051,"Ashwick Flat",64,NA,0,"Canterbury",1010,13.5,9.05,NA
"22298","20190703:0000",-44.03774,170.77051,"Ashwick Flat",64,NA,0,"Canterbury",1010,8.9,13,NA
"22299","20190704:0000",-44.03774,170.77051,"Ashwick Flat",64,NA,0,"Canterbury",1010,9.6,7.1,NA
"22300","20190705:0000",-44.03774,170.77051,"Ashwick Flat",64,NA,0,"Canterbury",1010,11.2,5,NA
"22301","20190706:0000",-44.03774,170.77051,"Ashwick Flat",64,NA,0,"Canterbury",1010,19.7,6.5,NA
"22302","20190707:0000",-44.03774,170.77051,"Ashwick Flat",64,NA,0,"Canterbury",1010,25,10.55,NA
"22303","20190708:0000",-44.03774,170.77051,"Ashwick Flat",64,NA,0,"Canterbury",1010,6.6,6.1,NA
"22304","20190709:0000",-44.03774,170.77051,"Ashwick Flat",64,NA,0,"Canterbury",1010,6.9,7.25,NA
"22305","20190710:0000",-44.03774,170.77051,"Ashwick Flat",64,NA,0,"Canterbury",1010,NA,NA,NA
"22306","20190711:0000",-44.03774,170.77051,"Ashwick Flat",64,NA,0,"Canterbury",1010,3.8,7.8,NA
"22307","20190712:0000",-44.03774,170.77051,"Ashwick Flat",64,NA,0,"Canterbury",1010,10.8,6.65,NA
"22308","20190713:0000",-44.03774,170.77051,"Ashwick Flat",64,NA,0,"Canterbury",1010,11.3,8.05,NA
"22309","20190714:0000",-44.03774,170.77051,"Ashwick Flat",64,NA,0,"Canterbury",1010,10.1,10.7,NA
"22310","20190715:0000",-44.03774,170.77051,"Ashwick Flat",64,NA,0,"Canterbury",1010,10.1,4.2,NA
"22311","20190716:0000",-44.03774,170.77051,"Ashwick Flat",64,NA,0,"Canterbury",1010,14.7,5.45,NA
"22312","20190717:0000",-44.03774,170.77051,"Ashwick Flat",64,NA,0,"Canterbury",1010,5.2,4.4,NA
"22313","20190718:0000",-44.03774,170.77051,"Ashwick Flat",64,NA,0,"Canterbury",1010,9.8,6.85,NA
"22314","20190719:0000",-44.03774,170.77051,"Ashwick Flat",64,NA,0,"Canterbury",1010,13.7,5.85,NA
"22315","20190720:0000",-44.03774,170.77051,"Ashwick Flat",64,NA,0,"Canterbury",1010,16.7,6.45,NA
"22316","20190721:0000",-44.03774,170.77051,"Ashwick Flat",64,NA,0,"Canterbury",1010,7.4,7.25,NA
"22317","20190722:0000",-44.03774,170.77051,"Ashwick Flat",64,NA,0,"Canterbury",1010,6,8.6,NA
"22318","20190723:0000",-44.03774,170.77051,"Ashwick Flat",64,NA,0,"Canterbury",1010,10.9,6.4,NA
"22319","20190724:0000",-44.03774,170.77051,"Ashwick Flat",64,NA,0,"Canterbury",1010,4.4,6,NA
"22320","20190725:0000",-44.03774,170.77051,"Ashwick Flat",64,NA,0,"Canterbury",1010,8.6,6.3,NA
"22321","20190726:0000",-44.03774,170.77051,"Ashwick Flat",64,NA,0,"Canterbury",1010,18.7,9.05,NA
"22322","20190727:0000",-44.03774,170.77051,"Ashwick Flat",64,NA,0,"Canterbury",1010,13.4,10.85,NA
"22323","20190728:0000",-44.03774,170.77051,"Ashwick Flat",64,NA,0,"Canterbury",1010,4.8,8.2,NA
"22324","20190729:0000",-44.03774,170.77051,"Ashwick Flat",64,NA,0,"Canterbury",1010,14.6,9.25,NA
"22325","20190730:0000",-44.03774,170.77051,"Ashwick Flat",64,NA,0,"Canterbury",1010,7.7,9.6,NA
"22326","20190731:0000",-44.03774,170.77051,"Ashwick Flat",64,NA,0,"Canterbury",1010,14.3,3.8,NA
"22327","20190801:0000",-44.03774,170.77051,"Ashwick Flat",64,NA,0,"Canterbury",1010,8.3,6.75,NA
"22328","20190802:0000",-44.03774,170.77051,"Ashwick Flat",64,NA,0,"Canterbury",1010,26,6.45,NA
"22329","20190803:0000",-44.03774,170.77051,"Ashwick Flat",64,NA,0,"Canterbury",1010,11.1,9.2,NA
"22330","20190804:0000",-44.03774,170.77051,"Ashwick Flat",64,NA,0,"Canterbury",1010,26.8,4.7,NA
"22331","20190805:0000",-44.03774,170.77051,"Ashwick Flat",64,NA,0,"Canterbury",1010,20.4,5.05,NA
"22332","20190806:0000",-44.03774,170.77051,"Ashwick Flat",64,NA,0,"Canterbury",1010,9.9,7.15,NA
"22333","20190807:0000",-44.03774,170.77051,"Ashwick Flat",64,NA,0,"Canterbury",1010,12.8,8.3,NA
"22334","20190808:0000",-44.03774,170.77051,"Ashwick Flat",64,NA,0,"Canterbury",1010,7.3,8.75,NA
"22335","20190809:0000",-44.03774,170.77051,"Ashwick Flat",64,NA,0,"Canterbury",1010,10.5,7.9,NA
"22336","20190810:0000",-44.03774,170.77051,"Ashwick Flat",64,NA,0,"Canterbury",1010,17.7,3.1,NA
"22337","20190811:0000",-44.03774,170.77051,"Ashwick Flat",64,NA,0,"Canterbury",1010,15.3,3.05,NA
"22338","20190812:0000",-44.03774,170.77051,"Ashwick Flat",64,NA,0,"Canterbury",1010,21.5,4.35,NA
"22339","20190813:0000",-44.03774,170.77051,"Ashwick Flat",64,NA,0,"Canterbury",1010,6.8,6.75,NA
"22340","20190814:0000",-44.03774,170.77051,"Ashwick Flat",64,NA,0,"Canterbury",1010,8.9,4.75,NA
"22341","20190815:0000",-44.03774,170.77051,"Ashwick Flat",64,NA,0,"Canterbury",1010,7.3,6.2,NA
"22342","20190816:0000",-44.03774,170.77051,"Ashwick Flat",64,NA,0,"Canterbury",1010,9.6,9.15,NA
"22343","20190817:0000",-44.03774,170.77051,"Ashwick Flat",64,NA,0,"Canterbury",1010,9.4,4,NA
"22344","20190818:0000",-44.03774,170.77051,"Ashwick Flat",64,NA,0,"Canterbury",1010,6.8,3.4,NA
"22345","20190819:0000",-44.03774,170.77051,"Ashwick Flat",64,NA,0,"Canterbury",1010,5.2,4.7,NA
"22346","20190820:0000",-44.03774,170.77051,"Ashwick Flat",64,NA,0,"Canterbury",1010,7.5,7.65,NA
"22347","20190821:0000",-44.03774,170.77051,"Ashwick Flat",64,NA,0,"Canterbury",1010,NA,6.95,NA
"22348","20190822:0000",-44.03774,170.77051,"Ashwick Flat",64,NA,0,"Canterbury",1010,7.3,8.2,NA
"22349","20190823:0000",-44.03774,170.77051,"Ashwick Flat",64,NA,0,"Canterbury",1010,10.2,7.25,NA
"22350","20190824:0000",-44.03774,170.77051,"Ashwick Flat",64,NA,0,"Canterbury",1010,11.8,7.9,NA
"22351","20190825:0000",-44.03774,170.77051,"Ashwick Flat",64,NA,0,"Canterbury",1010,7.6,10.55,NA
"22352","20190826:0000",-44.03774,170.77051,"Ashwick Flat",64,NA,0,"Canterbury",1010,8,6,NA
"22353","20190827:0000",-44.03774,170.77051,"Ashwick Flat",64,NA,0,"Canterbury",1010,13.1,7.35,NA
"22354","20190828:0000",-44.03774,170.77051,"Ashwick Flat",64,NA,0,"Canterbury",1010,10.2,10.05,NA
"22355","20190829:0000",-44.03774,170.77051,"Ashwick Flat",64,NA,0,"Canterbury",1010,15.2,10.3,NA
"22356","20190830:0000",-44.03774,170.77051,"Ashwick Flat",64,NA,0,"Canterbury",1010,10.6,7.75,NA
"22357","20190831:0000",-44.03774,170.77051,"Ashwick Flat",64,NA,0,"Canterbury",1010,15.8,9.9,NA
"22358","20190901:0000",-44.03774,170.77051,"Ashwick Flat",64,NA,0,"Canterbury",1010,15.9,14.15,NA
"22359","20190902:0000",-44.03774,170.77051,"Ashwick Flat",64,NA,0,"Canterbury",1010,6.2,6.65,NA
"22360","20190903:0000",-44.03774,170.77051,"Ashwick Flat",64,NA,0,"Canterbury",1010,5.7,7.5,NA
"22361","20190904:0000",-44.03774,170.77051,"Ashwick Flat",64,NA,0,"Canterbury",1010,4.8,5.6,NA
"22362","20190905:0000",-44.03774,170.77051,"Ashwick Flat",64,NA,0,"Canterbury",1010,16.6,7.3,NA
"22363","20190906:0000",-44.03774,170.77051,"Ashwick Flat",64,NA,0,"Canterbury",1010,4.8,7,NA
"22364","20190907:0000",-44.03774,170.77051,"Ashwick Flat",64,NA,0,"Canterbury",1010,8.5,5.45,NA
"22365","20190908:0000",-44.03774,170.77051,"Ashwick Flat",64,NA,0,"Canterbury",1010,3.4,1.5,NA
"22366","20190909:0000",-44.03774,170.77051,"Ashwick Flat",64,NA,0,"Canterbury",1010,3.8,2.75,NA
"22367","20190910:0000",-44.03774,170.77051,"Ashwick Flat",64,NA,0,"Canterbury",1010,2,4.5,NA
"22368","20190911:0000",-44.03774,170.77051,"Ashwick Flat",64,NA,0,"Canterbury",1010,9.1,7.05,NA
"22369","20190912:0000",-44.03774,170.77051,"Ashwick Flat",64,NA,0,"Canterbury",1010,18.6,9.8,NA
"22370","20190913:0000",-44.03774,170.77051,"Ashwick Flat",64,NA,0,"Canterbury",1010,22.3,7.8,NA
"22371","20190914:0000",-44.03774,170.77051,"Ashwick Flat",64,NA,0,"Canterbury",1010,6.1,5.85,NA
"22372","20190915:0000",-44.03774,170.77051,"Ashwick Flat",64,NA,0,"Canterbury",1010,7.4,8.9,NA
"22373","20190916:0000",-44.03774,170.77051,"Ashwick Flat",64,NA,0,"Canterbury",1010,5.8,10.05,NA
"22374","20190917:0000",-44.03774,170.77051,"Ashwick Flat",64,NA,0,"Canterbury",1010,29.3,9.75,NA
"22375","20190918:0000",-44.03774,170.77051,"Ashwick Flat",64,NA,0,"Canterbury",1010,12.4,7.65,NA
"22376","20190919:0000",-44.03774,170.77051,"Ashwick Flat",64,NA,0,"Canterbury",1010,3.5,8.1,NA
"22377","20190920:0000",-44.03774,170.77051,"Ashwick Flat",64,NA,0,"Canterbury",1010,2.2,8,NA
"22378","20190921:0000",-44.03774,170.77051,"Ashwick Flat",64,NA,0,"Canterbury",1010,5.5,8.85,NA
"22379","20190922:0000",-44.03774,170.77051,"Ashwick Flat",64,NA,0,"Canterbury",1010,3.7,9.45,NA
"22380","20190923:0000",-44.03774,170.77051,"Ashwick Flat",64,NA,0,"Canterbury",1010,8.6,12.05,NA
"22381","20190924:0000",-44.03774,170.77051,"Ashwick Flat",64,NA,0,"Canterbury",1010,5.9,8.2,NA
"22382","20190925:0000",-44.03774,170.77051,"Ashwick Flat",64,NA,0,"Canterbury",1010,8.8,6.55,NA
"22383","20190926:0000",-44.03774,170.77051,"Ashwick Flat",64,NA,0,"Canterbury",1010,16.3,6.6,NA
"22384","20190927:0000",-44.03774,170.77051,"Ashwick Flat",64,NA,0,"Canterbury",1010,4.1,10.75,NA
"22385","20190928:0000",-44.03774,170.77051,"Ashwick Flat",64,NA,0,"Canterbury",1010,8.3,12.45,NA
"22386","20190929:0000",-44.03774,170.77051,"Ashwick Flat",64,NA,0,"Canterbury",1010,6.8,11.75,NA
"22387","20190930:0000",-44.03774,170.77051,"Ashwick Flat",64,NA,0,"Canterbury",1010,13,11.05,NA
"22388","20191001:0000",-44.03774,170.77051,"Ashwick Flat",64,NA,0,"Canterbury",1010,8.7,6.9,NA
"22389","20191002:0000",-44.03774,170.77051,"Ashwick Flat",64,NA,0,"Canterbury",1010,21.4,6.35,NA
"22390","20191003:0000",-44.03774,170.77051,"Ashwick Flat",64,NA,0,"Canterbury",1010,5.1,5.8,NA
"22391","20191004:0000",-44.03774,170.77051,"Ashwick Flat",64,NA,0,"Canterbury",1010,9.9,10.6,NA
"22392","20191005:0000",-44.03774,170.77051,"Ashwick Flat",64,NA,0,"Canterbury",1010,17.5,6.7,NA
"22393","20191006:0000",-44.03774,170.77051,"Ashwick Flat",64,NA,0,"Canterbury",1010,5.8,6.7,NA
"22394","20191007:0000",-44.03774,170.77051,"Ashwick Flat",64,NA,0,"Canterbury",1010,3,10.9,NA
"22395","20191008:0000",-44.03774,170.77051,"Ashwick Flat",64,NA,0,"Canterbury",1010,10.8,13.35,NA
"22396","20191009:0000",-44.03774,170.77051,"Ashwick Flat",64,NA,0,"Canterbury",1010,2.7,12.1,NA
"22397","20191010:0000",-44.03774,170.77051,"Ashwick Flat",64,NA,0,"Canterbury",1010,NA,8.05,NA
"22398","20191011:0000",-44.03774,170.77051,"Ashwick Flat",64,NA,0,"Canterbury",1010,3.8,8.55,NA
"22399","20191012:0000",-44.03774,170.77051,"Ashwick Flat",64,NA,0,"Canterbury",1010,9.4,6.9,NA
"22400","20191013:0000",-44.03774,170.77051,"Ashwick Flat",64,NA,0,"Canterbury",1010,3.1,7.05,NA
"22401","20191014:0000",-44.03774,170.77051,"Ashwick Flat",64,NA,0,"Canterbury",1010,9.8,8.35,NA
"22402","20191015:0000",-44.03774,170.77051,"Ashwick Flat",64,NA,0,"Canterbury",1010,4.3,9,NA
"22403","20191016:0000",-44.03774,170.77051,"Ashwick Flat",64,NA,0,"Canterbury",1010,4.1,8.9,NA
"22404","20191017:0000",-44.03774,170.77051,"Ashwick Flat",64,NA,0,"Canterbury",1010,2.6,9.4,NA
"22405","20191018:0000",-44.03774,170.77051,"Ashwick Flat",64,NA,0,"Canterbury",1010,3.9,6.1,NA
"22406","20191019:0000",-44.03774,170.77051,"Ashwick Flat",64,NA,0,"Canterbury",1010,16.3,11.55,NA
"22407","20191020:0000",-44.03774,170.77051,"Ashwick Flat",64,NA,0,"Canterbury",1010,6.4,11.95,NA
"22408","20191021:0000",-44.03774,170.77051,"Ashwick Flat",64,NA,0,"Canterbury",1010,11.4,10.25,NA
"22409","20191022:0000",-44.03774,170.77051,"Ashwick Flat",64,NA,0,"Canterbury",1010,9.4,7,NA
"22410","20191023:0000",-44.03774,170.77051,"Ashwick Flat",64,NA,0,"Canterbury",1010,11.3,7.45,NA
"22411","20191024:0000",-44.03774,170.77051,"Ashwick Flat",64,NA,0,"Canterbury",1010,9.4,8.65,NA
"22412","20191025:0000",-44.03774,170.77051,"Ashwick Flat",64,NA,0,"Canterbury",1010,12.3,7.55,NA
"22413","20191026:0000",-44.03774,170.77051,"Ashwick Flat",64,NA,0,"Canterbury",1010,3.1,14.4,NA
"22414","20191027:0000",-44.03774,170.77051,"Ashwick Flat",64,NA,0,"Canterbury",1010,5.9,15.2,NA
"22415","20191028:0000",-44.03774,170.77051,"Ashwick Flat",64,NA,0,"Canterbury",1010,5.8,11.8,NA
"22416","20191029:0000",-44.03774,170.77051,"Ashwick Flat",64,NA,0,"Canterbury",1010,6,9.15,NA
"22417","20191030:0000",-44.03774,170.77051,"Ashwick Flat",64,NA,0,"Canterbury",1010,6.7,11.5,NA
"22418","20191031:0000",-44.03774,170.77051,"Ashwick Flat",64,NA,0,"Canterbury",1010,9.3,9.3,NA
"22419","20191101:0000",-44.03774,170.77051,"Ashwick Flat",64,NA,0,"Canterbury",1010,10.3,12.4,NA
"22420","20191102:0000",-44.03774,170.77051,"Ashwick Flat",64,NA,0,"Canterbury",1010,6.5,17.75,NA
"22421","20191103:0000",-44.03774,170.77051,"Ashwick Flat",64,NA,0,"Canterbury",1010,10.6,21.85,NA
"22422","20191104:0000",-44.03774,170.77051,"Ashwick Flat",64,NA,0,"Canterbury",1010,11,19.75,NA
"22423","20191105:0000",-44.03774,170.77051,"Ashwick Flat",64,NA,0,"Canterbury",1010,7.3,14.85,NA
"22424","20191106:0000",-44.03774,170.77051,"Ashwick Flat",64,NA,0,"Canterbury",1010,4.1,10.7,NA
"22425","20191107:0000",-44.03774,170.77051,"Ashwick Flat",64,NA,0,"Canterbury",1010,4.8,13.65,NA
"22426","20191108:0000",-44.03774,170.77051,"Ashwick Flat",64,NA,0,"Canterbury",1010,11.7,17.6,NA
"22427","20191109:0000",-44.03774,170.77051,"Ashwick Flat",64,NA,0,"Canterbury",1010,11.4,18,NA
"22428","20191110:0000",-44.03774,170.77051,"Ashwick Flat",64,NA,0,"Canterbury",1010,6.9,10.9,NA
"22429","20191111:0000",-44.03774,170.77051,"Ashwick Flat",64,NA,0,"Canterbury",1010,7.6,8.15,NA
"22430","20191112:0000",-44.03774,170.77051,"Ashwick Flat",64,NA,0,"Canterbury",1010,6.4,9.85,NA
"22431","20191113:0000",-44.03774,170.77051,"Ashwick Flat",64,NA,0,"Canterbury",1010,4.3,14,NA
"22432","20191114:0000",-44.03774,170.77051,"Ashwick Flat",64,NA,0,"Canterbury",1010,9.5,10.5,NA
"22433","20191115:0000",-44.03774,170.77051,"Ashwick Flat",64,NA,0,"Canterbury",1010,3.7,11.65,NA
"22434","20191116:0000",-44.03774,170.77051,"Ashwick Flat",64,NA,0,"Canterbury",1010,10.9,14.2,NA
"22435","20191117:0000",-44.03774,170.77051,"Ashwick Flat",64,NA,0,"Canterbury",1010,4.4,10.6,NA
"22436","20191118:0000",-44.03774,170.77051,"Ashwick Flat",64,NA,0,"Canterbury",1010,2.9,10.5,NA
"22437","20191119:0000",-44.03774,170.77051,"Ashwick Flat",64,NA,0,"Canterbury",1010,10.4,10.55,NA
"22438","20191120:0000",-44.03774,170.77051,"Ashwick Flat",64,NA,0,"Canterbury",1010,7.4,10.55,NA
"22439","20191121:0000",-44.03774,170.77051,"Ashwick Flat",64,NA,0,"Canterbury",1010,9.6,13.75,NA
"22440","20191122:0000",-44.03774,170.77051,"Ashwick Flat",64,NA,0,"Canterbury",1010,19.5,18.15,NA
"22441","20191123:0000",-44.03774,170.77051,"Ashwick Flat",64,NA,0,"Canterbury",1010,4.3,15.35,NA
"22442","20191124:0000",-44.03774,170.77051,"Ashwick Flat",64,NA,0,"Canterbury",1010,5.4,18.1,NA
"22443","20191125:0000",-44.03774,170.77051,"Ashwick Flat",64,NA,0,"Canterbury",1010,2.9,12.25,NA
"22444","20191126:0000",-44.03774,170.77051,"Ashwick Flat",64,NA,0,"Canterbury",1010,2.1,17.25,NA
"22445","20191127:0000",-44.03774,170.77051,"Ashwick Flat",64,NA,0,"Canterbury",1010,7.1,18.85,NA
"22446","20191128:0000",-44.03774,170.77051,"Ashwick Flat",64,NA,0,"Canterbury",1010,6.1,20.1,NA
"22447","20191129:0000",-44.03774,170.77051,"Ashwick Flat",64,NA,0,"Canterbury",1010,8.6,11.65,NA
"22448","20191130:0000",-44.03774,170.77051,"Ashwick Flat",64,NA,0,"Canterbury",1010,3.7,14.2,NA
"22449","20191201:0000",-44.03774,170.77051,"Ashwick Flat",64,NA,0,"Canterbury",1010,5.3,17.25,NA
"22450","20191202:0000",-44.03774,170.77051,"Ashwick Flat",64,NA,0,"Canterbury",1010,8.4,15.1,NA
"22451","20191203:0000",-44.03774,170.77051,"Ashwick Flat",64,NA,0,"Canterbury",1010,15.9,16.2,NA
"22452","20191204:0000",-44.03774,170.77051,"Ashwick Flat",64,NA,0,"Canterbury",1010,51.9,12.85,NA
"22453","20191205:0000",-44.03774,170.77051,"Ashwick Flat",64,NA,0,"Canterbury",1010,13,13.8,NA
"22454","20191206:0000",-44.03774,170.77051,"Ashwick Flat",64,NA,0,"Canterbury",1010,20.3,15.15,NA
"22455","20191207:0000",-44.03774,170.77051,"Ashwick Flat",64,NA,0,"Canterbury",1010,3.8,15.25,NA
"22456","20191208:0000",-44.03774,170.77051,"Ashwick Flat",64,NA,0,"Canterbury",1010,20.8,14.3,NA
"22457","20191209:0000",-44.03774,170.77051,"Ashwick Flat",64,NA,0,"Canterbury",1010,7.4,10.45,NA
"22458","20191210:0000",-44.03774,170.77051,"Ashwick Flat",64,NA,0,"Canterbury",1010,11.4,13,NA
"22459","20191211:0000",-44.03774,170.77051,"Ashwick Flat",64,NA,0,"Canterbury",1010,6.9,15.3,NA
"22460","20191212:0000",-44.03774,170.77051,"Ashwick Flat",64,NA,0,"Canterbury",1010,1.7,14.7,NA
"22461","20191213:0000",-44.03774,170.77051,"Ashwick Flat",64,NA,0,"Canterbury",1010,2.8,16.45,NA
"22462","20191214:0000",-44.03774,170.77051,"Ashwick Flat",64,NA,0,"Canterbury",1010,7.2,13.65,NA
"22463","20191215:0000",-44.03774,170.77051,"Ashwick Flat",64,NA,0,"Canterbury",1010,9.6,13.3,NA
"22464","20191216:0000",-44.03774,170.77051,"Ashwick Flat",64,NA,0,"Canterbury",1010,10.7,10.2,NA
"22465","20191217:0000",-44.03774,170.77051,"Ashwick Flat",64,NA,0,"Canterbury",1010,12.2,10.3,NA
"22466","20191218:0000",-44.03774,170.77051,"Ashwick Flat",64,NA,0,"Canterbury",1010,22.1,11.9,NA
"22467","20191219:0000",-44.03774,170.77051,"Ashwick Flat",64,NA,0,"Canterbury",1010,4,12.05,NA
"22468","20191220:0000",-44.03774,170.77051,"Ashwick Flat",64,NA,0,"Canterbury",1010,24.1,12.2,NA
"22469","20191221:0000",-44.03774,170.77051,"Ashwick Flat",64,NA,0,"Canterbury",1010,6.2,11.8,NA
"22470","20191222:0000",-44.03774,170.77051,"Ashwick Flat",64,NA,0,"Canterbury",1010,8.6,17.5,NA
"22471","20191223:0000",-44.03774,170.77051,"Ashwick Flat",64,NA,0,"Canterbury",1010,5.2,12.5,NA
"22472","20191224:0000",-44.03774,170.77051,"Ashwick Flat",64,NA,0,"Canterbury",1010,7.1,10.95,NA
"22473","20191225:0000",-44.03774,170.77051,"Ashwick Flat",64,NA,0,"Canterbury",1010,3,11.4,NA
"22474","20191226:0000",-44.03774,170.77051,"Ashwick Flat",64,NA,0,"Canterbury",1010,3.2,13.65,NA
"22475","20191227:0000",-44.03774,170.77051,"Ashwick Flat",64,NA,0,"Canterbury",1010,3.9,15.1,NA
"22476","20191228:0000",-44.03774,170.77051,"Ashwick Flat",64,NA,0,"Canterbury",1010,4.8,12.55,NA
"22477","20191229:0000",-44.03774,170.77051,"Ashwick Flat",64,NA,0,"Canterbury",1010,5.6,15.65,NA
"22478","20191230:0000",-44.03774,170.77051,"Ashwick Flat",64,NA,0,"Canterbury",1010,7.8,14.55,NA
"22479","20191231:0000",-44.03774,170.77051,"Ashwick Flat",64,NA,0,"Canterbury",1010,6.5,19.3,NA
"22480","20200101:0000",-44.03774,170.77051,"Ashwick Flat",64,NA,0,"Canterbury",1010,15.6,20.8,NA
"22481","20200102:0000",-44.03774,170.77051,"Ashwick Flat",64,NA,0,"Canterbury",1010,6.3,16.6,NA
"22482","20200103:0000",-44.03774,170.77051,"Ashwick Flat",64,NA,0,"Canterbury",1010,3.8,13.05,NA
"22483","20200104:0000",-44.03774,170.77051,"Ashwick Flat",64,NA,0,"Canterbury",1010,21.6,11.65,NA
"22484","20200105:0000",-44.03774,170.77051,"Ashwick Flat",64,NA,0,"Canterbury",1010,4.2,15.5,NA
"22485","20200106:0000",-44.03774,170.77051,"Ashwick Flat",64,NA,0,"Canterbury",1010,34.2,12.65,NA
"22486","20200107:0000",-44.03774,170.77051,"Ashwick Flat",64,NA,0,"Canterbury",1010,19.6,13.65,NA
"22487","20200108:0000",-44.03774,170.77051,"Ashwick Flat",64,NA,0,"Canterbury",1010,3.7,12.6,NA
"22488","20200109:0000",-44.03774,170.77051,"Ashwick Flat",64,NA,0,"Canterbury",1010,3.1,13.8,NA
"22489","20200110:0000",-44.03774,170.77051,"Ashwick Flat",64,NA,0,"Canterbury",1010,5,13,NA
"22490","20200111:0000",-44.03774,170.77051,"Ashwick Flat",64,NA,0,"Canterbury",1010,5.3,15.65,NA
"22491","20200112:0000",-44.03774,170.77051,"Ashwick Flat",64,NA,0,"Canterbury",1010,4.4,19.5,NA
"22492","20200113:0000",-44.03774,170.77051,"Ashwick Flat",64,NA,0,"Canterbury",1010,3.7,13.2,NA
"22493","20200114:0000",-44.03774,170.77051,"Ashwick Flat",64,NA,0,"Canterbury",1010,4.7,13.35,NA
"22494","20200115:0000",-44.03774,170.77051,"Ashwick Flat",64,NA,0,"Canterbury",1010,2.9,12.05,NA
"22495","20200116:0000",-44.03774,170.77051,"Ashwick Flat",64,NA,0,"Canterbury",1010,4.2,14.6,NA
"22496","20200117:0000",-44.03774,170.77051,"Ashwick Flat",64,NA,0,"Canterbury",1010,2.6,15.05,NA
"22497","20200118:0000",-44.03774,170.77051,"Ashwick Flat",64,NA,0,"Canterbury",1010,3.9,15.65,NA
"22498","20200119:0000",-44.03774,170.77051,"Ashwick Flat",64,NA,0,"Canterbury",1010,4.9,16.7,NA
"22499","20200120:0000",-44.03774,170.77051,"Ashwick Flat",64,NA,0,"Canterbury",1010,3.9,15.65,NA
"22500","20200121:0000",-44.03774,170.77051,"Ashwick Flat",64,NA,0,"Canterbury",1010,8.1,16.1,NA
"22501","20200122:0000",-44.03774,170.77051,"Ashwick Flat",64,NA,0,"Canterbury",1010,4.8,19.45,NA
"22502","20200123:0000",-44.03774,170.77051,"Ashwick Flat",64,NA,0,"Canterbury",1010,4.4,17.95,NA
"22503","20200124:0000",-44.03774,170.77051,"Ashwick Flat",64,NA,0,"Canterbury",1010,2.9,19.85,NA
"22504","20200125:0000",-44.03774,170.77051,"Ashwick Flat",64,NA,0,"Canterbury",1010,7.6,23,NA
"22505","20200126:0000",-44.03774,170.77051,"Ashwick Flat",64,NA,0,"Canterbury",1010,1.9,19.75,NA
"22506","20200127:0000",-44.03774,170.77051,"Ashwick Flat",64,NA,0,"Canterbury",1010,2.5,19.6,NA
"22507","20200128:0000",-44.03774,170.77051,"Ashwick Flat",64,NA,0,"Canterbury",1010,3.8,18.1,NA
"22508","20200129:0000",-44.03774,170.77051,"Ashwick Flat",64,NA,0,"Canterbury",1010,9,19.3,NA
"22509","20200130:0000",-44.03774,170.77051,"Ashwick Flat",64,NA,0,"Canterbury",1010,10.1,19.2,NA
"22510","20200131:0000",-44.03774,170.77051,"Ashwick Flat",64,NA,0,"Canterbury",1010,32.1,19.15,NA
"22511","20200201:0000",-44.03774,170.77051,"Ashwick Flat",64,NA,0,"Canterbury",1010,4.1,17,NA
"22512","20200202:0000",-44.03774,170.77051,"Ashwick Flat",64,NA,0,"Canterbury",1010,6.7,21.05,NA
"22513","20200203:0000",-44.03774,170.77051,"Ashwick Flat",64,NA,0,"Canterbury",1010,11.1,23,NA
"22514","20200204:0000",-44.03774,170.77051,"Ashwick Flat",64,NA,0,"Canterbury",1010,3.3,14.5,NA
"22515","20200205:0000",-44.03774,170.77051,"Ashwick Flat",64,NA,0,"Canterbury",1010,4.2,12.3,NA
"22516","20200206:0000",-44.03774,170.77051,"Ashwick Flat",64,NA,0,"Canterbury",1010,3.7,11.4,NA
"22517","20200207:0000",-44.03774,170.77051,"Ashwick Flat",64,NA,0,"Canterbury",1010,3.6,14.05,NA
"22518","20200208:0000",-44.03774,170.77051,"Ashwick Flat",64,NA,0,"Canterbury",1010,7.6,12.4,NA
"22519","20200209:0000",-44.03774,170.77051,"Ashwick Flat",64,NA,0,"Canterbury",1010,13.8,14,NA
"22520","20200210:0000",-44.03774,170.77051,"Ashwick Flat",64,NA,0,"Canterbury",1010,8.4,16.9,NA
"22521","20200211:0000",-44.03774,170.77051,"Ashwick Flat",64,NA,0,"Canterbury",1010,6.8,17.95,NA
"22522","20200212:0000",-44.03774,170.77051,"Ashwick Flat",64,NA,0,"Canterbury",1010,4.5,18.35,NA
"22523","20200213:0000",-44.03774,170.77051,"Ashwick Flat",64,NA,0,"Canterbury",1010,7.7,18.3,NA
"22524","20200214:0000",-44.03774,170.77051,"Ashwick Flat",64,NA,0,"Canterbury",1010,6.5,11.45,NA
"22525","20200215:0000",-44.03774,170.77051,"Ashwick Flat",64,NA,0,"Canterbury",1010,4,15,NA
"22526","20200216:0000",-44.03774,170.77051,"Ashwick Flat",64,NA,0,"Canterbury",1010,3.9,19.45,NA
"22527","20200217:0000",-44.03774,170.77051,"Ashwick Flat",64,NA,0,"Canterbury",1010,7.5,22.3,NA
"22528","20200218:0000",-44.03774,170.77051,"Ashwick Flat",64,NA,0,"Canterbury",1010,5.2,19.45,NA
"22529","20200219:0000",-44.03774,170.77051,"Ashwick Flat",64,NA,0,"Canterbury",1010,7.2,15,NA
"22530",NA,-44.303,171.225,"Levels",747,NA,0,"Canterbury",1010,NA,NA,NA
"22531","20180101:0000",-44.30517,171.22141,"Levels",747,NA,0,"Canterbury",1010,6.4,16.3,NA
"22532","20180102:0000",-44.30517,171.22141,"Levels",747,NA,0,"Canterbury",1010,2.5,15.3,NA
"22533","20180103:0000",-44.30517,171.22141,"Levels",747,NA,0,"Canterbury",1010,6.6,18.6,NA
"22534","20180104:0000",-44.30517,171.22141,"Levels",747,NA,0,"Canterbury",1010,12,19.35,NA
"22535","20180105:0000",-44.30517,171.22141,"Levels",747,NA,0,"Canterbury",1010,13.8,15.6,NA
"22536","20180106:0000",-44.30517,171.22141,"Levels",747,NA,0,"Canterbury",1010,27.7,14.5,NA
"22537","20180107:0000",-44.30517,171.22141,"Levels",747,NA,0,"Canterbury",1010,4,11.05,NA
"22538","20180108:0000",-44.30517,171.22141,"Levels",747,NA,0,"Canterbury",1010,6,14.95,NA
"22539","20180109:0000",-44.30517,171.22141,"Levels",747,NA,0,"Canterbury",1010,10.5,16.5,NA
"22540","20180110:0000",-44.30517,171.22141,"Levels",747,NA,0,"Canterbury",1010,7.4,15.25,NA
"22541","20180111:0000",-44.30517,171.22141,"Levels",747,NA,0,"Canterbury",1010,3.2,12.8,NA
"22542","20180112:0000",-44.30517,171.22141,"Levels",747,NA,0,"Canterbury",1010,8.2,14.25,NA
"22543","20180113:0000",-44.30517,171.22141,"Levels",747,NA,0,"Canterbury",1010,7.5,15.5,NA
"22544","20180114:0000",-44.30517,171.22141,"Levels",747,NA,0,"Canterbury",1010,3.1,17.5,NA
"22545","20180115:0000",-44.30517,171.22141,"Levels",747,NA,0,"Canterbury",1010,3.3,21,NA
"22546","20180116:0000",-44.30517,171.22141,"Levels",747,NA,0,"Canterbury",1010,0.6,22.1,NA
"22547","20180117:0000",-44.30517,171.22141,"Levels",747,NA,0,"Canterbury",1010,6.4,20.05,NA
"22548","20180118:0000",-44.30517,171.22141,"Levels",747,NA,0,"Canterbury",1010,6.3,18.85,NA
"22549","20180119:0000",-44.30517,171.22141,"Levels",747,NA,0,"Canterbury",1010,8.1,19.9,NA
"22550","20180120:0000",-44.30517,171.22141,"Levels",747,NA,0,"Canterbury",1010,10.7,19.8,NA
"22551","20180121:0000",-44.30517,171.22141,"Levels",747,NA,0,"Canterbury",1010,8.9,18.55,NA
"22552","20180122:0000",-44.30517,171.22141,"Levels",747,NA,0,"Canterbury",1010,4.4,19.75,NA
"22553","20180123:0000",-44.30517,171.22141,"Levels",747,NA,0,"Canterbury",1010,7.2,23.6,NA
"22554","20180124:0000",-44.30517,171.22141,"Levels",747,NA,0,"Canterbury",1010,8.6,21.9,NA
"22555","20180125:0000",-44.30517,171.22141,"Levels",747,NA,0,"Canterbury",1010,8,20.4,NA
"22556","20180126:0000",-44.30517,171.22141,"Levels",747,NA,0,"Canterbury",1010,3.5,19.05,NA
"22557","20180127:0000",-44.30517,171.22141,"Levels",747,NA,0,"Canterbury",1010,1.2,18.9,NA
"22558","20180128:0000",-44.30517,171.22141,"Levels",747,NA,0,"Canterbury",1010,3.5,19.25,NA
"22559","20180129:0000",-44.30517,171.22141,"Levels",747,NA,0,"Canterbury",1010,2.2,21.6,NA
"22560","20180130:0000",-44.30517,171.22141,"Levels",747,NA,0,"Canterbury",1010,3.1,21.3,NA
"22561","20180131:0000",-44.30517,171.22141,"Levels",747,NA,0,"Canterbury",1010,7.6,25,NA
"22562","20180201:0000",-44.30517,171.22141,"Levels",747,NA,0,"Canterbury",1010,21,19.35,NA
"22563","20180202:0000",-44.30517,171.22141,"Levels",747,NA,0,"Canterbury",1010,10.7,14.25,NA
"22564","20180203:0000",-44.30517,171.22141,"Levels",747,NA,0,"Canterbury",1010,7,13.45,NA
"22565","20180204:0000",-44.30517,171.22141,"Levels",747,NA,0,"Canterbury",1010,1.3,14.45,NA
"22566","20180205:0000",-44.30517,171.22141,"Levels",747,NA,0,"Canterbury",1010,2.7,15.85,NA
"22567","20180206:0000",-44.30517,171.22141,"Levels",747,NA,0,"Canterbury",1010,12.2,13.6,NA
"22568","20180207:0000",-44.30517,171.22141,"Levels",747,NA,0,"Canterbury",1010,7.3,13.3,NA
"22569","20180208:0000",-44.30517,171.22141,"Levels",747,NA,0,"Canterbury",1010,3.9,14.8,NA
"22570","20180209:0000",-44.30517,171.22141,"Levels",747,NA,0,"Canterbury",1010,1.5,13.95,NA
"22571","20180210:0000",-44.30517,171.22141,"Levels",747,NA,0,"Canterbury",1010,2.7,17.7,NA
"22572","20180211:0000",-44.30517,171.22141,"Levels",747,NA,0,"Canterbury",1010,6.8,18.3,NA
"22573","20180212:0000",-44.30517,171.22141,"Levels",747,NA,0,"Canterbury",1010,6.2,19.8,NA
"22574","20180213:0000",-44.30517,171.22141,"Levels",747,NA,0,"Canterbury",1010,8.2,18.9,NA
"22575","20180214:0000",-44.30517,171.22141,"Levels",747,NA,0,"Canterbury",1010,19,16.85,NA
"22576","20180215:0000",-44.30517,171.22141,"Levels",747,NA,0,"Canterbury",1010,5.4,18.45,NA
"22577","20180216:0000",-44.30517,171.22141,"Levels",747,NA,0,"Canterbury",1010,6.7,16.95,NA
"22578","20180217:0000",-44.30517,171.22141,"Levels",747,NA,0,"Canterbury",1010,6,17.95,NA
"22579","20180218:0000",-44.30517,171.22141,"Levels",747,NA,0,"Canterbury",1010,7.2,16.6,NA
"22580","20180219:0000",-44.30517,171.22141,"Levels",747,NA,0,"Canterbury",1010,18.2,13.15,NA
"22581","20180220:0000",-44.30517,171.22141,"Levels",747,NA,0,"Canterbury",1010,NA,11,NA
"22582","20180221:0000",-44.30517,171.22141,"Levels",747,NA,0,"Canterbury",1010,24.9,10.55,NA
"22583","20180222:0000",-44.30517,171.22141,"Levels",747,NA,0,"Canterbury",1010,8.9,12.25,NA
"22584","20180223:0000",-44.30517,171.22141,"Levels",747,NA,0,"Canterbury",1010,10.9,13.85,NA
"22585","20180224:0000",-44.30517,171.22141,"Levels",747,NA,0,"Canterbury",1010,5.6,15.95,NA
"22586","20180225:0000",-44.30517,171.22141,"Levels",747,NA,0,"Canterbury",1010,7,20.1,NA
"22587","20180226:0000",-44.30517,171.22141,"Levels",747,NA,0,"Canterbury",1010,6.9,13.85,NA
"22588","20180227:0000",-44.30517,171.22141,"Levels",747,NA,0,"Canterbury",1010,3.2,14,NA
"22589","20180228:0000",-44.30517,171.22141,"Levels",747,NA,0,"Canterbury",1010,4.6,15.3,NA
"22590","20180301:0000",-44.30517,171.22141,"Levels",747,NA,0,"Canterbury",1010,2,17.35,NA
"22591","20180302:0000",-44.30517,171.22141,"Levels",747,NA,0,"Canterbury",1010,2.8,19.65,NA
"22592","20180303:0000",-44.30517,171.22141,"Levels",747,NA,0,"Canterbury",1010,3.5,17.6,NA
"22593","20180304:0000",-44.30517,171.22141,"Levels",747,NA,0,"Canterbury",1010,4.1,20.45,NA
"22594","20180305:0000",-44.30517,171.22141,"Levels",747,NA,0,"Canterbury",1010,8.7,17.9,NA
"22595","20180306:0000",-44.30517,171.22141,"Levels",747,NA,0,"Canterbury",1010,13.1,14.5,NA
"22596","20180307:0000",-44.30517,171.22141,"Levels",747,NA,0,"Canterbury",1010,4.1,12.25,NA
"22597","20180308:0000",-44.30517,171.22141,"Levels",747,NA,0,"Canterbury",1010,3,13.2,NA
"22598","20180309:0000",-44.30517,171.22141,"Levels",747,NA,0,"Canterbury",1010,21,12.45,NA
"22599","20180310:0000",-44.30517,171.22141,"Levels",747,NA,0,"Canterbury",1010,6.7,12.85,NA
"22600","20180311:0000",-44.30517,171.22141,"Levels",747,NA,0,"Canterbury",1010,2.9,14.65,NA
"22601","20180312:0000",-44.30517,171.22141,"Levels",747,NA,0,"Canterbury",1010,8.5,16.3,NA
"22602","20180313:0000",-44.30517,171.22141,"Levels",747,NA,0,"Canterbury",1010,14.5,12.75,NA
"22603","20180314:0000",-44.30517,171.22141,"Levels",747,NA,0,"Canterbury",1010,6.8,12.25,NA
"22604","20180315:0000",-44.30517,171.22141,"Levels",747,NA,0,"Canterbury",1010,6.5,16.25,NA
"22605","20180316:0000",-44.30517,171.22141,"Levels",747,NA,0,"Canterbury",1010,28.9,13.65,NA
"22606","20180317:0000",-44.30517,171.22141,"Levels",747,NA,0,"Canterbury",1010,2.6,11.8,NA
"22607","20180318:0000",-44.30517,171.22141,"Levels",747,NA,0,"Canterbury",1010,3.2,14.7,NA
"22608","20180319:0000",-44.30517,171.22141,"Levels",747,NA,0,"Canterbury",1010,3.4,14.35,NA
"22609","20180320:0000",-44.30517,171.22141,"Levels",747,NA,0,"Canterbury",1010,2.2,19.7,NA
"22610","20180321:0000",-44.30517,171.22141,"Levels",747,NA,0,"Canterbury",1010,15.9,15.2,NA
"22611","20180322:0000",-44.30517,171.22141,"Levels",747,NA,0,"Canterbury",1010,20.1,9.75,NA
"22612","20180323:0000",-44.30517,171.22141,"Levels",747,NA,0,"Canterbury",1010,7.5,10.3,NA
"22613","20180324:0000",-44.30517,171.22141,"Levels",747,NA,0,"Canterbury",1010,4.4,11.95,NA
"22614","20180325:0000",-44.30517,171.22141,"Levels",747,NA,0,"Canterbury",1010,5.4,12.7,NA
"22615","20180326:0000",-44.30517,171.22141,"Levels",747,NA,0,"Canterbury",1010,3,16.5,NA
"22616","20180327:0000",-44.30517,171.22141,"Levels",747,NA,0,"Canterbury",1010,6.6,17.75,NA
"22617","20180328:0000",-44.30517,171.22141,"Levels",747,NA,0,"Canterbury",1010,8.7,14.65,NA
"22618","20180329:0000",-44.30517,171.22141,"Levels",747,NA,0,"Canterbury",1010,5.1,15.15,NA
"22619","20180330:0000",-44.30517,171.22141,"Levels",747,NA,0,"Canterbury",1010,3.9,14.2,NA
"22620","20180331:0000",-44.30517,171.22141,"Levels",747,NA,0,"Canterbury",1010,10.7,16,NA
"22621","20180401:0000",-44.30517,171.22141,"Levels",747,NA,0,"Canterbury",1010,5.6,9.85,NA
"22622","20180402:0000",-44.30517,171.22141,"Levels",747,NA,0,"Canterbury",1010,4.4,15.4,NA
"22623","20180403:0000",-44.30517,171.22141,"Levels",747,NA,0,"Canterbury",1010,11.1,15.45,NA
"22624","20180404:0000",-44.30517,171.22141,"Levels",747,NA,0,"Canterbury",1010,8.3,14.95,NA
"22625","20180405:0000",-44.30517,171.22141,"Levels",747,NA,0,"Canterbury",1010,12.7,16.15,NA
"22626","20180406:0000",-44.30517,171.22141,"Levels",747,NA,0,"Canterbury",1010,14,16.15,NA
"22627","20180407:0000",-44.30517,171.22141,"Levels",747,NA,0,"Canterbury",1010,5.7,12.95,NA
"22628","20180408:0000",-44.30517,171.22141,"Levels",747,NA,0,"Canterbury",1010,7.3,12.4,NA
"22629","20180409:0000",-44.30517,171.22141,"Levels",747,NA,0,"Canterbury",1010,7.3,10.05,NA
"22630","20180410:0000",-44.30517,171.22141,"Levels",747,NA,0,"Canterbury",1010,20.5,7.65,NA
"22631","20180411:0000",-44.30517,171.22141,"Levels",747,NA,0,"Canterbury",1010,22.1,6.9,NA
"22632","20180412:0000",-44.30517,171.22141,"Levels",747,NA,0,"Canterbury",1010,8.5,5.55,NA
"22633","20180413:0000",-44.30517,171.22141,"Levels",747,NA,0,"Canterbury",1010,3.3,7.9,NA
"22634","20180414:0000",-44.30517,171.22141,"Levels",747,NA,0,"Canterbury",1010,7.3,7.35,NA
"22635","20180415:0000",-44.30517,171.22141,"Levels",747,NA,0,"Canterbury",1010,2.6,6.6,NA
"22636","20180416:0000",-44.30517,171.22141,"Levels",747,NA,0,"Canterbury",1010,12.1,12.7,NA
"22637","20180417:0000",-44.30517,171.22141,"Levels",747,NA,0,"Canterbury",1010,7,10.85,NA
"22638","20180418:0000",-44.30517,171.22141,"Levels",747,NA,0,"Canterbury",1010,7.4,8.8,NA
"22639","20180419:0000",-44.30517,171.22141,"Levels",747,NA,0,"Canterbury",1010,11.2,11.75,NA
"22640","20180420:0000",-44.30517,171.22141,"Levels",747,NA,0,"Canterbury",1010,4.2,14.2,NA
"22641","20180421:0000",-44.30517,171.22141,"Levels",747,NA,0,"Canterbury",1010,8.2,12.65,NA
"22642","20180422:0000",-44.30517,171.22141,"Levels",747,NA,0,"Canterbury",1010,6.3,7.25,NA
"22643","20180423:0000",-44.30517,171.22141,"Levels",747,NA,0,"Canterbury",1010,7,8.25,NA
"22644","20180424:0000",-44.30517,171.22141,"Levels",747,NA,0,"Canterbury",1010,2.5,11.4,NA
"22645","20180425:0000",-44.30517,171.22141,"Levels",747,NA,0,"Canterbury",1010,10.5,11,NA
"22646","20180426:0000",-44.30517,171.22141,"Levels",747,NA,0,"Canterbury",1010,3.1,12.55,NA
"22647","20180427:0000",-44.30517,171.22141,"Levels",747,NA,0,"Canterbury",1010,3.2,8.15,NA
"22648","20180428:0000",-44.30517,171.22141,"Levels",747,NA,0,"Canterbury",1010,24.5,9.45,NA
"22649","20180429:0000",-44.30517,171.22141,"Levels",747,NA,0,"Canterbury",1010,18.7,10.05,NA
"22650","20180430:0000",-44.30517,171.22141,"Levels",747,NA,0,"Canterbury",1010,6,9.8,NA
"22651","20180501:0000",-44.30517,171.22141,"Levels",747,NA,0,"Canterbury",1010,6.2,10.5,NA
"22652","20180502:0000",-44.30517,171.22141,"Levels",747,NA,0,"Canterbury",1010,5.7,11.75,NA
"22653","20180503:0000",-44.30517,171.22141,"Levels",747,NA,0,"Canterbury",1010,4,8.85,NA
"22654","20180504:0000",-44.30517,171.22141,"Levels",747,NA,0,"Canterbury",1010,6.9,8.55,NA
"22655","20180505:0000",-44.30517,171.22141,"Levels",747,NA,0,"Canterbury",1010,4.8,9.75,NA
"22656","20180506:0000",-44.30517,171.22141,"Levels",747,NA,0,"Canterbury",1010,9.9,11.25,NA
"22657","20180507:0000",-44.30517,171.22141,"Levels",747,NA,0,"Canterbury",1010,7.6,12.3,NA
"22658","20180508:0000",-44.30517,171.22141,"Levels",747,NA,0,"Canterbury",1010,7.8,13.85,NA
"22659","20180509:0000",-44.30517,171.22141,"Levels",747,NA,0,"Canterbury",1010,7.8,12.6,NA
"22660","20180510:0000",-44.30517,171.22141,"Levels",747,NA,0,"Canterbury",1010,5.9,9.55,NA
"22661","20180511:0000",-44.30517,171.22141,"Levels",747,NA,0,"Canterbury",1010,6.6,9.9,NA
"22662","20180512:0000",-44.30517,171.22141,"Levels",747,NA,0,"Canterbury",1010,11.2,9.35,NA
"22663","20180513:0000",-44.30517,171.22141,"Levels",747,NA,0,"Canterbury",1010,4.7,7,NA
"22664","20180514:0000",-44.30517,171.22141,"Levels",747,NA,0,"Canterbury",1010,1.8,6.75,NA
"22665","20180515:0000",-44.30517,171.22141,"Levels",747,NA,0,"Canterbury",1010,3.8,8.15,NA
"22666","20180516:0000",-44.30517,171.22141,"Levels",747,NA,0,"Canterbury",1010,3,6.05,NA
"22667","20180517:0000",-44.30517,171.22141,"Levels",747,NA,0,"Canterbury",1010,4.9,7,NA
"22668","20180518:0000",-44.30517,171.22141,"Levels",747,NA,0,"Canterbury",1010,6.1,7,NA
"22669","20180519:0000",-44.30517,171.22141,"Levels",747,NA,0,"Canterbury",1010,13.3,9.65,NA
"22670","20180520:0000",-44.30517,171.22141,"Levels",747,NA,0,"Canterbury",1010,9.6,9.6,NA
"22671","20180521:0000",-44.30517,171.22141,"Levels",747,NA,0,"Canterbury",1010,8.3,8.5,NA
"22672","20180522:0000",-44.30517,171.22141,"Levels",747,NA,0,"Canterbury",1010,10.5,7.15,NA
"22673","20180523:0000",-44.30517,171.22141,"Levels",747,NA,0,"Canterbury",1010,3.4,5.6,NA
"22674","20180524:0000",-44.30517,171.22141,"Levels",747,NA,0,"Canterbury",1010,12.3,4.7,NA
"22675","20180525:0000",-44.30517,171.22141,"Levels",747,NA,0,"Canterbury",1010,8.5,5.15,NA
"22676","20180526:0000",-44.30517,171.22141,"Levels",747,NA,0,"Canterbury",1010,4.3,4.75,NA
"22677","20180527:0000",-44.30517,171.22141,"Levels",747,NA,0,"Canterbury",1010,4.6,5.85,NA
"22678","20180528:0000",-44.30517,171.22141,"Levels",747,NA,0,"Canterbury",1010,11.6,5.7,NA
"22679","20180529:0000",-44.30517,171.22141,"Levels",747,NA,0,"Canterbury",1010,10.9,3.8,NA
"22680","20180530:0000",-44.30517,171.22141,"Levels",747,NA,0,"Canterbury",1010,11.9,4.1,NA
"22681","20180531:0000",-44.30517,171.22141,"Levels",747,NA,0,"Canterbury",1010,14,4.25,NA
"22682","20180601:0000",-44.30517,171.22141,"Levels",747,NA,0,"Canterbury",1010,12,5.65,NA
"22683","20180602:0000",-44.30517,171.22141,"Levels",747,NA,0,"Canterbury",1010,9.8,5.25,NA
"22684","20180603:0000",-44.30517,171.22141,"Levels",747,NA,0,"Canterbury",1010,9.1,4.7,NA
"22685","20180604:0000",-44.30517,171.22141,"Levels",747,NA,0,"Canterbury",1010,4.1,7,NA
"22686","20180605:0000",-44.30517,171.22141,"Levels",747,NA,0,"Canterbury",1010,7,7.1,NA
"22687","20180606:0000",-44.30517,171.22141,"Levels",747,NA,0,"Canterbury",1010,13.9,5.75,NA
"22688","20180607:0000",-44.30517,171.22141,"Levels",747,NA,0,"Canterbury",1010,10.4,9.85,NA
"22689","20180608:0000",-44.30517,171.22141,"Levels",747,NA,0,"Canterbury",1010,9.4,6.6,NA
"22690","20180609:0000",-44.30517,171.22141,"Levels",747,NA,0,"Canterbury",1010,7.4,4.3,NA
"22691","20180610:0000",-44.30517,171.22141,"Levels",747,NA,0,"Canterbury",1010,7.1,6.65,NA
"22692","20180611:0000",-44.30517,171.22141,"Levels",747,NA,0,"Canterbury",1010,3.4,8.6,NA
"22693","20180612:0000",-44.30517,171.22141,"Levels",747,NA,0,"Canterbury",1010,3.6,6.45,NA
"22694","20180613:0000",-44.30517,171.22141,"Levels",747,NA,0,"Canterbury",1010,6.5,7.75,NA
"22695","20180614:0000",-44.30517,171.22141,"Levels",747,NA,0,"Canterbury",1010,8.6,9.45,NA
"22696","20180615:0000",-44.30517,171.22141,"Levels",747,NA,0,"Canterbury",1010,4.1,8.25,NA
"22697","20180616:0000",-44.30517,171.22141,"Levels",747,NA,0,"Canterbury",1010,4.5,6.9,NA
"22698","20180617:0000",-44.30517,171.22141,"Levels",747,NA,0,"Canterbury",1010,3.8,6.7,NA
"22699","20180618:0000",-44.30517,171.22141,"Levels",747,NA,0,"Canterbury",1010,3.1,5.95,NA
"22700","20180619:0000",-44.30517,171.22141,"Levels",747,NA,0,"Canterbury",1010,4.2,6.9,NA
"22701","20180620:0000",-44.30517,171.22141,"Levels",747,NA,0,"Canterbury",1010,2,6.55,NA
"22702","20180621:0000",-44.30517,171.22141,"Levels",747,NA,0,"Canterbury",1010,7.7,5.25,NA
"22703","20180622:0000",-44.30517,171.22141,"Levels",747,NA,0,"Canterbury",1010,5.3,2.35,NA
"22704","20180623:0000",-44.30517,171.22141,"Levels",747,NA,0,"Canterbury",1010,2.3,1.85,NA
"22705","20180624:0000",-44.30517,171.22141,"Levels",747,NA,0,"Canterbury",1010,6.2,5,NA
"22706","20180625:0000",-44.30517,171.22141,"Levels",747,NA,0,"Canterbury",1010,4.6,5.4,NA
"22707","20180626:0000",-44.30517,171.22141,"Levels",747,NA,0,"Canterbury",1010,10.7,4,NA
"22708","20180627:0000",-44.30517,171.22141,"Levels",747,NA,0,"Canterbury",1010,14.1,7.35,NA
"22709","20180628:0000",-44.30517,171.22141,"Levels",747,NA,0,"Canterbury",1010,12.7,8.1,NA
"22710","20180629:0000",-44.30517,171.22141,"Levels",747,NA,0,"Canterbury",1010,6.9,5.8,NA
"22711","20180630:0000",-44.30517,171.22141,"Levels",747,NA,0,"Canterbury",1010,8.7,5.25,NA
"22712","20180701:0000",-44.30517,171.22141,"Levels",747,NA,0,"Canterbury",1010,6.9,6.15,NA
"22713","20180702:0000",-44.30517,171.22141,"Levels",747,NA,0,"Canterbury",1010,6.9,6.2,NA
"22714","20180703:0000",-44.30517,171.22141,"Levels",747,NA,0,"Canterbury",1010,5.5,4.5,NA
"22715","20180704:0000",-44.30517,171.22141,"Levels",747,NA,0,"Canterbury",1010,5.5,4.15,NA
"22716","20180705:0000",-44.30517,171.22141,"Levels",747,NA,0,"Canterbury",1010,9,4.5,NA
"22717","20180706:0000",-44.30517,171.22141,"Levels",747,NA,0,"Canterbury",1010,3.6,6.9,NA
"22718","20180707:0000",-44.30517,171.22141,"Levels",747,NA,0,"Canterbury",1010,17.5,10.55,NA
"22719","20180708:0000",-44.30517,171.22141,"Levels",747,NA,0,"Canterbury",1010,9.5,4.9,NA
"22720","20180709:0000",-44.30517,171.22141,"Levels",747,NA,0,"Canterbury",1010,13.7,6.1,NA
"22721","20180710:0000",-44.30517,171.22141,"Levels",747,NA,0,"Canterbury",1010,11.7,5.8,NA
"22722","20180711:0000",-44.30517,171.22141,"Levels",747,NA,0,"Canterbury",1010,9.1,6.3,NA
"22723","20180712:0000",-44.30517,171.22141,"Levels",747,NA,0,"Canterbury",1010,2.9,6.35,NA
"22724","20180713:0000",-44.30517,171.22141,"Levels",747,NA,0,"Canterbury",1010,4.2,2.15,NA
"22725","20180714:0000",-44.30517,171.22141,"Levels",747,NA,0,"Canterbury",1010,7,5.1,NA
"22726","20180715:0000",-44.30517,171.22141,"Levels",747,NA,0,"Canterbury",1010,3.9,2.95,NA
"22727","20180716:0000",-44.30517,171.22141,"Levels",747,NA,0,"Canterbury",1010,2.6,6.9,NA
"22728","20180717:0000",-44.30517,171.22141,"Levels",747,NA,0,"Canterbury",1010,11.3,9.75,NA
"22729","20180718:0000",-44.30517,171.22141,"Levels",747,NA,0,"Canterbury",1010,6.3,6.2,NA
"22730","20180719:0000",-44.30517,171.22141,"Levels",747,NA,0,"Canterbury",1010,3.6,4.5,NA
"22731","20180720:0000",-44.30517,171.22141,"Levels",747,NA,0,"Canterbury",1010,2.3,4.1,NA
"22732","20180721:0000",-44.30517,171.22141,"Levels",747,NA,0,"Canterbury",1010,7.4,7.75,NA
"22733","20180722:0000",-44.30517,171.22141,"Levels",747,NA,0,"Canterbury",1010,8,7.3,NA
"22734","20180723:0000",-44.30517,171.22141,"Levels",747,NA,0,"Canterbury",1010,11.4,7.2,NA
"22735","20180724:0000",-44.30517,171.22141,"Levels",747,NA,0,"Canterbury",1010,3.2,5.65,NA
"22736","20180725:0000",-44.30517,171.22141,"Levels",747,NA,0,"Canterbury",1010,2,3.25,NA
"22737","20180726:0000",-44.30517,171.22141,"Levels",747,NA,0,"Canterbury",1010,4.4,4.25,NA
"22738","20180727:0000",-44.30517,171.22141,"Levels",747,NA,0,"Canterbury",1010,4.9,6.6,NA
"22739","20180728:0000",-44.30517,171.22141,"Levels",747,NA,0,"Canterbury",1010,12.6,8,NA
"22740","20180729:0000",-44.30517,171.22141,"Levels",747,NA,0,"Canterbury",1010,8.1,6.45,NA
"22741","20180730:0000",-44.30517,171.22141,"Levels",747,NA,0,"Canterbury",1010,5.5,4.1,NA
"22742","20180731:0000",-44.30517,171.22141,"Levels",747,NA,0,"Canterbury",1010,2.8,7.85,NA
"22743","20180801:0000",-44.30517,171.22141,"Levels",747,NA,0,"Canterbury",1010,3,6.5,NA
"22744","20180802:0000",-44.30517,171.22141,"Levels",747,NA,0,"Canterbury",1010,4,6.25,NA
"22745","20180803:0000",-44.30517,171.22141,"Levels",747,NA,0,"Canterbury",1010,5.5,7.2,NA
"22746","20180804:0000",-44.30517,171.22141,"Levels",747,NA,0,"Canterbury",1010,5.4,8.2,NA
"22747","20180805:0000",-44.30517,171.22141,"Levels",747,NA,0,"Canterbury",1010,1.7,7.75,NA
"22748","20180806:0000",-44.30517,171.22141,"Levels",747,NA,0,"Canterbury",1010,2.6,4.35,NA
"22749","20180807:0000",-44.30517,171.22141,"Levels",747,NA,0,"Canterbury",1010,3.6,4.85,NA
"22750","20180808:0000",-44.30517,171.22141,"Levels",747,NA,0,"Canterbury",1010,4.7,6.4,NA
"22751","20180809:0000",-44.30517,171.22141,"Levels",747,NA,0,"Canterbury",1010,7.7,8,NA
"22752","20180810:0000",-44.30517,171.22141,"Levels",747,NA,0,"Canterbury",1010,6.8,8.6,NA
"22753","20180811:0000",-44.30517,171.22141,"Levels",747,NA,0,"Canterbury",1010,5.1,5.85,NA
"22754","20180812:0000",-44.30517,171.22141,"Levels",747,NA,0,"Canterbury",1010,1,4.8,NA
"22755","20180813:0000",-44.30517,171.22141,"Levels",747,NA,0,"Canterbury",1010,6.2,6.8,NA
"22756","20180814:0000",-44.30517,171.22141,"Levels",747,NA,0,"Canterbury",1010,8.9,6.4,NA
"22757","20180815:0000",-44.30517,171.22141,"Levels",747,NA,0,"Canterbury",1010,10.8,7.4,NA
"22758","20180816:0000",-44.30517,171.22141,"Levels",747,NA,0,"Canterbury",1010,6.1,8.6,NA
"22759","20180817:0000",-44.30517,171.22141,"Levels",747,NA,0,"Canterbury",1010,3.2,5.15,NA
"22760","20180818:0000",-44.30517,171.22141,"Levels",747,NA,0,"Canterbury",1010,8.8,5.6,NA
"22761","20180819:0000",-44.30517,171.22141,"Levels",747,NA,0,"Canterbury",1010,4.6,3.6,NA
"22762","20180820:0000",-44.30517,171.22141,"Levels",747,NA,0,"Canterbury",1010,8.1,2.75,NA
"22763","20180821:0000",-44.30517,171.22141,"Levels",747,NA,0,"Canterbury",1010,2,6.2,NA
"22764","20180822:0000",-44.30517,171.22141,"Levels",747,NA,0,"Canterbury",1010,5.8,7.25,NA
"22765","20180823:0000",-44.30517,171.22141,"Levels",747,NA,0,"Canterbury",1010,11.3,5.45,NA
"22766","20180824:0000",-44.30517,171.22141,"Levels",747,NA,0,"Canterbury",1010,8.1,8.75,NA
"22767","20180825:0000",-44.30517,171.22141,"Levels",747,NA,0,"Canterbury",1010,17.4,6.4,NA
"22768","20180826:0000",-44.30517,171.22141,"Levels",747,NA,0,"Canterbury",1010,4.9,5.7,NA
"22769","20180827:0000",-44.30517,171.22141,"Levels",747,NA,0,"Canterbury",1010,10,8.45,NA
"22770","20180828:0000",-44.30517,171.22141,"Levels",747,NA,0,"Canterbury",1010,21.5,5.8,NA
"22771","20180829:0000",-44.30517,171.22141,"Levels",747,NA,0,"Canterbury",1010,3.3,8.1,NA
"22772","20180830:0000",-44.30517,171.22141,"Levels",747,NA,0,"Canterbury",1010,7.1,6.75,NA
"22773","20180831:0000",-44.30517,171.22141,"Levels",747,NA,0,"Canterbury",1010,8.5,4.85,NA
"22774","20180901:0000",-44.30517,171.22141,"Levels",747,NA,0,"Canterbury",1010,6,5.3,NA
"22775","20180902:0000",-44.30517,171.22141,"Levels",747,NA,0,"Canterbury",1010,7.8,8.2,NA
"22776","20180903:0000",-44.30517,171.22141,"Levels",747,NA,0,"Canterbury",1010,12.3,9.05,NA
"22777","20180904:0000",-44.30517,171.22141,"Levels",747,NA,0,"Canterbury",1010,3,7.15,NA
"22778","20180905:0000",-44.30517,171.22141,"Levels",747,NA,0,"Canterbury",1010,1.6,5.75,NA
"22779","20180906:0000",-44.30517,171.22141,"Levels",747,NA,0,"Canterbury",1010,5.3,4,NA
"22780","20180907:0000",-44.30517,171.22141,"Levels",747,NA,0,"Canterbury",1010,1.3,3.05,NA
"22781","20180908:0000",-44.30517,171.22141,"Levels",747,NA,0,"Canterbury",1010,1.9,3,NA
"22782","20180909:0000",-44.30517,171.22141,"Levels",747,NA,0,"Canterbury",1010,6.7,4.35,NA
"22783","20180910:0000",-44.30517,171.22141,"Levels",747,NA,0,"Canterbury",1010,4.7,7.4,NA
"22784","20180911:0000",-44.30517,171.22141,"Levels",747,NA,0,"Canterbury",1010,4.4,10.5,NA
"22785","20180912:0000",-44.30517,171.22141,"Levels",747,NA,0,"Canterbury",1010,6.3,7.55,NA
"22786","20180913:0000",-44.30517,171.22141,"Levels",747,NA,0,"Canterbury",1010,9.9,11.95,NA
"22787","20180914:0000",-44.30517,171.22141,"Levels",747,NA,0,"Canterbury",1010,3.9,10.45,NA
"22788","20180915:0000",-44.30517,171.22141,"Levels",747,NA,0,"Canterbury",1010,4.4,10.75,NA
"22789","20180916:0000",-44.30517,171.22141,"Levels",747,NA,0,"Canterbury",1010,5.7,14.4,NA
"22790","20180917:0000",-44.30517,171.22141,"Levels",747,NA,0,"Canterbury",1010,13.4,7.65,NA
"22791","20180918:0000",-44.30517,171.22141,"Levels",747,NA,0,"Canterbury",1010,7.4,6.55,NA
"22792","20180919:0000",-44.30517,171.22141,"Levels",747,NA,0,"Canterbury",1010,4.3,7.4,NA
"22793","20180920:0000",-44.30517,171.22141,"Levels",747,NA,0,"Canterbury",1010,2.5,7.8,NA
"22794","20180921:0000",-44.30517,171.22141,"Levels",747,NA,0,"Canterbury",1010,3.8,9.75,NA
"22795","20180922:0000",-44.30517,171.22141,"Levels",747,NA,0,"Canterbury",1010,4.9,8.2,NA
"22796","20180923:0000",-44.30517,171.22141,"Levels",747,NA,0,"Canterbury",1010,1.2,8.15,NA
"22797","20180924:0000",-44.30517,171.22141,"Levels",747,NA,0,"Canterbury",1010,2.9,8.15,NA
"22798","20180925:0000",-44.30517,171.22141,"Levels",747,NA,0,"Canterbury",1010,3,8.3,NA
"22799","20180926:0000",-44.30517,171.22141,"Levels",747,NA,0,"Canterbury",1010,5.7,7.3,NA
"22800","20180927:0000",-44.30517,171.22141,"Levels",747,NA,0,"Canterbury",1010,12.3,6.3,NA
"22801","20180928:0000",-44.30517,171.22141,"Levels",747,NA,0,"Canterbury",1010,5.2,7.15,NA
"22802","20180929:0000",-44.30517,171.22141,"Levels",747,NA,0,"Canterbury",1010,8.3,9.75,NA
"22803","20180930:0000",-44.30517,171.22141,"Levels",747,NA,0,"Canterbury",1010,5.5,8.4,NA
"22804","20181001:0000",-44.30517,171.22141,"Levels",747,NA,0,"Canterbury",1010,7.3,8.6,NA
"22805","20181002:0000",-44.30517,171.22141,"Levels",747,NA,0,"Canterbury",1010,2.8,8.2,NA
"22806","20181003:0000",-44.30517,171.22141,"Levels",747,NA,0,"Canterbury",1010,8.9,7.8,NA
"22807","20181004:0000",-44.30517,171.22141,"Levels",747,NA,0,"Canterbury",1010,7.5,9.2,NA
"22808","20181005:0000",-44.30517,171.22141,"Levels",747,NA,0,"Canterbury",1010,5.3,9.7,NA
"22809","20181006:0000",-44.30517,171.22141,"Levels",747,NA,0,"Canterbury",1010,2.3,8.2,NA
"22810","20181007:0000",-44.30517,171.22141,"Levels",747,NA,0,"Canterbury",1010,5.4,10.9,NA
"22811","20181008:0000",-44.30517,171.22141,"Levels",747,NA,0,"Canterbury",1010,3.1,11.1,NA
"22812","20181009:0000",-44.30517,171.22141,"Levels",747,NA,0,"Canterbury",1010,7.1,10.25,NA
"22813","20181010:0000",-44.30517,171.22141,"Levels",747,NA,0,"Canterbury",1010,6.5,11.15,NA
"22814","20181011:0000",-44.30517,171.22141,"Levels",747,NA,0,"Canterbury",1010,5.4,9.1,NA
"22815","20181012:0000",-44.30517,171.22141,"Levels",747,NA,0,"Canterbury",1010,29.5,6.7,NA
"22816","20181013:0000",-44.30517,171.22141,"Levels",747,NA,0,"Canterbury",1010,10.4,7.5,NA
"22817","20181014:0000",-44.30517,171.22141,"Levels",747,NA,0,"Canterbury",1010,18.2,8.4,NA
"22818","20181015:0000",-44.30517,171.22141,"Levels",747,NA,0,"Canterbury",1010,4.2,5.65,NA
"22819","20181016:0000",-44.30517,171.22141,"Levels",747,NA,0,"Canterbury",1010,7.6,9.3,NA
"22820","20181017:0000",-44.30517,171.22141,"Levels",747,NA,0,"Canterbury",1010,12,13.5,NA
"22821","20181018:0000",-44.30517,171.22141,"Levels",747,NA,0,"Canterbury",1010,2.5,14.1,NA
"22822","20181019:0000",-44.30517,171.22141,"Levels",747,NA,0,"Canterbury",1010,7.9,10.7,NA
"22823","20181020:0000",-44.30517,171.22141,"Levels",747,NA,0,"Canterbury",1010,5.2,11.35,NA
"22824","20181021:0000",-44.30517,171.22141,"Levels",747,NA,0,"Canterbury",1010,2.1,14.15,NA
"22825","20181022:0000",-44.30517,171.22141,"Levels",747,NA,0,"Canterbury",1010,1.2,12.1,NA
"22826","20181023:0000",-44.30517,171.22141,"Levels",747,NA,0,"Canterbury",1010,3.5,13.1,NA
"22827","20181024:0000",-44.30517,171.22141,"Levels",747,NA,0,"Canterbury",1010,1.2,14.95,NA
"22828","20181025:0000",-44.30517,171.22141,"Levels",747,NA,0,"Canterbury",1010,21.2,9.45,NA
"22829","20181026:0000",-44.30517,171.22141,"Levels",747,NA,0,"Canterbury",1010,3.8,9.45,NA
"22830","20181027:0000",-44.30517,171.22141,"Levels",747,NA,0,"Canterbury",1010,3.9,10.35,NA
"22831","20181028:0000",-44.30517,171.22141,"Levels",747,NA,0,"Canterbury",1010,3.7,9.85,NA
"22832","20181029:0000",-44.30517,171.22141,"Levels",747,NA,0,"Canterbury",1010,8.4,11.1,NA
"22833","20181030:0000",-44.30517,171.22141,"Levels",747,NA,0,"Canterbury",1010,27.9,10.45,NA
"22834","20181031:0000",-44.30517,171.22141,"Levels",747,NA,0,"Canterbury",1010,4.6,9.25,NA
"22835","20181101:0000",-44.30517,171.22141,"Levels",747,NA,0,"Canterbury",1010,14.1,10.65,NA
"22836","20181102:0000",-44.30517,171.22141,"Levels",747,NA,0,"Canterbury",1010,1.8,9.45,NA
"22837","20181103:0000",-44.30517,171.22141,"Levels",747,NA,0,"Canterbury",1010,4.8,16.8,NA
"22838","20181104:0000",-44.30517,171.22141,"Levels",747,NA,0,"Canterbury",1010,4.2,12.7,NA
"22839","20181105:0000",-44.30517,171.22141,"Levels",747,NA,0,"Canterbury",1010,3.6,11.05,NA
"22840","20181106:0000",-44.30517,171.22141,"Levels",747,NA,0,"Canterbury",1010,10.3,13.05,NA
"22841","20181107:0000",-44.30517,171.22141,"Levels",747,NA,0,"Canterbury",1010,4.6,16.25,NA
"22842","20181108:0000",-44.30517,171.22141,"Levels",747,NA,0,"Canterbury",1010,32.1,13.55,NA
"22843","20181109:0000",-44.30517,171.22141,"Levels",747,NA,0,"Canterbury",1010,12.3,6.75,NA
"22844","20181110:0000",-44.30517,171.22141,"Levels",747,NA,0,"Canterbury",1010,3.5,7.75,NA
"22845","20181111:0000",-44.30517,171.22141,"Levels",747,NA,0,"Canterbury",1010,4.1,11.4,NA
"22846","20181112:0000",-44.30517,171.22141,"Levels",747,NA,0,"Canterbury",1010,1.4,11.9,NA
"22847","20181113:0000",-44.30517,171.22141,"Levels",747,NA,0,"Canterbury",1010,2.2,11.95,NA
"22848","20181114:0000",-44.30517,171.22141,"Levels",747,NA,0,"Canterbury",1010,3.1,11.8,NA
"22849","20181115:0000",-44.30517,171.22141,"Levels",747,NA,0,"Canterbury",1010,2.2,14.45,NA
"22850","20181116:0000",-44.30517,171.22141,"Levels",747,NA,0,"Canterbury",1010,15.9,NA,NA
"22851","20181117:0000",-44.30517,171.22141,"Levels",747,NA,0,"Canterbury",1010,12.9,14.65,NA
"22852","20181118:0000",-44.30517,171.22141,"Levels",747,NA,0,"Canterbury",1010,10.4,13.9,NA
"22853","20181119:0000",-44.30517,171.22141,"Levels",747,NA,0,"Canterbury",1010,16.3,NA,NA
"22854","20181120:0000",-44.30517,171.22141,"Levels",747,NA,0,"Canterbury",1010,18.9,8.3,NA
"22855","20181121:0000",-44.30517,171.22141,"Levels",747,NA,0,"Canterbury",1010,13.6,7.05,NA
"22856","20181122:0000",-44.30517,171.22141,"Levels",747,NA,0,"Canterbury",1010,6.3,12.6,NA
"22857","20181123:0000",-44.30517,171.22141,"Levels",747,NA,0,"Canterbury",1010,6.5,11.75,NA
"22858","20181124:0000",-44.30517,171.22141,"Levels",747,NA,0,"Canterbury",1010,10,13.5,NA
"22859","20181125:0000",-44.30517,171.22141,"Levels",747,NA,0,"Canterbury",1010,15.5,13.05,NA
"22860","20181126:0000",-44.30517,171.22141,"Levels",747,NA,0,"Canterbury",1010,15.6,12.6,NA
"22861","20181127:0000",-44.30517,171.22141,"Levels",747,NA,0,"Canterbury",1010,7.4,13.35,NA
"22862","20181128:0000",-44.30517,171.22141,"Levels",747,NA,0,"Canterbury",1010,5.3,12.8,NA
"22863","20181129:0000",-44.30517,171.22141,"Levels",747,NA,0,"Canterbury",1010,10.3,14,NA
"22864","20181130:0000",-44.30517,171.22141,"Levels",747,NA,0,"Canterbury",1010,11.4,13.2,NA
"22865","20181201:0000",-44.30517,171.22141,"Levels",747,NA,0,"Canterbury",1010,3.4,14.65,NA
"22866","20181202:0000",-44.30517,171.22141,"Levels",747,NA,0,"Canterbury",1010,7.6,15.65,NA
"22867","20181203:0000",-44.30517,171.22141,"Levels",747,NA,0,"Canterbury",1010,8.2,17.55,NA
"22868","20181204:0000",-44.30517,171.22141,"Levels",747,NA,0,"Canterbury",1010,3.3,17.6,NA
"22869","20181205:0000",-44.30517,171.22141,"Levels",747,NA,0,"Canterbury",1010,5.7,12.05,NA
"22870","20181206:0000",-44.30517,171.22141,"Levels",747,NA,0,"Canterbury",1010,3.8,11.55,NA
"22871","20181207:0000",-44.30517,171.22141,"Levels",747,NA,0,"Canterbury",1010,1.5,11.15,NA
"22872","20181208:0000",-44.30517,171.22141,"Levels",747,NA,0,"Canterbury",1010,14.6,16.55,NA
"22873","20181209:0000",-44.30517,171.22141,"Levels",747,NA,0,"Canterbury",1010,6,16.85,NA
"22874","20181210:0000",-44.30517,171.22141,"Levels",747,NA,0,"Canterbury",1010,8,12.4,NA
"22875","20181211:0000",-44.30517,171.22141,"Levels",747,NA,0,"Canterbury",1010,2.8,12.95,NA
"22876","20181212:0000",-44.30517,171.22141,"Levels",747,NA,0,"Canterbury",1010,6.3,13.95,NA
"22877","20181213:0000",-44.30517,171.22141,"Levels",747,NA,0,"Canterbury",1010,4,14.65,NA
"22878","20181214:0000",-44.30517,171.22141,"Levels",747,NA,0,"Canterbury",1010,6.2,16.85,NA
"22879","20181215:0000",-44.30517,171.22141,"Levels",747,NA,0,"Canterbury",1010,13.9,15.15,NA
"22880","20181216:0000",-44.30517,171.22141,"Levels",747,NA,0,"Canterbury",1010,5.4,16.05,NA
"22881","20181217:0000",-44.30517,171.22141,"Levels",747,NA,0,"Canterbury",1010,4.3,18.45,NA
"22882","20181218:0000",-44.30517,171.22141,"Levels",747,NA,0,"Canterbury",1010,5.2,20.65,NA
"22883","20181219:0000",-44.30517,171.22141,"Levels",747,NA,0,"Canterbury",1010,19.9,12.05,NA
"22884","20181220:0000",-44.30517,171.22141,"Levels",747,NA,0,"Canterbury",1010,1.1,12,NA
"22885","20181221:0000",-44.30517,171.22141,"Levels",747,NA,0,"Canterbury",1010,2.3,12.55,NA
"22886","20181222:0000",-44.30517,171.22141,"Levels",747,NA,0,"Canterbury",1010,8.6,12.6,NA
"22887","20181223:0000",-44.30517,171.22141,"Levels",747,NA,0,"Canterbury",1010,5.7,12.35,NA
"22888","20181224:0000",-44.30517,171.22141,"Levels",747,NA,0,"Canterbury",1010,6,13.25,NA
"22889","20181225:0000",-44.30517,171.22141,"Levels",747,NA,0,"Canterbury",1010,4.6,15.75,NA
"22890","20181226:0000",-44.30517,171.22141,"Levels",747,NA,0,"Canterbury",1010,15.7,14.6,NA
"22891","20181227:0000",-44.30517,171.22141,"Levels",747,NA,0,"Canterbury",1010,3.9,14.1,NA
"22892","20181228:0000",-44.30517,171.22141,"Levels",747,NA,0,"Canterbury",1010,3.8,16,NA
"22893","20181229:0000",-44.30517,171.22141,"Levels",747,NA,0,"Canterbury",1010,5.6,20.25,NA
"22894","20181230:0000",-44.30517,171.22141,"Levels",747,NA,0,"Canterbury",1010,4.8,23.8,NA
"22895","20181231:0000",-44.30517,171.22141,"Levels",747,NA,0,"Canterbury",1010,14.6,16.35,NA
"22896","20190101:0000",-44.30517,171.22141,"Levels",747,NA,0,"Canterbury",1010,5.2,19.2,NA
"22897","20190102:0000",-44.30517,171.22141,"Levels",747,NA,0,"Canterbury",1010,3.4,23.45,NA
"22898","20190103:0000",-44.30517,171.22141,"Levels",747,NA,0,"Canterbury",1010,5.1,15.45,NA
"22899","20190104:0000",-44.30517,171.22141,"Levels",747,NA,0,"Canterbury",1010,8.1,14.05,NA
"22900","20190105:0000",-44.30517,171.22141,"Levels",747,NA,0,"Canterbury",1010,4.9,20.2,NA
"22901","20190106:0000",-44.30517,171.22141,"Levels",747,NA,0,"Canterbury",1010,9.1,14.9,NA
"22902","20190107:0000",-44.30517,171.22141,"Levels",747,NA,0,"Canterbury",1010,10.2,17.35,NA
"22903","20190108:0000",-44.30517,171.22141,"Levels",747,NA,0,"Canterbury",1010,8.4,15.65,NA
"22904","20190109:0000",-44.30517,171.22141,"Levels",747,NA,0,"Canterbury",1010,6.5,18.35,NA
"22905","20190110:0000",-44.30517,171.22141,"Levels",747,NA,0,"Canterbury",1010,24.2,15.85,NA
"22906","20190111:0000",-44.30517,171.22141,"Levels",747,NA,0,"Canterbury",1010,15.7,11.95,NA
"22907","20190112:0000",-44.30517,171.22141,"Levels",747,NA,0,"Canterbury",1010,7.6,14.05,NA
"22908","20190113:0000",-44.30517,171.22141,"Levels",747,NA,0,"Canterbury",1010,1.4,14.4,NA
"22909","20190114:0000",-44.30517,171.22141,"Levels",747,NA,0,"Canterbury",1010,7.9,14.05,NA
"22910","20190115:0000",-44.30517,171.22141,"Levels",747,NA,0,"Canterbury",1010,2.1,14.35,NA
"22911","20190116:0000",-44.30517,171.22141,"Levels",747,NA,0,"Canterbury",1010,6,14.85,NA
"22912","20190117:0000",-44.30517,171.22141,"Levels",747,NA,0,"Canterbury",1010,10,15.5,NA
"22913","20190118:0000",-44.30517,171.22141,"Levels",747,NA,0,"Canterbury",1010,12.3,16.15,NA
"22914","20190119:0000",-44.30517,171.22141,"Levels",747,NA,0,"Canterbury",1010,3.5,20.45,NA
"22915","20190120:0000",-44.30517,171.22141,"Levels",747,NA,0,"Canterbury",1010,16.3,19.5,NA
"22916","20190121:0000",-44.30517,171.22141,"Levels",747,NA,0,"Canterbury",1010,11.3,18.3,NA
"22917","20190122:0000",-44.30517,171.22141,"Levels",747,NA,0,"Canterbury",1010,7.3,19.75,NA
"22918","20190123:0000",-44.30517,171.22141,"Levels",747,NA,0,"Canterbury",1010,12.3,19.7,NA
"22919","20190124:0000",-44.30517,171.22141,"Levels",747,NA,0,"Canterbury",1010,2.6,9.95,NA
"22920","20190125:0000",-44.30517,171.22141,"Levels",747,NA,0,"Canterbury",1010,3.9,12.85,NA
"22921","20190126:0000",-44.30517,171.22141,"Levels",747,NA,0,"Canterbury",1010,2.4,18.8,NA
"22922","20190127:0000",-44.30517,171.22141,"Levels",747,NA,0,"Canterbury",1010,8.2,17.6,NA
"22923","20190128:0000",-44.30517,171.22141,"Levels",747,NA,0,"Canterbury",1010,8.6,19.5,NA
"22924","20190129:0000",-44.30517,171.22141,"Levels",747,NA,0,"Canterbury",1010,4.2,21.05,NA
"22925","20190130:0000",-44.30517,171.22141,"Levels",747,NA,0,"Canterbury",1010,3.3,20.4,NA
"22926","20190131:0000",-44.30517,171.22141,"Levels",747,NA,0,"Canterbury",1010,2.7,20.05,NA
"22927","20190201:0000",-44.30517,171.22141,"Levels",747,NA,0,"Canterbury",1010,5.4,23.05,NA
"22928","20190202:0000",-44.30517,171.22141,"Levels",747,NA,0,"Canterbury",1010,6.8,13.45,NA
"22929","20190203:0000",-44.30517,171.22141,"Levels",747,NA,0,"Canterbury",1010,0.6,14.5,NA
"22930","20190204:0000",-44.30517,171.22141,"Levels",747,NA,0,"Canterbury",1010,5.5,16.85,NA
"22931","20190205:0000",-44.30517,171.22141,"Levels",747,NA,0,"Canterbury",1010,3,16.3,NA
"22932","20190206:0000",-44.30517,171.22141,"Levels",747,NA,0,"Canterbury",1010,5.4,12.6,NA
"22933","20190207:0000",-44.30517,171.22141,"Levels",747,NA,0,"Canterbury",1010,5,14.55,NA
"22934","20190208:0000",-44.30517,171.22141,"Levels",747,NA,0,"Canterbury",1010,3.3,14.15,NA
"22935","20190209:0000",-44.30517,171.22141,"Levels",747,NA,0,"Canterbury",1010,2.8,18.75,NA
"22936","20190210:0000",-44.30517,171.22141,"Levels",747,NA,0,"Canterbury",1010,5,20.1,NA
"22937","20190211:0000",-44.30517,171.22141,"Levels",747,NA,0,"Canterbury",1010,4.2,18.05,NA
"22938","20190212:0000",-44.30517,171.22141,"Levels",747,NA,0,"Canterbury",1010,6.7,17.4,NA
"22939","20190213:0000",-44.30517,171.22141,"Levels",747,NA,0,"Canterbury",1010,3.1,17.75,NA
"22940","20190214:0000",-44.30517,171.22141,"Levels",747,NA,0,"Canterbury",1010,1.2,NA,NA
"22941","20190215:0000",-44.30517,171.22141,"Levels",747,NA,0,"Canterbury",1010,5.3,16.85,NA
"22942","20190216:0000",-44.30517,171.22141,"Levels",747,NA,0,"Canterbury",1010,9.5,14.35,NA
"22943","20190217:0000",-44.30517,171.22141,"Levels",747,NA,0,"Canterbury",1010,2.5,14.15,NA
"22944","20190218:0000",-44.30517,171.22141,"Levels",747,NA,0,"Canterbury",1010,3.7,16.75,NA
"22945","20190219:0000",-44.30517,171.22141,"Levels",747,NA,0,"Canterbury",1010,7.4,22.7,NA
"22946","20190220:0000",-44.30517,171.22141,"Levels",747,NA,0,"Canterbury",1010,22,16.45,NA
"22947","20190221:0000",-44.30517,171.22141,"Levels",747,NA,0,"Canterbury",1010,6.8,17.05,NA
"22948","20190222:0000",-44.30517,171.22141,"Levels",747,NA,0,"Canterbury",1010,18.7,13.35,NA
"22949","20190223:0000",-44.30517,171.22141,"Levels",747,NA,0,"Canterbury",1010,13.1,11.6,NA
"22950","20190224:0000",-44.30517,171.22141,"Levels",747,NA,0,"Canterbury",1010,20.6,12.2,NA
"22951","20190225:0000",-44.30517,171.22141,"Levels",747,NA,0,"Canterbury",1010,2,10.6,NA
"22952","20190226:0000",-44.30517,171.22141,"Levels",747,NA,0,"Canterbury",1010,7.1,13,NA
"22953","20190227:0000",-44.30517,171.22141,"Levels",747,NA,0,"Canterbury",1010,5.9,18.35,NA
"22954","20190228:0000",-44.30517,171.22141,"Levels",747,NA,0,"Canterbury",1010,6.8,9.05,NA
"22955","20190301:0000",-44.30517,171.22141,"Levels",747,NA,0,"Canterbury",1010,6.1,12.9,NA
"22956","20190302:0000",-44.30517,171.22141,"Levels",747,NA,0,"Canterbury",1010,4,12.25,NA
"22957","20190303:0000",-44.30517,171.22141,"Levels",747,NA,0,"Canterbury",1010,4.4,16.5,NA
"22958","20190304:0000",-44.30517,171.22141,"Levels",747,NA,0,"Canterbury",1010,7.5,16.85,NA
"22959","20190305:0000",-44.30517,171.22141,"Levels",747,NA,0,"Canterbury",1010,7.1,21.05,NA
"22960","20190306:0000",-44.30517,171.22141,"Levels",747,NA,0,"Canterbury",1010,4.2,18.35,NA
"22961","20190307:0000",-44.30517,171.22141,"Levels",747,NA,0,"Canterbury",1010,9.4,19.75,NA
"22962","20190308:0000",-44.30517,171.22141,"Levels",747,NA,0,"Canterbury",1010,7.1,13.8,NA
"22963","20190309:0000",-44.30517,171.22141,"Levels",747,NA,0,"Canterbury",1010,3.8,13.2,NA
"22964","20190310:0000",-44.30517,171.22141,"Levels",747,NA,0,"Canterbury",1010,6.4,13.8,NA
"22965","20190311:0000",-44.30517,171.22141,"Levels",747,NA,0,"Canterbury",1010,3.5,13.35,NA
"22966","20190312:0000",-44.30517,171.22141,"Levels",747,NA,0,"Canterbury",1010,1.9,17.6,NA
"22967","20190313:0000",-44.30517,171.22141,"Levels",747,NA,0,"Canterbury",1010,6.2,17.3,NA
"22968","20190314:0000",-44.30517,171.22141,"Levels",747,NA,0,"Canterbury",1010,9.1,12.7,NA
"22969","20190315:0000",-44.30517,171.22141,"Levels",747,NA,0,"Canterbury",1010,2.5,14.7,NA
"22970","20190316:0000",-44.30517,171.22141,"Levels",747,NA,0,"Canterbury",1010,9.9,16.55,NA
"22971","20190317:0000",-44.30517,171.22141,"Levels",747,NA,0,"Canterbury",1010,3.9,16.1,NA
"22972","20190318:0000",-44.30517,171.22141,"Levels",747,NA,0,"Canterbury",1010,1.6,17.3,NA
"22973","20190319:0000",-44.30517,171.22141,"Levels",747,NA,0,"Canterbury",1010,1.2,15.75,NA
"22974","20190320:0000",-44.30517,171.22141,"Levels",747,NA,0,"Canterbury",1010,2.4,15.5,NA
"22975","20190321:0000",-44.30517,171.22141,"Levels",747,NA,0,"Canterbury",1010,9.3,16.8,NA
"22976","20190322:0000",-44.30517,171.22141,"Levels",747,NA,0,"Canterbury",1010,3,16.35,NA
"22977","20190323:0000",-44.30517,171.22141,"Levels",747,NA,0,"Canterbury",1010,4.8,15.3,NA
"22978","20190324:0000",-44.30517,171.22141,"Levels",747,NA,0,"Canterbury",1010,3.3,18.35,NA
"22979","20190325:0000",-44.30517,171.22141,"Levels",747,NA,0,"Canterbury",1010,3.3,18,NA
"22980","20190326:0000",-44.30517,171.22141,"Levels",747,NA,0,"Canterbury",1010,2.8,22.25,NA
"22981","20190327:0000",-44.30517,171.22141,"Levels",747,NA,0,"Canterbury",1010,2.2,19.15,NA
"22982","20190328:0000",-44.30517,171.22141,"Levels",747,NA,0,"Canterbury",1010,3.8,13.55,NA
"22983","20190329:0000",-44.30517,171.22141,"Levels",747,NA,0,"Canterbury",1010,1.9,12.2,NA
"22984","20190330:0000",-44.30517,171.22141,"Levels",747,NA,0,"Canterbury",1010,4.9,13.15,NA
"22985","20190331:0000",-44.30517,171.22141,"Levels",747,NA,0,"Canterbury",1010,5.1,16.7,NA
"22986","20190401:0000",-44.30517,171.22141,"Levels",747,NA,0,"Canterbury",1010,4.7,18.95,NA
"22987","20190402:0000",-44.30517,171.22141,"Levels",747,NA,0,"Canterbury",1010,3.7,11.55,NA
"22988","20190403:0000",-44.30517,171.22141,"Levels",747,NA,0,"Canterbury",1010,10.2,9.95,NA
"22989","20190404:0000",-44.30517,171.22141,"Levels",747,NA,0,"Canterbury",1010,3.7,8.55,NA
"22990","20190405:0000",-44.30517,171.22141,"Levels",747,NA,0,"Canterbury",1010,13.2,9.85,NA
"22991","20190406:0000",-44.30517,171.22141,"Levels",747,NA,0,"Canterbury",1010,11.7,7.8,NA
"22992","20190407:0000",-44.30517,171.22141,"Levels",747,NA,0,"Canterbury",1010,11.6,8.75,NA
"22993","20190408:0000",-44.30517,171.22141,"Levels",747,NA,0,"Canterbury",1010,5,9.85,NA
"22994","20190409:0000",-44.30517,171.22141,"Levels",747,NA,0,"Canterbury",1010,5.4,11.6,NA
"22995","20190410:0000",-44.30517,171.22141,"Levels",747,NA,0,"Canterbury",1010,5.5,13.3,NA
"22996","20190411:0000",-44.30517,171.22141,"Levels",747,NA,0,"Canterbury",1010,13.2,11.6,NA
"22997","20190412:0000",-44.30517,171.22141,"Levels",747,NA,0,"Canterbury",1010,19.5,10.75,NA
"22998","20190413:0000",-44.30517,171.22141,"Levels",747,NA,0,"Canterbury",1010,10,7.75,NA
"22999","20190414:0000",-44.30517,171.22141,"Levels",747,NA,0,"Canterbury",1010,11.4,8.95,NA
"23000","20190415:0000",-44.30517,171.22141,"Levels",747,NA,0,"Canterbury",1010,7,12.7,NA
"23001","20190416:0000",-44.30517,171.22141,"Levels",747,NA,0,"Canterbury",1010,4.7,9.75,NA
"23002","20190417:0000",-44.30517,171.22141,"Levels",747,NA,0,"Canterbury",1010,7.8,9.05,NA
"23003","20190418:0000",-44.30517,171.22141,"Levels",747,NA,0,"Canterbury",1010,5,8.95,NA
"23004","20190419:0000",-44.30517,171.22141,"Levels",747,NA,0,"Canterbury",1010,7.2,12.6,NA
"23005","20190420:0000",-44.30517,171.22141,"Levels",747,NA,0,"Canterbury",1010,4.3,9.4,NA
"23006","20190421:0000",-44.30517,171.22141,"Levels",747,NA,0,"Canterbury",1010,9.3,10.9,NA
"23007","20190422:0000",-44.30517,171.22141,"Levels",747,NA,0,"Canterbury",1010,4.5,11,NA
"23008","20190423:0000",-44.30517,171.22141,"Levels",747,NA,0,"Canterbury",1010,4.2,11.45,NA
"23009","20190424:0000",-44.30517,171.22141,"Levels",747,NA,0,"Canterbury",1010,5.7,8.5,NA
"23010","20190425:0000",-44.30517,171.22141,"Levels",747,NA,0,"Canterbury",1010,2,13.7,NA
"23011","20190426:0000",-44.30517,171.22141,"Levels",747,NA,0,"Canterbury",1010,4.5,10.85,NA
"23012","20190427:0000",-44.30517,171.22141,"Levels",747,NA,0,"Canterbury",1010,6.1,12.55,NA
"23013","20190428:0000",-44.30517,171.22141,"Levels",747,NA,0,"Canterbury",1010,8.8,10.2,NA
"23014","20190429:0000",-44.30517,171.22141,"Levels",747,NA,0,"Canterbury",1010,12,8.25,NA
"23015","20190430:0000",-44.30517,171.22141,"Levels",747,NA,0,"Canterbury",1010,7.6,7.9,NA
"23016","20190501:0000",-44.30517,171.22141,"Levels",747,NA,0,"Canterbury",1010,9.9,9.05,NA
"23017","20190502:0000",-44.30517,171.22141,"Levels",747,NA,0,"Canterbury",1010,9.6,10.45,NA
"23018","20190503:0000",-44.30517,171.22141,"Levels",747,NA,0,"Canterbury",1010,1.6,10.45,NA
"23019","20190504:0000",-44.30517,171.22141,"Levels",747,NA,0,"Canterbury",1010,4.2,10.55,NA
"23020","20190505:0000",-44.30517,171.22141,"Levels",747,NA,0,"Canterbury",1010,6.5,11.8,NA
"23021","20190506:0000",-44.30517,171.22141,"Levels",747,NA,0,"Canterbury",1010,1.4,10.85,NA
"23022","20190507:0000",-44.30517,171.22141,"Levels",747,NA,0,"Canterbury",1010,6.6,12.15,NA
"23023","20190508:0000",-44.30517,171.22141,"Levels",747,NA,0,"Canterbury",1010,2.7,9.3,NA
"23024","20190509:0000",-44.30517,171.22141,"Levels",747,NA,0,"Canterbury",1010,3.2,9.25,NA
"23025","20190510:0000",-44.30517,171.22141,"Levels",747,NA,0,"Canterbury",1010,7,12.3,NA
"23026","20190511:0000",-44.30517,171.22141,"Levels",747,NA,0,"Canterbury",1010,5.9,8.45,NA
"23027","20190512:0000",-44.30517,171.22141,"Levels",747,NA,0,"Canterbury",1010,3.1,8.45,NA
"23028","20190513:0000",-44.30517,171.22141,"Levels",747,NA,0,"Canterbury",1010,3.6,9.15,NA
"23029","20190514:0000",-44.30517,171.22141,"Levels",747,NA,0,"Canterbury",1010,6.1,8.65,NA
"23030","20190515:0000",-44.30517,171.22141,"Levels",747,NA,0,"Canterbury",1010,11.4,11.45,NA
"23031","20190516:0000",-44.30517,171.22141,"Levels",747,NA,0,"Canterbury",1010,10.3,9.45,NA
"23032","20190517:0000",-44.30517,171.22141,"Levels",747,NA,0,"Canterbury",1010,6.1,5.75,NA
"23033","20190518:0000",-44.30517,171.22141,"Levels",747,NA,0,"Canterbury",1010,10.3,8.8,NA
"23034","20190519:0000",-44.30517,171.22141,"Levels",747,NA,0,"Canterbury",1010,4.7,8.3,NA
"23035","20190520:0000",-44.30517,171.22141,"Levels",747,NA,0,"Canterbury",1010,7.8,7.05,NA
"23036","20190521:0000",-44.30517,171.22141,"Levels",747,NA,0,"Canterbury",1010,5.1,6.05,NA
"23037","20190522:0000",-44.30517,171.22141,"Levels",747,NA,0,"Canterbury",1010,2.5,6.8,NA
"23038","20190523:0000",-44.30517,171.22141,"Levels",747,NA,0,"Canterbury",1010,8.3,8.1,NA
"23039","20190524:0000",-44.30517,171.22141,"Levels",747,NA,0,"Canterbury",1010,3.4,5.65,NA
"23040","20190525:0000",-44.30517,171.22141,"Levels",747,NA,0,"Canterbury",1010,4.6,8.1,NA
"23041","20190526:0000",-44.30517,171.22141,"Levels",747,NA,0,"Canterbury",1010,8.2,10.85,NA
"23042","20190527:0000",-44.30517,171.22141,"Levels",747,NA,0,"Canterbury",1010,5.9,10.6,NA
"23043","20190528:0000",-44.30517,171.22141,"Levels",747,NA,0,"Canterbury",1010,4.9,7.95,NA
"23044","20190529:0000",-44.30517,171.22141,"Levels",747,NA,0,"Canterbury",1010,4.8,10.7,NA
"23045","20190530:0000",-44.30517,171.22141,"Levels",747,NA,0,"Canterbury",1010,9.5,13.75,NA
"23046","20190531:0000",-44.30517,171.22141,"Levels",747,NA,0,"Canterbury",1010,3.5,6.3,NA
"23047","20190601:0000",-44.30517,171.22141,"Levels",747,NA,0,"Canterbury",1010,25.9,7.1,NA
"23048","20190602:0000",-44.30517,171.22141,"Levels",747,NA,0,"Canterbury",1010,11.2,4.8,NA
"23049","20190603:0000",-44.30517,171.22141,"Levels",747,NA,0,"Canterbury",1010,10.2,5,NA
"23050","20190604:0000",-44.30517,171.22141,"Levels",747,NA,0,"Canterbury",1010,10.7,4.3,NA
"23051","20190605:0000",-44.30517,171.22141,"Levels",747,NA,0,"Canterbury",1010,7.8,3.45,NA
"23052","20190606:0000",-44.30517,171.22141,"Levels",747,NA,0,"Canterbury",1010,5,5.25,NA
"23053","20190607:0000",-44.30517,171.22141,"Levels",747,NA,0,"Canterbury",1010,6,7,NA
"23054","20190608:0000",-44.30517,171.22141,"Levels",747,NA,0,"Canterbury",1010,38.5,7.5,NA
"23055","20190609:0000",-44.30517,171.22141,"Levels",747,NA,0,"Canterbury",1010,7.1,6.5,NA
"23056","20190610:0000",-44.30517,171.22141,"Levels",747,NA,0,"Canterbury",1010,13.4,6.45,NA
"23057","20190611:0000",-44.30517,171.22141,"Levels",747,NA,0,"Canterbury",1010,5.6,6.3,NA
"23058","20190612:0000",-44.30517,171.22141,"Levels",747,NA,0,"Canterbury",1010,8,8.3,NA
"23059","20190613:0000",-44.30517,171.22141,"Levels",747,NA,0,"Canterbury",1010,5.1,9.5,NA
"23060","20190614:0000",-44.30517,171.22141,"Levels",747,NA,0,"Canterbury",1010,7.3,8.5,NA
"23061","20190615:0000",-44.30517,171.22141,"Levels",747,NA,0,"Canterbury",1010,5.7,9.3,NA
"23062","20190616:0000",-44.30517,171.22141,"Levels",747,NA,0,"Canterbury",1010,11.7,5.45,NA
"23063","20190617:0000",-44.30517,171.22141,"Levels",747,NA,0,"Canterbury",1010,7.8,4.05,NA
"23064","20190618:0000",-44.30517,171.22141,"Levels",747,NA,0,"Canterbury",1010,5.8,3.95,NA
"23065","20190619:0000",-44.30517,171.22141,"Levels",747,NA,0,"Canterbury",1010,4.8,3,NA
"23066","20190620:0000",-44.30517,171.22141,"Levels",747,NA,0,"Canterbury",1010,5.7,2.45,NA
"23067","20190621:0000",-44.30517,171.22141,"Levels",747,NA,0,"Canterbury",1010,8.9,7,NA
"23068","20190622:0000",-44.30517,171.22141,"Levels",747,NA,0,"Canterbury",1010,8.6,6.25,NA
"23069","20190623:0000",-44.30517,171.22141,"Levels",747,NA,0,"Canterbury",1010,5.5,4.75,NA
"23070","20190624:0000",-44.30517,171.22141,"Levels",747,NA,0,"Canterbury",1010,11.2,6.2,NA
"23071","20190625:0000",-44.30517,171.22141,"Levels",747,NA,0,"Canterbury",1010,7.1,4.9,NA
"23072","20190626:0000",-44.30517,171.22141,"Levels",747,NA,0,"Canterbury",1010,11.9,5.1,NA
"23073","20190627:0000",-44.30517,171.22141,"Levels",747,NA,0,"Canterbury",1010,9.4,4.55,NA
"23074","20190628:0000",-44.30517,171.22141,"Levels",747,NA,0,"Canterbury",1010,4.5,4.75,NA
"23075","20190629:0000",-44.30517,171.22141,"Levels",747,NA,0,"Canterbury",1010,3.7,3.95,NA
"23076","20190630:0000",-44.30517,171.22141,"Levels",747,NA,0,"Canterbury",1010,3.6,5.15,NA
"23077","20190701:0000",-44.30517,171.22141,"Levels",747,NA,0,"Canterbury",1010,4.8,5.45,NA
"23078","20190702:0000",-44.30517,171.22141,"Levels",747,NA,0,"Canterbury",1010,7.6,4.15,NA
"23079","20190703:0000",-44.30517,171.22141,"Levels",747,NA,0,"Canterbury",1010,7.1,11.35,NA
"23080","20190704:0000",-44.30517,171.22141,"Levels",747,NA,0,"Canterbury",1010,8.5,8.6,NA
"23081","20190705:0000",-44.30517,171.22141,"Levels",747,NA,0,"Canterbury",1010,12.2,5,NA
"23082","20190706:0000",-44.30517,171.22141,"Levels",747,NA,0,"Canterbury",1010,7.9,6.7,NA
"23083","20190707:0000",-44.30517,171.22141,"Levels",747,NA,0,"Canterbury",1010,5.4,7.55,NA
"23084","20190708:0000",-44.30517,171.22141,"Levels",747,NA,0,"Canterbury",1010,7.6,4.05,NA
"23085","20190709:0000",-44.30517,171.22141,"Levels",747,NA,0,"Canterbury",1010,10.6,2.25,NA
"23086","20190710:0000",-44.30517,171.22141,"Levels",747,NA,0,"Canterbury",1010,4.6,5.25,NA
"23087","20190711:0000",-44.30517,171.22141,"Levels",747,NA,0,"Canterbury",1010,4.8,7.15,NA
"23088","20190712:0000",-44.30517,171.22141,"Levels",747,NA,0,"Canterbury",1010,4.8,3.7,NA
"23089","20190713:0000",-44.30517,171.22141,"Levels",747,NA,0,"Canterbury",1010,5,8,NA
"23090","20190714:0000",-44.30517,171.22141,"Levels",747,NA,0,"Canterbury",1010,12.6,10.05,NA
"23091","20190715:0000",-44.30517,171.22141,"Levels",747,NA,0,"Canterbury",1010,4.6,3.05,NA
"23092","20190716:0000",-44.30517,171.22141,"Levels",747,NA,0,"Canterbury",1010,7.8,5,NA
"23093","20190717:0000",-44.30517,171.22141,"Levels",747,NA,0,"Canterbury",1010,5.2,6.1,NA
"23094","20190718:0000",-44.30517,171.22141,"Levels",747,NA,0,"Canterbury",1010,9.8,5.35,NA
"23095","20190719:0000",-44.30517,171.22141,"Levels",747,NA,0,"Canterbury",1010,6.3,4.85,NA
"23096","20190720:0000",-44.30517,171.22141,"Levels",747,NA,0,"Canterbury",1010,11.9,7.45,NA
"23097","20190721:0000",-44.30517,171.22141,"Levels",747,NA,0,"Canterbury",1010,19.7,9.15,NA
"23098","20190722:0000",-44.30517,171.22141,"Levels",747,NA,0,"Canterbury",1010,3.1,7.2,NA
"23099","20190723:0000",-44.30517,171.22141,"Levels",747,NA,0,"Canterbury",1010,3.2,8.15,NA
"23100","20190724:0000",-44.30517,171.22141,"Levels",747,NA,0,"Canterbury",1010,3.3,7.25,NA
"23101","20190725:0000",-44.30517,171.22141,"Levels",747,NA,0,"Canterbury",1010,9.1,6.35,NA
"23102","20190726:0000",-44.30517,171.22141,"Levels",747,NA,0,"Canterbury",1010,6.6,5,NA
"23103","20190727:0000",-44.30517,171.22141,"Levels",747,NA,0,"Canterbury",1010,5.5,6.55,NA
"23104","20190728:0000",-44.30517,171.22141,"Levels",747,NA,0,"Canterbury",1010,5.1,5.75,NA
"23105","20190729:0000",-44.30517,171.22141,"Levels",747,NA,0,"Canterbury",1010,3.6,7.4,NA
"23106","20190730:0000",-44.30517,171.22141,"Levels",747,NA,0,"Canterbury",1010,3.9,7.8,NA
"23107","20190731:0000",-44.30517,171.22141,"Levels",747,NA,0,"Canterbury",1010,8.7,7.35,NA
"23108","20190801:0000",-44.30517,171.22141,"Levels",747,NA,0,"Canterbury",1010,9.5,5.1,NA
"23109","20190802:0000",-44.30517,171.22141,"Levels",747,NA,0,"Canterbury",1010,20.1,4.9,NA
"23110","20190803:0000",-44.30517,171.22141,"Levels",747,NA,0,"Canterbury",1010,12,7.75,NA
"23111","20190804:0000",-44.30517,171.22141,"Levels",747,NA,0,"Canterbury",1010,7.1,3.85,NA
"23112","20190805:0000",-44.30517,171.22141,"Levels",747,NA,0,"Canterbury",1010,6.5,3.85,NA
"23113","20190806:0000",-44.30517,171.22141,"Levels",747,NA,0,"Canterbury",1010,13,6.15,NA
"23114","20190807:0000",-44.30517,171.22141,"Levels",747,NA,0,"Canterbury",1010,4.7,7.15,NA
"23115","20190808:0000",-44.30517,171.22141,"Levels",747,NA,0,"Canterbury",1010,8.7,8.4,NA
"23116","20190809:0000",-44.30517,171.22141,"Levels",747,NA,0,"Canterbury",1010,6.1,6.85,NA
"23117","20190810:0000",-44.30517,171.22141,"Levels",747,NA,0,"Canterbury",1010,10.5,6.2,NA
"23118","20190811:0000",-44.30517,171.22141,"Levels",747,NA,0,"Canterbury",1010,14.9,6.75,NA
"23119","20190812:0000",-44.30517,171.22141,"Levels",747,NA,0,"Canterbury",1010,6.1,5.4,NA
"23120","20190813:0000",-44.30517,171.22141,"Levels",747,NA,0,"Canterbury",1010,10.1,7.2,NA
"23121","20190814:0000",-44.30517,171.22141,"Levels",747,NA,0,"Canterbury",1010,5.2,4.95,NA
"23122","20190815:0000",-44.30517,171.22141,"Levels",747,NA,0,"Canterbury",1010,8.4,5.35,NA
"23123","20190816:0000",-44.30517,171.22141,"Levels",747,NA,0,"Canterbury",1010,6.6,8.85,NA
"23124","20190817:0000",-44.30517,171.22141,"Levels",747,NA,0,"Canterbury",1010,22.3,5.8,NA
"23125","20190818:0000",-44.30517,171.22141,"Levels",747,NA,0,"Canterbury",1010,11.1,4.35,NA
"23126","20190819:0000",-44.30517,171.22141,"Levels",747,NA,0,"Canterbury",1010,7.3,2.95,NA
"23127","20190820:0000",-44.30517,171.22141,"Levels",747,NA,0,"Canterbury",1010,8.5,4.95,NA
"23128","20190821:0000",-44.30517,171.22141,"Levels",747,NA,0,"Canterbury",1010,4.4,8.35,NA
"23129","20190822:0000",-44.30517,171.22141,"Levels",747,NA,0,"Canterbury",1010,7.7,8.65,NA
"23130","20190823:0000",-44.30517,171.22141,"Levels",747,NA,0,"Canterbury",1010,3.8,6.2,NA
"23131","20190824:0000",-44.30517,171.22141,"Levels",747,NA,0,"Canterbury",1010,3,6.25,NA
"23132","20190825:0000",-44.30517,171.22141,"Levels",747,NA,0,"Canterbury",1010,6.8,9.7,NA
"23133","20190826:0000",-44.30517,171.22141,"Levels",747,NA,0,"Canterbury",1010,8.4,7.95,NA
"23134","20190827:0000",-44.30517,171.22141,"Levels",747,NA,0,"Canterbury",1010,6.6,6.85,NA
"23135","20190828:0000",-44.30517,171.22141,"Levels",747,NA,0,"Canterbury",1010,6,9.75,NA
"23136","20190829:0000",-44.30517,171.22141,"Levels",747,NA,0,"Canterbury",1010,11.1,9.2,NA
"23137","20190830:0000",-44.30517,171.22141,"Levels",747,NA,0,"Canterbury",1010,2.8,6,NA
"23138","20190831:0000",-44.30517,171.22141,"Levels",747,NA,0,"Canterbury",1010,6.8,9.15,NA
"23139","20190901:0000",-44.30517,171.22141,"Levels",747,NA,0,"Canterbury",1010,9.1,9.65,NA
"23140","20190902:0000",-44.30517,171.22141,"Levels",747,NA,0,"Canterbury",1010,5.7,8.3,NA
"23141","20190903:0000",-44.30517,171.22141,"Levels",747,NA,0,"Canterbury",1010,3.6,6.5,NA
"23142","20190904:0000",-44.30517,171.22141,"Levels",747,NA,0,"Canterbury",1010,2.8,5.35,NA
"23143","20190905:0000",-44.30517,171.22141,"Levels",747,NA,0,"Canterbury",1010,4.5,8.7,NA
"23144","20190906:0000",-44.30517,171.22141,"Levels",747,NA,0,"Canterbury",1010,9.8,8.7,NA
"23145","20190907:0000",-44.30517,171.22141,"Levels",747,NA,0,"Canterbury",1010,9.6,5.55,NA
"23146","20190908:0000",-44.30517,171.22141,"Levels",747,NA,0,"Canterbury",1010,12.9,2.65,NA
"23147","20190909:0000",-44.30517,171.22141,"Levels",747,NA,0,"Canterbury",1010,7.8,4.65,NA
"23148","20190910:0000",-44.30517,171.22141,"Levels",747,NA,0,"Canterbury",1010,7.1,2.9,NA
"23149","20190911:0000",-44.30517,171.22141,"Levels",747,NA,0,"Canterbury",1010,10.8,5.95,NA
"23150","20190912:0000",-44.30517,171.22141,"Levels",747,NA,0,"Canterbury",1010,14.5,8.8,NA
"23151","20190913:0000",-44.30517,171.22141,"Levels",747,NA,0,"Canterbury",1010,25.6,6.35,NA
"23152","20190914:0000",-44.30517,171.22141,"Levels",747,NA,0,"Canterbury",1010,4.6,7.25,NA
"23153","20190915:0000",-44.30517,171.22141,"Levels",747,NA,0,"Canterbury",1010,7.7,7.8,NA
"23154","20190916:0000",-44.30517,171.22141,"Levels",747,NA,0,"Canterbury",1010,2.9,9.55,NA
"23155","20190917:0000",-44.30517,171.22141,"Levels",747,NA,0,"Canterbury",1010,20.4,10.8,NA
"23156","20190918:0000",-44.30517,171.22141,"Levels",747,NA,0,"Canterbury",1010,5.8,5.9,NA
"23157","20190919:0000",-44.30517,171.22141,"Levels",747,NA,0,"Canterbury",1010,3,6.85,NA
"23158","20190920:0000",-44.30517,171.22141,"Levels",747,NA,0,"Canterbury",1010,7.7,8.85,NA
"23159","20190921:0000",-44.30517,171.22141,"Levels",747,NA,0,"Canterbury",1010,3.9,6,NA
"23160","20190922:0000",-44.30517,171.22141,"Levels",747,NA,0,"Canterbury",1010,3,10.45,NA
"23161","20190923:0000",-44.30517,171.22141,"Levels",747,NA,0,"Canterbury",1010,4.3,9.2,NA
"23162","20190924:0000",-44.30517,171.22141,"Levels",747,NA,0,"Canterbury",1010,5.9,7.1,NA
"23163","20190925:0000",-44.30517,171.22141,"Levels",747,NA,0,"Canterbury",1010,6.1,7.25,NA
"23164","20190926:0000",-44.30517,171.22141,"Levels",747,NA,0,"Canterbury",1010,12.9,8.8,NA
"23165","20190927:0000",-44.30517,171.22141,"Levels",747,NA,0,"Canterbury",1010,8.3,10.25,NA
"23166","20190928:0000",-44.30517,171.22141,"Levels",747,NA,0,"Canterbury",1010,10.5,12.85,NA
"23167","20190929:0000",-44.30517,171.22141,"Levels",747,NA,0,"Canterbury",1010,7.1,9.95,NA
"23168","20190930:0000",-44.30517,171.22141,"Levels",747,NA,0,"Canterbury",1010,9.3,8.4,NA
"23169","20191001:0000",-44.30517,171.22141,"Levels",747,NA,0,"Canterbury",1010,11.6,7.25,NA
"23170","20191002:0000",-44.30517,171.22141,"Levels",747,NA,0,"Canterbury",1010,30.8,6.4,NA
"23171","20191003:0000",-44.30517,171.22141,"Levels",747,NA,0,"Canterbury",1010,8.9,5.85,NA
"23172","20191004:0000",-44.30517,171.22141,"Levels",747,NA,0,"Canterbury",1010,8.5,10,NA
"23173","20191005:0000",-44.30517,171.22141,"Levels",747,NA,0,"Canterbury",1010,32.6,8.4,NA
"23174","20191006:0000",-44.30517,171.22141,"Levels",747,NA,0,"Canterbury",1010,3.9,5.75,NA
"23175","20191007:0000",-44.30517,171.22141,"Levels",747,NA,0,"Canterbury",1010,3.1,8.5,NA
"23176","20191008:0000",-44.30517,171.22141,"Levels",747,NA,0,"Canterbury",1010,6.6,12.9,NA
"23177","20191009:0000",-44.30517,171.22141,"Levels",747,NA,0,"Canterbury",1010,2.1,11.05,NA
"23178","20191010:0000",-44.30517,171.22141,"Levels",747,NA,0,"Canterbury",1010,8.5,10.7,NA
"23179","20191011:0000",-44.30517,171.22141,"Levels",747,NA,0,"Canterbury",1010,12.7,11.35,NA
"23180","20191012:0000",-44.30517,171.22141,"Levels",747,NA,0,"Canterbury",1010,11,9.5,NA
"23181","20191013:0000",-44.30517,171.22141,"Levels",747,NA,0,"Canterbury",1010,7.6,9.45,NA
"23182","20191014:0000",-44.30517,171.22141,"Levels",747,NA,0,"Canterbury",1010,5.7,11.45,NA
"23183","20191015:0000",-44.30517,171.22141,"Levels",747,NA,0,"Canterbury",1010,3.9,10.15,NA
"23184","20191016:0000",-44.30517,171.22141,"Levels",747,NA,0,"Canterbury",1010,3.9,9.15,NA
"23185","20191017:0000",-44.30517,171.22141,"Levels",747,NA,0,"Canterbury",1010,10.1,10.25,NA
"23186","20191018:0000",-44.30517,171.22141,"Levels",747,NA,0,"Canterbury",1010,8.5,8.2,NA
"23187","20191019:0000",-44.30517,171.22141,"Levels",747,NA,0,"Canterbury",1010,10.3,11.2,NA
"23188","20191020:0000",-44.30517,171.22141,"Levels",747,NA,0,"Canterbury",1010,5.3,12.45,NA
"23189","20191021:0000",-44.30517,171.22141,"Levels",747,NA,0,"Canterbury",1010,7.3,9.65,NA
"23190","20191022:0000",-44.30517,171.22141,"Levels",747,NA,0,"Canterbury",1010,6.2,7,NA
"23191","20191023:0000",-44.30517,171.22141,"Levels",747,NA,0,"Canterbury",1010,8,6.95,NA
"23192","20191024:0000",-44.30517,171.22141,"Levels",747,NA,0,"Canterbury",1010,23.1,9.35,NA
"23193","20191025:0000",-44.30517,171.22141,"Levels",747,NA,0,"Canterbury",1010,7.5,6.9,NA
"23194","20191026:0000",-44.30517,171.22141,"Levels",747,NA,0,"Canterbury",1010,5.5,13.7,NA
"23195","20191027:0000",-44.30517,171.22141,"Levels",747,NA,0,"Canterbury",1010,10.5,17.15,NA
"23196","20191028:0000",-44.30517,171.22141,"Levels",747,NA,0,"Canterbury",1010,8.7,11.8,NA
"23197","20191029:0000",-44.30517,171.22141,"Levels",747,NA,0,"Canterbury",1010,7.7,9.85,NA
"23198","20191030:0000",-44.30517,171.22141,"Levels",747,NA,0,"Canterbury",1010,7.1,12.6,NA
"23199","20191031:0000",-44.30517,171.22141,"Levels",747,NA,0,"Canterbury",1010,6.4,9.5,NA
"23200","20191101:0000",-44.30517,171.22141,"Levels",747,NA,0,"Canterbury",1010,6.3,8.75,NA
"23201","20191102:0000",-44.30517,171.22141,"Levels",747,NA,0,"Canterbury",1010,8.7,17.8,NA
"23202","20191103:0000",-44.30517,171.22141,"Levels",747,NA,0,"Canterbury",1010,3.7,19.85,NA
"23203","20191104:0000",-44.30517,171.22141,"Levels",747,NA,0,"Canterbury",1010,8.8,15.9,NA
"23204","20191105:0000",-44.30517,171.22141,"Levels",747,NA,0,"Canterbury",1010,7.9,13.45,NA
"23205","20191106:0000",-44.30517,171.22141,"Levels",747,NA,0,"Canterbury",1010,9.8,11.35,NA
"23206","20191107:0000",-44.30517,171.22141,"Levels",747,NA,0,"Canterbury",1010,2.5,15.05,NA
"23207","20191108:0000",-44.30517,171.22141,"Levels",747,NA,0,"Canterbury",1010,17,18.8,NA
"23208","20191109:0000",-44.30517,171.22141,"Levels",747,NA,0,"Canterbury",1010,2.8,18.1,NA
"23209","20191110:0000",-44.30517,171.22141,"Levels",747,NA,0,"Canterbury",1010,20.4,12.25,NA
"23210","20191111:0000",-44.30517,171.22141,"Levels",747,NA,0,"Canterbury",1010,9.5,10.75,NA
"23211","20191112:0000",-44.30517,171.22141,"Levels",747,NA,0,"Canterbury",1010,3.7,9.55,NA
"23212","20191113:0000",-44.30517,171.22141,"Levels",747,NA,0,"Canterbury",1010,4.8,14.8,NA
"23213","20191114:0000",-44.30517,171.22141,"Levels",747,NA,0,"Canterbury",1010,8.2,12,NA
"23214","20191115:0000",-44.30517,171.22141,"Levels",747,NA,0,"Canterbury",1010,7.3,11.95,NA
"23215","20191116:0000",-44.30517,171.22141,"Levels",747,NA,0,"Canterbury",1010,6.9,15.65,NA
"23216","20191117:0000",-44.30517,171.22141,"Levels",747,NA,0,"Canterbury",1010,3.2,12.35,NA
"23217","20191118:0000",-44.30517,171.22141,"Levels",747,NA,0,"Canterbury",1010,7,10.15,NA
"23218","20191119:0000",-44.30517,171.22141,"Levels",747,NA,0,"Canterbury",1010,8.3,11.05,NA
"23219","20191120:0000",-44.30517,171.22141,"Levels",747,NA,0,"Canterbury",1010,11.1,11.5,NA
"23220","20191121:0000",-44.30517,171.22141,"Levels",747,NA,0,"Canterbury",1010,4,10.85,NA
"23221","20191122:0000",-44.30517,171.22141,"Levels",747,NA,0,"Canterbury",1010,5.7,18.75,NA
"23222","20191123:0000",-44.30517,171.22141,"Levels",747,NA,0,"Canterbury",1010,7.7,14.5,NA
"23223","20191124:0000",-44.30517,171.22141,"Levels",747,NA,0,"Canterbury",1010,6,19.4,NA
"23224","20191125:0000",-44.30517,171.22141,"Levels",747,NA,0,"Canterbury",1010,4.4,12.6,NA
"23225","20191126:0000",-44.30517,171.22141,"Levels",747,NA,0,"Canterbury",1010,4.4,14.8,NA
"23226","20191127:0000",-44.30517,171.22141,"Levels",747,NA,0,"Canterbury",1010,8.4,19,NA
"23227","20191128:0000",-44.30517,171.22141,"Levels",747,NA,0,"Canterbury",1010,10.1,21.35,NA
"23228","20191129:0000",-44.30517,171.22141,"Levels",747,NA,0,"Canterbury",1010,9.1,11.7,NA
"23229","20191130:0000",-44.30517,171.22141,"Levels",747,NA,0,"Canterbury",1010,3.8,15.85,NA
"23230","20191201:0000",-44.30517,171.22141,"Levels",747,NA,0,"Canterbury",1010,3.6,18.9,NA
"23231","20191202:0000",-44.30517,171.22141,"Levels",747,NA,0,"Canterbury",1010,11.4,15.05,NA
"23232","20191203:0000",-44.30517,171.22141,"Levels",747,NA,0,"Canterbury",1010,9.4,19.35,NA
"23233","20191204:0000",-44.30517,171.22141,"Levels",747,NA,0,"Canterbury",1010,12.7,15.3,NA
"23234","20191205:0000",-44.30517,171.22141,"Levels",747,NA,0,"Canterbury",1010,6.2,13.75,NA
"23235","20191206:0000",-44.30517,171.22141,"Levels",747,NA,0,"Canterbury",1010,14.3,15.7,NA
"23236","20191207:0000",-44.30517,171.22141,"Levels",747,NA,0,"Canterbury",1010,4.9,18.9,NA
"23237","20191208:0000",-44.30517,171.22141,"Levels",747,NA,0,"Canterbury",1010,12.9,16.15,NA
"23238","20191209:0000",-44.30517,171.22141,"Levels",747,NA,0,"Canterbury",1010,9.1,11.7,NA
"23239","20191210:0000",-44.30517,171.22141,"Levels",747,NA,0,"Canterbury",1010,2.2,14,NA
"23240","20191211:0000",-44.30517,171.22141,"Levels",747,NA,0,"Canterbury",1010,4.7,15.9,NA
"23241","20191212:0000",-44.30517,171.22141,"Levels",747,NA,0,"Canterbury",1010,3.1,16.85,NA
"23242","20191213:0000",-44.30517,171.22141,"Levels",747,NA,0,"Canterbury",1010,6.4,16.45,NA
"23243","20191214:0000",-44.30517,171.22141,"Levels",747,NA,0,"Canterbury",1010,12,15.45,NA
"23244","20191215:0000",-44.30517,171.22141,"Levels",747,NA,0,"Canterbury",1010,3.3,15.2,NA
"23245","20191216:0000",-44.30517,171.22141,"Levels",747,NA,0,"Canterbury",1010,9,12.6,NA
"23246","20191217:0000",-44.30517,171.22141,"Levels",747,NA,0,"Canterbury",1010,18.6,12.25,NA
"23247","20191218:0000",-44.30517,171.22141,"Levels",747,NA,0,"Canterbury",1010,18.4,13.75,NA
"23248","20191219:0000",-44.30517,171.22141,"Levels",747,NA,0,"Canterbury",1010,3.8,13.85,NA
"23249","20191220:0000",-44.30517,171.22141,"Levels",747,NA,0,"Canterbury",1010,21.9,12.6,NA
"23250","20191221:0000",-44.30517,171.22141,"Levels",747,NA,0,"Canterbury",1010,4.7,9.65,NA
"23251","20191222:0000",-44.30517,171.22141,"Levels",747,NA,0,"Canterbury",1010,4.8,16.55,NA
"23252","20191223:0000",-44.30517,171.22141,"Levels",747,NA,0,"Canterbury",1010,5.1,14.25,NA
"23253","20191224:0000",-44.30517,171.22141,"Levels",747,NA,0,"Canterbury",1010,9.4,14.35,NA
"23254","20191225:0000",-44.30517,171.22141,"Levels",747,NA,0,"Canterbury",1010,9.3,14.7,NA
"23255","20191226:0000",-44.30517,171.22141,"Levels",747,NA,0,"Canterbury",1010,2,13.15,NA
"23256","20191227:0000",-44.30517,171.22141,"Levels",747,NA,0,"Canterbury",1010,6,17.2,NA
"23257","20191228:0000",-44.30517,171.22141,"Levels",747,NA,0,"Canterbury",1010,4.7,10.85,NA
"23258","20191229:0000",-44.30517,171.22141,"Levels",747,NA,0,"Canterbury",1010,5.9,14.05,NA
"23259","20191230:0000",-44.30517,171.22141,"Levels",747,NA,0,"Canterbury",1010,6.6,14.3,NA
"23260","20191231:0000",-44.30517,171.22141,"Levels",747,NA,0,"Canterbury",1010,10.8,20.8,NA
"23261","20200101:0000",-44.30517,171.22141,"Levels",747,NA,0,"Canterbury",1010,8.6,18.35,NA
"23262","20200102:0000",-44.30517,171.22141,"Levels",747,NA,0,"Canterbury",1010,8.8,17.7,NA
"23263","20200103:0000",-44.30517,171.22141,"Levels",747,NA,0,"Canterbury",1010,12.8,12.55,NA
"23264","20200104:0000",-44.30517,171.22141,"Levels",747,NA,0,"Canterbury",1010,6,12.4,NA
"23265","20200105:0000",-44.30517,171.22141,"Levels",747,NA,0,"Canterbury",1010,6.9,16.6,NA
"23266","20200106:0000",-44.30517,171.22141,"Levels",747,NA,0,"Canterbury",1010,26,14.35,NA
"23267","20200107:0000",-44.30517,171.22141,"Levels",747,NA,0,"Canterbury",1010,18.3,13,NA
"23268","20200108:0000",-44.30517,171.22141,"Levels",747,NA,0,"Canterbury",1010,4.3,13.1,NA
"23269","20200109:0000",-44.30517,171.22141,"Levels",747,NA,0,"Canterbury",1010,3.5,12.8,NA
"23270","20200110:0000",-44.30517,171.22141,"Levels",747,NA,0,"Canterbury",1010,2,13.65,NA
"23271","20200111:0000",-44.30517,171.22141,"Levels",747,NA,0,"Canterbury",1010,4.4,14.85,NA
"23272","20200112:0000",-44.30517,171.22141,"Levels",747,NA,0,"Canterbury",1010,17.3,16.55,NA
"23273","20200113:0000",-44.30517,171.22141,"Levels",747,NA,0,"Canterbury",1010,8,13.65,NA
"23274","20200114:0000",-44.30517,171.22141,"Levels",747,NA,0,"Canterbury",1010,6,13.25,NA
"23275","20200115:0000",-44.30517,171.22141,"Levels",747,NA,0,"Canterbury",1010,1.7,12.05,NA
"23276","20200116:0000",-44.30517,171.22141,"Levels",747,NA,0,"Canterbury",1010,4.7,15.35,NA
"23277","20200117:0000",-44.30517,171.22141,"Levels",747,NA,0,"Canterbury",1010,6.7,12.75,NA
"23278","20200118:0000",-44.30517,171.22141,"Levels",747,NA,0,"Canterbury",1010,8.9,12.8,NA
"23279","20200119:0000",-44.30517,171.22141,"Levels",747,NA,0,"Canterbury",1010,1.8,15.35,NA
"23280","20200120:0000",-44.30517,171.22141,"Levels",747,NA,0,"Canterbury",1010,3.6,17.15,NA
"23281","20200121:0000",-44.30517,171.22141,"Levels",747,NA,0,"Canterbury",1010,4.2,17.7,NA
"23282","20200122:0000",-44.30517,171.22141,"Levels",747,NA,0,"Canterbury",1010,2.2,18.1,NA
"23283","20200123:0000",-44.30517,171.22141,"Levels",747,NA,0,"Canterbury",1010,13.9,15.2,NA
"23284","20200124:0000",-44.30517,171.22141,"Levels",747,NA,0,"Canterbury",1010,3.7,17.45,NA
"23285","20200125:0000",-44.30517,171.22141,"Levels",747,NA,0,"Canterbury",1010,3.9,22.65,NA
"23286","20200126:0000",-44.30517,171.22141,"Levels",747,NA,0,"Canterbury",1010,3.4,17.05,NA
"23287","20200127:0000",-44.30517,171.22141,"Levels",747,NA,0,"Canterbury",1010,7.5,18.3,NA
"23288","20200128:0000",-44.30517,171.22141,"Levels",747,NA,0,"Canterbury",1010,1.7,19.15,NA
"23289","20200129:0000",-44.30517,171.22141,"Levels",747,NA,0,"Canterbury",1010,1.7,20.6,NA
"23290","20200130:0000",-44.30517,171.22141,"Levels",747,NA,0,"Canterbury",1010,17.2,21,NA
"23291","20200131:0000",-44.30517,171.22141,"Levels",747,NA,0,"Canterbury",1010,11.6,16.75,NA
"23292","20200201:0000",-44.30517,171.22141,"Levels",747,NA,0,"Canterbury",1010,4.8,17.85,NA
"23293","20200202:0000",-44.30517,171.22141,"Levels",747,NA,0,"Canterbury",1010,4.4,22.35,NA
"23294","20200203:0000",-44.30517,171.22141,"Levels",747,NA,0,"Canterbury",1010,7.1,20.8,NA
"23295","20200204:0000",-44.30517,171.22141,"Levels",747,NA,0,"Canterbury",1010,10.1,14.6,NA
"23296","20200205:0000",-44.30517,171.22141,"Levels",747,NA,0,"Canterbury",1010,7.8,13.2,NA
"23297","20200206:0000",-44.30517,171.22141,"Levels",747,NA,0,"Canterbury",1010,17.1,11.45,NA
"23298","20200207:0000",-44.30517,171.22141,"Levels",747,NA,0,"Canterbury",1010,7,14.65,NA
"23299","20200208:0000",-44.30517,171.22141,"Levels",747,NA,0,"Canterbury",1010,6,13.65,NA
"23300","20200209:0000",-44.30517,171.22141,"Levels",747,NA,0,"Canterbury",1010,6.4,12.65,NA
"23301","20200210:0000",-44.30517,171.22141,"Levels",747,NA,0,"Canterbury",1010,9.5,13.5,NA
"23302","20200211:0000",-44.30517,171.22141,"Levels",747,NA,0,"Canterbury",1010,2.7,13,NA
"23303","20200212:0000",-44.30517,171.22141,"Levels",747,NA,0,"Canterbury",1010,6.1,17.45,NA
"23304","20200213:0000",-44.30517,171.22141,"Levels",747,NA,0,"Canterbury",1010,1.9,17.75,NA
"23305","20200214:0000",-44.30517,171.22141,"Levels",747,NA,0,"Canterbury",1010,4.7,13.15,NA
"23306","20200215:0000",-44.30517,171.22141,"Levels",747,NA,0,"Canterbury",1010,5.8,16.75,NA
"23307","20200216:0000",-44.30517,171.22141,"Levels",747,NA,0,"Canterbury",1010,5.1,21,NA
"23308","20200217:0000",-44.30517,171.22141,"Levels",747,NA,0,"Canterbury",1010,5.3,23.4,NA
"23309","20200218:0000",-44.30517,171.22141,"Levels",747,NA,0,"Canterbury",1010,2.2,NA,NA
"23310","20200219:0000",-44.30517,171.22141,"Levels",747,NA,0,"Canterbury",1010,5.9,17.7,NA
"23311","20180101:0000",-44.41052,171.25426,"Kensington",679,"Timaru",100112,"Canterbury",1010,NA,15.75,NA
"23312","20180102:0000",-44.41052,171.25426,"Kensington",679,"Timaru",100112,"Canterbury",1010,NA,16.45,NA
"23313","20180103:0000",-44.41052,171.25426,"Kensington",679,"Timaru",100112,"Canterbury",1010,NA,17.65,NA
"23314","20180104:0000",-44.41052,171.25426,"Kensington",679,"Timaru",100112,"Canterbury",1010,NA,18.1,NA
"23315","20180105:0000",-44.41052,171.25426,"Kensington",679,"Timaru",100112,"Canterbury",1010,NA,15.1,NA
"23316","20180106:0000",-44.41052,171.25426,"Kensington",679,"Timaru",100112,"Canterbury",1010,NA,13.6,NA
"23317","20180107:0000",-44.41052,171.25426,"Kensington",679,"Timaru",100112,"Canterbury",1010,NA,11.65,NA
"23318","20180108:0000",-44.41052,171.25426,"Kensington",679,"Timaru",100112,"Canterbury",1010,NA,15.25,NA
"23319","20180109:0000",-44.41052,171.25426,"Kensington",679,"Timaru",100112,"Canterbury",1010,NA,16.7,NA
"23320","20180110:0000",-44.41052,171.25426,"Kensington",679,"Timaru",100112,"Canterbury",1010,NA,15.05,NA
"23321","20180111:0000",-44.41052,171.25426,"Kensington",679,"Timaru",100112,"Canterbury",1010,NA,12.85,NA
"23322","20180112:0000",-44.41052,171.25426,"Kensington",679,"Timaru",100112,"Canterbury",1010,NA,14.3,NA
"23323","20180113:0000",-44.41052,171.25426,"Kensington",679,"Timaru",100112,"Canterbury",1010,NA,15.2,NA
"23324","20180114:0000",-44.41052,171.25426,"Kensington",679,"Timaru",100112,"Canterbury",1010,NA,18.55,7.8
"23325","20180115:0000",-44.41052,171.25426,"Kensington",679,"Timaru",100112,"Canterbury",1010,NA,19.3,10.1
"23326","20180116:0000",-44.41052,171.25426,"Kensington",679,"Timaru",100112,"Canterbury",1010,NA,21.3,14.4
"23327","20180117:0000",-44.41052,171.25426,"Kensington",679,"Timaru",100112,"Canterbury",1010,NA,20.2,7.6
"23328","20180118:0000",-44.41052,171.25426,"Kensington",679,"Timaru",100112,"Canterbury",1010,NA,18.7,4.4
"23329","20180119:0000",-44.41052,171.25426,"Kensington",679,"Timaru",100112,"Canterbury",1010,NA,19.15,6.3
"23330","20180120:0000",-44.41052,171.25426,"Kensington",679,"Timaru",100112,"Canterbury",1010,NA,19.6,12.9
"23331","20180121:0000",-44.41052,171.25426,"Kensington",679,"Timaru",100112,"Canterbury",1010,NA,18.5,4
"23332","20180122:0000",-44.41052,171.25426,"Kensington",679,"Timaru",100112,"Canterbury",1010,NA,19.25,6.1
"23333","20180123:0000",-44.41052,171.25426,"Kensington",679,"Timaru",100112,"Canterbury",1010,NA,21.9,12.9
"23334","20180124:0000",-44.41052,171.25426,"Kensington",679,"Timaru",100112,"Canterbury",1010,NA,20.15,8.1
"23335","20180125:0000",-44.41052,171.25426,"Kensington",679,"Timaru",100112,"Canterbury",1010,NA,19.25,4.7
"23336","20180126:0000",-44.41052,171.25426,"Kensington",679,"Timaru",100112,"Canterbury",1010,NA,18.55,3.3
"23337","20180127:0000",-44.41052,171.25426,"Kensington",679,"Timaru",100112,"Canterbury",1010,NA,19.75,12.8
"23338","20180128:0000",-44.41052,171.25426,"Kensington",679,"Timaru",100112,"Canterbury",1010,NA,19.35,12.5
"23339","20180129:0000",-44.41052,171.25426,"Kensington",679,"Timaru",100112,"Canterbury",1010,NA,20.9,11.5
"23340","20180130:0000",-44.41052,171.25426,"Kensington",679,"Timaru",100112,"Canterbury",1010,NA,20.55,9.7
"23341","20180131:0000",-44.41052,171.25426,"Kensington",679,"Timaru",100112,"Canterbury",1010,NA,24.7,8.1
"23342","20180201:0000",-44.41052,171.25426,"Kensington",679,"Timaru",100112,"Canterbury",1010,NA,18.65,1.8
"23343","20180202:0000",-44.41052,171.25426,"Kensington",679,"Timaru",100112,"Canterbury",1010,NA,13.6,2.8
"23344","20180203:0000",-44.41052,171.25426,"Kensington",679,"Timaru",100112,"Canterbury",1010,NA,12.7,4.7
"23345","20180204:0000",-44.41052,171.25426,"Kensington",679,"Timaru",100112,"Canterbury",1010,NA,14.6,10.1
"23346","20180205:0000",-44.41052,171.25426,"Kensington",679,"Timaru",100112,"Canterbury",1010,NA,15.5,4.8
"23347","20180206:0000",-44.41052,171.25426,"Kensington",679,"Timaru",100112,"Canterbury",1010,NA,12.55,4.6
"23348","20180207:0000",-44.41052,171.25426,"Kensington",679,"Timaru",100112,"Canterbury",1010,NA,14.55,12.4
"23349","20180208:0000",-44.41052,171.25426,"Kensington",679,"Timaru",100112,"Canterbury",1010,NA,14.95,13.6
"23350","20180209:0000",-44.41052,171.25426,"Kensington",679,"Timaru",100112,"Canterbury",1010,NA,14.95,10
"23351","20180210:0000",-44.41052,171.25426,"Kensington",679,"Timaru",100112,"Canterbury",1010,NA,17.15,8.5
"23352","20180211:0000",-44.41052,171.25426,"Kensington",679,"Timaru",100112,"Canterbury",1010,NA,17.85,0.6
"23353","20180212:0000",-44.41052,171.25426,"Kensington",679,"Timaru",100112,"Canterbury",1010,NA,19.3,9.7
"23354","20180213:0000",-44.41052,171.25426,"Kensington",679,"Timaru",100112,"Canterbury",1010,NA,19.35,9.6
"23355","20180214:0000",-44.41052,171.25426,"Kensington",679,"Timaru",100112,"Canterbury",1010,NA,16.9,1.1
"23356","20180215:0000",-44.41052,171.25426,"Kensington",679,"Timaru",100112,"Canterbury",1010,NA,18,10.7
"23357","20180216:0000",-44.41052,171.25426,"Kensington",679,"Timaru",100112,"Canterbury",1010,NA,16.95,12.1
"23358","20180217:0000",-44.41052,171.25426,"Kensington",679,"Timaru",100112,"Canterbury",1010,NA,18.5,7.1
"23359","20180218:0000",-44.41052,171.25426,"Kensington",679,"Timaru",100112,"Canterbury",1010,NA,16.95,8.4
"23360","20180219:0000",-44.41052,171.25426,"Kensington",679,"Timaru",100112,"Canterbury",1010,NA,15.4,0
"23361","20180220:0000",-44.41052,171.25426,"Kensington",679,"Timaru",100112,"Canterbury",1010,NA,11.1,0
"23362","20180221:0000",-44.41052,171.25426,"Kensington",679,"Timaru",100112,"Canterbury",1010,NA,10.05,0
"23363","20180222:0000",-44.41052,171.25426,"Kensington",679,"Timaru",100112,"Canterbury",1010,NA,12.3,10
"23364","20180223:0000",-44.41052,171.25426,"Kensington",679,"Timaru",100112,"Canterbury",1010,NA,14.3,11.6
"23365","20180224:0000",-44.41052,171.25426,"Kensington",679,"Timaru",100112,"Canterbury",1010,NA,16,10.6
"23366","20180225:0000",-44.41052,171.25426,"Kensington",679,"Timaru",100112,"Canterbury",1010,NA,19.9,4
"23367","20180226:0000",-44.41052,171.25426,"Kensington",679,"Timaru",100112,"Canterbury",1010,NA,13.5,8.9
"23368","20180227:0000",-44.41052,171.25426,"Kensington",679,"Timaru",100112,"Canterbury",1010,NA,14.1,0.3
"23369","20180228:0000",-44.41052,171.25426,"Kensington",679,"Timaru",100112,"Canterbury",1010,NA,15.2,8.8
"23370","20180301:0000",-44.41052,171.25426,"Kensington",679,"Timaru",100112,"Canterbury",1010,NA,16.5,4.5
"23371","20180302:0000",-44.41052,171.25426,"Kensington",679,"Timaru",100112,"Canterbury",1010,NA,18.85,6.2
"23372","20180303:0000",-44.41052,171.25426,"Kensington",679,"Timaru",100112,"Canterbury",1010,NA,17.5,5.2
"23373","20180304:0000",-44.41052,171.25426,"Kensington",679,"Timaru",100112,"Canterbury",1010,NA,19.75,7.5
"23374","20180305:0000",-44.41052,171.25426,"Kensington",679,"Timaru",100112,"Canterbury",1010,NA,17.55,0.9
"23375","20180306:0000",-44.41052,171.25426,"Kensington",679,"Timaru",100112,"Canterbury",1010,NA,14.45,0
"23376","20180307:0000",-44.41052,171.25426,"Kensington",679,"Timaru",100112,"Canterbury",1010,NA,12.55,9.5
"23377","20180308:0000",-44.41052,171.25426,"Kensington",679,"Timaru",100112,"Canterbury",1010,NA,14.45,8.4
"23378","20180309:0000",-44.41052,171.25426,"Kensington",679,"Timaru",100112,"Canterbury",1010,NA,12.5,0
"23379","20180310:0000",-44.41052,171.25426,"Kensington",679,"Timaru",100112,"Canterbury",1010,NA,12.4,9.2
"23380","20180311:0000",-44.41052,171.25426,"Kensington",679,"Timaru",100112,"Canterbury",1010,NA,14.35,11.6
"23381","20180312:0000",-44.41052,171.25426,"Kensington",679,"Timaru",100112,"Canterbury",1010,NA,17.2,12.1
"23382","20180313:0000",-44.41052,171.25426,"Kensington",679,"Timaru",100112,"Canterbury",1010,NA,13.85,0.9
"23383","20180314:0000",-44.41052,171.25426,"Kensington",679,"Timaru",100112,"Canterbury",1010,NA,13.35,11.5
"23384","20180315:0000",-44.41052,171.25426,"Kensington",679,"Timaru",100112,"Canterbury",1010,NA,15.55,3.8
"23385","20180316:0000",-44.41052,171.25426,"Kensington",679,"Timaru",100112,"Canterbury",1010,NA,14.8,0.4
"23386","20180317:0000",-44.41052,171.25426,"Kensington",679,"Timaru",100112,"Canterbury",1010,NA,12,1
"23387","20180318:0000",-44.41052,171.25426,"Kensington",679,"Timaru",100112,"Canterbury",1010,NA,14.8,8.4
"23388","20180319:0000",-44.41052,171.25426,"Kensington",679,"Timaru",100112,"Canterbury",1010,NA,14.95,0.4
"23389","20180320:0000",-44.41052,171.25426,"Kensington",679,"Timaru",100112,"Canterbury",1010,NA,17.35,9.4
"23390","20180321:0000",-44.41052,171.25426,"Kensington",679,"Timaru",100112,"Canterbury",1010,NA,15.2,0.2
"23391","20180322:0000",-44.41052,171.25426,"Kensington",679,"Timaru",100112,"Canterbury",1010,NA,9.5,11.6
"23392","20180323:0000",-44.41052,171.25426,"Kensington",679,"Timaru",100112,"Canterbury",1010,NA,10.3,NA
"23393","20180324:0000",-44.41052,171.25426,"Kensington",679,"Timaru",100112,"Canterbury",1010,NA,11.85,2.8
"23394","20180325:0000",-44.41052,171.25426,"Kensington",679,"Timaru",100112,"Canterbury",1010,NA,13.35,8.3
"23395","20180326:0000",-44.41052,171.25426,"Kensington",679,"Timaru",100112,"Canterbury",1010,NA,15.4,3.6
"23396","20180327:0000",-44.41052,171.25426,"Kensington",679,"Timaru",100112,"Canterbury",1010,NA,17.85,2.6
"23397","20180328:0000",-44.41052,171.25426,"Kensington",679,"Timaru",100112,"Canterbury",1010,NA,16.55,7.8
"23398","20180329:0000",-44.41052,171.25426,"Kensington",679,"Timaru",100112,"Canterbury",1010,NA,15.45,8.8
"23399","20180330:0000",-44.41052,171.25426,"Kensington",679,"Timaru",100112,"Canterbury",1010,NA,14.05,10.7
"23400","20180331:0000",-44.41052,171.25426,"Kensington",679,"Timaru",100112,"Canterbury",1010,NA,17,6.9
"23401","20180401:0000",-44.41052,171.25426,"Kensington",679,"Timaru",100112,"Canterbury",1010,NA,11.6,8.6
"23402","20180402:0000",-44.41052,171.25426,"Kensington",679,"Timaru",100112,"Canterbury",1010,NA,14.65,0.9
"23403","20180403:0000",-44.41052,171.25426,"Kensington",679,"Timaru",100112,"Canterbury",1010,NA,16.4,4.4
"23404","20180404:0000",-44.41052,171.25426,"Kensington",679,"Timaru",100112,"Canterbury",1010,NA,17.9,6.5
"23405","20180405:0000",-44.41052,171.25426,"Kensington",679,"Timaru",100112,"Canterbury",1010,NA,16.3,8.9
"23406","20180406:0000",-44.41052,171.25426,"Kensington",679,"Timaru",100112,"Canterbury",1010,NA,16.65,6.1
"23407","20180407:0000",-44.41052,171.25426,"Kensington",679,"Timaru",100112,"Canterbury",1010,NA,12.5,7.5
"23408","20180408:0000",-44.41052,171.25426,"Kensington",679,"Timaru",100112,"Canterbury",1010,NA,12.9,5
"23409","20180409:0000",-44.41052,171.25426,"Kensington",679,"Timaru",100112,"Canterbury",1010,NA,10.1,0
"23410","20180410:0000",-44.41052,171.25426,"Kensington",679,"Timaru",100112,"Canterbury",1010,NA,7.15,4.9
"23411","20180411:0000",-44.41052,171.25426,"Kensington",679,"Timaru",100112,"Canterbury",1010,NA,8.05,7
"23412","20180412:0000",-44.41052,171.25426,"Kensington",679,"Timaru",100112,"Canterbury",1010,NA,7,3
"23413","20180413:0000",-44.41052,171.25426,"Kensington",679,"Timaru",100112,"Canterbury",1010,NA,8.9,7.5
"23414","20180414:0000",-44.41052,171.25426,"Kensington",679,"Timaru",100112,"Canterbury",1010,NA,8.6,9.1
"23415","20180415:0000",-44.41052,171.25426,"Kensington",679,"Timaru",100112,"Canterbury",1010,NA,8.45,3
"23416","20180416:0000",-44.41052,171.25426,"Kensington",679,"Timaru",100112,"Canterbury",1010,NA,13.6,7.7
"23417","20180417:0000",-44.41052,171.25426,"Kensington",679,"Timaru",100112,"Canterbury",1010,NA,12.05,9.7
"23418","20180418:0000",-44.41052,171.25426,"Kensington",679,"Timaru",100112,"Canterbury",1010,NA,9.3,9.1
"23419","20180419:0000",-44.41052,171.25426,"Kensington",679,"Timaru",100112,"Canterbury",1010,NA,13.15,1.8
"23420","20180420:0000",-44.41052,171.25426,"Kensington",679,"Timaru",100112,"Canterbury",1010,NA,16.1,5.6
"23421","20180421:0000",-44.41052,171.25426,"Kensington",679,"Timaru",100112,"Canterbury",1010,NA,12.55,4.8
"23422","20180422:0000",-44.41052,171.25426,"Kensington",679,"Timaru",100112,"Canterbury",1010,NA,8.35,8.8
"23423","20180423:0000",-44.41052,171.25426,"Kensington",679,"Timaru",100112,"Canterbury",1010,NA,8.65,8.2
"23424","20180424:0000",-44.41052,171.25426,"Kensington",679,"Timaru",100112,"Canterbury",1010,NA,11.6,6.1
"23425","20180425:0000",-44.41052,171.25426,"Kensington",679,"Timaru",100112,"Canterbury",1010,NA,11.2,7.8
"23426","20180426:0000",-44.41052,171.25426,"Kensington",679,"Timaru",100112,"Canterbury",1010,NA,12.35,9.4
"23427","20180427:0000",-44.41052,171.25426,"Kensington",679,"Timaru",100112,"Canterbury",1010,NA,9.35,0.3
"23428","20180428:0000",-44.41052,171.25426,"Kensington",679,"Timaru",100112,"Canterbury",1010,NA,9.6,0
"23429","20180429:0000",-44.41052,171.25426,"Kensington",679,"Timaru",100112,"Canterbury",1010,NA,9.75,0
"23430","20180430:0000",-44.41052,171.25426,"Kensington",679,"Timaru",100112,"Canterbury",1010,NA,9.4,NA
"23431","20180501:0000",-44.41052,171.25426,"Kensington",679,"Timaru",100112,"Canterbury",1010,NA,10.5,NA
"23432","20180502:0000",-44.41052,171.25426,"Kensington",679,"Timaru",100112,"Canterbury",1010,NA,11.65,8.8
"23433","20180503:0000",-44.41052,171.25426,"Kensington",679,"Timaru",100112,"Canterbury",1010,NA,9.95,6
"23434","20180504:0000",-44.41052,171.25426,"Kensington",679,"Timaru",100112,"Canterbury",1010,NA,9.4,7.1
"23435","20180505:0000",-44.41052,171.25426,"Kensington",679,"Timaru",100112,"Canterbury",1010,NA,10,1.8
"23436","20180506:0000",-44.41052,171.25426,"Kensington",679,"Timaru",100112,"Canterbury",1010,NA,11.8,7.1
"23437","20180507:0000",-44.41052,171.25426,"Kensington",679,"Timaru",100112,"Canterbury",1010,NA,13.75,4.6
"23438","20180508:0000",-44.41052,171.25426,"Kensington",679,"Timaru",100112,"Canterbury",1010,NA,15,4.2
"23439","20180509:0000",-44.41052,171.25426,"Kensington",679,"Timaru",100112,"Canterbury",1010,NA,13.65,7.7
"23440","20180510:0000",-44.41052,171.25426,"Kensington",679,"Timaru",100112,"Canterbury",1010,NA,11.2,NA
"23441","20180511:0000",-44.41052,171.25426,"Kensington",679,"Timaru",100112,"Canterbury",1010,NA,10.7,NA
"23442","20180512:0000",-44.41052,171.25426,"Kensington",679,"Timaru",100112,"Canterbury",1010,NA,10.35,NA
"23443","20180513:0000",-44.41052,171.25426,"Kensington",679,"Timaru",100112,"Canterbury",1010,NA,8.4,NA
"23444","20180514:0000",-44.41052,171.25426,"Kensington",679,"Timaru",100112,"Canterbury",1010,NA,7.4,NA
"23445","20180515:0000",-44.41052,171.25426,"Kensington",679,"Timaru",100112,"Canterbury",1010,NA,8.85,NA
"23446","20180516:0000",-44.41052,171.25426,"Kensington",679,"Timaru",100112,"Canterbury",1010,NA,6.95,NA
"23447","20180517:0000",-44.41052,171.25426,"Kensington",679,"Timaru",100112,"Canterbury",1010,NA,8.15,NA
"23448","20180518:0000",-44.41052,171.25426,"Kensington",679,"Timaru",100112,"Canterbury",1010,NA,7.95,7.7
"23449","20180519:0000",-44.41052,171.25426,"Kensington",679,"Timaru",100112,"Canterbury",1010,NA,10.6,7.7
"23450","20180520:0000",-44.41052,171.25426,"Kensington",679,"Timaru",100112,"Canterbury",1010,NA,12.35,6.7
"23451","20180521:0000",-44.41052,171.25426,"Kensington",679,"Timaru",100112,"Canterbury",1010,NA,8.95,7.2
"23452","20180522:0000",-44.41052,171.25426,"Kensington",679,"Timaru",100112,"Canterbury",1010,NA,8.15,3.6
"23453","20180523:0000",-44.41052,171.25426,"Kensington",679,"Timaru",100112,"Canterbury",1010,NA,6.7,5.3
"23454","20180524:0000",-44.41052,171.25426,"Kensington",679,"Timaru",100112,"Canterbury",1010,NA,6.7,6.9
"23455","20180525:0000",-44.41052,171.25426,"Kensington",679,"Timaru",100112,"Canterbury",1010,NA,6.1,5.9
"23456","20180526:0000",-44.41052,171.25426,"Kensington",679,"Timaru",100112,"Canterbury",1010,NA,5.7,3.6
"23457","20180527:0000",-44.41052,171.25426,"Kensington",679,"Timaru",100112,"Canterbury",1010,NA,6.9,3.8
"23458","20180528:0000",-44.41052,171.25426,"Kensington",679,"Timaru",100112,"Canterbury",1010,NA,6.35,2.6
"23459","20180529:0000",-44.41052,171.25426,"Kensington",679,"Timaru",100112,"Canterbury",1010,NA,4.65,7.1
"23460","20180530:0000",-44.41052,171.25426,"Kensington",679,"Timaru",100112,"Canterbury",1010,NA,4.7,7.2
"23461","20180531:0000",-44.41052,171.25426,"Kensington",679,"Timaru",100112,"Canterbury",1010,NA,5.05,6.4
"23462","20180601:0000",-44.41052,171.25426,"Kensington",679,"Timaru",100112,"Canterbury",1010,NA,5.4,4.1
"23463","20180602:0000",-44.41052,171.25426,"Kensington",679,"Timaru",100112,"Canterbury",1010,NA,5.7,NA
"23464","20180603:0000",-44.41052,171.25426,"Kensington",679,"Timaru",100112,"Canterbury",1010,NA,5.25,NA
"23465","20180604:0000",-44.41052,171.25426,"Kensington",679,"Timaru",100112,"Canterbury",1010,NA,7.4,NA
"23466","20180605:0000",-44.41052,171.25426,"Kensington",679,"Timaru",100112,"Canterbury",1010,NA,7.9,NA
"23467","20180606:0000",-44.41052,171.25426,"Kensington",679,"Timaru",100112,"Canterbury",1010,NA,5.75,6.6
"23468","20180607:0000",-44.41052,171.25426,"Kensington",679,"Timaru",100112,"Canterbury",1010,NA,9.5,6.8
"23469","20180608:0000",-44.41052,171.25426,"Kensington",679,"Timaru",100112,"Canterbury",1010,NA,7.45,7
"23470","20180609:0000",-44.41052,171.25426,"Kensington",679,"Timaru",100112,"Canterbury",1010,NA,6.4,0
"23471","20180610:0000",-44.41052,171.25426,"Kensington",679,"Timaru",100112,"Canterbury",1010,NA,6.95,0
"23472","20180611:0000",-44.41052,171.25426,"Kensington",679,"Timaru",100112,"Canterbury",1010,NA,8.45,0
"23473","20180612:0000",-44.41052,171.25426,"Kensington",679,"Timaru",100112,"Canterbury",1010,NA,6.55,0
"23474","20180613:0000",-44.41052,171.25426,"Kensington",679,"Timaru",100112,"Canterbury",1010,NA,8.15,NA
"23475","20180614:0000",-44.41052,171.25426,"Kensington",679,"Timaru",100112,"Canterbury",1010,NA,9.2,NA
"23476","20180615:0000",-44.41052,171.25426,"Kensington",679,"Timaru",100112,"Canterbury",1010,NA,7.65,0
"23477","20180616:0000",-44.41052,171.25426,"Kensington",679,"Timaru",100112,"Canterbury",1010,NA,5.95,NA
"23478","20180617:0000",-44.41052,171.25426,"Kensington",679,"Timaru",100112,"Canterbury",1010,NA,6.55,NA
"23479","20180618:0000",-44.41052,171.25426,"Kensington",679,"Timaru",100112,"Canterbury",1010,NA,6.4,0
"23480","20180619:0000",-44.41052,171.25426,"Kensington",679,"Timaru",100112,"Canterbury",1010,NA,7.2,3.2
"23481","20180620:0000",-44.41052,171.25426,"Kensington",679,"Timaru",100112,"Canterbury",1010,NA,6.7,NA
"23482","20180621:0000",-44.41052,171.25426,"Kensington",679,"Timaru",100112,"Canterbury",1010,NA,5.05,NA
"23483","20180622:0000",-44.41052,171.25426,"Kensington",679,"Timaru",100112,"Canterbury",1010,NA,3.15,7.4
"23484","20180623:0000",-44.41052,171.25426,"Kensington",679,"Timaru",100112,"Canterbury",1010,NA,2.4,4.4
"23485","20180624:0000",-44.41052,171.25426,"Kensington",679,"Timaru",100112,"Canterbury",1010,NA,5.4,5.9
"23486","20180625:0000",-44.41052,171.25426,"Kensington",679,"Timaru",100112,"Canterbury",1010,NA,5.9,4.7
"23487","20180626:0000",-44.41052,171.25426,"Kensington",679,"Timaru",100112,"Canterbury",1010,NA,4.95,5.6
"23488","20180627:0000",-44.41052,171.25426,"Kensington",679,"Timaru",100112,"Canterbury",1010,NA,7.95,4.7
"23489","20180628:0000",-44.41052,171.25426,"Kensington",679,"Timaru",100112,"Canterbury",1010,NA,8.1,6
"23490","20180629:0000",-44.41052,171.25426,"Kensington",679,"Timaru",100112,"Canterbury",1010,NA,5.45,7.3
"23491","20180630:0000",-44.41052,171.25426,"Kensington",679,"Timaru",100112,"Canterbury",1010,NA,5.35,7.1
"23492","20180701:0000",-44.41052,171.25426,"Kensington",679,"Timaru",100112,"Canterbury",1010,NA,5.25,2.1
"23493","20180702:0000",-44.41052,171.25426,"Kensington",679,"Timaru",100112,"Canterbury",1010,NA,6.15,0.6
"23494","20180703:0000",-44.41052,171.25426,"Kensington",679,"Timaru",100112,"Canterbury",1010,NA,5.25,7.4
"23495","20180704:0000",-44.41052,171.25426,"Kensington",679,"Timaru",100112,"Canterbury",1010,NA,4.4,3.6
"23496","20180705:0000",-44.41052,171.25426,"Kensington",679,"Timaru",100112,"Canterbury",1010,NA,5.05,6.3
"23497","20180706:0000",-44.41052,171.25426,"Kensington",679,"Timaru",100112,"Canterbury",1010,NA,7.75,0
"23498","20180707:0000",-44.41052,171.25426,"Kensington",679,"Timaru",100112,"Canterbury",1010,NA,11.4,7.4
"23499","20180708:0000",-44.41052,171.25426,"Kensington",679,"Timaru",100112,"Canterbury",1010,NA,7,NA
"23500","20180709:0000",-44.41052,171.25426,"Kensington",679,"Timaru",100112,"Canterbury",1010,NA,7.5,NA
"23501","20180710:0000",-44.41052,171.25426,"Kensington",679,"Timaru",100112,"Canterbury",1010,NA,6.75,7.6
"23502","20180711:0000",-44.41052,171.25426,"Kensington",679,"Timaru",100112,"Canterbury",1010,NA,7.55,7.2
"23503","20180712:0000",-44.41052,171.25426,"Kensington",679,"Timaru",100112,"Canterbury",1010,NA,6.25,7.5
"23504","20180713:0000",-44.41052,171.25426,"Kensington",679,"Timaru",100112,"Canterbury",1010,NA,3.35,7.6
"23505","20180714:0000",-44.41052,171.25426,"Kensington",679,"Timaru",100112,"Canterbury",1010,NA,5.35,7.5
"23506","20180715:0000",-44.41052,171.25426,"Kensington",679,"Timaru",100112,"Canterbury",1010,NA,3.25,NA
"23507","20180716:0000",-44.41052,171.25426,"Kensington",679,"Timaru",100112,"Canterbury",1010,NA,6.35,NA
"23508","20180717:0000",-44.41052,171.25426,"Kensington",679,"Timaru",100112,"Canterbury",1010,NA,8.55,NA
"23509","20180718:0000",-44.41052,171.25426,"Kensington",679,"Timaru",100112,"Canterbury",1010,NA,5.45,8.9
"23510","20180719:0000",-44.41052,171.25426,"Kensington",679,"Timaru",100112,"Canterbury",1010,NA,4.55,7.5
"23511","20180720:0000",-44.41052,171.25426,"Kensington",679,"Timaru",100112,"Canterbury",1010,NA,5.1,5.9
"23512","20180721:0000",-44.41052,171.25426,"Kensington",679,"Timaru",100112,"Canterbury",1010,NA,7.8,4.3
"23513","20180722:0000",-44.41052,171.25426,"Kensington",679,"Timaru",100112,"Canterbury",1010,NA,7.7,7.6
"23514","20180723:0000",-44.41052,171.25426,"Kensington",679,"Timaru",100112,"Canterbury",1010,NA,7.6,6.5
"23515","20180724:0000",-44.41052,171.25426,"Kensington",679,"Timaru",100112,"Canterbury",1010,NA,5.5,6.2
"23516","20180725:0000",-44.41052,171.25426,"Kensington",679,"Timaru",100112,"Canterbury",1010,NA,3.45,7.7
"23517","20180726:0000",-44.41052,171.25426,"Kensington",679,"Timaru",100112,"Canterbury",1010,NA,4.5,6.8
"23518","20180727:0000",-44.41052,171.25426,"Kensington",679,"Timaru",100112,"Canterbury",1010,NA,7.45,6.2
"23519","20180728:0000",-44.41052,171.25426,"Kensington",679,"Timaru",100112,"Canterbury",1010,NA,8.6,NA
"23520","20180729:0000",-44.41052,171.25426,"Kensington",679,"Timaru",100112,"Canterbury",1010,NA,7,NA
"23521","20180730:0000",-44.41052,171.25426,"Kensington",679,"Timaru",100112,"Canterbury",1010,NA,5,7.6
"23522","20180731:0000",-44.41052,171.25426,"Kensington",679,"Timaru",100112,"Canterbury",1010,NA,7.55,6.5
"23523","20180801:0000",-44.41052,171.25426,"Kensington",679,"Timaru",100112,"Canterbury",1010,NA,7.95,1.3
"23524","20180802:0000",-44.41052,171.25426,"Kensington",679,"Timaru",100112,"Canterbury",1010,NA,7.25,0.4
"23525","20180803:0000",-44.41052,171.25426,"Kensington",679,"Timaru",100112,"Canterbury",1010,NA,7.85,0
"23526","20180804:0000",-44.41052,171.25426,"Kensington",679,"Timaru",100112,"Canterbury",1010,NA,8.55,3.4
"23527","20180805:0000",-44.41052,171.25426,"Kensington",679,"Timaru",100112,"Canterbury",1010,NA,7.85,5.7
"23528","20180806:0000",-44.41052,171.25426,"Kensington",679,"Timaru",100112,"Canterbury",1010,NA,5.55,5.7
"23529","20180807:0000",-44.41052,171.25426,"Kensington",679,"Timaru",100112,"Canterbury",1010,NA,5.4,2.7
"23530","20180808:0000",-44.41052,171.25426,"Kensington",679,"Timaru",100112,"Canterbury",1010,NA,6.85,1.1
"23531","20180809:0000",-44.41052,171.25426,"Kensington",679,"Timaru",100112,"Canterbury",1010,NA,8.7,7.5
"23532","20180810:0000",-44.41052,171.25426,"Kensington",679,"Timaru",100112,"Canterbury",1010,NA,9,8.4
"23533","20180811:0000",-44.41052,171.25426,"Kensington",679,"Timaru",100112,"Canterbury",1010,NA,5.35,8.3
"23534","20180812:0000",-44.41052,171.25426,"Kensington",679,"Timaru",100112,"Canterbury",1010,NA,6.05,7.9
"23535","20180813:0000",-44.41052,171.25426,"Kensington",679,"Timaru",100112,"Canterbury",1010,NA,6.25,3.5
"23536","20180814:0000",-44.41052,171.25426,"Kensington",679,"Timaru",100112,"Canterbury",1010,NA,7.45,3.3
"23537","20180815:0000",-44.41052,171.25426,"Kensington",679,"Timaru",100112,"Canterbury",1010,NA,7.4,8.4
"23538","20180816:0000",-44.41052,171.25426,"Kensington",679,"Timaru",100112,"Canterbury",1010,NA,9.75,7.6
"23539","20180817:0000",-44.41052,171.25426,"Kensington",679,"Timaru",100112,"Canterbury",1010,NA,6.5,0
"23540","20180818:0000",-44.41052,171.25426,"Kensington",679,"Timaru",100112,"Canterbury",1010,NA,6.4,7.5
"23541","20180819:0000",-44.41052,171.25426,"Kensington",679,"Timaru",100112,"Canterbury",1010,NA,3.9,8.4
"23542","20180820:0000",-44.41052,171.25426,"Kensington",679,"Timaru",100112,"Canterbury",1010,NA,4.65,3.7
"23543","20180821:0000",-44.41052,171.25426,"Kensington",679,"Timaru",100112,"Canterbury",1010,NA,6.4,7.9
"23544","20180822:0000",-44.41052,171.25426,"Kensington",679,"Timaru",100112,"Canterbury",1010,NA,6.2,8.1
"23545","20180823:0000",-44.41052,171.25426,"Kensington",679,"Timaru",100112,"Canterbury",1010,NA,6.95,7.6
"23546","20180824:0000",-44.41052,171.25426,"Kensington",679,"Timaru",100112,"Canterbury",1010,NA,8.9,6.1
"23547","20180825:0000",-44.41052,171.25426,"Kensington",679,"Timaru",100112,"Canterbury",1010,NA,8.2,7.7
"23548","20180826:0000",-44.41052,171.25426,"Kensington",679,"Timaru",100112,"Canterbury",1010,NA,6.4,8.8
"23549","20180827:0000",-44.41052,171.25426,"Kensington",679,"Timaru",100112,"Canterbury",1010,NA,9,3.7
"23550","20180828:0000",-44.41052,171.25426,"Kensington",679,"Timaru",100112,"Canterbury",1010,NA,6.85,NA
"23551","20180829:0000",-44.41052,171.25426,"Kensington",679,"Timaru",100112,"Canterbury",1010,NA,8.2,NA
"23552","20180830:0000",-44.41052,171.25426,"Kensington",679,"Timaru",100112,"Canterbury",1010,NA,6.85,NA
"23553","20180831:0000",-44.41052,171.25426,"Kensington",679,"Timaru",100112,"Canterbury",1010,NA,5.9,0
"23554","20180901:0000",-44.41052,171.25426,"Kensington",679,"Timaru",100112,"Canterbury",1010,NA,6.2,8.6
"23555","20180902:0000",-44.41052,171.25426,"Kensington",679,"Timaru",100112,"Canterbury",1010,NA,8.35,0
"23556","20180903:0000",-44.41052,171.25426,"Kensington",679,"Timaru",100112,"Canterbury",1010,NA,8.5,5.9
"23557","20180904:0000",-44.41052,171.25426,"Kensington",679,"Timaru",100112,"Canterbury",1010,NA,8.3,2.6
"23558","20180905:0000",-44.41052,171.25426,"Kensington",679,"Timaru",100112,"Canterbury",1010,NA,6.8,8.9
"23559","20180906:0000",-44.41052,171.25426,"Kensington",679,"Timaru",100112,"Canterbury",1010,NA,4.95,9.8
"23560","20180907:0000",-44.41052,171.25426,"Kensington",679,"Timaru",100112,"Canterbury",1010,NA,4.3,8.7
"23561","20180908:0000",-44.41052,171.25426,"Kensington",679,"Timaru",100112,"Canterbury",1010,NA,4.25,8.9
"23562","20180909:0000",-44.41052,171.25426,"Kensington",679,"Timaru",100112,"Canterbury",1010,NA,6.3,4.5
"23563","20180910:0000",-44.41052,171.25426,"Kensington",679,"Timaru",100112,"Canterbury",1010,NA,8.2,3.2
"23564","20180911:0000",-44.41052,171.25426,"Kensington",679,"Timaru",100112,"Canterbury",1010,NA,10.2,8.2
"23565","20180912:0000",-44.41052,171.25426,"Kensington",679,"Timaru",100112,"Canterbury",1010,NA,7.35,8.3
"23566","20180913:0000",-44.41052,171.25426,"Kensington",679,"Timaru",100112,"Canterbury",1010,NA,12.25,3.4
"23567","20180914:0000",-44.41052,171.25426,"Kensington",679,"Timaru",100112,"Canterbury",1010,NA,11.6,9.3
"23568","20180915:0000",-44.41052,171.25426,"Kensington",679,"Timaru",100112,"Canterbury",1010,NA,10.35,10.8
"23569","20180916:0000",-44.41052,171.25426,"Kensington",679,"Timaru",100112,"Canterbury",1010,NA,14.65,10.5
"23570","20180917:0000",-44.41052,171.25426,"Kensington",679,"Timaru",100112,"Canterbury",1010,NA,9.2,0
"23571","20180918:0000",-44.41052,171.25426,"Kensington",679,"Timaru",100112,"Canterbury",1010,NA,8.05,9.4
"23572","20180919:0000",-44.41052,171.25426,"Kensington",679,"Timaru",100112,"Canterbury",1010,NA,8.2,10.6
"23573","20180920:0000",-44.41052,171.25426,"Kensington",679,"Timaru",100112,"Canterbury",1010,NA,8.45,7.2
"23574","20180921:0000",-44.41052,171.25426,"Kensington",679,"Timaru",100112,"Canterbury",1010,NA,9.75,1.5
"23575","20180922:0000",-44.41052,171.25426,"Kensington",679,"Timaru",100112,"Canterbury",1010,NA,8.7,9.3
"23576","20180923:0000",-44.41052,171.25426,"Kensington",679,"Timaru",100112,"Canterbury",1010,NA,9.05,5.5
"23577","20180924:0000",-44.41052,171.25426,"Kensington",679,"Timaru",100112,"Canterbury",1010,NA,7.65,0
"23578","20180925:0000",-44.41052,171.25426,"Kensington",679,"Timaru",100112,"Canterbury",1010,NA,9.15,9.4
"23579","20180926:0000",-44.41052,171.25426,"Kensington",679,"Timaru",100112,"Canterbury",1010,NA,9.2,11.5
"23580","20180927:0000",-44.41052,171.25426,"Kensington",679,"Timaru",100112,"Canterbury",1010,NA,8,10.6
"23581","20180928:0000",-44.41052,171.25426,"Kensington",679,"Timaru",100112,"Canterbury",1010,NA,7.75,11.9
"23582","20180929:0000",-44.41052,171.25426,"Kensington",679,"Timaru",100112,"Canterbury",1010,NA,9.45,8.3
"23583","20180930:0000",-44.41052,171.25426,"Kensington",679,"Timaru",100112,"Canterbury",1010,NA,10.05,7.6
"23584","20181001:0000",-44.41052,171.25426,"Kensington",679,"Timaru",100112,"Canterbury",1010,NA,10,NA
"23585","20181002:0000",-44.41052,171.25426,"Kensington",679,"Timaru",100112,"Canterbury",1010,NA,9.1,4
"23586","20181003:0000",-44.41052,171.25426,"Kensington",679,"Timaru",100112,"Canterbury",1010,NA,8.95,9.8
"23587","20181004:0000",-44.41052,171.25426,"Kensington",679,"Timaru",100112,"Canterbury",1010,NA,11.2,4.1
"23588","20181005:0000",-44.41052,171.25426,"Kensington",679,"Timaru",100112,"Canterbury",1010,NA,9.2,4.7
"23589","20181006:0000",-44.41052,171.25426,"Kensington",679,"Timaru",100112,"Canterbury",1010,NA,9.2,8.7
"23590","20181007:0000",-44.41052,171.25426,"Kensington",679,"Timaru",100112,"Canterbury",1010,NA,12.2,7.1
"23591","20181008:0000",-44.41052,171.25426,"Kensington",679,"Timaru",100112,"Canterbury",1010,NA,10.55,8.7
"23592","20181009:0000",-44.41052,171.25426,"Kensington",679,"Timaru",100112,"Canterbury",1010,NA,10.35,12.4
"23593","20181010:0000",-44.41052,171.25426,"Kensington",679,"Timaru",100112,"Canterbury",1010,NA,12.75,5.1
"23594","20181011:0000",-44.41052,171.25426,"Kensington",679,"Timaru",100112,"Canterbury",1010,NA,8.4,2.2
"23595","20181012:0000",-44.41052,171.25426,"Kensington",679,"Timaru",100112,"Canterbury",1010,NA,6.7,8.8
"23596","20181013:0000",-44.41052,171.25426,"Kensington",679,"Timaru",100112,"Canterbury",1010,NA,7.55,NA
"23597","20181014:0000",-44.41052,171.25426,"Kensington",679,"Timaru",100112,"Canterbury",1010,NA,9,9.8
"23598","20181015:0000",-44.41052,171.25426,"Kensington",679,"Timaru",100112,"Canterbury",1010,NA,7,8.9
"23599","20181016:0000",-44.41052,171.25426,"Kensington",679,"Timaru",100112,"Canterbury",1010,NA,10.55,9.4
"23600","20181017:0000",-44.41052,171.25426,"Kensington",679,"Timaru",100112,"Canterbury",1010,NA,15.9,4.3
"23601","20181018:0000",-44.41052,171.25426,"Kensington",679,"Timaru",100112,"Canterbury",1010,NA,13.4,9.4
"23602","20181019:0000",-44.41052,171.25426,"Kensington",679,"Timaru",100112,"Canterbury",1010,NA,11.65,11.8
"23603","20181020:0000",-44.41052,171.25426,"Kensington",679,"Timaru",100112,"Canterbury",1010,NA,12.25,7.9
"23604","20181021:0000",-44.41052,171.25426,"Kensington",679,"Timaru",100112,"Canterbury",1010,NA,14.6,9.9
"23605","20181022:0000",-44.41052,171.25426,"Kensington",679,"Timaru",100112,"Canterbury",1010,NA,12.6,13
"23606","20181023:0000",-44.41052,171.25426,"Kensington",679,"Timaru",100112,"Canterbury",1010,NA,12.9,10.7
"23607","20181024:0000",-44.41052,171.25426,"Kensington",679,"Timaru",100112,"Canterbury",1010,NA,14.7,6.9
"23608","20181025:0000",-44.41052,171.25426,"Kensington",679,"Timaru",100112,"Canterbury",1010,NA,8.95,0
"23609","20181026:0000",-44.41052,171.25426,"Kensington",679,"Timaru",100112,"Canterbury",1010,NA,10.1,3.2
"23610","20181027:0000",-44.41052,171.25426,"Kensington",679,"Timaru",100112,"Canterbury",1010,NA,11.4,8
"23611","20181028:0000",-44.41052,171.25426,"Kensington",679,"Timaru",100112,"Canterbury",1010,NA,10.45,2.1
"23612","20181029:0000",-44.41052,171.25426,"Kensington",679,"Timaru",100112,"Canterbury",1010,NA,11.05,2.3
"23613","20181030:0000",-44.41052,171.25426,"Kensington",679,"Timaru",100112,"Canterbury",1010,NA,9.9,0.8
"23614","20181031:0000",-44.41052,171.25426,"Kensington",679,"Timaru",100112,"Canterbury",1010,NA,9.2,8
"23615","20181101:0000",-44.41052,171.25426,"Kensington",679,"Timaru",100112,"Canterbury",1010,NA,10.35,9.3
"23616","20181102:0000",-44.41052,171.25426,"Kensington",679,"Timaru",100112,"Canterbury",1010,NA,9.9,4.7
"23617","20181103:0000",-44.41052,171.25426,"Kensington",679,"Timaru",100112,"Canterbury",1010,NA,17,7.5
"23618","20181104:0000",-44.41052,171.25426,"Kensington",679,"Timaru",100112,"Canterbury",1010,NA,14.6,7.4
"23619","20181105:0000",-44.41052,171.25426,"Kensington",679,"Timaru",100112,"Canterbury",1010,NA,11.5,10.1
"23620","20181106:0000",-44.41052,171.25426,"Kensington",679,"Timaru",100112,"Canterbury",1010,NA,11.7,9.6
"23621","20181107:0000",-44.41052,171.25426,"Kensington",679,"Timaru",100112,"Canterbury",1010,NA,16.2,13.5
"23622","20181108:0000",-44.41052,171.25426,"Kensington",679,"Timaru",100112,"Canterbury",1010,NA,13.6,1.6
"23623","20181109:0000",-44.41052,171.25426,"Kensington",679,"Timaru",100112,"Canterbury",1010,NA,6.1,0
"23624","20181110:0000",-44.41052,171.25426,"Kensington",679,"Timaru",100112,"Canterbury",1010,NA,7.8,9.3
"23625","20181111:0000",-44.41052,171.25426,"Kensington",679,"Timaru",100112,"Canterbury",1010,NA,12.4,11
"23626","20181112:0000",-44.41052,171.25426,"Kensington",679,"Timaru",100112,"Canterbury",1010,NA,12.2,5.1
"23627","20181113:0000",-44.41052,171.25426,"Kensington",679,"Timaru",100112,"Canterbury",1010,NA,12.4,8.7
"23628","20181114:0000",-44.41052,171.25426,"Kensington",679,"Timaru",100112,"Canterbury",1010,NA,12.3,9.5
"23629","20181115:0000",-44.41052,171.25426,"Kensington",679,"Timaru",100112,"Canterbury",1010,NA,14.3,8.2
"23630","20181116:0000",-44.41052,171.25426,"Kensington",679,"Timaru",100112,"Canterbury",1010,NA,14.8,1.4
"23631","20181117:0000",-44.41052,171.25426,"Kensington",679,"Timaru",100112,"Canterbury",1010,NA,14.45,7.1
"23632","20181118:0000",-44.41052,171.25426,"Kensington",679,"Timaru",100112,"Canterbury",1010,NA,13.95,4.5
"23633","20181119:0000",-44.41052,171.25426,"Kensington",679,"Timaru",100112,"Canterbury",1010,NA,8.2,5
"23634","20181120:0000",-44.41052,171.25426,"Kensington",679,"Timaru",100112,"Canterbury",1010,NA,8.6,0
"23635","20181121:0000",-44.41052,171.25426,"Kensington",679,"Timaru",100112,"Canterbury",1010,NA,9.5,1.9
"23636","20181122:0000",-44.41052,171.25426,"Kensington",679,"Timaru",100112,"Canterbury",1010,NA,12.55,9.9
"23637","20181123:0000",-44.41052,171.25426,"Kensington",679,"Timaru",100112,"Canterbury",1010,NA,12.2,5.6
"23638","20181124:0000",-44.41052,171.25426,"Kensington",679,"Timaru",100112,"Canterbury",1010,NA,13.15,0
"23639","20181125:0000",-44.41052,171.25426,"Kensington",679,"Timaru",100112,"Canterbury",1010,NA,12.6,0
"23640","20181126:0000",-44.41052,171.25426,"Kensington",679,"Timaru",100112,"Canterbury",1010,NA,12.45,0
"23641","20181127:0000",-44.41052,171.25426,"Kensington",679,"Timaru",100112,"Canterbury",1010,NA,13.95,9.2
"23642","20181128:0000",-44.41052,171.25426,"Kensington",679,"Timaru",100112,"Canterbury",1010,NA,12.2,0
"23643","20181129:0000",-44.41052,171.25426,"Kensington",679,"Timaru",100112,"Canterbury",1010,NA,13.6,1.9
"23644","20181130:0000",-44.41052,171.25426,"Kensington",679,"Timaru",100112,"Canterbury",1010,NA,13.65,8.2
"23645","20181201:0000",-44.41052,171.25426,"Kensington",679,"Timaru",100112,"Canterbury",1010,NA,15.15,2.2
"23646","20181202:0000",-44.41052,171.25426,"Kensington",679,"Timaru",100112,"Canterbury",1010,NA,15.75,0
"23647","20181203:0000",-44.41052,171.25426,"Kensington",679,"Timaru",100112,"Canterbury",1010,NA,16,0
"23648","20181204:0000",-44.41052,171.25426,"Kensington",679,"Timaru",100112,"Canterbury",1010,NA,15.8,6.7
"23649","20181205:0000",-44.41052,171.25426,"Kensington",679,"Timaru",100112,"Canterbury",1010,NA,13.2,NA
"23650","20181206:0000",-44.41052,171.25426,"Kensington",679,"Timaru",100112,"Canterbury",1010,NA,12.15,NA
"23651","20181207:0000",-44.41052,171.25426,"Kensington",679,"Timaru",100112,"Canterbury",1010,NA,11.35,8.1
"23652","20181208:0000",-44.41052,171.25426,"Kensington",679,"Timaru",100112,"Canterbury",1010,NA,15.75,NA
"23653","20181209:0000",-44.41052,171.25426,"Kensington",679,"Timaru",100112,"Canterbury",1010,NA,16.65,NA
"23654","20181210:0000",-44.41052,171.25426,"Kensington",679,"Timaru",100112,"Canterbury",1010,NA,12.9,0.2
"23655","20181211:0000",-44.41052,171.25426,"Kensington",679,"Timaru",100112,"Canterbury",1010,NA,12.6,0
"23656","20181212:0000",-44.41052,171.25426,"Kensington",679,"Timaru",100112,"Canterbury",1010,NA,13.8,0
"23657","20181213:0000",-44.41052,171.25426,"Kensington",679,"Timaru",100112,"Canterbury",1010,NA,14.6,8.1
"23658","20181214:0000",-44.41052,171.25426,"Kensington",679,"Timaru",100112,"Canterbury",1010,NA,16.15,9.4
"23659","20181215:0000",-44.41052,171.25426,"Kensington",679,"Timaru",100112,"Canterbury",1010,NA,15.05,0
"23660","20181216:0000",-44.41052,171.25426,"Kensington",679,"Timaru",100112,"Canterbury",1010,NA,15.8,0
"23661","20181217:0000",-44.41052,171.25426,"Kensington",679,"Timaru",100112,"Canterbury",1010,NA,16.5,9.6
"23662","20181218:0000",-44.41052,171.25426,"Kensington",679,"Timaru",100112,"Canterbury",1010,NA,21,3.4
"23663","20181219:0000",-44.41052,171.25426,"Kensington",679,"Timaru",100112,"Canterbury",1010,NA,11.25,0
"23664","20181220:0000",-44.41052,171.25426,"Kensington",679,"Timaru",100112,"Canterbury",1010,NA,11.85,3.9
"23665","20181221:0000",-44.41052,171.25426,"Kensington",679,"Timaru",100112,"Canterbury",1010,NA,12.8,3.2
"23666","20181222:0000",-44.41052,171.25426,"Kensington",679,"Timaru",100112,"Canterbury",1010,NA,13.15,3
"23667","20181223:0000",-44.41052,171.25426,"Kensington",679,"Timaru",100112,"Canterbury",1010,NA,12.55,3.1
"23668","20181224:0000",-44.41052,171.25426,"Kensington",679,"Timaru",100112,"Canterbury",1010,NA,13.3,10.6
"23669","20181225:0000",-44.41052,171.25426,"Kensington",679,"Timaru",100112,"Canterbury",1010,NA,16.2,10.6
"23670","20181226:0000",-44.41052,171.25426,"Kensington",679,"Timaru",100112,"Canterbury",1010,NA,15.1,NA
"23671","20181227:0000",-44.41052,171.25426,"Kensington",679,"Timaru",100112,"Canterbury",1010,NA,13.85,NA
"23672","20181228:0000",-44.41052,171.25426,"Kensington",679,"Timaru",100112,"Canterbury",1010,NA,15.3,8.6
"23673","20181229:0000",-44.41052,171.25426,"Kensington",679,"Timaru",100112,"Canterbury",1010,NA,18.95,9.2
"23674","20181230:0000",-44.41052,171.25426,"Kensington",679,"Timaru",100112,"Canterbury",1010,NA,24.1,2.5
"23675","20181231:0000",-44.41052,171.25426,"Kensington",679,"Timaru",100112,"Canterbury",1010,NA,17.4,3.6
"23676","20190101:0000",-44.41052,171.25426,"Kensington",679,"Timaru",100112,"Canterbury",1010,NA,18.75,NA
"23677","20190102:0000",-44.41052,171.25426,"Kensington",679,"Timaru",100112,"Canterbury",1010,NA,24.05,NA
"23678","20190103:0000",-44.41052,171.25426,"Kensington",679,"Timaru",100112,"Canterbury",1010,NA,15.8,6.3
"23679","20190104:0000",-44.41052,171.25426,"Kensington",679,"Timaru",100112,"Canterbury",1010,NA,14.55,7.2
"23680","20190105:0000",-44.41052,171.25426,"Kensington",679,"Timaru",100112,"Canterbury",1010,NA,21.4,7.3
"23681","20190106:0000",-44.41052,171.25426,"Kensington",679,"Timaru",100112,"Canterbury",1010,NA,14.7,0
"23682","20190107:0000",-44.41052,171.25426,"Kensington",679,"Timaru",100112,"Canterbury",1010,NA,16.65,10.8
"23683","20190108:0000",-44.41052,171.25426,"Kensington",679,"Timaru",100112,"Canterbury",1010,NA,16,4.8
"23684","20190109:0000",-44.41052,171.25426,"Kensington",679,"Timaru",100112,"Canterbury",1010,NA,17.65,4.4
"23685","20190110:0000",-44.41052,171.25426,"Kensington",679,"Timaru",100112,"Canterbury",1010,NA,17.35,8.3
"23686","20190111:0000",-44.41052,171.25426,"Kensington",679,"Timaru",100112,"Canterbury",1010,NA,13.55,0
"23687","20190112:0000",-44.41052,171.25426,"Kensington",679,"Timaru",100112,"Canterbury",1010,NA,14.15,3.8
"23688","20190113:0000",-44.41052,171.25426,"Kensington",679,"Timaru",100112,"Canterbury",1010,NA,14.95,NA
"23689","20190114:0000",-44.41052,171.25426,"Kensington",679,"Timaru",100112,"Canterbury",1010,NA,13.7,NA
"23690","20190115:0000",-44.41052,171.25426,"Kensington",679,"Timaru",100112,"Canterbury",1010,NA,14.3,3.1
"23691","20190116:0000",-44.41052,171.25426,"Kensington",679,"Timaru",100112,"Canterbury",1010,NA,15.3,8.2
"23692","20190117:0000",-44.41052,171.25426,"Kensington",679,"Timaru",100112,"Canterbury",1010,NA,15.55,5.8
"23693","20190118:0000",-44.41052,171.25426,"Kensington",679,"Timaru",100112,"Canterbury",1010,NA,16.15,1.3
"23694","20190119:0000",-44.41052,171.25426,"Kensington",679,"Timaru",100112,"Canterbury",1010,NA,20.65,5.6
"23695","20190120:0000",-44.41052,171.25426,"Kensington",679,"Timaru",100112,"Canterbury",1010,NA,18.25,8.8
"23696","20190121:0000",-44.41052,171.25426,"Kensington",679,"Timaru",100112,"Canterbury",1010,NA,16.8,7.5
"23697","20190122:0000",-44.41052,171.25426,"Kensington",679,"Timaru",100112,"Canterbury",1010,NA,20.55,10.7
"23698","20190123:0000",-44.41052,171.25426,"Kensington",679,"Timaru",100112,"Canterbury",1010,NA,18.5,4
"23699","20190124:0000",-44.41052,171.25426,"Kensington",679,"Timaru",100112,"Canterbury",1010,NA,11.35,8.4
"23700","20190125:0000",-44.41052,171.25426,"Kensington",679,"Timaru",100112,"Canterbury",1010,NA,13.1,4.7
"23701","20190126:0000",-44.41052,171.25426,"Kensington",679,"Timaru",100112,"Canterbury",1010,NA,18.95,NA
"23702","20190127:0000",-44.41052,171.25426,"Kensington",679,"Timaru",100112,"Canterbury",1010,NA,17.4,NA
"23703","20190128:0000",-44.41052,171.25426,"Kensington",679,"Timaru",100112,"Canterbury",1010,NA,19.45,7
"23704","20190129:0000",-44.41052,171.25426,"Kensington",679,"Timaru",100112,"Canterbury",1010,NA,19.35,3.9
"23705","20190130:0000",-44.41052,171.25426,"Kensington",679,"Timaru",100112,"Canterbury",1010,NA,21.05,10.1
"23706","20190131:0000",-44.41052,171.25426,"Kensington",679,"Timaru",100112,"Canterbury",1010,NA,20.2,9.6
"23707","20190201:0000",-44.41052,171.25426,"Kensington",679,"Timaru",100112,"Canterbury",1010,NA,22.35,2.6
"23708","20190202:0000",-44.41052,171.25426,"Kensington",679,"Timaru",100112,"Canterbury",1010,NA,13.75,9
"23709","20190203:0000",-44.41052,171.25426,"Kensington",679,"Timaru",100112,"Canterbury",1010,NA,14.7,9.5
"23710","20190204:0000",-44.41052,171.25426,"Kensington",679,"Timaru",100112,"Canterbury",1010,NA,16.45,10.5
"23711","20190205:0000",-44.41052,171.25426,"Kensington",679,"Timaru",100112,"Canterbury",1010,NA,16.8,8.5
"23712","20190206:0000",-44.41052,171.25426,"Kensington",679,"Timaru",100112,"Canterbury",1010,NA,12.3,NA
"23713","20190207:0000",-44.41052,171.25426,"Kensington",679,"Timaru",100112,"Canterbury",1010,NA,13.7,NA
"23714","20190208:0000",-44.41052,171.25426,"Kensington",679,"Timaru",100112,"Canterbury",1010,NA,14.1,13.4
"23715","20190209:0000",-44.41052,171.25426,"Kensington",679,"Timaru",100112,"Canterbury",1010,NA,18.1,10.2
"23716","20190210:0000",-44.41052,171.25426,"Kensington",679,"Timaru",100112,"Canterbury",1010,NA,19.8,10.4
"23717","20190211:0000",-44.41052,171.25426,"Kensington",679,"Timaru",100112,"Canterbury",1010,NA,18.3,8.8
"23718","20190212:0000",-44.41052,171.25426,"Kensington",679,"Timaru",100112,"Canterbury",1010,NA,18.3,7.3
"23719","20190213:0000",-44.41052,171.25426,"Kensington",679,"Timaru",100112,"Canterbury",1010,NA,17.95,7.6
"23720","20190214:0000",-44.41052,171.25426,"Kensington",679,"Timaru",100112,"Canterbury",1010,NA,18.45,3.6
"23721","20190215:0000",-44.41052,171.25426,"Kensington",679,"Timaru",100112,"Canterbury",1010,NA,16.15,10.1
"23722","20190216:0000",-44.41052,171.25426,"Kensington",679,"Timaru",100112,"Canterbury",1010,NA,13.85,5.9
"23723","20190217:0000",-44.41052,171.25426,"Kensington",679,"Timaru",100112,"Canterbury",1010,NA,15.2,7.1
"23724","20190218:0000",-44.41052,171.25426,"Kensington",679,"Timaru",100112,"Canterbury",1010,NA,16.8,5.7
"23725","20190219:0000",-44.41052,171.25426,"Kensington",679,"Timaru",100112,"Canterbury",1010,NA,21.85,6.1
"23726","20190220:0000",-44.41052,171.25426,"Kensington",679,"Timaru",100112,"Canterbury",1010,NA,17.65,5.9
"23727","20190221:0000",-44.41052,171.25426,"Kensington",679,"Timaru",100112,"Canterbury",1010,NA,16.65,7.3
"23728","20190222:0000",-44.41052,171.25426,"Kensington",679,"Timaru",100112,"Canterbury",1010,NA,14.25,0.8
"23729","20190223:0000",-44.41052,171.25426,"Kensington",679,"Timaru",100112,"Canterbury",1010,NA,12.5,3.5
"23730","20190224:0000",-44.41052,171.25426,"Kensington",679,"Timaru",100112,"Canterbury",1010,NA,12.2,6.5
"23731","20190225:0000",-44.41052,171.25426,"Kensington",679,"Timaru",100112,"Canterbury",1010,NA,10.75,10
"23732","20190226:0000",-44.41052,171.25426,"Kensington",679,"Timaru",100112,"Canterbury",1010,NA,13.2,8.6
"23733","20190227:0000",-44.41052,171.25426,"Kensington",679,"Timaru",100112,"Canterbury",1010,NA,16.4,3.7
"23734","20190228:0000",-44.41052,171.25426,"Kensington",679,"Timaru",100112,"Canterbury",1010,NA,10.15,5.8
"23735","20190301:0000",-44.41052,171.25426,"Kensington",679,"Timaru",100112,"Canterbury",1010,NA,12.2,10
"23736","20190302:0000",-44.41052,171.25426,"Kensington",679,"Timaru",100112,"Canterbury",1010,NA,12.85,9.7
"23737","20190303:0000",-44.41052,171.25426,"Kensington",679,"Timaru",100112,"Canterbury",1010,NA,15.55,10.5
"23738","20190304:0000",-44.41052,171.25426,"Kensington",679,"Timaru",100112,"Canterbury",1010,NA,15.85,9.9
"23739","20190305:0000",-44.41052,171.25426,"Kensington",679,"Timaru",100112,"Canterbury",1010,NA,18.4,8.7
"23740","20190306:0000",-44.41052,171.25426,"Kensington",679,"Timaru",100112,"Canterbury",1010,NA,18.1,9.4
"23741","20190307:0000",-44.41052,171.25426,"Kensington",679,"Timaru",100112,"Canterbury",1010,NA,21,4.5
"23742","20190308:0000",-44.41052,171.25426,"Kensington",679,"Timaru",100112,"Canterbury",1010,NA,13.25,7.7
"23743","20190309:0000",-44.41052,171.25426,"Kensington",679,"Timaru",100112,"Canterbury",1010,NA,13.1,8.1
"23744","20190310:0000",-44.41052,171.25426,"Kensington",679,"Timaru",100112,"Canterbury",1010,NA,13.5,0.4
"23745","20190311:0000",-44.41052,171.25426,"Kensington",679,"Timaru",100112,"Canterbury",1010,NA,14,7.3
"23746","20190312:0000",-44.41052,171.25426,"Kensington",679,"Timaru",100112,"Canterbury",1010,NA,16.9,9.6
"23747","20190313:0000",-44.41052,171.25426,"Kensington",679,"Timaru",100112,"Canterbury",1010,NA,15.85,4.5
"23748","20190314:0000",-44.41052,171.25426,"Kensington",679,"Timaru",100112,"Canterbury",1010,NA,12.65,0
"23749","20190315:0000",-44.41052,171.25426,"Kensington",679,"Timaru",100112,"Canterbury",1010,NA,13.95,0.5
"23750","20190316:0000",-44.41052,171.25426,"Kensington",679,"Timaru",100112,"Canterbury",1010,NA,16.4,4.6
"23751","20190317:0000",-44.41052,171.25426,"Kensington",679,"Timaru",100112,"Canterbury",1010,NA,15.5,0
"23752","20190318:0000",-44.41052,171.25426,"Kensington",679,"Timaru",100112,"Canterbury",1010,NA,16.5,7.6
"23753","20190319:0000",-44.41052,171.25426,"Kensington",679,"Timaru",100112,"Canterbury",1010,NA,16.5,8.7
"23754","20190320:0000",-44.41052,171.25426,"Kensington",679,"Timaru",100112,"Canterbury",1010,NA,15.65,NA
"23755","20190321:0000",-44.41052,171.25426,"Kensington",679,"Timaru",100112,"Canterbury",1010,NA,17,5.2
"23756","20190322:0000",-44.41052,171.25426,"Kensington",679,"Timaru",100112,"Canterbury",1010,NA,16.25,3
"23757","20190323:0000",-44.41052,171.25426,"Kensington",679,"Timaru",100112,"Canterbury",1010,NA,15.6,0
"23758","20190324:0000",-44.41052,171.25426,"Kensington",679,"Timaru",100112,"Canterbury",1010,NA,17,7.6
"23759","20190325:0000",-44.41052,171.25426,"Kensington",679,"Timaru",100112,"Canterbury",1010,NA,17.8,6.2
"23760","20190326:0000",-44.41052,171.25426,"Kensington",679,"Timaru",100112,"Canterbury",1010,NA,21.3,NA
"23761","20190327:0000",-44.41052,171.25426,"Kensington",679,"Timaru",100112,"Canterbury",1010,NA,18.2,3.3
"23762","20190328:0000",-44.41052,171.25426,"Kensington",679,"Timaru",100112,"Canterbury",1010,NA,13.4,6.1
"23763","20190329:0000",-44.41052,171.25426,"Kensington",679,"Timaru",100112,"Canterbury",1010,NA,12.5,8.6
"23764","20190330:0000",-44.41052,171.25426,"Kensington",679,"Timaru",100112,"Canterbury",1010,NA,13.65,9.1
"23765","20190331:0000",-44.41052,171.25426,"Kensington",679,"Timaru",100112,"Canterbury",1010,NA,15.55,7.7
"23766","20190401:0000",-44.41052,171.25426,"Kensington",679,"Timaru",100112,"Canterbury",1010,NA,19.65,9.2
"23767","20190402:0000",-44.41052,171.25426,"Kensington",679,"Timaru",100112,"Canterbury",1010,NA,12.15,7.2
"23768","20190403:0000",-44.41052,171.25426,"Kensington",679,"Timaru",100112,"Canterbury",1010,NA,10.25,9
"23769","20190404:0000",-44.41052,171.25426,"Kensington",679,"Timaru",100112,"Canterbury",1010,NA,9.65,7.9
"23770","20190405:0000",-44.41052,171.25426,"Kensington",679,"Timaru",100112,"Canterbury",1010,NA,9.65,7.1
"23771","20190406:0000",-44.41052,171.25426,"Kensington",679,"Timaru",100112,"Canterbury",1010,NA,8.3,8.9
"23772","20190407:0000",-44.41052,171.25426,"Kensington",679,"Timaru",100112,"Canterbury",1010,NA,8.25,9.2
"23773","20190408:0000",-44.41052,171.25426,"Kensington",679,"Timaru",100112,"Canterbury",1010,NA,10.3,9
"23774","20190409:0000",-44.41052,171.25426,"Kensington",679,"Timaru",100112,"Canterbury",1010,NA,12,8.8
"23775","20190410:0000",-44.41052,171.25426,"Kensington",679,"Timaru",100112,"Canterbury",1010,NA,13.75,8.1
"23776","20190411:0000",-44.41052,171.25426,"Kensington",679,"Timaru",100112,"Canterbury",1010,NA,11.4,NA
"23777","20190412:0000",-44.41052,171.25426,"Kensington",679,"Timaru",100112,"Canterbury",1010,NA,11.45,NA
"23778","20190413:0000",-44.41052,171.25426,"Kensington",679,"Timaru",100112,"Canterbury",1010,NA,8.6,9
"23779","20190414:0000",-44.41052,171.25426,"Kensington",679,"Timaru",100112,"Canterbury",1010,NA,10.25,4.2
"23780","20190415:0000",-44.41052,171.25426,"Kensington",679,"Timaru",100112,"Canterbury",1010,NA,11.9,8.9
"23781","20190416:0000",-44.41052,171.25426,"Kensington",679,"Timaru",100112,"Canterbury",1010,NA,10.5,3.9
"23782","20190417:0000",-44.41052,171.25426,"Kensington",679,"Timaru",100112,"Canterbury",1010,NA,10.05,7.9
"23783","20190418:0000",-44.41052,171.25426,"Kensington",679,"Timaru",100112,"Canterbury",1010,NA,11.2,0
"23784","20190419:0000",-44.41052,171.25426,"Kensington",679,"Timaru",100112,"Canterbury",1010,NA,11.95,6
"23785","20190420:0000",-44.41052,171.25426,"Kensington",679,"Timaru",100112,"Canterbury",1010,NA,10.25,2.5
"23786","20190421:0000",-44.41052,171.25426,"Kensington",679,"Timaru",100112,"Canterbury",1010,NA,11.2,0.2
"23787","20190422:0000",-44.41052,171.25426,"Kensington",679,"Timaru",100112,"Canterbury",1010,NA,11,9.6
"23788","20190423:0000",-44.41052,171.25426,"Kensington",679,"Timaru",100112,"Canterbury",1010,NA,12.05,NA
"23789","20190424:0000",-44.41052,171.25426,"Kensington",679,"Timaru",100112,"Canterbury",1010,NA,9.65,0
"23790","20190425:0000",-44.41052,171.25426,"Kensington",679,"Timaru",100112,"Canterbury",1010,NA,12.7,5.7
"23791","20190426:0000",-44.41052,171.25426,"Kensington",679,"Timaru",100112,"Canterbury",1010,NA,12.3,7.9
"23792","20190427:0000",-44.41052,171.25426,"Kensington",679,"Timaru",100112,"Canterbury",1010,NA,14.3,4.4
"23793","20190428:0000",-44.41052,171.25426,"Kensington",679,"Timaru",100112,"Canterbury",1010,NA,10.5,9.4
"23794","20190429:0000",-44.41052,171.25426,"Kensington",679,"Timaru",100112,"Canterbury",1010,NA,9.45,NA
"23795","20190430:0000",-44.41052,171.25426,"Kensington",679,"Timaru",100112,"Canterbury",1010,NA,7.85,NA
"23796","20190501:0000",-44.41052,171.25426,"Kensington",679,"Timaru",100112,"Canterbury",1010,NA,8.9,8.4
"23797","20190502:0000",-44.41052,171.25426,"Kensington",679,"Timaru",100112,"Canterbury",1010,NA,10.8,5.6
"23798","20190503:0000",-44.41052,171.25426,"Kensington",679,"Timaru",100112,"Canterbury",1010,NA,11.35,8.3
"23799","20190504:0000",-44.41052,171.25426,"Kensington",679,"Timaru",100112,"Canterbury",1010,NA,11.6,2.6
"23800","20190505:0000",-44.41052,171.25426,"Kensington",679,"Timaru",100112,"Canterbury",1010,NA,11.1,0.2
"23801","20190506:0000",-44.41052,171.25426,"Kensington",679,"Timaru",100112,"Canterbury",1010,NA,10.95,0
"23802","20190507:0000",-44.41052,171.25426,"Kensington",679,"Timaru",100112,"Canterbury",1010,NA,12.35,NA
"23803","20190508:0000",-44.41052,171.25426,"Kensington",679,"Timaru",100112,"Canterbury",1010,NA,10.25,0.8
"23804","20190509:0000",-44.41052,171.25426,"Kensington",679,"Timaru",100112,"Canterbury",1010,NA,10.35,NA
"23805","20190510:0000",-44.41052,171.25426,"Kensington",679,"Timaru",100112,"Canterbury",1010,NA,12,NA
"23806","20190511:0000",-44.41052,171.25426,"Kensington",679,"Timaru",100112,"Canterbury",1010,NA,9.8,0
"23807","20190512:0000",-44.41052,171.25426,"Kensington",679,"Timaru",100112,"Canterbury",1010,NA,9.75,NA
"23808","20190513:0000",-44.41052,171.25426,"Kensington",679,"Timaru",100112,"Canterbury",1010,NA,9.8,NA
"23809","20190514:0000",-44.41052,171.25426,"Kensington",679,"Timaru",100112,"Canterbury",1010,NA,9.75,1.9
"23810","20190515:0000",-44.41052,171.25426,"Kensington",679,"Timaru",100112,"Canterbury",1010,NA,13.7,6.3
"23811","20190516:0000",-44.41052,171.25426,"Kensington",679,"Timaru",100112,"Canterbury",1010,NA,9.55,4.5
"23812","20190517:0000",-44.41052,171.25426,"Kensington",679,"Timaru",100112,"Canterbury",1010,NA,7.4,7.9
"23813","20190518:0000",-44.41052,171.25426,"Kensington",679,"Timaru",100112,"Canterbury",1010,NA,9.25,4.3
"23814","20190519:0000",-44.41052,171.25426,"Kensington",679,"Timaru",100112,"Canterbury",1010,NA,10.7,7.8
"23815","20190520:0000",-44.41052,171.25426,"Kensington",679,"Timaru",100112,"Canterbury",1010,NA,8.3,7.9
"23816","20190521:0000",-44.41052,171.25426,"Kensington",679,"Timaru",100112,"Canterbury",1010,NA,7.55,7.7
"23817","20190522:0000",-44.41052,171.25426,"Kensington",679,"Timaru",100112,"Canterbury",1010,NA,8,NA
"23818","20190523:0000",-44.41052,171.25426,"Kensington",679,"Timaru",100112,"Canterbury",1010,NA,9.5,NA
"23819","20190524:0000",-44.41052,171.25426,"Kensington",679,"Timaru",100112,"Canterbury",1010,NA,6.7,7.7
"23820","20190525:0000",-44.41052,171.25426,"Kensington",679,"Timaru",100112,"Canterbury",1010,NA,7.35,7
"23821","20190526:0000",-44.41052,171.25426,"Kensington",679,"Timaru",100112,"Canterbury",1010,NA,10,4.3
"23822","20190527:0000",-44.41052,171.25426,"Kensington",679,"Timaru",100112,"Canterbury",1010,NA,9.9,2.2
"23823","20190528:0000",-44.41052,171.25426,"Kensington",679,"Timaru",100112,"Canterbury",1010,NA,6.85,NA
"23824","20190529:0000",-44.41052,171.25426,"Kensington",679,"Timaru",100112,"Canterbury",1010,NA,10.2,NA
"23825","20190530:0000",-44.41052,171.25426,"Kensington",679,"Timaru",100112,"Canterbury",1010,NA,13.3,3.6
"23826","20190531:0000",-44.41052,171.25426,"Kensington",679,"Timaru",100112,"Canterbury",1010,NA,6.2,NA
"23827","20190601:0000",-44.41052,171.25426,"Kensington",679,"Timaru",100112,"Canterbury",1010,NA,5.9,NA
"23828","20190602:0000",-44.41052,171.25426,"Kensington",679,"Timaru",100112,"Canterbury",1010,NA,5.05,7.1
"23829","20190603:0000",-44.41052,171.25426,"Kensington",679,"Timaru",100112,"Canterbury",1010,NA,3.5,7.7
"23830","20190604:0000",-44.41052,171.25426,"Kensington",679,"Timaru",100112,"Canterbury",1010,NA,2,NA
"23831","20190605:0000",-44.41052,171.25426,"Kensington",679,"Timaru",100112,"Canterbury",1010,NA,2.75,NA
"23832","20190606:0000",-44.41052,171.25426,"Kensington",679,"Timaru",100112,"Canterbury",1010,NA,4.25,5.4
"23833","20190607:0000",-44.41052,171.25426,"Kensington",679,"Timaru",100112,"Canterbury",1010,NA,5.8,3.5
"23834","20190608:0000",-44.41052,171.25426,"Kensington",679,"Timaru",100112,"Canterbury",1010,NA,6.7,7
"23835","20190609:0000",-44.41052,171.25426,"Kensington",679,"Timaru",100112,"Canterbury",1010,NA,3.4,1.4
"23836","20190610:0000",-44.41052,171.25426,"Kensington",679,"Timaru",100112,"Canterbury",1010,NA,5.3,NA
"23837","20190611:0000",-44.41052,171.25426,"Kensington",679,"Timaru",100112,"Canterbury",1010,NA,5.8,NA
"23838","20190612:0000",-44.41052,171.25426,"Kensington",679,"Timaru",100112,"Canterbury",1010,NA,7.3,NA
"23839","20190613:0000",-44.41052,171.25426,"Kensington",679,"Timaru",100112,"Canterbury",1010,NA,7.85,0.7
"23840","20190614:0000",-44.41052,171.25426,"Kensington",679,"Timaru",100112,"Canterbury",1010,NA,6.95,NA
"23841","20190615:0000",-44.41052,171.25426,"Kensington",679,"Timaru",100112,"Canterbury",1010,NA,8.65,NA
"23842","20190616:0000",-44.41052,171.25426,"Kensington",679,"Timaru",100112,"Canterbury",1010,NA,5.35,6.8
"23843","20190617:0000",-44.41052,171.25426,"Kensington",679,"Timaru",100112,"Canterbury",1010,NA,3.15,NA
"23844","20190618:0000",-44.41052,171.25426,"Kensington",679,"Timaru",100112,"Canterbury",1010,NA,4.45,NA
"23845","20190619:0000",-44.41052,171.25426,"Kensington",679,"Timaru",100112,"Canterbury",1010,NA,1.75,7.4
"23846","20190620:0000",-44.41052,171.25426,"Kensington",679,"Timaru",100112,"Canterbury",1010,NA,2,3.3
"23847","20190621:0000",-44.41052,171.25426,"Kensington",679,"Timaru",100112,"Canterbury",1010,NA,5.45,7.3
"23848","20190622:0000",-44.41052,171.25426,"Kensington",679,"Timaru",100112,"Canterbury",1010,NA,4.3,4.4
"23849","20190623:0000",-44.41052,171.25426,"Kensington",679,"Timaru",100112,"Canterbury",1010,NA,3.55,7.3
"23850","20190624:0000",-44.41052,171.25426,"Kensington",679,"Timaru",100112,"Canterbury",1010,NA,5.05,7.4
"23851","20190625:0000",-44.41052,171.25426,"Kensington",679,"Timaru",100112,"Canterbury",1010,NA,3.6,7.2
"23852","20190626:0000",-44.41052,171.25426,"Kensington",679,"Timaru",100112,"Canterbury",1010,NA,3.85,7.3
"23853","20190627:0000",-44.41052,171.25426,"Kensington",679,"Timaru",100112,"Canterbury",1010,NA,2.7,7.4
"23854","20190628:0000",-44.41052,171.25426,"Kensington",679,"Timaru",100112,"Canterbury",1010,NA,3.05,7.4
"23855","20190629:0000",-44.41052,171.25426,"Kensington",679,"Timaru",100112,"Canterbury",1010,NA,2.95,6.1
"23856","20190630:0000",-44.41052,171.25426,"Kensington",679,"Timaru",100112,"Canterbury",1010,NA,4.1,5
"23857","20190701:0000",-44.41052,171.25426,"Kensington",679,"Timaru",100112,"Canterbury",1010,NA,4.75,2.6
"23858","20190702:0000",-44.41052,171.25426,"Kensington",679,"Timaru",100112,"Canterbury",1010,NA,3.6,NA
"23859","20190703:0000",-44.41052,171.25426,"Kensington",679,"Timaru",100112,"Canterbury",1010,NA,9.8,NA
"23860","20190704:0000",-44.41052,171.25426,"Kensington",679,"Timaru",100112,"Canterbury",1010,NA,7,4.6
"23861","20190705:0000",-44.41052,171.25426,"Kensington",679,"Timaru",100112,"Canterbury",1010,NA,4.75,7.3
"23862","20190706:0000",-44.41052,171.25426,"Kensington",679,"Timaru",100112,"Canterbury",1010,NA,6.45,4.2
"23863","20190707:0000",-44.41052,171.25426,"Kensington",679,"Timaru",100112,"Canterbury",1010,NA,6.65,6.8
"23864","20190708:0000",-44.41052,171.25426,"Kensington",679,"Timaru",100112,"Canterbury",1010,NA,3.25,6.7
"23865","20190709:0000",-44.41052,171.25426,"Kensington",679,"Timaru",100112,"Canterbury",1010,NA,2.55,2.6
"23866","20190710:0000",-44.41052,171.25426,"Kensington",679,"Timaru",100112,"Canterbury",1010,NA,4.7,2
"23867","20190711:0000",-44.41052,171.25426,"Kensington",679,"Timaru",100112,"Canterbury",1010,NA,6.85,3.6
"23868","20190712:0000",-44.41052,171.25426,"Kensington",679,"Timaru",100112,"Canterbury",1010,NA,3,2.3
"23869","20190713:0000",-44.41052,171.25426,"Kensington",679,"Timaru",100112,"Canterbury",1010,NA,6.3,5
"23870","20190714:0000",-44.41052,171.25426,"Kensington",679,"Timaru",100112,"Canterbury",1010,NA,8.7,4.4
"23871","20190715:0000",-44.41052,171.25426,"Kensington",679,"Timaru",100112,"Canterbury",1010,NA,3.1,3.5
"23872","20190716:0000",-44.41052,171.25426,"Kensington",679,"Timaru",100112,"Canterbury",1010,NA,4,5.1
"23873","20190717:0000",-44.41052,171.25426,"Kensington",679,"Timaru",100112,"Canterbury",1010,NA,4.55,2.8
"23874","20190718:0000",-44.41052,171.25426,"Kensington",679,"Timaru",100112,"Canterbury",1010,NA,5,7
"23875","20190719:0000",-44.41052,171.25426,"Kensington",679,"Timaru",100112,"Canterbury",1010,NA,4.35,0
"23876","20190720:0000",-44.41052,171.25426,"Kensington",679,"Timaru",100112,"Canterbury",1010,NA,6,0
"23877","20190721:0000",-44.41052,171.25426,"Kensington",679,"Timaru",100112,"Canterbury",1010,NA,7.25,0
"23878","20190722:0000",-44.41052,171.25426,"Kensington",679,"Timaru",100112,"Canterbury",1010,NA,5.6,0.7
"23879","20190723:0000",-44.41052,171.25426,"Kensington",679,"Timaru",100112,"Canterbury",1010,NA,6.3,0
"23880","20190724:0000",-44.41052,171.25426,"Kensington",679,"Timaru",100112,"Canterbury",1010,NA,6.35,2.2
"23881","20190725:0000",-44.41052,171.25426,"Kensington",679,"Timaru",100112,"Canterbury",1010,NA,5,7.6
"23882","20190726:0000",-44.41052,171.25426,"Kensington",679,"Timaru",100112,"Canterbury",1010,NA,3.05,7.8
"23883","20190727:0000",-44.41052,171.25426,"Kensington",679,"Timaru",100112,"Canterbury",1010,NA,4.2,NA
"23884","20190728:0000",-44.41052,171.25426,"Kensington",679,"Timaru",100112,"Canterbury",1010,NA,4.65,NA
"23885","20190729:0000",-44.41052,171.25426,"Kensington",679,"Timaru",100112,"Canterbury",1010,NA,5.75,NA
"23886","20190730:0000",-44.41052,171.25426,"Kensington",679,"Timaru",100112,"Canterbury",1010,NA,6.3,NA
"23887","20190731:0000",-44.41052,171.25426,"Kensington",679,"Timaru",100112,"Canterbury",1010,NA,5.85,5.9
"23888","20190801:0000",-44.41052,171.25426,"Kensington",679,"Timaru",100112,"Canterbury",1010,NA,4.1,8.2
"23889","20190802:0000",-44.41052,171.25426,"Kensington",679,"Timaru",100112,"Canterbury",1010,NA,4.1,1.8
"23890","20190803:0000",-44.41052,171.25426,"Kensington",679,"Timaru",100112,"Canterbury",1010,NA,6.5,6.4
"23891","20190804:0000",-44.41052,171.25426,"Kensington",679,"Timaru",100112,"Canterbury",1010,NA,2.65,1.6
"23892","20190805:0000",-44.41052,171.25426,"Kensington",679,"Timaru",100112,"Canterbury",1010,NA,3.8,7.9
"23893","20190806:0000",-44.41052,171.25426,"Kensington",679,"Timaru",100112,"Canterbury",1010,NA,5.45,8.2
"23894","20190807:0000",-44.41052,171.25426,"Kensington",679,"Timaru",100112,"Canterbury",1010,NA,5.15,7.6
"23895","20190808:0000",-44.41052,171.25426,"Kensington",679,"Timaru",100112,"Canterbury",1010,NA,6.55,5.7
"23896","20190809:0000",-44.41052,171.25426,"Kensington",679,"Timaru",100112,"Canterbury",1010,NA,6.2,7.2
"23897","20190810:0000",-44.41052,171.25426,"Kensington",679,"Timaru",100112,"Canterbury",1010,NA,4.8,0
"23898","20190811:0000",-44.41052,171.25426,"Kensington",679,"Timaru",100112,"Canterbury",1010,NA,5.15,2
"23899","20190812:0000",-44.41052,171.25426,"Kensington",679,"Timaru",100112,"Canterbury",1010,NA,3.85,8.2
"23900","20190813:0000",-44.41052,171.25426,"Kensington",679,"Timaru",100112,"Canterbury",1010,NA,7,8
"23901","20190814:0000",-44.41052,171.25426,"Kensington",679,"Timaru",100112,"Canterbury",1010,NA,4.55,8.5
"23902","20190815:0000",-44.41052,171.25426,"Kensington",679,"Timaru",100112,"Canterbury",1010,NA,3.5,8.3
"23903","20190816:0000",-44.41052,171.25426,"Kensington",679,"Timaru",100112,"Canterbury",1010,NA,6,4.9
"23904","20190817:0000",-44.41052,171.25426,"Kensington",679,"Timaru",100112,"Canterbury",1010,NA,5.2,NA
"23905","20190818:0000",-44.41052,171.25426,"Kensington",679,"Timaru",100112,"Canterbury",1010,NA,3.45,NA
"23906","20190819:0000",-44.41052,171.25426,"Kensington",679,"Timaru",100112,"Canterbury",1010,NA,1.35,8.6
"23907","20190820:0000",-44.41052,171.25426,"Kensington",679,"Timaru",100112,"Canterbury",1010,NA,5.15,9.2
"23908","20190821:0000",-44.41052,171.25426,"Kensington",679,"Timaru",100112,"Canterbury",1010,NA,7,NA
"23909","20190822:0000",-44.41052,171.25426,"Kensington",679,"Timaru",100112,"Canterbury",1010,NA,6.55,7.8
"23910","20190823:0000",-44.41052,171.25426,"Kensington",679,"Timaru",100112,"Canterbury",1010,NA,5.3,5.9
"23911","20190824:0000",-44.41052,171.25426,"Kensington",679,"Timaru",100112,"Canterbury",1010,NA,5.4,8.7
"23912","20190825:0000",-44.41052,171.25426,"Kensington",679,"Timaru",100112,"Canterbury",1010,NA,8.25,4.4
"23913","20190826:0000",-44.41052,171.25426,"Kensington",679,"Timaru",100112,"Canterbury",1010,NA,7.55,NA
"23914","20190827:0000",-44.41052,171.25426,"Kensington",679,"Timaru",100112,"Canterbury",1010,NA,5.9,NA
"23915","20190828:0000",-44.41052,171.25426,"Kensington",679,"Timaru",100112,"Canterbury",1010,NA,7.6,8.8
"23916","20190829:0000",-44.41052,171.25426,"Kensington",679,"Timaru",100112,"Canterbury",1010,NA,10.75,2.2
"23917","20190830:0000",-44.41052,171.25426,"Kensington",679,"Timaru",100112,"Canterbury",1010,NA,4.2,8.8
"23918","20190831:0000",-44.41052,171.25426,"Kensington",679,"Timaru",100112,"Canterbury",1010,NA,7.55,9
"23919","20190901:0000",-44.41052,171.25426,"Kensington",679,"Timaru",100112,"Canterbury",1010,NA,7.5,9
"23920","20190902:0000",-44.41052,171.25426,"Kensington",679,"Timaru",100112,"Canterbury",1010,NA,6.1,8.9
"23921","20190903:0000",-44.41052,171.25426,"Kensington",679,"Timaru",100112,"Canterbury",1010,NA,6.25,9
"23922","20190904:0000",-44.41052,171.25426,"Kensington",679,"Timaru",100112,"Canterbury",1010,NA,5.1,0
"23923","20190905:0000",-44.41052,171.25426,"Kensington",679,"Timaru",100112,"Canterbury",1010,NA,7.4,0
"23924","20190906:0000",-44.41052,171.25426,"Kensington",679,"Timaru",100112,"Canterbury",1010,NA,7,0
"23925","20190907:0000",-44.41052,171.25426,"Kensington",679,"Timaru",100112,"Canterbury",1010,NA,4.05,9.1
"23926","20190908:0000",-44.41052,171.25426,"Kensington",679,"Timaru",100112,"Canterbury",1010,NA,1.85,0
"23927","20190909:0000",-44.41052,171.25426,"Kensington",679,"Timaru",100112,"Canterbury",1010,NA,3.85,6.4
"23928","20190910:0000",-44.41052,171.25426,"Kensington",679,"Timaru",100112,"Canterbury",1010,NA,2.55,9.3
"23929","20190911:0000",-44.41052,171.25426,"Kensington",679,"Timaru",100112,"Canterbury",1010,NA,6.1,8.5
"23930","20190912:0000",-44.41052,171.25426,"Kensington",679,"Timaru",100112,"Canterbury",1010,NA,10.15,0
"23931","20190913:0000",-44.41052,171.25426,"Kensington",679,"Timaru",100112,"Canterbury",1010,NA,7.2,NA
"23932","20190914:0000",-44.41052,171.25426,"Kensington",679,"Timaru",100112,"Canterbury",1010,NA,5.55,NA
"23933","20190915:0000",-44.41052,171.25426,"Kensington",679,"Timaru",100112,"Canterbury",1010,NA,6.6,NA
"23934","20190916:0000",-44.41052,171.25426,"Kensington",679,"Timaru",100112,"Canterbury",1010,NA,9.05,10.4
"23935","20190917:0000",-44.41052,171.25426,"Kensington",679,"Timaru",100112,"Canterbury",1010,NA,10.55,NA
"23936","20190918:0000",-44.41052,171.25426,"Kensington",679,"Timaru",100112,"Canterbury",1010,NA,4.9,8.8
"23937","20190919:0000",-44.41052,171.25426,"Kensington",679,"Timaru",100112,"Canterbury",1010,NA,6.6,7.6
"23938","20190920:0000",-44.41052,171.25426,"Kensington",679,"Timaru",100112,"Canterbury",1010,NA,7.65,7.2
"23939","20190921:0000",-44.41052,171.25426,"Kensington",679,"Timaru",100112,"Canterbury",1010,NA,4.8,4.4
"23940","20190922:0000",-44.41052,171.25426,"Kensington",679,"Timaru",100112,"Canterbury",1010,NA,8.1,4.4
"23941","20190923:0000",-44.41052,171.25426,"Kensington",679,"Timaru",100112,"Canterbury",1010,NA,8.25,7.4
"23942","20190924:0000",-44.41052,171.25426,"Kensington",679,"Timaru",100112,"Canterbury",1010,NA,6,2.5
"23943","20190925:0000",-44.41052,171.25426,"Kensington",679,"Timaru",100112,"Canterbury",1010,NA,5.8,2.7
"23944","20190926:0000",-44.41052,171.25426,"Kensington",679,"Timaru",100112,"Canterbury",1010,NA,8.2,6.1
"23945","20190927:0000",-44.41052,171.25426,"Kensington",679,"Timaru",100112,"Canterbury",1010,NA,10.6,8.6
"23946","20190928:0000",-44.41052,171.25426,"Kensington",679,"Timaru",100112,"Canterbury",1010,NA,12.25,10.4
"23947","20190929:0000",-44.41052,171.25426,"Kensington",679,"Timaru",100112,"Canterbury",1010,NA,8.75,NA
"23948","20190930:0000",-44.41052,171.25426,"Kensington",679,"Timaru",100112,"Canterbury",1010,NA,7.65,0
"23949","20191001:0000",-44.41052,171.25426,"Kensington",679,"Timaru",100112,"Canterbury",1010,NA,5.35,8.2
"23950","20191002:0000",-44.41052,171.25426,"Kensington",679,"Timaru",100112,"Canterbury",1010,NA,6.2,6.4
"23951","20191003:0000",-44.41052,171.25426,"Kensington",679,"Timaru",100112,"Canterbury",1010,NA,5.5,7.3
"23952","20191004:0000",-44.41052,171.25426,"Kensington",679,"Timaru",100112,"Canterbury",1010,NA,8.4,9
"23953","20191005:0000",-44.41052,171.25426,"Kensington",679,"Timaru",100112,"Canterbury",1010,NA,6.75,2.3
"23954","20191006:0000",-44.41052,171.25426,"Kensington",679,"Timaru",100112,"Canterbury",1010,NA,5.5,9.2
"23955","20191007:0000",-44.41052,171.25426,"Kensington",679,"Timaru",100112,"Canterbury",1010,NA,7.75,7.7
"23956","20191008:0000",-44.41052,171.25426,"Kensington",679,"Timaru",100112,"Canterbury",1010,NA,9.8,8.1
"23957","20191009:0000",-44.41052,171.25426,"Kensington",679,"Timaru",100112,"Canterbury",1010,NA,9.9,NA
"23958","20191010:0000",-44.41052,171.25426,"Kensington",679,"Timaru",100112,"Canterbury",1010,NA,9.1,0.4
"23959","20191011:0000",-44.41052,171.25426,"Kensington",679,"Timaru",100112,"Canterbury",1010,NA,9.55,2.7
"23960","20191012:0000",-44.41052,171.25426,"Kensington",679,"Timaru",100112,"Canterbury",1010,NA,7.4,6
"23961","20191013:0000",-44.41052,171.25426,"Kensington",679,"Timaru",100112,"Canterbury",1010,NA,8,4.6
"23962","20191014:0000",-44.41052,171.25426,"Kensington",679,"Timaru",100112,"Canterbury",1010,NA,8.7,1.9
"23963","20191015:0000",-44.41052,171.25426,"Kensington",679,"Timaru",100112,"Canterbury",1010,NA,9.75,4.6
"23964","20191016:0000",-44.41052,171.25426,"Kensington",679,"Timaru",100112,"Canterbury",1010,NA,9.05,7.5
"23965","20191017:0000",-44.41052,171.25426,"Kensington",679,"Timaru",100112,"Canterbury",1010,NA,9.4,5.6
"23966","20191018:0000",-44.41052,171.25426,"Kensington",679,"Timaru",100112,"Canterbury",1010,NA,6.35,0
"23967","20191019:0000",-44.41052,171.25426,"Kensington",679,"Timaru",100112,"Canterbury",1010,NA,8.9,8.8
"23968","20191020:0000",-44.41052,171.25426,"Kensington",679,"Timaru",100112,"Canterbury",1010,NA,11.9,8.3
"23969","20191021:0000",-44.41052,171.25426,"Kensington",679,"Timaru",100112,"Canterbury",1010,NA,9.55,3.9
"23970","20191022:0000",-44.41052,171.25426,"Kensington",679,"Timaru",100112,"Canterbury",1010,NA,6.35,0.6
"23971","20191023:0000",-44.41052,171.25426,"Kensington",679,"Timaru",100112,"Canterbury",1010,NA,6.05,6
"23972","20191024:0000",-44.41052,171.25426,"Kensington",679,"Timaru",100112,"Canterbury",1010,NA,8.7,7.4
"23973","20191025:0000",-44.41052,171.25426,"Kensington",679,"Timaru",100112,"Canterbury",1010,NA,6.45,3.2
"23974","20191026:0000",-44.41052,171.25426,"Kensington",679,"Timaru",100112,"Canterbury",1010,NA,11.45,7.8
"23975","20191027:0000",-44.41052,171.25426,"Kensington",679,"Timaru",100112,"Canterbury",1010,NA,15.4,4.3
"23976","20191028:0000",-44.41052,171.25426,"Kensington",679,"Timaru",100112,"Canterbury",1010,NA,10.45,8
"23977","20191029:0000",-44.41052,171.25426,"Kensington",679,"Timaru",100112,"Canterbury",1010,NA,9.1,4.7
"23978","20191030:0000",-44.41052,171.25426,"Kensington",679,"Timaru",100112,"Canterbury",1010,NA,12.05,4.6
"23979","20191031:0000",-44.41052,171.25426,"Kensington",679,"Timaru",100112,"Canterbury",1010,NA,7.85,2
"23980","20191101:0000",-44.41052,171.25426,"Kensington",679,"Timaru",100112,"Canterbury",1010,NA,8,7.8
"23981","20191102:0000",-44.41052,171.25426,"Kensington",679,"Timaru",100112,"Canterbury",1010,NA,17.3,9.4
"23982","20191103:0000",-44.41052,171.25426,"Kensington",679,"Timaru",100112,"Canterbury",1010,NA,17.55,9.8
"23983","20191104:0000",-44.41052,171.25426,"Kensington",679,"Timaru",100112,"Canterbury",1010,NA,14.15,9.1
"23984","20191105:0000",-44.41052,171.25426,"Kensington",679,"Timaru",100112,"Canterbury",1010,NA,11.6,6.8
"23985","20191106:0000",-44.41052,171.25426,"Kensington",679,"Timaru",100112,"Canterbury",1010,NA,9.3,NA
"23986","20191107:0000",-44.41052,171.25426,"Kensington",679,"Timaru",100112,"Canterbury",1010,NA,13.35,NA
"23987","20191108:0000",-44.41052,171.25426,"Kensington",679,"Timaru",100112,"Canterbury",1010,NA,17.2,10.3
"23988","20191109:0000",-44.41052,171.25426,"Kensington",679,"Timaru",100112,"Canterbury",1010,NA,17.45,4.2
"23989","20191110:0000",-44.41052,171.25426,"Kensington",679,"Timaru",100112,"Canterbury",1010,NA,11.6,2.5
"23990","20191111:0000",-44.41052,171.25426,"Kensington",679,"Timaru",100112,"Canterbury",1010,NA,8.7,8.2
"23991","20191112:0000",-44.41052,171.25426,"Kensington",679,"Timaru",100112,"Canterbury",1010,NA,8.3,NA
"23992","20191113:0000",-44.41052,171.25426,"Kensington",679,"Timaru",100112,"Canterbury",1010,NA,13.45,4.1
"23993","20191114:0000",-44.41052,171.25426,"Kensington",679,"Timaru",100112,"Canterbury",1010,NA,10.05,8
"23994","20191115:0000",-44.41052,171.25426,"Kensington",679,"Timaru",100112,"Canterbury",1010,NA,9.5,7
"23995","20191116:0000",-44.41052,171.25426,"Kensington",679,"Timaru",100112,"Canterbury",1010,NA,15.4,9.4
"23996","20191117:0000",-44.41052,171.25426,"Kensington",679,"Timaru",100112,"Canterbury",1010,NA,10.75,8.2
"23997","20191118:0000",-44.41052,171.25426,"Kensington",679,"Timaru",100112,"Canterbury",1010,NA,9.35,6.2
"23998","20191119:0000",-44.41052,171.25426,"Kensington",679,"Timaru",100112,"Canterbury",1010,NA,10.6,NA
"23999","20191120:0000",-44.41052,171.25426,"Kensington",679,"Timaru",100112,"Canterbury",1010,NA,9.5,NA
"24000","20191121:0000",-44.41052,171.25426,"Kensington",679,"Timaru",100112,"Canterbury",1010,NA,8.9,NA
"24001","20191122:0000",-44.41052,171.25426,"Kensington",679,"Timaru",100112,"Canterbury",1010,NA,18.25,NA
"24002","20191123:0000",-44.41052,171.25426,"Kensington",679,"Timaru",100112,"Canterbury",1010,NA,12.9,NA
"24003","20191124:0000",-44.41052,171.25426,"Kensington",679,"Timaru",100112,"Canterbury",1010,NA,15.4,7.5
"24004","20191125:0000",-44.41052,171.25426,"Kensington",679,"Timaru",100112,"Canterbury",1010,NA,11.45,10.5
"24005","20191126:0000",-44.41052,171.25426,"Kensington",679,"Timaru",100112,"Canterbury",1010,NA,13.7,3.3
"24006","20191127:0000",-44.41052,171.25426,"Kensington",679,"Timaru",100112,"Canterbury",1010,NA,17.8,1.1
"24007","20191128:0000",-44.41052,171.25426,"Kensington",679,"Timaru",100112,"Canterbury",1010,NA,17.85,10.2
"24008","20191129:0000",-44.41052,171.25426,"Kensington",679,"Timaru",100112,"Canterbury",1010,NA,11.5,0
"24009","20191130:0000",-44.41052,171.25426,"Kensington",679,"Timaru",100112,"Canterbury",1010,NA,13.15,6.9
"24010","20191201:0000",-44.41052,171.25426,"Kensington",679,"Timaru",100112,"Canterbury",1010,NA,17.55,5.6
"24011","20191202:0000",-44.41052,171.25426,"Kensington",679,"Timaru",100112,"Canterbury",1010,NA,14.2,4
"24012","20191203:0000",-44.41052,171.25426,"Kensington",679,"Timaru",100112,"Canterbury",1010,NA,17.4,9.4
"24013","20191204:0000",-44.41052,171.25426,"Kensington",679,"Timaru",100112,"Canterbury",1010,NA,14.3,8.7
"24014","20191205:0000",-44.41052,171.25426,"Kensington",679,"Timaru",100112,"Canterbury",1010,NA,13.55,9.1
"24015","20191206:0000",-44.41052,171.25426,"Kensington",679,"Timaru",100112,"Canterbury",1010,NA,14.75,6.6
"24016","20191207:0000",-44.41052,171.25426,"Kensington",679,"Timaru",100112,"Canterbury",1010,NA,17.15,10.8
"24017","20191208:0000",-44.41052,171.25426,"Kensington",679,"Timaru",100112,"Canterbury",1010,NA,15,7
"24018","20191209:0000",-44.41052,171.25426,"Kensington",679,"Timaru",100112,"Canterbury",1010,NA,10.65,8.8
"24019","20191210:0000",-44.41052,171.25426,"Kensington",679,"Timaru",100112,"Canterbury",1010,NA,12.8,8.3
"24020","20191211:0000",-44.41052,171.25426,"Kensington",679,"Timaru",100112,"Canterbury",1010,NA,13.85,9
"24021","20191212:0000",-44.41052,171.25426,"Kensington",679,"Timaru",100112,"Canterbury",1010,NA,14.45,8.7
"24022","20191213:0000",-44.41052,171.25426,"Kensington",679,"Timaru",100112,"Canterbury",1010,NA,14.65,5.6
"24023","20191214:0000",-44.41052,171.25426,"Kensington",679,"Timaru",100112,"Canterbury",1010,NA,14.2,9.6
"24024","20191215:0000",-44.41052,171.25426,"Kensington",679,"Timaru",100112,"Canterbury",1010,NA,13.6,NA
"24025","20191216:0000",-44.41052,171.25426,"Kensington",679,"Timaru",100112,"Canterbury",1010,NA,11.25,NA
"24026","20191217:0000",-44.41052,171.25426,"Kensington",679,"Timaru",100112,"Canterbury",1010,NA,10.4,NA
"24027","20191218:0000",-44.41052,171.25426,"Kensington",679,"Timaru",100112,"Canterbury",1010,NA,11.6,NA
"24028","20191219:0000",-44.41052,171.25426,"Kensington",679,"Timaru",100112,"Canterbury",1010,NA,13.2,5.4
"24029","20191220:0000",-44.41052,171.25426,"Kensington",679,"Timaru",100112,"Canterbury",1010,NA,12.1,NA
"24030","20191221:0000",-44.41052,171.25426,"Kensington",679,"Timaru",100112,"Canterbury",1010,NA,9.4,NA
"24031","20191222:0000",-44.41052,171.25426,"Kensington",679,"Timaru",100112,"Canterbury",1010,NA,13.75,9.4
"24032","20191223:0000",-44.41052,171.25426,"Kensington",679,"Timaru",100112,"Canterbury",1010,NA,11.95,7.6
"24033","20191224:0000",-44.41052,171.25426,"Kensington",679,"Timaru",100112,"Canterbury",1010,NA,13.05,6.9
"24034","20191225:0000",-44.41052,171.25426,"Kensington",679,"Timaru",100112,"Canterbury",1010,NA,13.1,7.1
"24035","20191226:0000",-44.41052,171.25426,"Kensington",679,"Timaru",100112,"Canterbury",1010,NA,12.45,7.6
"24036","20191227:0000",-44.41052,171.25426,"Kensington",679,"Timaru",100112,"Canterbury",1010,NA,15.95,7.6
"24037","20191228:0000",-44.41052,171.25426,"Kensington",679,"Timaru",100112,"Canterbury",1010,NA,10.7,8.3
"24038","20191229:0000",-44.41052,171.25426,"Kensington",679,"Timaru",100112,"Canterbury",1010,NA,13.3,8.3
"24039","20191230:0000",-44.41052,171.25426,"Kensington",679,"Timaru",100112,"Canterbury",1010,NA,13.15,4.3
"24040","20191231:0000",-44.41052,171.25426,"Kensington",679,"Timaru",100112,"Canterbury",1010,NA,17.4,6.7
"24041","20200101:0000",-44.41052,171.25426,"Kensington",679,"Timaru",100112,"Canterbury",1010,NA,18.6,0
"24042","20200102:0000",-44.41052,171.25426,"Kensington",679,"Timaru",100112,"Canterbury",1010,NA,15.05,5.5
"24043","20200103:0000",-44.41052,171.25426,"Kensington",679,"Timaru",100112,"Canterbury",1010,NA,11.35,NA
"24044","20200104:0000",-44.41052,171.25426,"Kensington",679,"Timaru",100112,"Canterbury",1010,NA,10.7,NA
"24045","20200105:0000",-44.41052,171.25426,"Kensington",679,"Timaru",100112,"Canterbury",1010,NA,13.35,6.3
"24046","20200106:0000",-44.41052,171.25426,"Kensington",679,"Timaru",100112,"Canterbury",1010,NA,14.25,3.7
"24047","20200107:0000",-44.41052,171.25426,"Kensington",679,"Timaru",100112,"Canterbury",1010,NA,11.4,6.8
"24048","20200108:0000",-44.41052,171.25426,"Kensington",679,"Timaru",100112,"Canterbury",1010,NA,11.35,8.2
"24049","20200109:0000",-44.41052,171.25426,"Kensington",679,"Timaru",100112,"Canterbury",1010,NA,10.65,3.2
"24050","20200110:0000",-44.41052,171.25426,"Kensington",679,"Timaru",100112,"Canterbury",1010,NA,11.95,4
"24051","20200111:0000",-44.41052,171.25426,"Kensington",679,"Timaru",100112,"Canterbury",1010,NA,14.45,NA
"24052","20200112:0000",-44.41052,171.25426,"Kensington",679,"Timaru",100112,"Canterbury",1010,NA,14.8,NA
"24053","20200113:0000",-44.41052,171.25426,"Kensington",679,"Timaru",100112,"Canterbury",1010,NA,12.05,NA
"24054","20200114:0000",-44.41052,171.25426,"Kensington",679,"Timaru",100112,"Canterbury",1010,NA,12.45,NA
"24055","20200115:0000",-44.41052,171.25426,"Kensington",679,"Timaru",100112,"Canterbury",1010,NA,11.2,NA
"24056","20200116:0000",-44.41052,171.25426,"Kensington",679,"Timaru",100112,"Canterbury",1010,NA,13.5,NA
"24057","20200117:0000",-44.41052,171.25426,"Kensington",679,"Timaru",100112,"Canterbury",1010,NA,13.15,NA
"24058","20200118:0000",-44.41052,171.25426,"Kensington",679,"Timaru",100112,"Canterbury",1010,NA,13.55,NA
"24059","20200119:0000",-44.41052,171.25426,"Kensington",679,"Timaru",100112,"Canterbury",1010,NA,13.3,NA
"24060","20200120:0000",-44.41052,171.25426,"Kensington",679,"Timaru",100112,"Canterbury",1010,NA,14.6,NA
"24061","20200121:0000",-44.41052,171.25426,"Kensington",679,"Timaru",100112,"Canterbury",1010,NA,15.05,NA
"24062","20200122:0000",-44.41052,171.25426,"Kensington",679,"Timaru",100112,"Canterbury",1010,NA,16.35,NA
"24063","20200123:0000",-44.41052,171.25426,"Kensington",679,"Timaru",100112,"Canterbury",1010,NA,14.15,NA
"24064","20200124:0000",-44.41052,171.25426,"Kensington",679,"Timaru",100112,"Canterbury",1010,NA,15.85,NA
"24065","20200125:0000",-44.41052,171.25426,"Kensington",679,"Timaru",100112,"Canterbury",1010,NA,20.1,NA
"24066","20200126:0000",-44.41052,171.25426,"Kensington",679,"Timaru",100112,"Canterbury",1010,NA,14.8,NA
"24067","20200127:0000",-44.41052,171.25426,"Kensington",679,"Timaru",100112,"Canterbury",1010,NA,15.65,NA
"24068","20200128:0000",-44.41052,171.25426,"Kensington",679,"Timaru",100112,"Canterbury",1010,NA,14.95,NA
"24069","20200129:0000",-44.41052,171.25426,"Kensington",679,"Timaru",100112,"Canterbury",1010,NA,17.6,NA
"24070","20200130:0000",-44.41052,171.25426,"Kensington",679,"Timaru",100112,"Canterbury",1010,NA,19.55,NA
"24071","20200131:0000",-44.41052,171.25426,"Kensington",679,"Timaru",100112,"Canterbury",1010,NA,14.95,NA
"24072","20200201:0000",-44.41052,171.25426,"Kensington",679,"Timaru",100112,"Canterbury",1010,NA,17.4,NA
"24073","20200202:0000",-44.41052,171.25426,"Kensington",679,"Timaru",100112,"Canterbury",1010,NA,18.95,NA
"24074","20200203:0000",-44.41052,171.25426,"Kensington",679,"Timaru",100112,"Canterbury",1010,NA,17,NA
"24075","20200204:0000",-44.41052,171.25426,"Kensington",679,"Timaru",100112,"Canterbury",1010,NA,14.05,NA
"24076","20200205:0000",-44.41052,171.25426,"Kensington",679,"Timaru",100112,"Canterbury",1010,NA,11.15,NA
"24077","20200206:0000",-44.41052,171.25426,"Kensington",679,"Timaru",100112,"Canterbury",1010,NA,10.7,NA
"24078","20200207:0000",-44.41052,171.25426,"Kensington",679,"Timaru",100112,"Canterbury",1010,NA,12.3,NA
"24079","20200208:0000",-44.41052,171.25426,"Kensington",679,"Timaru",100112,"Canterbury",1010,NA,12.05,NA
"24080","20200209:0000",-44.41052,171.25426,"Kensington",679,"Timaru",100112,"Canterbury",1010,NA,11.6,NA
"24081","20200210:0000",-44.41052,171.25426,"Kensington",679,"Timaru",100112,"Canterbury",1010,NA,12.05,NA
"24082","20200211:0000",-44.41052,171.25426,"Kensington",679,"Timaru",100112,"Canterbury",1010,NA,12,NA
"24083","20200212:0000",-44.41052,171.25426,"Kensington",679,"Timaru",100112,"Canterbury",1010,NA,14.9,NA
"24084","20200213:0000",-44.41052,171.25426,"Kensington",679,"Timaru",100112,"Canterbury",1010,NA,15.1,NA
"24085","20200214:0000",-44.41052,171.25426,"Kensington",679,"Timaru",100112,"Canterbury",1010,NA,11.3,NA
"24086","20200215:0000",-44.41052,171.25426,"Kensington",679,"Timaru",100112,"Canterbury",1010,NA,13.9,NA
"24087","20200216:0000",-44.41052,171.25426,"Kensington",679,"Timaru",100112,"Canterbury",1010,NA,18.15,NA
"24088","20200217:0000",-44.41052,171.25426,"Kensington",679,"Timaru",100112,"Canterbury",1010,NA,20.65,NA
"24089","20200218:0000",-44.41052,171.25426,"Kensington",679,"Timaru",100112,"Canterbury",1010,NA,14.9,NA
"24090","20200219:0000",-44.41052,171.25426,"Kensington",679,"Timaru",100112,"Canterbury",1010,NA,15.2,NA
"24091","20180101:0000",-43.73633,170.0977,"Aoraki Mount Cook National Park",2328,NA,0,"Canterbury",1010,3.2,16.15,6.6
"24092","20180102:0000",-43.73633,170.0977,"Aoraki Mount Cook National Park",2328,NA,0,"Canterbury",1010,4.7,17.85,9.7
"24093","20180103:0000",-43.73633,170.0977,"Aoraki Mount Cook National Park",2328,NA,0,"Canterbury",1010,4.7,18,11.7
"24094","20180104:0000",-43.73633,170.0977,"Aoraki Mount Cook National Park",2328,NA,0,"Canterbury",1010,4,19.25,9.2
"24095","20180105:0000",-43.73633,170.0977,"Aoraki Mount Cook National Park",2328,NA,0,"Canterbury",1010,16.2,14.6,0
"24096","20180106:0000",-43.73633,170.0977,"Aoraki Mount Cook National Park",2328,NA,0,"Canterbury",1010,9.7,11.8,3.7
"24097","20180107:0000",-43.73633,170.0977,"Aoraki Mount Cook National Park",2328,NA,0,"Canterbury",1010,6.1,12.25,5.4
"24098","20180108:0000",-43.73633,170.0977,"Aoraki Mount Cook National Park",2328,NA,0,"Canterbury",1010,14.4,16.5,3.9
"24099","20180109:0000",-43.73633,170.0977,"Aoraki Mount Cook National Park",2328,NA,0,"Canterbury",1010,20.2,19.5,0.1
"24100","20180110:0000",-43.73633,170.0977,"Aoraki Mount Cook National Park",2328,NA,0,"Canterbury",1010,2.2,13.35,0
"24101","20180111:0000",-43.73633,170.0977,"Aoraki Mount Cook National Park",2328,NA,0,"Canterbury",1010,2.2,10.05,0
"24102","20180112:0000",-43.73633,170.0977,"Aoraki Mount Cook National Park",2328,NA,0,"Canterbury",1010,3.2,11.2,0
"24103","20180113:0000",-43.73633,170.0977,"Aoraki Mount Cook National Park",2328,NA,0,"Canterbury",1010,3.2,15.7,4.8
"24104","20180114:0000",-43.73633,170.0977,"Aoraki Mount Cook National Park",2328,NA,0,"Canterbury",1010,14,17.5,6.9
"24105","20180115:0000",-43.73633,170.0977,"Aoraki Mount Cook National Park",2328,NA,0,"Canterbury",1010,8.6,19.15,7.6
"24106","20180116:0000",-43.73633,170.0977,"Aoraki Mount Cook National Park",2328,NA,0,"Canterbury",1010,7.2,21.5,5
"24107","20180117:0000",-43.73633,170.0977,"Aoraki Mount Cook National Park",2328,NA,0,"Canterbury",1010,5.4,16.05,0.6
"24108","20180118:0000",-43.73633,170.0977,"Aoraki Mount Cook National Park",2328,NA,0,"Canterbury",1010,4.3,17.55,2.5
"24109","20180119:0000",-43.73633,170.0977,"Aoraki Mount Cook National Park",2328,NA,0,"Canterbury",1010,4,17.4,9
"24110","20180120:0000",-43.73633,170.0977,"Aoraki Mount Cook National Park",2328,NA,0,"Canterbury",1010,22,20.65,10
"24111","20180121:0000",-43.73633,170.0977,"Aoraki Mount Cook National Park",2328,NA,0,"Canterbury",1010,2.9,20.4,8.9
"24112","20180122:0000",-43.73633,170.0977,"Aoraki Mount Cook National Park",2328,NA,0,"Canterbury",1010,12.6,19.45,0.4
"24113","20180123:0000",-43.73633,170.0977,"Aoraki Mount Cook National Park",2328,NA,0,"Canterbury",1010,5.4,20.35,9.8
"24114","20180124:0000",-43.73633,170.0977,"Aoraki Mount Cook National Park",2328,NA,0,"Canterbury",1010,7.6,21.3,0.1
"24115","20180125:0000",-43.73633,170.0977,"Aoraki Mount Cook National Park",2328,NA,0,"Canterbury",1010,9.4,21.9,5.3
"24116","20180126:0000",-43.73633,170.0977,"Aoraki Mount Cook National Park",2328,NA,0,"Canterbury",1010,1.8,19.75,7.5
"24117","20180127:0000",-43.73633,170.0977,"Aoraki Mount Cook National Park",2328,NA,0,"Canterbury",1010,2.9,21.1,9.5
"24118","20180128:0000",-43.73633,170.0977,"Aoraki Mount Cook National Park",2328,NA,0,"Canterbury",1010,3.2,20.85,9.2
"24119","20180129:0000",-43.73633,170.0977,"Aoraki Mount Cook National Park",2328,NA,0,"Canterbury",1010,3.6,21.15,10.8
"24120","20180130:0000",-43.73633,170.0977,"Aoraki Mount Cook National Park",2328,NA,0,"Canterbury",1010,16.2,21.95,10.8
"24121","20180131:0000",-43.73633,170.0977,"Aoraki Mount Cook National Park",2328,NA,0,"Canterbury",1010,23.4,21.95,3.4
"24122","20180201:0000",-43.73633,170.0977,"Aoraki Mount Cook National Park",2328,NA,0,"Canterbury",1010,6.8,15.7,0.4
"24123","20180202:0000",-43.73633,170.0977,"Aoraki Mount Cook National Park",2328,NA,0,"Canterbury",1010,5,8.7,1.1
"24124","20180203:0000",-43.73633,170.0977,"Aoraki Mount Cook National Park",2328,NA,0,"Canterbury",1010,4.7,11.25,7.8
"24125","20180204:0000",-43.73633,170.0977,"Aoraki Mount Cook National Park",2328,NA,0,"Canterbury",1010,15.5,12.3,2.1
"24126","20180205:0000",-43.73633,170.0977,"Aoraki Mount Cook National Park",2328,NA,0,"Canterbury",1010,28.1,11.7,1.8
"24127","20180206:0000",-43.73633,170.0977,"Aoraki Mount Cook National Park",2328,NA,0,"Canterbury",1010,11.2,12.25,10.6
"24128","20180207:0000",-43.73633,170.0977,"Aoraki Mount Cook National Park",2328,NA,0,"Canterbury",1010,1.8,12.1,6.8
"24129","20180208:0000",-43.73633,170.0977,"Aoraki Mount Cook National Park",2328,NA,0,"Canterbury",1010,2.9,14.95,10.5
"24130","20180209:0000",-43.73633,170.0977,"Aoraki Mount Cook National Park",2328,NA,0,"Canterbury",1010,3.2,16.1,9.6
"24131","20180210:0000",-43.73633,170.0977,"Aoraki Mount Cook National Park",2328,NA,0,"Canterbury",1010,2.2,16.95,5.8
"24132","20180211:0000",-43.73633,170.0977,"Aoraki Mount Cook National Park",2328,NA,0,"Canterbury",1010,2.9,15.85,0
"24133","20180212:0000",-43.73633,170.0977,"Aoraki Mount Cook National Park",2328,NA,0,"Canterbury",1010,8.3,16.95,8.3
"24134","20180213:0000",-43.73633,170.0977,"Aoraki Mount Cook National Park",2328,NA,0,"Canterbury",1010,4.7,19.65,6.4
"24135","20180214:0000",-43.73633,170.0977,"Aoraki Mount Cook National Park",2328,NA,0,"Canterbury",1010,1.4,15.8,8.3
"24136","20180215:0000",-43.73633,170.0977,"Aoraki Mount Cook National Park",2328,NA,0,"Canterbury",1010,17.6,14.2,4.7
"24137","20180216:0000",-43.73633,170.0977,"Aoraki Mount Cook National Park",2328,NA,0,"Canterbury",1010,21.2,21,8.2
"24138","20180217:0000",-43.73633,170.0977,"Aoraki Mount Cook National Park",2328,NA,0,"Canterbury",1010,6.8,15.2,3.7
"24139","20180218:0000",-43.73633,170.0977,"Aoraki Mount Cook National Park",2328,NA,0,"Canterbury",1010,11.2,15.45,9
"24140","20180219:0000",-43.73633,170.0977,"Aoraki Mount Cook National Park",2328,NA,0,"Canterbury",1010,12.2,15.85,2.6
"24141","20180220:0000",-43.73633,170.0977,"Aoraki Mount Cook National Park",2328,NA,0,"Canterbury",1010,26.6,7.85,0
"24142","20180221:0000",-43.73633,170.0977,"Aoraki Mount Cook National Park",2328,NA,0,"Canterbury",1010,1.4,3.9,0
"24143","20180222:0000",-43.73633,170.0977,"Aoraki Mount Cook National Park",2328,NA,0,"Canterbury",1010,2.5,9.4,7.3
"24144","20180223:0000",-43.73633,170.0977,"Aoraki Mount Cook National Park",2328,NA,0,"Canterbury",1010,3.6,13.65,9.5
"24145","20180224:0000",-43.73633,170.0977,"Aoraki Mount Cook National Park",2328,NA,0,"Canterbury",1010,3.6,14.35,9.4
"24146","20180225:0000",-43.73633,170.0977,"Aoraki Mount Cook National Park",2328,NA,0,"Canterbury",1010,23,13.95,0.2
"24147","20180226:0000",-43.73633,170.0977,"Aoraki Mount Cook National Park",2328,NA,0,"Canterbury",1010,5.8,11.8,9.7
"24148","20180227:0000",-43.73633,170.0977,"Aoraki Mount Cook National Park",2328,NA,0,"Canterbury",1010,1.8,9.3,0
"24149","20180228:0000",-43.73633,170.0977,"Aoraki Mount Cook National Park",2328,NA,0,"Canterbury",1010,2.5,13.45,0.3
"24150","20180301:0000",-43.73633,170.0977,"Aoraki Mount Cook National Park",2328,NA,0,"Canterbury",1010,4.3,15.95,0.5
"24151","20180302:0000",-43.73633,170.0977,"Aoraki Mount Cook National Park",2328,NA,0,"Canterbury",1010,2.9,17.25,2.8
"24152","20180303:0000",-43.73633,170.0977,"Aoraki Mount Cook National Park",2328,NA,0,"Canterbury",1010,3.6,18.65,5.6
"24153","20180304:0000",-43.73633,170.0977,"Aoraki Mount Cook National Park",2328,NA,0,"Canterbury",1010,7.6,18,2
"24154","20180305:0000",-43.73633,170.0977,"Aoraki Mount Cook National Park",2328,NA,0,"Canterbury",1010,2.5,17.3,8
"24155","20180306:0000",-43.73633,170.0977,"Aoraki Mount Cook National Park",2328,NA,0,"Canterbury",1010,2.2,12.25,0
"24156","20180307:0000",-43.73633,170.0977,"Aoraki Mount Cook National Park",2328,NA,0,"Canterbury",1010,3.2,9.95,4.5
"24157","20180308:0000",-43.73633,170.0977,"Aoraki Mount Cook National Park",2328,NA,0,"Canterbury",1010,2.2,12.6,9.6
"24158","20180309:0000",-43.73633,170.0977,"Aoraki Mount Cook National Park",2328,NA,0,"Canterbury",1010,13,10.85,0
"24159","20180310:0000",-43.73633,170.0977,"Aoraki Mount Cook National Park",2328,NA,0,"Canterbury",1010,3.2,12.8,6.6
"24160","20180311:0000",-43.73633,170.0977,"Aoraki Mount Cook National Park",2328,NA,0,"Canterbury",1010,3.2,14.4,8.7
"24161","20180312:0000",-43.73633,170.0977,"Aoraki Mount Cook National Park",2328,NA,0,"Canterbury",1010,2.9,15.85,9.3
"24162","20180313:0000",-43.73633,170.0977,"Aoraki Mount Cook National Park",2328,NA,0,"Canterbury",1010,13.7,13.4,4.5
"24163","20180314:0000",-43.73633,170.0977,"Aoraki Mount Cook National Park",2328,NA,0,"Canterbury",1010,30.6,12.95,7.5
"24164","20180315:0000",-43.73633,170.0977,"Aoraki Mount Cook National Park",2328,NA,0,"Canterbury",1010,7.6,14.05,1.1
"24165","20180316:0000",-43.73633,170.0977,"Aoraki Mount Cook National Park",2328,NA,0,"Canterbury",1010,23.4,15.75,8.9
"24166","20180317:0000",-43.73633,170.0977,"Aoraki Mount Cook National Park",2328,NA,0,"Canterbury",1010,6.1,9.6,1.1
"24167","20180318:0000",-43.73633,170.0977,"Aoraki Mount Cook National Park",2328,NA,0,"Canterbury",1010,1.8,11.1,8.1
"24168","20180319:0000",-43.73633,170.0977,"Aoraki Mount Cook National Park",2328,NA,0,"Canterbury",1010,17.6,13.35,0.5
"24169","20180320:0000",-43.73633,170.0977,"Aoraki Mount Cook National Park",2328,NA,0,"Canterbury",1010,11.5,17.2,4.9
"24170","20180321:0000",-43.73633,170.0977,"Aoraki Mount Cook National Park",2328,NA,0,"Canterbury",1010,6.8,15.1,0
"24171","20180322:0000",-43.73633,170.0977,"Aoraki Mount Cook National Park",2328,NA,0,"Canterbury",1010,20.5,4.8,0
"24172","20180323:0000",-43.73633,170.0977,"Aoraki Mount Cook National Park",2328,NA,0,"Canterbury",1010,2.2,5.35,0.6
"24173","20180324:0000",-43.73633,170.0977,"Aoraki Mount Cook National Park",2328,NA,0,"Canterbury",1010,3.2,7.4,2.2
"24174","20180325:0000",-43.73633,170.0977,"Aoraki Mount Cook National Park",2328,NA,0,"Canterbury",1010,6.5,10.05,2.7
"24175","20180326:0000",-43.73633,170.0977,"Aoraki Mount Cook National Park",2328,NA,0,"Canterbury",1010,9.4,13.7,0
"24176","20180327:0000",-43.73633,170.0977,"Aoraki Mount Cook National Park",2328,NA,0,"Canterbury",1010,10.1,15.3,0.2
"24177","20180328:0000",-43.73633,170.0977,"Aoraki Mount Cook National Park",2328,NA,0,"Canterbury",1010,4.3,13.95,6.6
"24178","20180329:0000",-43.73633,170.0977,"Aoraki Mount Cook National Park",2328,NA,0,"Canterbury",1010,4.3,13.1,8.3
"24179","20180330:0000",-43.73633,170.0977,"Aoraki Mount Cook National Park",2328,NA,0,"Canterbury",1010,3.6,14.35,8.3
"24180","20180331:0000",-43.73633,170.0977,"Aoraki Mount Cook National Park",2328,NA,0,"Canterbury",1010,12.2,11.05,0.4
"24181","20180401:0000",-43.73633,170.0977,"Aoraki Mount Cook National Park",2328,NA,0,"Canterbury",1010,2.2,8.55,8.2
"24182","20180402:0000",-43.73633,170.0977,"Aoraki Mount Cook National Park",2328,NA,0,"Canterbury",1010,18,12.2,2
"24183","20180403:0000",-43.73633,170.0977,"Aoraki Mount Cook National Park",2328,NA,0,"Canterbury",1010,20.9,13.35,5.2
"24184","20180404:0000",-43.73633,170.0977,"Aoraki Mount Cook National Park",2328,NA,0,"Canterbury",1010,29.2,12.4,0.9
"24185","20180405:0000",-43.73633,170.0977,"Aoraki Mount Cook National Park",2328,NA,0,"Canterbury",1010,6.5,13.45,7.8
"24186","20180406:0000",-43.73633,170.0977,"Aoraki Mount Cook National Park",2328,NA,0,"Canterbury",1010,22.3,15.1,4.2
"24187","20180407:0000",-43.73633,170.0977,"Aoraki Mount Cook National Park",2328,NA,0,"Canterbury",1010,14.4,11.15,7.2
"24188","20180408:0000",-43.73633,170.0977,"Aoraki Mount Cook National Park",2328,NA,0,"Canterbury",1010,14.8,8.8,0.3
"24189","20180409:0000",-43.73633,170.0977,"Aoraki Mount Cook National Park",2328,NA,0,"Canterbury",1010,1.8,7.1,0
"24190","20180410:0000",-43.73633,170.0977,"Aoraki Mount Cook National Park",2328,NA,0,"Canterbury",1010,22,0.65,0
"24191","20180411:0000",-43.73633,170.0977,"Aoraki Mount Cook National Park",2328,NA,0,"Canterbury",1010,11.2,4.4,2.8
"24192","20180412:0000",-43.73633,170.0977,"Aoraki Mount Cook National Park",2328,NA,0,"Canterbury",1010,14.8,3.25,0.1
"24193","20180413:0000",-43.73633,170.0977,"Aoraki Mount Cook National Park",2328,NA,0,"Canterbury",1010,4.7,4.55,2.1
"24194","20180414:0000",-43.73633,170.0977,"Aoraki Mount Cook National Park",2328,NA,0,"Canterbury",1010,3.2,4.95,7.3
"24195","20180415:0000",-43.73633,170.0977,"Aoraki Mount Cook National Park",2328,NA,0,"Canterbury",1010,2.9,6.7,1.4
"24196","20180416:0000",-43.73633,170.0977,"Aoraki Mount Cook National Park",2328,NA,0,"Canterbury",1010,10.1,7.05,0.2
"24197","20180417:0000",-43.73633,170.0977,"Aoraki Mount Cook National Park",2328,NA,0,"Canterbury",1010,19.4,6.75,0
"24198","20180418:0000",-43.73633,170.0977,"Aoraki Mount Cook National Park",2328,NA,0,"Canterbury",1010,8.6,5.8,6
"24199","20180419:0000",-43.73633,170.0977,"Aoraki Mount Cook National Park",2328,NA,0,"Canterbury",1010,33.8,8.45,0.6
"24200","20180420:0000",-43.73633,170.0977,"Aoraki Mount Cook National Park",2328,NA,0,"Canterbury",1010,27.4,9.25,1.9
"24201","20180421:0000",-43.73633,170.0977,"Aoraki Mount Cook National Park",2328,NA,0,"Canterbury",1010,27.7,9.1,0.2
"24202","20180422:0000",-43.73633,170.0977,"Aoraki Mount Cook National Park",2328,NA,0,"Canterbury",1010,3.2,5.9,7.1
"24203","20180423:0000",-43.73633,170.0977,"Aoraki Mount Cook National Park",2328,NA,0,"Canterbury",1010,5,9.5,7.1
"24204","20180424:0000",-43.73633,170.0977,"Aoraki Mount Cook National Park",2328,NA,0,"Canterbury",1010,22.7,10.1,3.9
"24205","20180425:0000",-43.73633,170.0977,"Aoraki Mount Cook National Park",2328,NA,0,"Canterbury",1010,5,10.95,6.2
"24206","20180426:0000",-43.73633,170.0977,"Aoraki Mount Cook National Park",2328,NA,0,"Canterbury",1010,2.5,13.35,7
"24207","20180427:0000",-43.73633,170.0977,"Aoraki Mount Cook National Park",2328,NA,0,"Canterbury",1010,11.5,12.65,4.2
"24208","20180428:0000",-43.73633,170.0977,"Aoraki Mount Cook National Park",2328,NA,0,"Canterbury",1010,3.6,4.25,0
"24209","20180429:0000",-43.73633,170.0977,"Aoraki Mount Cook National Park",2328,NA,0,"Canterbury",1010,1.8,2.1,0
"24210","20180430:0000",-43.73633,170.0977,"Aoraki Mount Cook National Park",2328,NA,0,"Canterbury",1010,2.5,4.15,0
"24211","20180501:0000",-43.73633,170.0977,"Aoraki Mount Cook National Park",2328,NA,0,"Canterbury",1010,3.2,6.7,6.7
"24212","20180502:0000",-43.73633,170.0977,"Aoraki Mount Cook National Park",2328,NA,0,"Canterbury",1010,2.2,9,6.8
"24213","20180503:0000",-43.73633,170.0977,"Aoraki Mount Cook National Park",2328,NA,0,"Canterbury",1010,2.5,9,2.8
"24214","20180504:0000",-43.73633,170.0977,"Aoraki Mount Cook National Park",2328,NA,0,"Canterbury",1010,1.8,10,3.1
"24215","20180505:0000",-43.73633,170.0977,"Aoraki Mount Cook National Park",2328,NA,0,"Canterbury",1010,9.7,9.85,2.4
"24216","20180506:0000",-43.73633,170.0977,"Aoraki Mount Cook National Park",2328,NA,0,"Canterbury",1010,18.4,9.1,0.3
"24217","20180507:0000",-43.73633,170.0977,"Aoraki Mount Cook National Park",2328,NA,0,"Canterbury",1010,10.4,8.35,0.4
"24218","20180508:0000",-43.73633,170.0977,"Aoraki Mount Cook National Park",2328,NA,0,"Canterbury",1010,21.6,10.55,0
"24219","20180509:0000",-43.73633,170.0977,"Aoraki Mount Cook National Park",2328,NA,0,"Canterbury",1010,20.5,13.05,6.5
"24220","20180510:0000",-43.73633,170.0977,"Aoraki Mount Cook National Park",2328,NA,0,"Canterbury",1010,5,9.95,0
"24221","20180511:0000",-43.73633,170.0977,"Aoraki Mount Cook National Park",2328,NA,0,"Canterbury",1010,2.5,11,0
"24222","20180512:0000",-43.73633,170.0977,"Aoraki Mount Cook National Park",2328,NA,0,"Canterbury",1010,3.2,10.45,2.8
"24223","20180513:0000",-43.73633,170.0977,"Aoraki Mount Cook National Park",2328,NA,0,"Canterbury",1010,1.4,6.15,0.2
"24224","20180514:0000",-43.73633,170.0977,"Aoraki Mount Cook National Park",2328,NA,0,"Canterbury",1010,5,4.5,0.9
"24225","20180515:0000",-43.73633,170.0977,"Aoraki Mount Cook National Park",2328,NA,0,"Canterbury",1010,7.2,3.7,0
"24226","20180516:0000",-43.73633,170.0977,"Aoraki Mount Cook National Park",2328,NA,0,"Canterbury",1010,2.2,4.45,3.5
"24227","20180517:0000",-43.73633,170.0977,"Aoraki Mount Cook National Park",2328,NA,0,"Canterbury",1010,2.9,4.75,4.6
"24228","20180518:0000",-43.73633,170.0977,"Aoraki Mount Cook National Park",2328,NA,0,"Canterbury",1010,13.7,4.65,1.1
"24229","20180519:0000",-43.73633,170.0977,"Aoraki Mount Cook National Park",2328,NA,0,"Canterbury",1010,22.3,8.35,2.3
"24230","20180520:0000",-43.73633,170.0977,"Aoraki Mount Cook National Park",2328,NA,0,"Canterbury",1010,7.9,5.1,0
"24231","20180521:0000",-43.73633,170.0977,"Aoraki Mount Cook National Park",2328,NA,0,"Canterbury",1010,9.7,3.25,4.2
"24232","20180522:0000",-43.73633,170.0977,"Aoraki Mount Cook National Park",2328,NA,0,"Canterbury",1010,10.8,3.85,0
"24233","20180523:0000",-43.73633,170.0977,"Aoraki Mount Cook National Park",2328,NA,0,"Canterbury",1010,3.6,3.35,5
"24234","20180524:0000",-43.73633,170.0977,"Aoraki Mount Cook National Park",2328,NA,0,"Canterbury",1010,6.8,0.2,0
"24235","20180525:0000",-43.73633,170.0977,"Aoraki Mount Cook National Park",2328,NA,0,"Canterbury",1010,0,0.35,2.9
"24236","20180526:0000",-43.73633,170.0977,"Aoraki Mount Cook National Park",2328,NA,0,"Canterbury",1010,3.2,2.4,1
"24237","20180527:0000",-43.73633,170.0977,"Aoraki Mount Cook National Park",2328,NA,0,"Canterbury",1010,3.6,3.95,2.3
"24238","20180528:0000",-43.73633,170.0977,"Aoraki Mount Cook National Park",2328,NA,0,"Canterbury",1010,4.7,2.35,3.3
"24239","20180529:0000",-43.73633,170.0977,"Aoraki Mount Cook National Park",2328,NA,0,"Canterbury",1010,2.9,1.1,3.9
"24240","20180530:0000",-43.73633,170.0977,"Aoraki Mount Cook National Park",2328,NA,0,"Canterbury",1010,1.4,1.3,4.9
"24241","20180531:0000",-43.73633,170.0977,"Aoraki Mount Cook National Park",2328,NA,0,"Canterbury",1010,0.7,-0.65,4.9
"24242","20180601:0000",-43.73633,170.0977,"Aoraki Mount Cook National Park",2328,NA,0,"Canterbury",1010,1.4,-1.3,4.5
"24243","20180602:0000",-43.73633,170.0977,"Aoraki Mount Cook National Park",2328,NA,0,"Canterbury",1010,2.2,-3.95,1
"24244","20180603:0000",-43.73633,170.0977,"Aoraki Mount Cook National Park",2328,NA,0,"Canterbury",1010,0.4,-3.3,4.4
"24245","20180604:0000",-43.73633,170.0977,"Aoraki Mount Cook National Park",2328,NA,0,"Canterbury",1010,1.1,-1.55,0
"24246","20180605:0000",-43.73633,170.0977,"Aoraki Mount Cook National Park",2328,NA,0,"Canterbury",1010,4,5.45,4.6
"24247","20180606:0000",-43.73633,170.0977,"Aoraki Mount Cook National Park",2328,NA,0,"Canterbury",1010,9.4,1.35,0.9
"24248","20180607:0000",-43.73633,170.0977,"Aoraki Mount Cook National Park",2328,NA,0,"Canterbury",1010,2.5,4.55,2.6
"24249","20180608:0000",-43.73633,170.0977,"Aoraki Mount Cook National Park",2328,NA,0,"Canterbury",1010,2.2,5.4,4.9
"24250","20180609:0000",-43.73633,170.0977,"Aoraki Mount Cook National Park",2328,NA,0,"Canterbury",1010,12.2,5.8,0.5
"24251","20180610:0000",-43.73633,170.0977,"Aoraki Mount Cook National Park",2328,NA,0,"Canterbury",1010,6.5,6.65,0
"24252","20180611:0000",-43.73633,170.0977,"Aoraki Mount Cook National Park",2328,NA,0,"Canterbury",1010,13.3,4.65,0
"24253","20180612:0000",-43.73633,170.0977,"Aoraki Mount Cook National Park",2328,NA,0,"Canterbury",1010,1.8,3.25,0
"24254","20180613:0000",-43.73633,170.0977,"Aoraki Mount Cook National Park",2328,NA,0,"Canterbury",1010,1.1,4,1.8
"24255","20180614:0000",-43.73633,170.0977,"Aoraki Mount Cook National Park",2328,NA,0,"Canterbury",1010,2.5,2.8,4.8
"24256","20180615:0000",-43.73633,170.0977,"Aoraki Mount Cook National Park",2328,NA,0,"Canterbury",1010,2.9,2.35,0.8
"24257","20180616:0000",-43.73633,170.0977,"Aoraki Mount Cook National Park",2328,NA,0,"Canterbury",1010,5,7.45,4.3
"24258","20180617:0000",-43.73633,170.0977,"Aoraki Mount Cook National Park",2328,NA,0,"Canterbury",1010,4,4.6,0
"24259","20180618:0000",-43.73633,170.0977,"Aoraki Mount Cook National Park",2328,NA,0,"Canterbury",1010,2.9,3.05,3.1
"24260","20180619:0000",-43.73633,170.0977,"Aoraki Mount Cook National Park",2328,NA,0,"Canterbury",1010,4.7,3.6,1.1
"24261","20180620:0000",-43.73633,170.0977,"Aoraki Mount Cook National Park",2328,NA,0,"Canterbury",1010,1.8,3.8,0.4
"24262","20180621:0000",-43.73633,170.0977,"Aoraki Mount Cook National Park",2328,NA,0,"Canterbury",1010,1.8,2.65,4.8
"24263","20180622:0000",-43.73633,170.0977,"Aoraki Mount Cook National Park",2328,NA,0,"Canterbury",1010,2.5,1.1,4.8
"24264","20180623:0000",-43.73633,170.0977,"Aoraki Mount Cook National Park",2328,NA,0,"Canterbury",1010,3.6,0.65,4.5
"24265","20180624:0000",-43.73633,170.0977,"Aoraki Mount Cook National Park",2328,NA,0,"Canterbury",1010,13,0.8,0
"24266","20180625:0000",-43.73633,170.0977,"Aoraki Mount Cook National Park",2328,NA,0,"Canterbury",1010,5,1,0.8
"24267","20180626:0000",-43.73633,170.0977,"Aoraki Mount Cook National Park",2328,NA,0,"Canterbury",1010,6.1,1.45,3.9
"24268","20180627:0000",-43.73633,170.0977,"Aoraki Mount Cook National Park",2328,NA,0,"Canterbury",1010,3.6,1.9,4.8
"24269","20180628:0000",-43.73633,170.0977,"Aoraki Mount Cook National Park",2328,NA,0,"Canterbury",1010,2.2,3.1,4.8
"24270","20180629:0000",-43.73633,170.0977,"Aoraki Mount Cook National Park",2328,NA,0,"Canterbury",1010,2.2,2.9,4.8
"24271","20180630:0000",-43.73633,170.0977,"Aoraki Mount Cook National Park",2328,NA,0,"Canterbury",1010,1.8,2.8,4.8
"24272","20180701:0000",-43.73633,170.0977,"Aoraki Mount Cook National Park",2328,NA,0,"Canterbury",1010,9,3.9,1.4
"24273","20180702:0000",-43.73633,170.0977,"Aoraki Mount Cook National Park",2328,NA,0,"Canterbury",1010,3.2,5.95,1.6
"24274","20180703:0000",-43.73633,170.0977,"Aoraki Mount Cook National Park",2328,NA,0,"Canterbury",1010,2.9,3.7,4.9
"24275","20180704:0000",-43.73633,170.0977,"Aoraki Mount Cook National Park",2328,NA,0,"Canterbury",1010,4.7,4.1,1
"24276","20180705:0000",-43.73633,170.0977,"Aoraki Mount Cook National Park",2328,NA,0,"Canterbury",1010,1.8,6.5,2.4
"24277","20180706:0000",-43.73633,170.0977,"Aoraki Mount Cook National Park",2328,NA,0,"Canterbury",1010,14.8,6.8,0
"24278","20180707:0000",-43.73633,170.0977,"Aoraki Mount Cook National Park",2328,NA,0,"Canterbury",1010,15.5,7.6,0
"24279","20180708:0000",-43.73633,170.0977,"Aoraki Mount Cook National Park",2328,NA,0,"Canterbury",1010,7.9,6.05,0
"24280","20180709:0000",-43.73633,170.0977,"Aoraki Mount Cook National Park",2328,NA,0,"Canterbury",1010,5.4,2.65,0
"24281","20180710:0000",-43.73633,170.0977,"Aoraki Mount Cook National Park",2328,NA,0,"Canterbury",1010,3.2,3.25,4.9
"24282","20180711:0000",-43.73633,170.0977,"Aoraki Mount Cook National Park",2328,NA,0,"Canterbury",1010,11.9,2.45,0
"24283","20180712:0000",-43.73633,170.0977,"Aoraki Mount Cook National Park",2328,NA,0,"Canterbury",1010,3.6,2.6,4.7
"24284","20180713:0000",-43.73633,170.0977,"Aoraki Mount Cook National Park",2328,NA,0,"Canterbury",1010,11.2,3.05,4.8
"24285","20180714:0000",-43.73633,170.0977,"Aoraki Mount Cook National Park",2328,NA,0,"Canterbury",1010,4.7,6.2,4.9
"24286","20180715:0000",-43.73633,170.0977,"Aoraki Mount Cook National Park",2328,NA,0,"Canterbury",1010,1.8,0.9,0
"24287","20180716:0000",-43.73633,170.0977,"Aoraki Mount Cook National Park",2328,NA,0,"Canterbury",1010,2.5,3.8,0.7
"24288","20180717:0000",-43.73633,170.0977,"Aoraki Mount Cook National Park",2328,NA,0,"Canterbury",1010,5.8,6.4,5
"24289","20180718:0000",-43.73633,170.0977,"Aoraki Mount Cook National Park",2328,NA,0,"Canterbury",1010,4,4.95,5
"24290","20180719:0000",-43.73633,170.0977,"Aoraki Mount Cook National Park",2328,NA,0,"Canterbury",1010,3.2,4.85,5.1
"24291","20180720:0000",-43.73633,170.0977,"Aoraki Mount Cook National Park",2328,NA,0,"Canterbury",1010,6.5,4.9,3
"24292","20180721:0000",-43.73633,170.0977,"Aoraki Mount Cook National Park",2328,NA,0,"Canterbury",1010,13.7,5.65,0
"24293","20180722:0000",-43.73633,170.0977,"Aoraki Mount Cook National Park",2328,NA,0,"Canterbury",1010,11.2,1.9,0
"24294","20180723:0000",-43.73633,170.0977,"Aoraki Mount Cook National Park",2328,NA,0,"Canterbury",1010,13,3.6,1.3
"24295","20180724:0000",-43.73633,170.0977,"Aoraki Mount Cook National Park",2328,NA,0,"Canterbury",1010,3.2,3.15,3.3
"24296","20180725:0000",-43.73633,170.0977,"Aoraki Mount Cook National Park",2328,NA,0,"Canterbury",1010,2.2,1.95,5.4
"24297","20180726:0000",-43.73633,170.0977,"Aoraki Mount Cook National Park",2328,NA,0,"Canterbury",1010,6.8,3.95,5.1
"24298","20180727:0000",-43.73633,170.0977,"Aoraki Mount Cook National Park",2328,NA,0,"Canterbury",1010,10.4,4.4,0
"24299","20180728:0000",-43.73633,170.0977,"Aoraki Mount Cook National Park",2328,NA,0,"Canterbury",1010,19.8,3.8,0
"24300","20180729:0000",-43.73633,170.0977,"Aoraki Mount Cook National Park",2328,NA,0,"Canterbury",1010,11.2,6.8,5.1
"24301","20180730:0000",-43.73633,170.0977,"Aoraki Mount Cook National Park",2328,NA,0,"Canterbury",1010,2.5,2.35,6
"24302","20180731:0000",-43.73633,170.0977,"Aoraki Mount Cook National Park",2328,NA,0,"Canterbury",1010,7.9,2.95,0.1
"24303","20180801:0000",-43.73633,170.0977,"Aoraki Mount Cook National Park",2328,NA,0,"Canterbury",1010,10.1,7.05,2.1
"24304","20180802:0000",-43.73633,170.0977,"Aoraki Mount Cook National Park",2328,NA,0,"Canterbury",1010,4.7,4.25,0
"24305","20180803:0000",-43.73633,170.0977,"Aoraki Mount Cook National Park",2328,NA,0,"Canterbury",1010,2.9,3.9,0.9
"24306","20180804:0000",-43.73633,170.0977,"Aoraki Mount Cook National Park",2328,NA,0,"Canterbury",1010,3.6,4.65,5.3
"24307","20180805:0000",-43.73633,170.0977,"Aoraki Mount Cook National Park",2328,NA,0,"Canterbury",1010,2.9,2.95,3.1
"24308","20180806:0000",-43.73633,170.0977,"Aoraki Mount Cook National Park",2328,NA,0,"Canterbury",1010,2.5,3.45,6.5
"24309","20180807:0000",-43.73633,170.0977,"Aoraki Mount Cook National Park",2328,NA,0,"Canterbury",1010,6.1,5.4,0.4
"24310","20180808:0000",-43.73633,170.0977,"Aoraki Mount Cook National Park",2328,NA,0,"Canterbury",1010,5,4.4,0.2
"24311","20180809:0000",-43.73633,170.0977,"Aoraki Mount Cook National Park",2328,NA,0,"Canterbury",1010,5.4,5.15,3.4
"24312","20180810:0000",-43.73633,170.0977,"Aoraki Mount Cook National Park",2328,NA,0,"Canterbury",1010,2.5,6.3,6.8
"24313","20180811:0000",-43.73633,170.0977,"Aoraki Mount Cook National Park",2328,NA,0,"Canterbury",1010,2.2,6.05,6.8
"24314","20180812:0000",-43.73633,170.0977,"Aoraki Mount Cook National Park",2328,NA,0,"Canterbury",1010,5.4,7.8,5.1
"24315","20180813:0000",-43.73633,170.0977,"Aoraki Mount Cook National Park",2328,NA,0,"Canterbury",1010,10.8,8.15,1.9
"24316","20180814:0000",-43.73633,170.0977,"Aoraki Mount Cook National Park",2328,NA,0,"Canterbury",1010,3.2,6.35,0.1
"24317","20180815:0000",-43.73633,170.0977,"Aoraki Mount Cook National Park",2328,NA,0,"Canterbury",1010,2.2,6.9,6.9
"24318","20180816:0000",-43.73633,170.0977,"Aoraki Mount Cook National Park",2328,NA,0,"Canterbury",1010,6.8,3.9,0
"24319","20180817:0000",-43.73633,170.0977,"Aoraki Mount Cook National Park",2328,NA,0,"Canterbury",1010,4.3,5.05,1.6
"24320","20180818:0000",-43.73633,170.0977,"Aoraki Mount Cook National Park",2328,NA,0,"Canterbury",1010,3.2,3.7,7
"24321","20180819:0000",-43.73633,170.0977,"Aoraki Mount Cook National Park",2328,NA,0,"Canterbury",1010,1.1,2.7,7.1
"24322","20180820:0000",-43.73633,170.0977,"Aoraki Mount Cook National Park",2328,NA,0,"Canterbury",1010,1.8,0.95,0.5
"24323","20180821:0000",-43.73633,170.0977,"Aoraki Mount Cook National Park",2328,NA,0,"Canterbury",1010,1.4,4.65,6.9
"24324","20180822:0000",-43.73633,170.0977,"Aoraki Mount Cook National Park",2328,NA,0,"Canterbury",1010,5,3.95,0.7
"24325","20180823:0000",-43.73633,170.0977,"Aoraki Mount Cook National Park",2328,NA,0,"Canterbury",1010,1.4,4,7.2
"24326","20180824:0000",-43.73633,170.0977,"Aoraki Mount Cook National Park",2328,NA,0,"Canterbury",1010,1.8,5.3,5.1
"24327","20180825:0000",-43.73633,170.0977,"Aoraki Mount Cook National Park",2328,NA,0,"Canterbury",1010,7.2,6.6,7.3
"24328","20180826:0000",-43.73633,170.0977,"Aoraki Mount Cook National Park",2328,NA,0,"Canterbury",1010,24.5,9.2,7.3
"24329","20180827:0000",-43.73633,170.0977,"Aoraki Mount Cook National Park",2328,NA,0,"Canterbury",1010,10.1,9.75,2.6
"24330","20180828:0000",-43.73633,170.0977,"Aoraki Mount Cook National Park",2328,NA,0,"Canterbury",1010,2.9,5.65,0.3
"24331","20180829:0000",-43.73633,170.0977,"Aoraki Mount Cook National Park",2328,NA,0,"Canterbury",1010,3.6,4.35,0.2
"24332","20180830:0000",-43.73633,170.0977,"Aoraki Mount Cook National Park",2328,NA,0,"Canterbury",1010,4.3,5.6,7.2
"24333","20180831:0000",-43.73633,170.0977,"Aoraki Mount Cook National Park",2328,NA,0,"Canterbury",1010,2.2,6.35,0.6
"24334","20180901:0000",-43.73633,170.0977,"Aoraki Mount Cook National Park",2328,NA,0,"Canterbury",1010,6.8,6.6,7.3
"24335","20180902:0000",-43.73633,170.0977,"Aoraki Mount Cook National Park",2328,NA,0,"Canterbury",1010,4.7,7.25,0.6
"24336","20180903:0000",-43.73633,170.0977,"Aoraki Mount Cook National Park",2328,NA,0,"Canterbury",1010,11.5,3.4,2.3
"24337","20180904:0000",-43.73633,170.0977,"Aoraki Mount Cook National Park",2328,NA,0,"Canterbury",1010,3.2,4.2,5.8
"24338","20180905:0000",-43.73633,170.0977,"Aoraki Mount Cook National Park",2328,NA,0,"Canterbury",1010,1.8,4.6,7.8
"24339","20180906:0000",-43.73633,170.0977,"Aoraki Mount Cook National Park",2328,NA,0,"Canterbury",1010,2.9,4.45,7.8
"24340","20180907:0000",-43.73633,170.0977,"Aoraki Mount Cook National Park",2328,NA,0,"Canterbury",1010,2.2,4.05,7.9
"24341","20180908:0000",-43.73633,170.0977,"Aoraki Mount Cook National Park",2328,NA,0,"Canterbury",1010,3.2,5.1,7.9
"24342","20180909:0000",-43.73633,170.0977,"Aoraki Mount Cook National Park",2328,NA,0,"Canterbury",1010,4,6.45,8
"24343","20180910:0000",-43.73633,170.0977,"Aoraki Mount Cook National Park",2328,NA,0,"Canterbury",1010,1.8,8.4,1.2
"24344","20180911:0000",-43.73633,170.0977,"Aoraki Mount Cook National Park",2328,NA,0,"Canterbury",1010,6.1,9.35,8.1
"24345","20180912:0000",-43.73633,170.0977,"Aoraki Mount Cook National Park",2328,NA,0,"Canterbury",1010,15.5,12.1,8
"24346","20180913:0000",-43.73633,170.0977,"Aoraki Mount Cook National Park",2328,NA,0,"Canterbury",1010,33.1,12.4,3.6
"24347","20180914:0000",-43.73633,170.0977,"Aoraki Mount Cook National Park",2328,NA,0,"Canterbury",1010,20.9,11.8,8.4
"24348","20180915:0000",-43.73633,170.0977,"Aoraki Mount Cook National Park",2328,NA,0,"Canterbury",1010,13.7,14.1,5.1
"24349","20180916:0000",-43.73633,170.0977,"Aoraki Mount Cook National Park",2328,NA,0,"Canterbury",1010,13.3,10.7,0.7
"24350","20180917:0000",-43.73633,170.0977,"Aoraki Mount Cook National Park",2328,NA,0,"Canterbury",1010,4,5.65,0
"24351","20180918:0000",-43.73633,170.0977,"Aoraki Mount Cook National Park",2328,NA,0,"Canterbury",1010,3.6,6.3,8.6
"24352","20180919:0000",-43.73633,170.0977,"Aoraki Mount Cook National Park",2328,NA,0,"Canterbury",1010,7.6,8.35,8.7
"24353","20180920:0000",-43.73633,170.0977,"Aoraki Mount Cook National Park",2328,NA,0,"Canterbury",1010,5.4,9.8,8.1
"24354","20180921:0000",-43.73633,170.0977,"Aoraki Mount Cook National Park",2328,NA,0,"Canterbury",1010,3.2,9.85,0.4
"24355","20180922:0000",-43.73633,170.0977,"Aoraki Mount Cook National Park",2328,NA,0,"Canterbury",1010,3.6,9.2,8.9
"24356","20180923:0000",-43.73633,170.0977,"Aoraki Mount Cook National Park",2328,NA,0,"Canterbury",1010,19.1,11.8,8
"24357","20180924:0000",-43.73633,170.0977,"Aoraki Mount Cook National Park",2328,NA,0,"Canterbury",1010,4.3,7,2.5
"24358","20180925:0000",-43.73633,170.0977,"Aoraki Mount Cook National Park",2328,NA,0,"Canterbury",1010,4.3,5.25,7.9
"24359","20180926:0000",-43.73633,170.0977,"Aoraki Mount Cook National Park",2328,NA,0,"Canterbury",1010,7.2,7.1,9.2
"24360","20180927:0000",-43.73633,170.0977,"Aoraki Mount Cook National Park",2328,NA,0,"Canterbury",1010,4.3,5.95,8
"24361","20180928:0000",-43.73633,170.0977,"Aoraki Mount Cook National Park",2328,NA,0,"Canterbury",1010,15.5,5.5,9.3
"24362","20180929:0000",-43.73633,170.0977,"Aoraki Mount Cook National Park",2328,NA,0,"Canterbury",1010,32.4,9.2,2.7
"24363","20180930:0000",-43.73633,170.0977,"Aoraki Mount Cook National Park",2328,NA,0,"Canterbury",1010,11.9,10.3,0.9
"24364","20181001:0000",-43.73633,170.0977,"Aoraki Mount Cook National Park",2328,NA,0,"Canterbury",1010,4.3,9.4,9.3
"24365","20181002:0000",-43.73633,170.0977,"Aoraki Mount Cook National Park",2328,NA,0,"Canterbury",1010,16.6,9.7,2.3
"24366","20181003:0000",-43.73633,170.0977,"Aoraki Mount Cook National Park",2328,NA,0,"Canterbury",1010,2.9,9.35,8
"24367","20181004:0000",-43.73633,170.0977,"Aoraki Mount Cook National Park",2328,NA,0,"Canterbury",1010,27.7,8.55,0
"24368","20181005:0000",-43.73633,170.0977,"Aoraki Mount Cook National Park",2328,NA,0,"Canterbury",1010,7.2,8,0.8
"24369","20181006:0000",-43.73633,170.0977,"Aoraki Mount Cook National Park",2328,NA,0,"Canterbury",1010,1.4,9.35,8.7
"24370","20181007:0000",-43.73633,170.0977,"Aoraki Mount Cook National Park",2328,NA,0,"Canterbury",1010,3.2,8.55,9.8
"24371","20181008:0000",-43.73633,170.0977,"Aoraki Mount Cook National Park",2328,NA,0,"Canterbury",1010,5.8,8,9.6
"24372","20181009:0000",-43.73633,170.0977,"Aoraki Mount Cook National Park",2328,NA,0,"Canterbury",1010,2.9,8.65,8.1
"24373","20181010:0000",-43.73633,170.0977,"Aoraki Mount Cook National Park",2328,NA,0,"Canterbury",1010,26.3,9.9,2.3
"24374","20181011:0000",-43.73633,170.0977,"Aoraki Mount Cook National Park",2328,NA,0,"Canterbury",1010,2.2,4.05,0.2
"24375","20181012:0000",-43.73633,170.0977,"Aoraki Mount Cook National Park",2328,NA,0,"Canterbury",1010,4.7,0.45,0.1
"24376","20181013:0000",-43.73633,170.0977,"Aoraki Mount Cook National Park",2328,NA,0,"Canterbury",1010,4.3,2.6,8.2
"24377","20181014:0000",-43.73633,170.0977,"Aoraki Mount Cook National Park",2328,NA,0,"Canterbury",1010,2.2,5.25,8.4
"24378","20181015:0000",-43.73633,170.0977,"Aoraki Mount Cook National Park",2328,NA,0,"Canterbury",1010,3.6,8.8,10.2
"24379","20181016:0000",-43.73633,170.0977,"Aoraki Mount Cook National Park",2328,NA,0,"Canterbury",1010,4.3,9.95,10.2
"24380","20181017:0000",-43.73633,170.0977,"Aoraki Mount Cook National Park",2328,NA,0,"Canterbury",1010,3.6,12.9,2.9
"24381","20181018:0000",-43.73633,170.0977,"Aoraki Mount Cook National Park",2328,NA,0,"Canterbury",1010,3.2,14.35,7.1
"24382","20181019:0000",-43.73633,170.0977,"Aoraki Mount Cook National Park",2328,NA,0,"Canterbury",1010,13.7,13.3,9.6
"24383","20181020:0000",-43.73633,170.0977,"Aoraki Mount Cook National Park",2328,NA,0,"Canterbury",1010,29.2,16.05,8.1
"24384","20181021:0000",-43.73633,170.0977,"Aoraki Mount Cook National Park",2328,NA,0,"Canterbury",1010,2.2,15.95,8.9
"24385","20181022:0000",-43.73633,170.0977,"Aoraki Mount Cook National Park",2328,NA,0,"Canterbury",1010,4.3,15.95,10.3
"24386","20181023:0000",-43.73633,170.0977,"Aoraki Mount Cook National Park",2328,NA,0,"Canterbury",1010,4,18.7,10.1
"24387","20181024:0000",-43.73633,170.0977,"Aoraki Mount Cook National Park",2328,NA,0,"Canterbury",1010,14.8,16.55,6.5
"24388","20181025:0000",-43.73633,170.0977,"Aoraki Mount Cook National Park",2328,NA,0,"Canterbury",1010,3.2,10.1,0
"24389","20181026:0000",-43.73633,170.0977,"Aoraki Mount Cook National Park",2328,NA,0,"Canterbury",1010,4,7.1,3.5
"24390","20181027:0000",-43.73633,170.0977,"Aoraki Mount Cook National Park",2328,NA,0,"Canterbury",1010,2.5,9.85,8.1
"24391","20181028:0000",-43.73633,170.0977,"Aoraki Mount Cook National Park",2328,NA,0,"Canterbury",1010,5.8,9.9,0.3
"24392","20181029:0000",-43.73633,170.0977,"Aoraki Mount Cook National Park",2328,NA,0,"Canterbury",1010,2.5,7.75,0
"24393","20181030:0000",-43.73633,170.0977,"Aoraki Mount Cook National Park",2328,NA,0,"Canterbury",1010,13.3,6.3,0
"24394","20181031:0000",-43.73633,170.0977,"Aoraki Mount Cook National Park",2328,NA,0,"Canterbury",1010,4,7.45,6.9
"24395","20181101:0000",-43.73633,170.0977,"Aoraki Mount Cook National Park",2328,NA,0,"Canterbury",1010,11.5,6.9,9.4
"24396","20181102:0000",-43.73633,170.0977,"Aoraki Mount Cook National Park",2328,NA,0,"Canterbury",1010,5.4,7.95,4.6
"24397","20181103:0000",-43.73633,170.0977,"Aoraki Mount Cook National Park",2328,NA,0,"Canterbury",1010,16.6,12.5,0.9
"24398","20181104:0000",-43.73633,170.0977,"Aoraki Mount Cook National Park",2328,NA,0,"Canterbury",1010,13.7,8.35,2
"24399","20181105:0000",-43.73633,170.0977,"Aoraki Mount Cook National Park",2328,NA,0,"Canterbury",1010,26.6,11,6.5
"24400","20181106:0000",-43.73633,170.0977,"Aoraki Mount Cook National Park",2328,NA,0,"Canterbury",1010,6.5,12.45,10.6
"24401","20181107:0000",-43.73633,170.0977,"Aoraki Mount Cook National Park",2328,NA,0,"Canterbury",1010,10.1,15.5,0.2
"24402","20181108:0000",-43.73633,170.0977,"Aoraki Mount Cook National Park",2328,NA,0,"Canterbury",1010,8.6,12.6,0
"24403","20181109:0000",-43.73633,170.0977,"Aoraki Mount Cook National Park",2328,NA,0,"Canterbury",1010,0,1.6,0
"24404","20181110:0000",-43.73633,170.0977,"Aoraki Mount Cook National Park",2328,NA,0,"Canterbury",1010,4.3,6.1,9
"24405","20181111:0000",-43.73633,170.0977,"Aoraki Mount Cook National Park",2328,NA,0,"Canterbury",1010,6.1,9.2,10.1
"24406","20181112:0000",-43.73633,170.0977,"Aoraki Mount Cook National Park",2328,NA,0,"Canterbury",1010,18.7,11.1,4
"24407","20181113:0000",-43.73633,170.0977,"Aoraki Mount Cook National Park",2328,NA,0,"Canterbury",1010,5.8,11.45,10.8
"24408","20181114:0000",-43.73633,170.0977,"Aoraki Mount Cook National Park",2328,NA,0,"Canterbury",1010,4.7,13.45,10.8
"24409","20181115:0000",-43.73633,170.0977,"Aoraki Mount Cook National Park",2328,NA,0,"Canterbury",1010,4,15.25,6.2
"24410","20181116:0000",-43.73633,170.0977,"Aoraki Mount Cook National Park",2328,NA,0,"Canterbury",1010,14.8,15.3,0.3
"24411","20181117:0000",-43.73633,170.0977,"Aoraki Mount Cook National Park",2328,NA,0,"Canterbury",1010,11.5,13,7.5
"24412","20181118:0000",-43.73633,170.0977,"Aoraki Mount Cook National Park",2328,NA,0,"Canterbury",1010,17.6,10.5,1.3
"24413","20181119:0000",-43.73633,170.0977,"Aoraki Mount Cook National Park",2328,NA,0,"Canterbury",1010,5,3,0.2
"24414","20181120:0000",-43.73633,170.0977,"Aoraki Mount Cook National Park",2328,NA,0,"Canterbury",1010,21.2,2.35,0
"24415","20181121:0000",-43.73633,170.0977,"Aoraki Mount Cook National Park",2328,NA,0,"Canterbury",1010,2.9,6.5,2.2
"24416","20181122:0000",-43.73633,170.0977,"Aoraki Mount Cook National Park",2328,NA,0,"Canterbury",1010,3.2,10.15,2.7
"24417","20181123:0000",-43.73633,170.0977,"Aoraki Mount Cook National Park",2328,NA,0,"Canterbury",1010,6.1,10.8,3.2
"24418","20181124:0000",-43.73633,170.0977,"Aoraki Mount Cook National Park",2328,NA,0,"Canterbury",1010,11.2,10.5,0
"24419","20181125:0000",-43.73633,170.0977,"Aoraki Mount Cook National Park",2328,NA,0,"Canterbury",1010,13.3,11.7,0.2
"24420","20181126:0000",-43.73633,170.0977,"Aoraki Mount Cook National Park",2328,NA,0,"Canterbury",1010,19.4,10.95,0
"24421","20181127:0000",-43.73633,170.0977,"Aoraki Mount Cook National Park",2328,NA,0,"Canterbury",1010,6.8,9.75,0
"24422","20181128:0000",-43.73633,170.0977,"Aoraki Mount Cook National Park",2328,NA,0,"Canterbury",1010,3.6,11.45,0.1
"24423","20181129:0000",-43.73633,170.0977,"Aoraki Mount Cook National Park",2328,NA,0,"Canterbury",1010,4.7,13.1,1.1
"24424","20181130:0000",-43.73633,170.0977,"Aoraki Mount Cook National Park",2328,NA,0,"Canterbury",1010,2.9,13.65,5.5
"24425","20181201:0000",-43.73633,170.0977,"Aoraki Mount Cook National Park",2328,NA,0,"Canterbury",1010,6.1,13.9,0.9
"24426","20181202:0000",-43.73633,170.0977,"Aoraki Mount Cook National Park",2328,NA,0,"Canterbury",1010,3.2,16.35,3
"24427","20181203:0000",-43.73633,170.0977,"Aoraki Mount Cook National Park",2328,NA,0,"Canterbury",1010,4.3,16.25,3.5
"24428","20181204:0000",-43.73633,170.0977,"Aoraki Mount Cook National Park",2328,NA,0,"Canterbury",1010,5.8,12.9,2.5
"24429","20181205:0000",-43.73633,170.0977,"Aoraki Mount Cook National Park",2328,NA,0,"Canterbury",1010,5.8,10.6,4
"24430","20181206:0000",-43.73633,170.0977,"Aoraki Mount Cook National Park",2328,NA,0,"Canterbury",1010,4.3,9,10.8
"24431","20181207:0000",-43.73633,170.0977,"Aoraki Mount Cook National Park",2328,NA,0,"Canterbury",1010,6.1,14.85,11
"24432","20181208:0000",-43.73633,170.0977,"Aoraki Mount Cook National Park",2328,NA,0,"Canterbury",1010,7.9,17.75,4.2
"24433","20181209:0000",-43.73633,170.0977,"Aoraki Mount Cook National Park",2328,NA,0,"Canterbury",1010,16.2,18.5,0
"24434","20181210:0000",-43.73633,170.0977,"Aoraki Mount Cook National Park",2328,NA,0,"Canterbury",1010,7.6,14.6,6.9
"24435","20181211:0000",-43.73633,170.0977,"Aoraki Mount Cook National Park",2328,NA,0,"Canterbury",1010,3.6,11.65,0
"24436","20181212:0000",-43.73633,170.0977,"Aoraki Mount Cook National Park",2328,NA,0,"Canterbury",1010,9.7,12.95,0.7
"24437","20181213:0000",-43.73633,170.0977,"Aoraki Mount Cook National Park",2328,NA,0,"Canterbury",1010,3.6,14.1,1.6
"24438","20181214:0000",-43.73633,170.0977,"Aoraki Mount Cook National Park",2328,NA,0,"Canterbury",1010,5,15.45,2.7
"24439","20181215:0000",-43.73633,170.0977,"Aoraki Mount Cook National Park",2328,NA,0,"Canterbury",1010,5.8,17.75,11.4
"24440","20181216:0000",-43.73633,170.0977,"Aoraki Mount Cook National Park",2328,NA,0,"Canterbury",1010,4,18.15,9
"24441","20181217:0000",-43.73633,170.0977,"Aoraki Mount Cook National Park",2328,NA,0,"Canterbury",1010,9.4,18.6,9.2
"24442","20181218:0000",-43.73633,170.0977,"Aoraki Mount Cook National Park",2328,NA,0,"Canterbury",1010,22.7,14.4,0.1
"24443","20181219:0000",-43.73633,170.0977,"Aoraki Mount Cook National Park",2328,NA,0,"Canterbury",1010,8.6,10.35,0
"24444","20181220:0000",-43.73633,170.0977,"Aoraki Mount Cook National Park",2328,NA,0,"Canterbury",1010,6.5,9.2,1.7
"24445","20181221:0000",-43.73633,170.0977,"Aoraki Mount Cook National Park",2328,NA,0,"Canterbury",1010,5.8,12.05,1.7
"24446","20181222:0000",-43.73633,170.0977,"Aoraki Mount Cook National Park",2328,NA,0,"Canterbury",1010,4.7,10.95,4.9
"24447","20181223:0000",-43.73633,170.0977,"Aoraki Mount Cook National Park",2328,NA,0,"Canterbury",1010,7.9,11.55,8.7
"24448","20181224:0000",-43.73633,170.0977,"Aoraki Mount Cook National Park",2328,NA,0,"Canterbury",1010,5.4,15.05,11.9
"24449","20181225:0000",-43.73633,170.0977,"Aoraki Mount Cook National Park",2328,NA,0,"Canterbury",1010,4.3,17.55,11.9
"24450","20181226:0000",-43.73633,170.0977,"Aoraki Mount Cook National Park",2328,NA,0,"Canterbury",1010,6.1,16.7,9.4
"24451","20181227:0000",-43.73633,170.0977,"Aoraki Mount Cook National Park",2328,NA,0,"Canterbury",1010,6.5,14.1,10
"24452","20181228:0000",-43.73633,170.0977,"Aoraki Mount Cook National Park",2328,NA,0,"Canterbury",1010,5,14.35,11.8
"24453","20181229:0000",-43.73633,170.0977,"Aoraki Mount Cook National Park",2328,NA,0,"Canterbury",1010,8.3,17.7,7.6
"24454","20181230:0000",-43.73633,170.0977,"Aoraki Mount Cook National Park",2328,NA,0,"Canterbury",1010,13.3,17.3,0
"24455","20181231:0000",-43.73633,170.0977,"Aoraki Mount Cook National Park",2328,NA,0,"Canterbury",1010,7.6,17.85,2.3
"24456","20190101:0000",-43.73633,170.0977,"Aoraki Mount Cook National Park",2328,NA,0,"Canterbury",1010,6.1,15.2,3.8
"24457","20190102:0000",-43.73633,170.0977,"Aoraki Mount Cook National Park",2328,NA,0,"Canterbury",1010,10.4,17.4,0.1
"24458","20190103:0000",-43.73633,170.0977,"Aoraki Mount Cook National Park",2328,NA,0,"Canterbury",1010,32.4,17.6,7.7
"24459","20190104:0000",-43.73633,170.0977,"Aoraki Mount Cook National Park",2328,NA,0,"Canterbury",1010,11.5,17.45,11.1
"24460","20190105:0000",-43.73633,170.0977,"Aoraki Mount Cook National Park",2328,NA,0,"Canterbury",1010,36.7,19.05,6.2
"24461","20190106:0000",-43.73633,170.0977,"Aoraki Mount Cook National Park",2328,NA,0,"Canterbury",1010,22.3,18.75,0.5
"24462","20190107:0000",-43.73633,170.0977,"Aoraki Mount Cook National Park",2328,NA,0,"Canterbury",1010,4,15.4,9.9
"24463","20190108:0000",-43.73633,170.0977,"Aoraki Mount Cook National Park",2328,NA,0,"Canterbury",1010,5.8,16.5,11.7
"24464","20190109:0000",-43.73633,170.0977,"Aoraki Mount Cook National Park",2328,NA,0,"Canterbury",1010,4.7,15.65,3.9
"24465","20190110:0000",-43.73633,170.0977,"Aoraki Mount Cook National Park",2328,NA,0,"Canterbury",1010,21.2,16.8,5.6
"24466","20190111:0000",-43.73633,170.0977,"Aoraki Mount Cook National Park",2328,NA,0,"Canterbury",1010,17.3,16.15,8.4
"24467","20190112:0000",-43.73633,170.0977,"Aoraki Mount Cook National Park",2328,NA,0,"Canterbury",1010,4.7,15.75,8.8
"24468","20190113:0000",-43.73633,170.0977,"Aoraki Mount Cook National Park",2328,NA,0,"Canterbury",1010,17.6,14.15,1.3
"24469","20190114:0000",-43.73633,170.0977,"Aoraki Mount Cook National Park",2328,NA,0,"Canterbury",1010,4.7,12.3,2.5
"24470","20190115:0000",-43.73633,170.0977,"Aoraki Mount Cook National Park",2328,NA,0,"Canterbury",1010,5.8,14,11.3
"24471","20190116:0000",-43.73633,170.0977,"Aoraki Mount Cook National Park",2328,NA,0,"Canterbury",1010,4.7,16.8,9.3
"24472","20190117:0000",-43.73633,170.0977,"Aoraki Mount Cook National Park",2328,NA,0,"Canterbury",1010,2.5,18.55,6.7
"24473","20190118:0000",-43.73633,170.0977,"Aoraki Mount Cook National Park",2328,NA,0,"Canterbury",1010,4,19.05,7.7
"24474","20190119:0000",-43.73633,170.0977,"Aoraki Mount Cook National Park",2328,NA,0,"Canterbury",1010,7.6,15.45,0.9
"24475","20190120:0000",-43.73633,170.0977,"Aoraki Mount Cook National Park",2328,NA,0,"Canterbury",1010,30.6,11.55,5.2
"24476","20190121:0000",-43.73633,170.0977,"Aoraki Mount Cook National Park",2328,NA,0,"Canterbury",1010,25.9,12.7,4.6
"24477","20190122:0000",-43.73633,170.0977,"Aoraki Mount Cook National Park",2328,NA,0,"Canterbury",1010,28.1,14.1,4.6
"24478","20190123:0000",-43.73633,170.0977,"Aoraki Mount Cook National Park",2328,NA,0,"Canterbury",1010,11.9,14.85,0.1
"24479","20190124:0000",-43.73633,170.0977,"Aoraki Mount Cook National Park",2328,NA,0,"Canterbury",1010,4.3,10.85,9.7
"24480","20190125:0000",-43.73633,170.0977,"Aoraki Mount Cook National Park",2328,NA,0,"Canterbury",1010,4,13.55,1.9
"24481","20190126:0000",-43.73633,170.0977,"Aoraki Mount Cook National Park",2328,NA,0,"Canterbury",1010,20.2,17.75,1.3
"24482","20190127:0000",-43.73633,170.0977,"Aoraki Mount Cook National Park",2328,NA,0,"Canterbury",1010,41,20.4,4.2
"24483","20190128:0000",-43.73633,170.0977,"Aoraki Mount Cook National Park",2328,NA,0,"Canterbury",1010,7.9,19.9,7.4
"24484","20190129:0000",-43.73633,170.0977,"Aoraki Mount Cook National Park",2328,NA,0,"Canterbury",1010,3.6,16.9,3.5
"24485","20190130:0000",-43.73633,170.0977,"Aoraki Mount Cook National Park",2328,NA,0,"Canterbury",1010,18,21.9,4.9
"24486","20190131:0000",-43.73633,170.0977,"Aoraki Mount Cook National Park",2328,NA,0,"Canterbury",1010,4.3,22,9.6
"24487","20190201:0000",-43.73633,170.0977,"Aoraki Mount Cook National Park",2328,NA,0,"Canterbury",1010,11.5,16.8,3.9
"24488","20190202:0000",-43.73633,170.0977,"Aoraki Mount Cook National Park",2328,NA,0,"Canterbury",1010,5.4,12.45,10.5
"24489","20190203:0000",-43.73633,170.0977,"Aoraki Mount Cook National Park",2328,NA,0,"Canterbury",1010,4.3,15.45,10.5
"24490","20190204:0000",-43.73633,170.0977,"Aoraki Mount Cook National Park",2328,NA,0,"Canterbury",1010,11.9,19.6,10.7
"24491","20190205:0000",-43.73633,170.0977,"Aoraki Mount Cook National Park",2328,NA,0,"Canterbury",1010,17.3,17.05,2.6
"24492","20190206:0000",-43.73633,170.0977,"Aoraki Mount Cook National Park",2328,NA,0,"Canterbury",1010,8.6,10.6,0
"24493","20190207:0000",-43.73633,170.0977,"Aoraki Mount Cook National Park",2328,NA,0,"Canterbury",1010,2.9,12.7,5.4
"24494","20190208:0000",-43.73633,170.0977,"Aoraki Mount Cook National Park",2328,NA,0,"Canterbury",1010,4,14.65,10.5
"24495","20190209:0000",-43.73633,170.0977,"Aoraki Mount Cook National Park",2328,NA,0,"Canterbury",1010,20.2,17.85,6.5
"24496","20190210:0000",-43.73633,170.0977,"Aoraki Mount Cook National Park",2328,NA,0,"Canterbury",1010,11.9,18.6,9.2
"24497","20190211:0000",-43.73633,170.0977,"Aoraki Mount Cook National Park",2328,NA,0,"Canterbury",1010,12.6,17.3,4.9
"24498","20190212:0000",-43.73633,170.0977,"Aoraki Mount Cook National Park",2328,NA,0,"Canterbury",1010,6.8,18.2,6.7
"24499","20190213:0000",-43.73633,170.0977,"Aoraki Mount Cook National Park",2328,NA,0,"Canterbury",1010,2.9,17.7,10.4
"24500","20190214:0000",-43.73633,170.0977,"Aoraki Mount Cook National Park",2328,NA,0,"Canterbury",1010,32.4,19.35,3
"24501","20190215:0000",-43.73633,170.0977,"Aoraki Mount Cook National Park",2328,NA,0,"Canterbury",1010,4.3,14.4,6.3
"24502","20190216:0000",-43.73633,170.0977,"Aoraki Mount Cook National Park",2328,NA,0,"Canterbury",1010,4.3,13.35,8.3
"24503","20190217:0000",-43.73633,170.0977,"Aoraki Mount Cook National Park",2328,NA,0,"Canterbury",1010,2.5,13.3,6
"24504","20190218:0000",-43.73633,170.0977,"Aoraki Mount Cook National Park",2328,NA,0,"Canterbury",1010,5,14.35,3.1
"24505","20190219:0000",-43.73633,170.0977,"Aoraki Mount Cook National Park",2328,NA,0,"Canterbury",1010,12.2,16.6,0.6
"24506","20190220:0000",-43.73633,170.0977,"Aoraki Mount Cook National Park",2328,NA,0,"Canterbury",1010,18.7,17.95,3.5
"24507","20190221:0000",-43.73633,170.0977,"Aoraki Mount Cook National Park",2328,NA,0,"Canterbury",1010,6.5,14.8,0.5
"24508","20190222:0000",-43.73633,170.0977,"Aoraki Mount Cook National Park",2328,NA,0,"Canterbury",1010,23.8,16,9.3
"24509","20190223:0000",-43.73633,170.0977,"Aoraki Mount Cook National Park",2328,NA,0,"Canterbury",1010,3.6,10.75,10.2
"24510","20190224:0000",-43.73633,170.0977,"Aoraki Mount Cook National Park",2328,NA,0,"Canterbury",1010,10.1,6.35,0.1
"24511","20190225:0000",-43.73633,170.0977,"Aoraki Mount Cook National Park",2328,NA,0,"Canterbury",1010,4,9.6,8.8
"24512","20190226:0000",-43.73633,170.0977,"Aoraki Mount Cook National Park",2328,NA,0,"Canterbury",1010,2.2,15,9.4
"24513","20190227:0000",-43.73633,170.0977,"Aoraki Mount Cook National Park",2328,NA,0,"Canterbury",1010,27,12.1,0.9
"24514","20190228:0000",-43.73633,170.0977,"Aoraki Mount Cook National Park",2328,NA,0,"Canterbury",1010,3.6,7.5,6.4
"24515","20190301:0000",-43.73633,170.0977,"Aoraki Mount Cook National Park",2328,NA,0,"Canterbury",1010,4.3,11,10.1
"24516","20190302:0000",-43.73633,170.0977,"Aoraki Mount Cook National Park",2328,NA,0,"Canterbury",1010,1.1,14.35,10
"24517","20190303:0000",-43.73633,170.0977,"Aoraki Mount Cook National Park",2328,NA,0,"Canterbury",1010,3.2,16.8,10
"24518","20190304:0000",-43.73633,170.0977,"Aoraki Mount Cook National Park",2328,NA,0,"Canterbury",1010,6.8,16.35,10
"24519","20190305:0000",-43.73633,170.0977,"Aoraki Mount Cook National Park",2328,NA,0,"Canterbury",1010,19.4,20.05,8.6
"24520","20190306:0000",-43.73633,170.0977,"Aoraki Mount Cook National Park",2328,NA,0,"Canterbury",1010,3.6,20.2,9.1
"24521","20190307:0000",-43.73633,170.0977,"Aoraki Mount Cook National Park",2328,NA,0,"Canterbury",1010,23.4,17,2.6
"24522","20190308:0000",-43.73633,170.0977,"Aoraki Mount Cook National Park",2328,NA,0,"Canterbury",1010,4.7,11,3
"24523","20190309:0000",-43.73633,170.0977,"Aoraki Mount Cook National Park",2328,NA,0,"Canterbury",1010,5.8,12.4,8.3
"24524","20190310:0000",-43.73633,170.0977,"Aoraki Mount Cook National Park",2328,NA,0,"Canterbury",1010,2.2,13,0.2
"24525","20190311:0000",-43.73633,170.0977,"Aoraki Mount Cook National Park",2328,NA,0,"Canterbury",1010,3.2,13.8,0.8
"24526","20190312:0000",-43.73633,170.0977,"Aoraki Mount Cook National Park",2328,NA,0,"Canterbury",1010,10.8,16.65,9.5
"24527","20190313:0000",-43.73633,170.0977,"Aoraki Mount Cook National Park",2328,NA,0,"Canterbury",1010,6.8,15.3,2
"24528","20190314:0000",-43.73633,170.0977,"Aoraki Mount Cook National Park",2328,NA,0,"Canterbury",1010,4,11.5,2.3
"24529","20190315:0000",-43.73633,170.0977,"Aoraki Mount Cook National Park",2328,NA,0,"Canterbury",1010,2.2,13.2,0.1
"24530","20190316:0000",-43.73633,170.0977,"Aoraki Mount Cook National Park",2328,NA,0,"Canterbury",1010,5.4,14.85,6.3
"24531","20190317:0000",-43.73633,170.0977,"Aoraki Mount Cook National Park",2328,NA,0,"Canterbury",1010,2.5,15.45,5
"24532","20190318:0000",-43.73633,170.0977,"Aoraki Mount Cook National Park",2328,NA,0,"Canterbury",1010,1.8,17.3,9.2
"24533","20190319:0000",-43.73633,170.0977,"Aoraki Mount Cook National Park",2328,NA,0,"Canterbury",1010,2.9,18.35,9.1
"24534","20190320:0000",-43.73633,170.0977,"Aoraki Mount Cook National Park",2328,NA,0,"Canterbury",1010,2.5,16.25,8.9
"24535","20190321:0000",-43.73633,170.0977,"Aoraki Mount Cook National Park",2328,NA,0,"Canterbury",1010,1.1,15.75,8.1
"24536","20190322:0000",-43.73633,170.0977,"Aoraki Mount Cook National Park",2328,NA,0,"Canterbury",1010,2.2,17,8.9
"24537","20190323:0000",-43.73633,170.0977,"Aoraki Mount Cook National Park",2328,NA,0,"Canterbury",1010,1.8,17.3,8.8
"24538","20190324:0000",-43.73633,170.0977,"Aoraki Mount Cook National Park",2328,NA,0,"Canterbury",1010,4,16.65,8.7
"24539","20190325:0000",-43.73633,170.0977,"Aoraki Mount Cook National Park",2328,NA,0,"Canterbury",1010,19.1,14.1,0
"24540","20190326:0000",-43.73633,170.0977,"Aoraki Mount Cook National Park",2328,NA,0,"Canterbury",1010,8.3,15.1,0
"24541","20190327:0000",-43.73633,170.0977,"Aoraki Mount Cook National Park",2328,NA,0,"Canterbury",1010,10.8,13.1,4.2
"24542","20190328:0000",-43.73633,170.0977,"Aoraki Mount Cook National Park",2328,NA,0,"Canterbury",1010,1.4,10.25,6.4
"24543","20190329:0000",-43.73633,170.0977,"Aoraki Mount Cook National Park",2328,NA,0,"Canterbury",1010,1.4,10.95,8.4
"24544","20190330:0000",-43.73633,170.0977,"Aoraki Mount Cook National Park",2328,NA,0,"Canterbury",1010,2.9,12.45,4.1
"24545","20190331:0000",-43.73633,170.0977,"Aoraki Mount Cook National Park",2328,NA,0,"Canterbury",1010,7.9,14.05,4.2
"24546","20190401:0000",-43.73633,170.0977,"Aoraki Mount Cook National Park",2328,NA,0,"Canterbury",1010,12.6,10.85,0.3
"24547","20190402:0000",-43.73633,170.0977,"Aoraki Mount Cook National Park",2328,NA,0,"Canterbury",1010,3.6,6.8,7.6
"24548","20190403:0000",-43.73633,170.0977,"Aoraki Mount Cook National Park",2328,NA,0,"Canterbury",1010,2.9,8,8
"24549","20190404:0000",-43.73633,170.0977,"Aoraki Mount Cook National Park",2328,NA,0,"Canterbury",1010,2.9,9.5,7.8
"24550","20190405:0000",-43.73633,170.0977,"Aoraki Mount Cook National Park",2328,NA,0,"Canterbury",1010,7.6,5.1,1.1
"24551","20190406:0000",-43.73633,170.0977,"Aoraki Mount Cook National Park",2328,NA,0,"Canterbury",1010,2.2,4.95,6.7
"24552","20190407:0000",-43.73633,170.0977,"Aoraki Mount Cook National Park",2328,NA,0,"Canterbury",1010,3.6,5.9,7.8
"24553","20190408:0000",-43.73633,170.0977,"Aoraki Mount Cook National Park",2328,NA,0,"Canterbury",1010,3.6,9.7,7.8
"24554","20190409:0000",-43.73633,170.0977,"Aoraki Mount Cook National Park",2328,NA,0,"Canterbury",1010,2.9,13.2,5.1
"24555","20190410:0000",-43.73633,170.0977,"Aoraki Mount Cook National Park",2328,NA,0,"Canterbury",1010,8.6,11.75,0
"24556","20190411:0000",-43.73633,170.0977,"Aoraki Mount Cook National Park",2328,NA,0,"Canterbury",1010,3.6,9.75,1.5
"24557","20190412:0000",-43.73633,170.0977,"Aoraki Mount Cook National Park",2328,NA,0,"Canterbury",1010,8.6,7.8,1.5
"24558","20190413:0000",-43.73633,170.0977,"Aoraki Mount Cook National Park",2328,NA,0,"Canterbury",1010,3.6,7.6,7.6
"24559","20190414:0000",-43.73633,170.0977,"Aoraki Mount Cook National Park",2328,NA,0,"Canterbury",1010,4,8.9,6.7
"24560","20190415:0000",-43.73633,170.0977,"Aoraki Mount Cook National Park",2328,NA,0,"Canterbury",1010,2.5,9.35,6.3
"24561","20190416:0000",-43.73633,170.0977,"Aoraki Mount Cook National Park",2328,NA,0,"Canterbury",1010,2.2,8.9,7.4
"24562","20190417:0000",-43.73633,170.0977,"Aoraki Mount Cook National Park",2328,NA,0,"Canterbury",1010,3.2,9.65,7.4
"24563","20190418:0000",-43.73633,170.0977,"Aoraki Mount Cook National Park",2328,NA,0,"Canterbury",1010,1.1,10.05,7.3
"24564","20190419:0000",-43.73633,170.0977,"Aoraki Mount Cook National Park",2328,NA,0,"Canterbury",1010,5.4,12.2,7.3
"24565","20190420:0000",-43.73633,170.0977,"Aoraki Mount Cook National Park",2328,NA,0,"Canterbury",1010,7.2,9.8,0
"24566","20190421:0000",-43.73633,170.0977,"Aoraki Mount Cook National Park",2328,NA,0,"Canterbury",1010,6.8,5.55,0
"24567","20190422:0000",-43.73633,170.0977,"Aoraki Mount Cook National Park",2328,NA,0,"Canterbury",1010,2.9,8.1,6.9
"24568","20190423:0000",-43.73633,170.0977,"Aoraki Mount Cook National Park",2328,NA,0,"Canterbury",1010,4,8.7,6
"24569","20190424:0000",-43.73633,170.0977,"Aoraki Mount Cook National Park",2328,NA,0,"Canterbury",1010,2.5,9.55,7.1
"24570","20190425:0000",-43.73633,170.0977,"Aoraki Mount Cook National Park",2328,NA,0,"Canterbury",1010,3.2,10.3,5.1
"24571","20190426:0000",-43.73633,170.0977,"Aoraki Mount Cook National Park",2328,NA,0,"Canterbury",1010,17.6,12.1,5.7
"24572","20190427:0000",-43.73633,170.0977,"Aoraki Mount Cook National Park",2328,NA,0,"Canterbury",1010,11.2,9.7,0
"24573","20190428:0000",-43.73633,170.0977,"Aoraki Mount Cook National Park",2328,NA,0,"Canterbury",1010,16.9,7.65,0.8
"24574","20190429:0000",-43.73633,170.0977,"Aoraki Mount Cook National Park",2328,NA,0,"Canterbury",1010,2.5,5,0
"24575","20190430:0000",-43.73633,170.0977,"Aoraki Mount Cook National Park",2328,NA,0,"Canterbury",1010,3.6,4.55,6.9
"24576","20190501:0000",-43.73633,170.0977,"Aoraki Mount Cook National Park",2328,NA,0,"Canterbury",1010,3.2,7.55,6.8
"24577","20190502:0000",-43.73633,170.0977,"Aoraki Mount Cook National Park",2328,NA,0,"Canterbury",1010,4,10.8,5.5
"24578","20190503:0000",-43.73633,170.0977,"Aoraki Mount Cook National Park",2328,NA,0,"Canterbury",1010,4,11.85,6.8
"24579","20190504:0000",-43.73633,170.0977,"Aoraki Mount Cook National Park",2328,NA,0,"Canterbury",1010,10.1,11.25,1.1
"24580","20190505:0000",-43.73633,170.0977,"Aoraki Mount Cook National Park",2328,NA,0,"Canterbury",1010,7.6,13.75,0
"24581","20190506:0000",-43.73633,170.0977,"Aoraki Mount Cook National Park",2328,NA,0,"Canterbury",1010,1.1,8.45,4.4
"24582","20190507:0000",-43.73633,170.0977,"Aoraki Mount Cook National Park",2328,NA,0,"Canterbury",1010,2.5,7.8,3.2
"24583","20190508:0000",-43.73633,170.0977,"Aoraki Mount Cook National Park",2328,NA,0,"Canterbury",1010,3.6,7.25,0
"24584","20190509:0000",-43.73633,170.0977,"Aoraki Mount Cook National Park",2328,NA,0,"Canterbury",1010,5.8,8.55,0
"24585","20190510:0000",-43.73633,170.0977,"Aoraki Mount Cook National Park",2328,NA,0,"Canterbury",1010,2.9,10.05,6.4
"24586","20190511:0000",-43.73633,170.0977,"Aoraki Mount Cook National Park",2328,NA,0,"Canterbury",1010,2.5,11.2,5.5
"24587","20190512:0000",-43.73633,170.0977,"Aoraki Mount Cook National Park",2328,NA,0,"Canterbury",1010,4.3,8.15,0
"24588","20190513:0000",-43.73633,170.0977,"Aoraki Mount Cook National Park",2328,NA,0,"Canterbury",1010,4,6.55,6.3
"24589","20190514:0000",-43.73633,170.0977,"Aoraki Mount Cook National Park",2328,NA,0,"Canterbury",1010,25.2,5.1,0
"24590","20190515:0000",-43.73633,170.0977,"Aoraki Mount Cook National Park",2328,NA,0,"Canterbury",1010,29.5,8.1,0
"24591","20190516:0000",-43.73633,170.0977,"Aoraki Mount Cook National Park",2328,NA,0,"Canterbury",1010,23,7.45,0
"24592","20190517:0000",-43.73633,170.0977,"Aoraki Mount Cook National Park",2328,NA,0,"Canterbury",1010,2.5,5,5.7
"24593","20190518:0000",-43.73633,170.0977,"Aoraki Mount Cook National Park",2328,NA,0,"Canterbury",1010,15.8,5.1,0
"24594","20190519:0000",-43.73633,170.0977,"Aoraki Mount Cook National Park",2328,NA,0,"Canterbury",1010,5.4,9.5,5.6
"24595","20190520:0000",-43.73633,170.0977,"Aoraki Mount Cook National Park",2328,NA,0,"Canterbury",1010,2.9,10.5,5.5
"24596","20190521:0000",-43.73633,170.0977,"Aoraki Mount Cook National Park",2328,NA,0,"Canterbury",1010,2.9,8.5,5.4
"24597","20190522:0000",-43.73633,170.0977,"Aoraki Mount Cook National Park",2328,NA,0,"Canterbury",1010,29.5,8.5,0.1
"24598","20190523:0000",-43.73633,170.0977,"Aoraki Mount Cook National Park",2328,NA,0,"Canterbury",1010,2.5,8.8,5.2
"24599","20190524:0000",-43.73633,170.0977,"Aoraki Mount Cook National Park",2328,NA,0,"Canterbury",1010,3.6,8.25,5.1
"24600","20190525:0000",-43.73633,170.0977,"Aoraki Mount Cook National Park",2328,NA,0,"Canterbury",1010,16.6,6.55,0.6
"24601","20190526:0000",-43.73633,170.0977,"Aoraki Mount Cook National Park",2328,NA,0,"Canterbury",1010,6.5,9.4,0
"24602","20190527:0000",-43.73633,170.0977,"Aoraki Mount Cook National Park",2328,NA,0,"Canterbury",1010,9.4,9.35,0
"24603","20190528:0000",-43.73633,170.0977,"Aoraki Mount Cook National Park",2328,NA,0,"Canterbury",1010,4.7,9.8,0
"24604","20190529:0000",-43.73633,170.0977,"Aoraki Mount Cook National Park",2328,NA,0,"Canterbury",1010,9,7.45,0
"24605","20190530:0000",-43.73633,170.0977,"Aoraki Mount Cook National Park",2328,NA,0,"Canterbury",1010,11.5,7.45,0
"24606","20190531:0000",-43.73633,170.0977,"Aoraki Mount Cook National Park",2328,NA,0,"Canterbury",1010,5.8,3.1,1
"24607","20190601:0000",-43.73633,170.0977,"Aoraki Mount Cook National Park",2328,NA,0,"Canterbury",1010,16.2,1.05,0
"24608","20190602:0000",-43.73633,170.0977,"Aoraki Mount Cook National Park",2328,NA,0,"Canterbury",1010,2.9,2.1,3
"24609","20190603:0000",-43.73633,170.0977,"Aoraki Mount Cook National Park",2328,NA,0,"Canterbury",1010,2.9,2.4,4.7
"24610","20190604:0000",-43.73633,170.0977,"Aoraki Mount Cook National Park",2328,NA,0,"Canterbury",1010,6.8,2.45,3.4
"24611","20190605:0000",-43.73633,170.0977,"Aoraki Mount Cook National Park",2328,NA,0,"Canterbury",1010,3.6,1.9,4.9
"24612","20190606:0000",-43.73633,170.0977,"Aoraki Mount Cook National Park",2328,NA,0,"Canterbury",1010,7.6,0.8,0
"24613","20190607:0000",-43.73633,170.0977,"Aoraki Mount Cook National Park",2328,NA,0,"Canterbury",1010,4.3,6.3,1.6
"24614","20190608:0000",-43.73633,170.0977,"Aoraki Mount Cook National Park",2328,NA,0,"Canterbury",1010,7.2,5.35,4.6
"24615","20190609:0000",-43.73633,170.0977,"Aoraki Mount Cook National Park",2328,NA,0,"Canterbury",1010,5,7.5,4
"24616","20190610:0000",-43.73633,170.0977,"Aoraki Mount Cook National Park",2328,NA,0,"Canterbury",1010,10.1,9.45,4.2
"24617","20190611:0000",-43.73633,170.0977,"Aoraki Mount Cook National Park",2328,NA,0,"Canterbury",1010,11.9,8.45,0.6
"24618","20190612:0000",-43.73633,170.0977,"Aoraki Mount Cook National Park",2328,NA,0,"Canterbury",1010,1.1,6.45,0
"24619","20190613:0000",-43.73633,170.0977,"Aoraki Mount Cook National Park",2328,NA,0,"Canterbury",1010,2.9,4.25,0
"24620","20190614:0000",-43.73633,170.0977,"Aoraki Mount Cook National Park",2328,NA,0,"Canterbury",1010,3.2,6.95,2
"24621","20190615:0000",-43.73633,170.0977,"Aoraki Mount Cook National Park",2328,NA,0,"Canterbury",1010,2.2,5.1,0
"24622","20190616:0000",-43.73633,170.0977,"Aoraki Mount Cook National Park",2328,NA,0,"Canterbury",1010,27.4,5.1,1.6
"24623","20190617:0000",-43.73633,170.0977,"Aoraki Mount Cook National Park",2328,NA,0,"Canterbury",1010,3.2,4.3,3.7
"24624","20190618:0000",-43.73633,170.0977,"Aoraki Mount Cook National Park",2328,NA,0,"Canterbury",1010,2.5,3,4.8
"24625","20190619:0000",-43.73633,170.0977,"Aoraki Mount Cook National Park",2328,NA,0,"Canterbury",1010,1.8,3,4.8
"24626","20190620:0000",-43.73633,170.0977,"Aoraki Mount Cook National Park",2328,NA,0,"Canterbury",1010,2.5,2.05,0.7
"24627","20190621:0000",-43.73633,170.0977,"Aoraki Mount Cook National Park",2328,NA,0,"Canterbury",1010,21.6,3.85,2.7
"24628","20190622:0000",-43.73633,170.0977,"Aoraki Mount Cook National Park",2328,NA,0,"Canterbury",1010,4.7,4.75,1.6
"24629","20190623:0000",-43.73633,170.0977,"Aoraki Mount Cook National Park",2328,NA,0,"Canterbury",1010,1.4,4.9,4.8
"24630","20190624:0000",-43.73633,170.0977,"Aoraki Mount Cook National Park",2328,NA,0,"Canterbury",1010,2.9,2.55,4.8
"24631","20190625:0000",-43.73633,170.0977,"Aoraki Mount Cook National Park",2328,NA,0,"Canterbury",1010,4.7,3.95,4.8
"24632","20190626:0000",-43.73633,170.0977,"Aoraki Mount Cook National Park",2328,NA,0,"Canterbury",1010,4.3,2.85,4.8
"24633","20190627:0000",-43.73633,170.0977,"Aoraki Mount Cook National Park",2328,NA,0,"Canterbury",1010,4,3.7,4.8
"24634","20190628:0000",-43.73633,170.0977,"Aoraki Mount Cook National Park",2328,NA,0,"Canterbury",1010,3.6,3.6,4.8
"24635","20190629:0000",-43.73633,170.0977,"Aoraki Mount Cook National Park",2328,NA,0,"Canterbury",1010,9.7,5,4
"24636","20190630:0000",-43.73633,170.0977,"Aoraki Mount Cook National Park",2328,NA,0,"Canterbury",1010,3.2,5.5,3.6
"24637","20190701:0000",-43.73633,170.0977,"Aoraki Mount Cook National Park",2328,NA,0,"Canterbury",1010,22.7,6.7,1.1
"24638","20190702:0000",-43.73633,170.0977,"Aoraki Mount Cook National Park",2328,NA,0,"Canterbury",1010,8.3,10.05,0
"24639","20190703:0000",-43.73633,170.0977,"Aoraki Mount Cook National Park",2328,NA,0,"Canterbury",1010,6.5,8.2,0
"24640","20190704:0000",-43.73633,170.0977,"Aoraki Mount Cook National Park",2328,NA,0,"Canterbury",1010,5,5.55,4.9
"24641","20190705:0000",-43.73633,170.0977,"Aoraki Mount Cook National Park",2328,NA,0,"Canterbury",1010,3.2,2.35,3.3
"24642","20190706:0000",-43.73633,170.0977,"Aoraki Mount Cook National Park",2328,NA,0,"Canterbury",1010,2.5,3.45,2.8
"24643","20190707:0000",-43.73633,170.0977,"Aoraki Mount Cook National Park",2328,NA,0,"Canterbury",1010,4.3,3.8,3.8
"24644","20190708:0000",-43.73633,170.0977,"Aoraki Mount Cook National Park",2328,NA,0,"Canterbury",1010,2.9,3.85,4.9
"24645","20190709:0000",-43.73633,170.0977,"Aoraki Mount Cook National Park",2328,NA,0,"Canterbury",1010,27,4.8,1.7
"24646","20190710:0000",-43.73633,170.0977,"Aoraki Mount Cook National Park",2328,NA,0,"Canterbury",1010,5,6.7,0
"24647","20190711:0000",-43.73633,170.0977,"Aoraki Mount Cook National Park",2328,NA,0,"Canterbury",1010,7.2,6.75,0
"24648","20190712:0000",-43.73633,170.0977,"Aoraki Mount Cook National Park",2328,NA,0,"Canterbury",1010,5.4,6.25,0
"24649","20190713:0000",-43.73633,170.0977,"Aoraki Mount Cook National Park",2328,NA,0,"Canterbury",1010,10.1,6.2,0
"24650","20190714:0000",-43.73633,170.0977,"Aoraki Mount Cook National Park",2328,NA,0,"Canterbury",1010,6.5,4.65,0
"24651","20190715:0000",-43.73633,170.0977,"Aoraki Mount Cook National Park",2328,NA,0,"Canterbury",1010,19.1,4.55,0.7
"24652","20190716:0000",-43.73633,170.0977,"Aoraki Mount Cook National Park",2328,NA,0,"Canterbury",1010,1.1,2.1,0.1
"24653","20190717:0000",-43.73633,170.0977,"Aoraki Mount Cook National Park",2328,NA,0,"Canterbury",1010,2.9,3,2.9
"24654","20190718:0000",-43.73633,170.0977,"Aoraki Mount Cook National Park",2328,NA,0,"Canterbury",1010,25.2,3.85,1.7
"24655","20190719:0000",-43.73633,170.0977,"Aoraki Mount Cook National Park",2328,NA,0,"Canterbury",1010,3.2,4.3,0
"24656","20190720:0000",-43.73633,170.0977,"Aoraki Mount Cook National Park",2328,NA,0,"Canterbury",1010,1.1,3.7,0
"24657","20190721:0000",-43.73633,170.0977,"Aoraki Mount Cook National Park",2328,NA,0,"Canterbury",1010,7.9,4.9,0
"24658","20190722:0000",-43.73633,170.0977,"Aoraki Mount Cook National Park",2328,NA,0,"Canterbury",1010,2.9,4.8,5.2
"24659","20190723:0000",-43.73633,170.0977,"Aoraki Mount Cook National Park",2328,NA,0,"Canterbury",1010,2.9,3.95,4.7
"24660","20190724:0000",-43.73633,170.0977,"Aoraki Mount Cook National Park",2328,NA,0,"Canterbury",1010,1.8,2.8,4.2
"24661","20190725:0000",-43.73633,170.0977,"Aoraki Mount Cook National Park",2328,NA,0,"Canterbury",1010,4.7,2.45,2.3
"24662","20190726:0000",-43.73633,170.0977,"Aoraki Mount Cook National Park",2328,NA,0,"Canterbury",1010,2.2,4.1,5.6
"24663","20190727:0000",-43.73633,170.0977,"Aoraki Mount Cook National Park",2328,NA,0,"Canterbury",1010,4,6.4,0.1
"24664","20190728:0000",-43.73633,170.0977,"Aoraki Mount Cook National Park",2328,NA,0,"Canterbury",1010,18,8.05,0
"24665","20190729:0000",-43.73633,170.0977,"Aoraki Mount Cook National Park",2328,NA,0,"Canterbury",1010,4,8,0
"24666","20190730:0000",-43.73633,170.0977,"Aoraki Mount Cook National Park",2328,NA,0,"Canterbury",1010,5,6.4,2.4
"24667","20190731:0000",-43.73633,170.0977,"Aoraki Mount Cook National Park",2328,NA,0,"Canterbury",1010,10.1,2.95,2.6
"24668","20190801:0000",-43.73633,170.0977,"Aoraki Mount Cook National Park",2328,NA,0,"Canterbury",1010,3.6,1.85,6.3
"24669","20190802:0000",-43.73633,170.0977,"Aoraki Mount Cook National Park",2328,NA,0,"Canterbury",1010,5,1.05,0.1
"24670","20190803:0000",-43.73633,170.0977,"Aoraki Mount Cook National Park",2328,NA,0,"Canterbury",1010,4.3,2.7,0.7
"24671","20190804:0000",-43.73633,170.0977,"Aoraki Mount Cook National Park",2328,NA,0,"Canterbury",1010,4.3,-0.75,0
"24672","20190805:0000",-43.73633,170.0977,"Aoraki Mount Cook National Park",2328,NA,0,"Canterbury",1010,4.7,0.2,6.3
"24673","20190806:0000",-43.73633,170.0977,"Aoraki Mount Cook National Park",2328,NA,0,"Canterbury",1010,15.1,1.6,6.1
"24674","20190807:0000",-43.73633,170.0977,"Aoraki Mount Cook National Park",2328,NA,0,"Canterbury",1010,11.2,7.85,5
"24675","20190808:0000",-43.73633,170.0977,"Aoraki Mount Cook National Park",2328,NA,0,"Canterbury",1010,7.9,6.6,0
"24676","20190809:0000",-43.73633,170.0977,"Aoraki Mount Cook National Park",2328,NA,0,"Canterbury",1010,4.7,8.15,6.7
"24677","20190810:0000",-43.73633,170.0977,"Aoraki Mount Cook National Park",2328,NA,0,"Canterbury",1010,2.2,0.35,0
"24678","20190811:0000",-43.73633,170.0977,"Aoraki Mount Cook National Park",2328,NA,0,"Canterbury",1010,0,1.05,2.9
"24679","20190812:0000",-43.73633,170.0977,"Aoraki Mount Cook National Park",2328,NA,0,"Canterbury",1010,2.5,1.95,6.8
"24680","20190813:0000",-43.73633,170.0977,"Aoraki Mount Cook National Park",2328,NA,0,"Canterbury",1010,21.2,1.8,0.2
"24681","20190814:0000",-43.73633,170.0977,"Aoraki Mount Cook National Park",2328,NA,0,"Canterbury",1010,4,3,6.9
"24682","20190815:0000",-43.73633,170.0977,"Aoraki Mount Cook National Park",2328,NA,0,"Canterbury",1010,2.9,2.9,6.6
"24683","20190816:0000",-43.73633,170.0977,"Aoraki Mount Cook National Park",2328,NA,0,"Canterbury",1010,15.1,3.45,0.5
"24684","20190817:0000",-43.73633,170.0977,"Aoraki Mount Cook National Park",2328,NA,0,"Canterbury",1010,8.6,2.65,0
"24685","20190818:0000",-43.73633,170.0977,"Aoraki Mount Cook National Park",2328,NA,0,"Canterbury",1010,2.5,1.35,7
"24686","20190819:0000",-43.73633,170.0977,"Aoraki Mount Cook National Park",2328,NA,0,"Canterbury",1010,3.6,4.2,7.1
"24687","20190820:0000",-43.73633,170.0977,"Aoraki Mount Cook National Park",2328,NA,0,"Canterbury",1010,29.9,1.8,0
"24688","20190821:0000",-43.73633,170.0977,"Aoraki Mount Cook National Park",2328,NA,0,"Canterbury",1010,4,4,4.3
"24689","20190822:0000",-43.73633,170.0977,"Aoraki Mount Cook National Park",2328,NA,0,"Canterbury",1010,5.8,3.5,2.1
"24690","20190823:0000",-43.73633,170.0977,"Aoraki Mount Cook National Park",2328,NA,0,"Canterbury",1010,3.2,5.55,6.2
"24691","20190824:0000",-43.73633,170.0977,"Aoraki Mount Cook National Park",2328,NA,0,"Canterbury",1010,4,6.65,7.2
"24692","20190825:0000",-43.73633,170.0977,"Aoraki Mount Cook National Park",2328,NA,0,"Canterbury",1010,20.9,6.8,2.8
"24693","20190826:0000",-43.73633,170.0977,"Aoraki Mount Cook National Park",2328,NA,0,"Canterbury",1010,5.4,5.65,1.8
"24694","20190827:0000",-43.73633,170.0977,"Aoraki Mount Cook National Park",2328,NA,0,"Canterbury",1010,2.2,5.3,5.9
"24695","20190828:0000",-43.73633,170.0977,"Aoraki Mount Cook National Park",2328,NA,0,"Canterbury",1010,23,7.15,4.6
"24696","20190829:0000",-43.73633,170.0977,"Aoraki Mount Cook National Park",2328,NA,0,"Canterbury",1010,7.9,5.7,0
"24697","20190830:0000",-43.73633,170.0977,"Aoraki Mount Cook National Park",2328,NA,0,"Canterbury",1010,3.6,5.9,7.4
"24698","20190831:0000",-43.73633,170.0977,"Aoraki Mount Cook National Park",2328,NA,0,"Canterbury",1010,4.3,9,7.5
"24699","20190901:0000",-43.73633,170.0977,"Aoraki Mount Cook National Park",2328,NA,0,"Canterbury",1010,18.4,11.45,7.6
"24700","20190902:0000",-43.73633,170.0977,"Aoraki Mount Cook National Park",2328,NA,0,"Canterbury",1010,2.9,9.1,7.7
"24701","20190903:0000",-43.73633,170.0977,"Aoraki Mount Cook National Park",2328,NA,0,"Canterbury",1010,2.5,7.45,7.7
"24702","20190904:0000",-43.73633,170.0977,"Aoraki Mount Cook National Park",2328,NA,0,"Canterbury",1010,1.8,5,0.5
"24703","20190905:0000",-43.73633,170.0977,"Aoraki Mount Cook National Park",2328,NA,0,"Canterbury",1010,1.1,5.75,0
"24704","20190906:0000",-43.73633,170.0977,"Aoraki Mount Cook National Park",2328,NA,0,"Canterbury",1010,6.5,5.4,0
"24705","20190907:0000",-43.73633,170.0977,"Aoraki Mount Cook National Park",2328,NA,0,"Canterbury",1010,2.5,4.9,5.3
"24706","20190908:0000",-43.73633,170.0977,"Aoraki Mount Cook National Park",2328,NA,0,"Canterbury",1010,0.7,1.5,0
"24707","20190909:0000",-43.73633,170.0977,"Aoraki Mount Cook National Park",2328,NA,0,"Canterbury",1010,4.3,2.8,3.3
"24708","20190910:0000",-43.73633,170.0977,"Aoraki Mount Cook National Park",2328,NA,0,"Canterbury",1010,3.2,3.75,8.1
"24709","20190911:0000",-43.73633,170.0977,"Aoraki Mount Cook National Park",2328,NA,0,"Canterbury",1010,6.5,6,6.7
"24710","20190912:0000",-43.73633,170.0977,"Aoraki Mount Cook National Park",2328,NA,0,"Canterbury",1010,40.3,7.5,0.8
"24711","20190913:0000",-43.73633,170.0977,"Aoraki Mount Cook National Park",2328,NA,0,"Canterbury",1010,5,6.9,0
"24712","20190914:0000",-43.73633,170.0977,"Aoraki Mount Cook National Park",2328,NA,0,"Canterbury",1010,2.9,4.2,0.7
"24713","20190915:0000",-43.73633,170.0977,"Aoraki Mount Cook National Park",2328,NA,0,"Canterbury",1010,2.9,5.5,7.6
"24714","20190916:0000",-43.73633,170.0977,"Aoraki Mount Cook National Park",2328,NA,0,"Canterbury",1010,11.9,8.65,2.4
"24715","20190917:0000",-43.73633,170.0977,"Aoraki Mount Cook National Park",2328,NA,0,"Canterbury",1010,12.2,4.55,0.8
"24716","20190918:0000",-43.73633,170.0977,"Aoraki Mount Cook National Park",2328,NA,0,"Canterbury",1010,22,5.35,8.4
"24717","20190919:0000",-43.73633,170.0977,"Aoraki Mount Cook National Park",2328,NA,0,"Canterbury",1010,3.2,7.75,8.7
"24718","20190920:0000",-43.73633,170.0977,"Aoraki Mount Cook National Park",2328,NA,0,"Canterbury",1010,3.6,8.45,8.7
"24719","20190921:0000",-43.73633,170.0977,"Aoraki Mount Cook National Park",2328,NA,0,"Canterbury",1010,4,10.45,8.8
"24720","20190922:0000",-43.73633,170.0977,"Aoraki Mount Cook National Park",2328,NA,0,"Canterbury",1010,3.2,10.85,8.9
"24721","20190923:0000",-43.73633,170.0977,"Aoraki Mount Cook National Park",2328,NA,0,"Canterbury",1010,13.3,9.5,0.1
"24722","20190924:0000",-43.73633,170.0977,"Aoraki Mount Cook National Park",2328,NA,0,"Canterbury",1010,10.4,7,2.4
"24723","20190925:0000",-43.73633,170.0977,"Aoraki Mount Cook National Park",2328,NA,0,"Canterbury",1010,6.8,3.35,0.1
"24724","20190926:0000",-43.73633,170.0977,"Aoraki Mount Cook National Park",2328,NA,0,"Canterbury",1010,11.2,3.3,3
"24725","20190927:0000",-43.73633,170.0977,"Aoraki Mount Cook National Park",2328,NA,0,"Canterbury",1010,4.3,9.8,4.9
"24726","20190928:0000",-43.73633,170.0977,"Aoraki Mount Cook National Park",2328,NA,0,"Canterbury",1010,36,9,0.1
"24727","20190929:0000",-43.73633,170.0977,"Aoraki Mount Cook National Park",2328,NA,0,"Canterbury",1010,18.4,10.15,0
"24728","20190930:0000",-43.73633,170.0977,"Aoraki Mount Cook National Park",2328,NA,0,"Canterbury",1010,8.3,8.85,0.9
"24729","20191001:0000",-43.73633,170.0977,"Aoraki Mount Cook National Park",2328,NA,0,"Canterbury",1010,11.9,4.2,4
"24730","20191002:0000",-43.73633,170.0977,"Aoraki Mount Cook National Park",2328,NA,0,"Canterbury",1010,5.8,4.45,1.5
"24731","20191003:0000",-43.73633,170.0977,"Aoraki Mount Cook National Park",2328,NA,0,"Canterbury",1010,1.8,4.8,5.2
"24732","20191004:0000",-43.73633,170.0977,"Aoraki Mount Cook National Park",2328,NA,0,"Canterbury",1010,4.3,7.8,7.8
"24733","20191005:0000",-43.73633,170.0977,"Aoraki Mount Cook National Park",2328,NA,0,"Canterbury",1010,7.9,5.9,1.5
"24734","20191006:0000",-43.73633,170.0977,"Aoraki Mount Cook National Park",2328,NA,0,"Canterbury",1010,2.5,6.75,9.8
"24735","20191007:0000",-43.73633,170.0977,"Aoraki Mount Cook National Park",2328,NA,0,"Canterbury",1010,21.6,10.3,9.5
"24736","20191008:0000",-43.73633,170.0977,"Aoraki Mount Cook National Park",2328,NA,0,"Canterbury",1010,8.6,11.75,0.1
"24737","20191009:0000",-43.73633,170.0977,"Aoraki Mount Cook National Park",2328,NA,0,"Canterbury",1010,4.7,10.55,0
"24738","20191010:0000",-43.73633,170.0977,"Aoraki Mount Cook National Park",2328,NA,0,"Canterbury",1010,5,12.05,4.4
"24739","20191011:0000",-43.73633,170.0977,"Aoraki Mount Cook National Park",2328,NA,0,"Canterbury",1010,2.5,6.2,0
"24740","20191012:0000",-43.73633,170.0977,"Aoraki Mount Cook National Park",2328,NA,0,"Canterbury",1010,10.1,7.45,2.4
"24741","20191013:0000",-43.73633,170.0977,"Aoraki Mount Cook National Park",2328,NA,0,"Canterbury",1010,2.5,7.1,0.8
"24742","20191014:0000",-43.73633,170.0977,"Aoraki Mount Cook National Park",2328,NA,0,"Canterbury",1010,2.5,7.35,0
"24743","20191015:0000",-43.73633,170.0977,"Aoraki Mount Cook National Park",2328,NA,0,"Canterbury",1010,3.6,9.65,2.9
"24744","20191016:0000",-43.73633,170.0977,"Aoraki Mount Cook National Park",2328,NA,0,"Canterbury",1010,1.4,11,7.2
"24745","20191017:0000",-43.73633,170.0977,"Aoraki Mount Cook National Park",2328,NA,0,"Canterbury",1010,24.1,11.6,2.2
"24746","20191018:0000",-43.73633,170.0977,"Aoraki Mount Cook National Park",2328,NA,0,"Canterbury",1010,2.5,3.45,0
"24747","20191019:0000",-43.73633,170.0977,"Aoraki Mount Cook National Park",2328,NA,0,"Canterbury",1010,4.7,6.6,8.9
"24748","20191020:0000",-43.73633,170.0977,"Aoraki Mount Cook National Park",2328,NA,0,"Canterbury",1010,11.5,8.05,1.4
"24749","20191021:0000",-43.73633,170.0977,"Aoraki Mount Cook National Park",2328,NA,0,"Canterbury",1010,9,6.9,3
"24750","20191022:0000",-43.73633,170.0977,"Aoraki Mount Cook National Park",2328,NA,0,"Canterbury",1010,14.4,4.8,1.1
"24751","20191023:0000",-43.73633,170.0977,"Aoraki Mount Cook National Park",2328,NA,0,"Canterbury",1010,5,5.15,8.5
"24752","20191024:0000",-43.73633,170.0977,"Aoraki Mount Cook National Park",2328,NA,0,"Canterbury",1010,25.6,6.8,5
"24753","20191025:0000",-43.73633,170.0977,"Aoraki Mount Cook National Park",2328,NA,0,"Canterbury",1010,5.4,8.9,8.5
"24754","20191026:0000",-43.73633,170.0977,"Aoraki Mount Cook National Park",2328,NA,0,"Canterbury",1010,33.8,14.75,9.6
"24755","20191027:0000",-43.73633,170.0977,"Aoraki Mount Cook National Park",2328,NA,0,"Canterbury",1010,30.2,14.8,3.3
"24756","20191028:0000",-43.73633,170.0977,"Aoraki Mount Cook National Park",2328,NA,0,"Canterbury",1010,10.1,6.7,0.2
"24757","20191029:0000",-43.73633,170.0977,"Aoraki Mount Cook National Park",2328,NA,0,"Canterbury",1010,6.8,6.75,7.4
"24758","20191030:0000",-43.73633,170.0977,"Aoraki Mount Cook National Park",2328,NA,0,"Canterbury",1010,22.3,7.9,2
"24759","20191031:0000",-43.73633,170.0977,"Aoraki Mount Cook National Park",2328,NA,0,"Canterbury",1010,24.1,6.9,4.9
"24760","20191101:0000",-43.73633,170.0977,"Aoraki Mount Cook National Park",2328,NA,0,"Canterbury",1010,5.8,10.3,8.5
"24761","20191102:0000",-43.73633,170.0977,"Aoraki Mount Cook National Park",2328,NA,0,"Canterbury",1010,3.6,18.3,10.3
"24762","20191103:0000",-43.73633,170.0977,"Aoraki Mount Cook National Park",2328,NA,0,"Canterbury",1010,19.1,20.3,10.5
"24763","20191104:0000",-43.73633,170.0977,"Aoraki Mount Cook National Park",2328,NA,0,"Canterbury",1010,4.3,18.4,10.4
"24764","20191105:0000",-43.73633,170.0977,"Aoraki Mount Cook National Park",2328,NA,0,"Canterbury",1010,13,15.75,4.3
"24765","20191106:0000",-43.73633,170.0977,"Aoraki Mount Cook National Park",2328,NA,0,"Canterbury",1010,4.3,10.55,0
"24766","20191107:0000",-43.73633,170.0977,"Aoraki Mount Cook National Park",2328,NA,0,"Canterbury",1010,8.6,13.5,4.1
"24767","20191108:0000",-43.73633,170.0977,"Aoraki Mount Cook National Park",2328,NA,0,"Canterbury",1010,30.6,12.3,4.1
"24768","20191109:0000",-43.73633,170.0977,"Aoraki Mount Cook National Park",2328,NA,0,"Canterbury",1010,16.9,12.2,0
"24769","20191110:0000",-43.73633,170.0977,"Aoraki Mount Cook National Park",2328,NA,0,"Canterbury",1010,6.8,10.05,0.3
"24770","20191111:0000",-43.73633,170.0977,"Aoraki Mount Cook National Park",2328,NA,0,"Canterbury",1010,7.9,6,0.6
"24771","20191112:0000",-43.73633,170.0977,"Aoraki Mount Cook National Park",2328,NA,0,"Canterbury",1010,6.5,9.75,10.6
"24772","20191113:0000",-43.73633,170.0977,"Aoraki Mount Cook National Park",2328,NA,0,"Canterbury",1010,16.6,10,2.9
"24773","20191114:0000",-43.73633,170.0977,"Aoraki Mount Cook National Park",2328,NA,0,"Canterbury",1010,15.1,7.9,1.9
"24774","20191115:0000",-43.73633,170.0977,"Aoraki Mount Cook National Park",2328,NA,0,"Canterbury",1010,25.9,8.55,4.2
"24775","20191116:0000",-43.73633,170.0977,"Aoraki Mount Cook National Park",2328,NA,0,"Canterbury",1010,6.8,8.35,0
"24776","20191117:0000",-43.73633,170.0977,"Aoraki Mount Cook National Park",2328,NA,0,"Canterbury",1010,23.4,8.5,5.4
"24777","20191118:0000",-43.73633,170.0977,"Aoraki Mount Cook National Park",2328,NA,0,"Canterbury",1010,5.4,4.45,0.7
"24778","20191119:0000",-43.73633,170.0977,"Aoraki Mount Cook National Park",2328,NA,0,"Canterbury",1010,13,6.05,0.2
"24779","20191120:0000",-43.73633,170.0977,"Aoraki Mount Cook National Park",2328,NA,0,"Canterbury",1010,17.3,6.65,5.9
"24780","20191121:0000",-43.73633,170.0977,"Aoraki Mount Cook National Park",2328,NA,0,"Canterbury",1010,15.1,11,3.8
"24781","20191122:0000",-43.73633,170.0977,"Aoraki Mount Cook National Park",2328,NA,0,"Canterbury",1010,19.1,16.2,3.3
"24782","20191123:0000",-43.73633,170.0977,"Aoraki Mount Cook National Park",2328,NA,0,"Canterbury",1010,9.7,18.6,2
"24783","20191124:0000",-43.73633,170.0977,"Aoraki Mount Cook National Park",2328,NA,0,"Canterbury",1010,10.4,16.9,9
"24784","20191125:0000",-43.73633,170.0977,"Aoraki Mount Cook National Park",2328,NA,0,"Canterbury",1010,5,12.85,11.4
"24785","20191126:0000",-43.73633,170.0977,"Aoraki Mount Cook National Park",2328,NA,0,"Canterbury",1010,18,16.35,5.6
"24786","20191127:0000",-43.73633,170.0977,"Aoraki Mount Cook National Park",2328,NA,0,"Canterbury",1010,18.4,15.65,0.3
"24787","20191128:0000",-43.73633,170.0977,"Aoraki Mount Cook National Park",2328,NA,0,"Canterbury",1010,7.9,16.6,1.9
"24788","20191129:0000",-43.73633,170.0977,"Aoraki Mount Cook National Park",2328,NA,0,"Canterbury",1010,7.9,17.85,11.5
"24789","20191130:0000",-43.73633,170.0977,"Aoraki Mount Cook National Park",2328,NA,0,"Canterbury",1010,3.2,13.85,7.7
"24790","20191201:0000",-43.73633,170.0977,"Aoraki Mount Cook National Park",2328,NA,0,"Canterbury",1010,34.6,13.7,0.1
"24791","20191202:0000",-43.73633,170.0977,"Aoraki Mount Cook National Park",2328,NA,0,"Canterbury",1010,5.4,13,3.3
"24792","20191203:0000",-43.73633,170.0977,"Aoraki Mount Cook National Park",2328,NA,0,"Canterbury",1010,10.4,10.65,0
"24793","20191204:0000",-43.73633,170.0977,"Aoraki Mount Cook National Park",2328,NA,0,"Canterbury",1010,13,7.05,0
"24794","20191205:0000",-43.73633,170.0977,"Aoraki Mount Cook National Park",2328,NA,0,"Canterbury",1010,4.7,6.65,0
"24795","20191206:0000",-43.73633,170.0977,"Aoraki Mount Cook National Park",2328,NA,0,"Canterbury",1010,7.2,9.2,0
"24796","20191207:0000",-43.73633,170.0977,"Aoraki Mount Cook National Park",2328,NA,0,"Canterbury",1010,10.1,8.15,0
"24797","20191208:0000",-43.73633,170.0977,"Aoraki Mount Cook National Park",2328,NA,0,"Canterbury",1010,6.8,7.4,0
"24798","20191209:0000",-43.73633,170.0977,"Aoraki Mount Cook National Park",2328,NA,0,"Canterbury",1010,5.4,8.65,11.7
"24799","20191210:0000",-43.73633,170.0977,"Aoraki Mount Cook National Park",2328,NA,0,"Canterbury",1010,4.7,12.5,3.8
"24800","20191211:0000",-43.73633,170.0977,"Aoraki Mount Cook National Park",2328,NA,0,"Canterbury",1010,4.7,15.75,6.8
"24801","20191212:0000",-43.73633,170.0977,"Aoraki Mount Cook National Park",2328,NA,0,"Canterbury",1010,8.3,16.7,7.6
"24802","20191213:0000",-43.73633,170.0977,"Aoraki Mount Cook National Park",2328,NA,0,"Canterbury",1010,16.9,13.65,1
"24803","20191214:0000",-43.73633,170.0977,"Aoraki Mount Cook National Park",2328,NA,0,"Canterbury",1010,15.8,11.25,5
"24804","20191215:0000",-43.73633,170.0977,"Aoraki Mount Cook National Park",2328,NA,0,"Canterbury",1010,6.1,12.2,1.3
"24805","20191216:0000",-43.73633,170.0977,"Aoraki Mount Cook National Park",2328,NA,0,"Canterbury",1010,4.7,8.8,2.2
"24806","20191217:0000",-43.73633,170.0977,"Aoraki Mount Cook National Park",2328,NA,0,"Canterbury",1010,4.7,8.2,0
"24807","20191218:0000",-43.73633,170.0977,"Aoraki Mount Cook National Park",2328,NA,0,"Canterbury",1010,4.7,10.2,8.5
"24808","20191219:0000",-43.73633,170.0977,"Aoraki Mount Cook National Park",2328,NA,0,"Canterbury",1010,25.6,11.05,0.8
"24809","20191220:0000",-43.73633,170.0977,"Aoraki Mount Cook National Park",2328,NA,0,"Canterbury",1010,9.7,8.15,1.2
"24810","20191221:0000",-43.73633,170.0977,"Aoraki Mount Cook National Park",2328,NA,0,"Canterbury",1010,5.8,10.4,10.8
"24811","20191222:0000",-43.73633,170.0977,"Aoraki Mount Cook National Park",2328,NA,0,"Canterbury",1010,17.3,14.1,4
"24812","20191223:0000",-43.73633,170.0977,"Aoraki Mount Cook National Park",2328,NA,0,"Canterbury",1010,5.4,12.1,11.6
"24813","20191224:0000",-43.73633,170.0977,"Aoraki Mount Cook National Park",2328,NA,0,"Canterbury",1010,4.3,13.85,8.2
"24814","20191225:0000",-43.73633,170.0977,"Aoraki Mount Cook National Park",2328,NA,0,"Canterbury",1010,10.1,12.6,1.2
"24815","20191226:0000",-43.73633,170.0977,"Aoraki Mount Cook National Park",2328,NA,0,"Canterbury",1010,3.2,12.5,6.2
"24816","20191227:0000",-43.73633,170.0977,"Aoraki Mount Cook National Park",2328,NA,0,"Canterbury",1010,18.4,12.35,1.2
"24817","20191228:0000",-43.73633,170.0977,"Aoraki Mount Cook National Park",2328,NA,0,"Canterbury",1010,10.4,10.6,9.2
"24818","20191229:0000",-43.73633,170.0977,"Aoraki Mount Cook National Park",2328,NA,0,"Canterbury",1010,18,13.5,4.6
"24819","20191230:0000",-43.73633,170.0977,"Aoraki Mount Cook National Park",2328,NA,0,"Canterbury",1010,4.3,16.5,8.4
"24820","20191231:0000",-43.73633,170.0977,"Aoraki Mount Cook National Park",2328,NA,0,"Canterbury",1010,5,18.4,11.8
"24821","20200101:0000",-43.73633,170.0977,"Aoraki Mount Cook National Park",2328,NA,0,"Canterbury",1010,11.9,18.8,0
"24822","20200102:0000",-43.73633,170.0977,"Aoraki Mount Cook National Park",2328,NA,0,"Canterbury",1010,6.5,18.05,3.7
"24823","20200103:0000",-43.73633,170.0977,"Aoraki Mount Cook National Park",2328,NA,0,"Canterbury",1010,17.6,14.8,6.9
"24824","20200104:0000",-43.73633,170.0977,"Aoraki Mount Cook National Park",2328,NA,0,"Canterbury",1010,3.6,10.1,5.9
"24825","20200105:0000",-43.73633,170.0977,"Aoraki Mount Cook National Park",2328,NA,0,"Canterbury",1010,27.7,13.15,5.3
"24826","20200106:0000",-43.73633,170.0977,"Aoraki Mount Cook National Park",2328,NA,0,"Canterbury",1010,10.4,8.95,5.1
"24827","20200107:0000",-43.73633,170.0977,"Aoraki Mount Cook National Park",2328,NA,0,"Canterbury",1010,2.9,9.3,2.7
"24828","20200108:0000",-43.73633,170.0977,"Aoraki Mount Cook National Park",2328,NA,0,"Canterbury",1010,6.1,12.3,2.8
"24829","20200109:0000",-43.73633,170.0977,"Aoraki Mount Cook National Park",2328,NA,0,"Canterbury",1010,16.9,13.7,6.8
"24830","20200110:0000",-43.73633,170.0977,"Aoraki Mount Cook National Park",2328,NA,0,"Canterbury",1010,3.6,13.5,2.8
"24831","20200111:0000",-43.73633,170.0977,"Aoraki Mount Cook National Park",2328,NA,0,"Canterbury",1010,18,13.75,1.4
"24832","20200112:0000",-43.73633,170.0977,"Aoraki Mount Cook National Park",2328,NA,0,"Canterbury",1010,8.3,14.3,3.1
"24833","20200113:0000",-43.73633,170.0977,"Aoraki Mount Cook National Park",2328,NA,0,"Canterbury",1010,9.7,13.05,11.4
"24834","20200114:0000",-43.73633,170.0977,"Aoraki Mount Cook National Park",2328,NA,0,"Canterbury",1010,4.7,13.5,9
"24835","20200115:0000",-43.73633,170.0977,"Aoraki Mount Cook National Park",2328,NA,0,"Canterbury",1010,4.3,14,10.5
"24836","20200116:0000",-43.73633,170.0977,"Aoraki Mount Cook National Park",2328,NA,0,"Canterbury",1010,4.3,15.05,11.5
"24837","20200117:0000",-43.73633,170.0977,"Aoraki Mount Cook National Park",2328,NA,0,"Canterbury",1010,3.6,17.1,11.4
"24838","20200118:0000",-43.73633,170.0977,"Aoraki Mount Cook National Park",2328,NA,0,"Canterbury",1010,4.3,18.1,11.3
"24839","20200119:0000",-43.73633,170.0977,"Aoraki Mount Cook National Park",2328,NA,0,"Canterbury",1010,5.8,17.55,6.3
"24840","20200120:0000",-43.73633,170.0977,"Aoraki Mount Cook National Park",2328,NA,0,"Canterbury",1010,3.2,19.25,10.3
"24841","20200121:0000",-43.73633,170.0977,"Aoraki Mount Cook National Park",2328,NA,0,"Canterbury",1010,3.6,19.7,7.6
"24842","20200122:0000",-43.73633,170.0977,"Aoraki Mount Cook National Park",2328,NA,0,"Canterbury",1010,6.5,20,6.1
"24843","20200123:0000",-43.73633,170.0977,"Aoraki Mount Cook National Park",2328,NA,0,"Canterbury",1010,12.2,22.25,11.2
"24844","20200124:0000",-43.73633,170.0977,"Aoraki Mount Cook National Park",2328,NA,0,"Canterbury",1010,4.3,19.05,11.1
"24845","20200125:0000",-43.73633,170.0977,"Aoraki Mount Cook National Park",2328,NA,0,"Canterbury",1010,10.4,17.85,0.2
"24846","20200126:0000",-43.73633,170.0977,"Aoraki Mount Cook National Park",2328,NA,0,"Canterbury",1010,5.8,19.25,8.4
"24847","20200127:0000",-43.73633,170.0977,"Aoraki Mount Cook National Park",2328,NA,0,"Canterbury",1010,8.6,21.35,5.8
"24848","20200128:0000",-43.73633,170.0977,"Aoraki Mount Cook National Park",2328,NA,0,"Canterbury",1010,16.2,22.3,3.3
"24849","20200129:0000",-43.73633,170.0977,"Aoraki Mount Cook National Park",2328,NA,0,"Canterbury",1010,7.9,16.5,1
"24850","20200130:0000",-43.73633,170.0977,"Aoraki Mount Cook National Park",2328,NA,0,"Canterbury",1010,30.6,15.7,7.6
"24851","20200131:0000",-43.73633,170.0977,"Aoraki Mount Cook National Park",2328,NA,0,"Canterbury",1010,23.4,17.65,9.8
"24852","20200201:0000",-43.73633,170.0977,"Aoraki Mount Cook National Park",2328,NA,0,"Canterbury",1010,18.7,19.85,0.2
"24853","20200202:0000",-43.73633,170.0977,"Aoraki Mount Cook National Park",2328,NA,0,"Canterbury",1010,14.8,18.75,0.3
"24854","20200203:0000",-43.73633,170.0977,"Aoraki Mount Cook National Park",2328,NA,0,"Canterbury",1010,20.9,19.95,5.3
"24855","20200204:0000",-43.73633,170.0977,"Aoraki Mount Cook National Park",2328,NA,0,"Canterbury",1010,16.9,15.2,0
"24856","20200205:0000",-43.73633,170.0977,"Aoraki Mount Cook National Park",2328,NA,0,"Canterbury",1010,3.6,12,8.1
"24857","20200206:0000",-43.73633,170.0977,"Aoraki Mount Cook National Park",2328,NA,0,"Canterbury",1010,14.4,12.9,7.4
"24858","20200207:0000",-43.73633,170.0977,"Aoraki Mount Cook National Park",2328,NA,0,"Canterbury",1010,1.8,13.55,8.6
"24859","20200208:0000",-43.73633,170.0977,"Aoraki Mount Cook National Park",2328,NA,0,"Canterbury",1010,21.6,13.45,6.8
"24860","20200209:0000",-43.73633,170.0977,"Aoraki Mount Cook National Park",2328,NA,0,"Canterbury",1010,6.8,11.8,10.5
"24861","20200210:0000",-43.73633,170.0977,"Aoraki Mount Cook National Park",2328,NA,0,"Canterbury",1010,6.5,17.35,10.5
"24862","20200211:0000",-43.73633,170.0977,"Aoraki Mount Cook National Park",2328,NA,0,"Canterbury",1010,2.5,NA,NA
"24863","20200212:0000",-43.73633,170.0977,"Aoraki Mount Cook National Park",2328,NA,0,"Canterbury",1010,2.2,18.5,8.3
"24864","20200213:0000",-43.73633,170.0977,"Aoraki Mount Cook National Park",2328,NA,0,"Canterbury",1010,2.9,20.95,7.2
"24865","20200214:0000",-43.73633,170.0977,"Aoraki Mount Cook National Park",2328,NA,0,"Canterbury",1010,3.2,15.25,5.9
"24866","20200215:0000",-43.73633,170.0977,"Aoraki Mount Cook National Park",2328,NA,0,"Canterbury",1010,3.2,15.75,4.8
"24867","20200216:0000",-43.73633,170.0977,"Aoraki Mount Cook National Park",2328,NA,0,"Canterbury",1010,11.2,15.5,0.2
"24868","20200217:0000",-43.73633,170.0977,"Aoraki Mount Cook National Park",2328,NA,0,"Canterbury",1010,5,20,7.5
"24869","20200218:0000",-43.73633,170.0977,"Aoraki Mount Cook National Park",2328,NA,0,"Canterbury",1010,3.6,18.55,4.6
"24870","20200219:0000",-43.73633,170.0977,"Aoraki Mount Cook National Park",2328,NA,0,"Canterbury",1010,9,18.45,8.9
"24871","20180101:0000",-43.76507,170.1315,"Aoraki Mount Cook National Park",2328,NA,0,"Canterbury",1010,6.5,17.05,NA
"24872","20180102:0000",-43.76507,170.1315,"Aoraki Mount Cook National Park",2328,NA,0,"Canterbury",1010,11.1,17.6,NA
"24873","20180103:0000",-43.76507,170.1315,"Aoraki Mount Cook National Park",2328,NA,0,"Canterbury",1010,11.5,18.4,NA
"24874","20180104:0000",-43.76507,170.1315,"Aoraki Mount Cook National Park",2328,NA,0,"Canterbury",1010,7,19.5,NA
"24875","20180105:0000",-43.76507,170.1315,"Aoraki Mount Cook National Park",2328,NA,0,"Canterbury",1010,23.1,15.2,NA
"24876","20180106:0000",-43.76507,170.1315,"Aoraki Mount Cook National Park",2328,NA,0,"Canterbury",1010,19.5,12.95,NA
"24877","20180107:0000",-43.76507,170.1315,"Aoraki Mount Cook National Park",2328,NA,0,"Canterbury",1010,9.7,12.15,NA
"24878","20180108:0000",-43.76507,170.1315,"Aoraki Mount Cook National Park",2328,NA,0,"Canterbury",1010,19.8,17.15,NA
"24879","20180109:0000",-43.76507,170.1315,"Aoraki Mount Cook National Park",2328,NA,0,"Canterbury",1010,20.5,20.7,NA
"24880","20180110:0000",-43.76507,170.1315,"Aoraki Mount Cook National Park",2328,NA,0,"Canterbury",1010,5.6,13.75,NA
"24881","20180111:0000",-43.76507,170.1315,"Aoraki Mount Cook National Park",2328,NA,0,"Canterbury",1010,13.2,10.45,NA
"24882","20180112:0000",-43.76507,170.1315,"Aoraki Mount Cook National Park",2328,NA,0,"Canterbury",1010,11.8,11.95,NA
"24883","20180113:0000",-43.76507,170.1315,"Aoraki Mount Cook National Park",2328,NA,0,"Canterbury",1010,9.3,16.85,NA
"24884","20180114:0000",-43.76507,170.1315,"Aoraki Mount Cook National Park",2328,NA,0,"Canterbury",1010,20.7,18.7,NA
"24885","20180115:0000",-43.76507,170.1315,"Aoraki Mount Cook National Park",2328,NA,0,"Canterbury",1010,6.1,19.5,NA
"24886","20180116:0000",-43.76507,170.1315,"Aoraki Mount Cook National Park",2328,NA,0,"Canterbury",1010,22.2,22.8,NA
"24887","20180117:0000",-43.76507,170.1315,"Aoraki Mount Cook National Park",2328,NA,0,"Canterbury",1010,18,17.9,NA
"24888","20180118:0000",-43.76507,170.1315,"Aoraki Mount Cook National Park",2328,NA,0,"Canterbury",1010,10,17.95,NA
"24889","20180119:0000",-43.76507,170.1315,"Aoraki Mount Cook National Park",2328,NA,0,"Canterbury",1010,12.1,17.2,NA
"24890","20180120:0000",-43.76507,170.1315,"Aoraki Mount Cook National Park",2328,NA,0,"Canterbury",1010,27,21.2,NA
"24891","20180121:0000",-43.76507,170.1315,"Aoraki Mount Cook National Park",2328,NA,0,"Canterbury",1010,5.6,20.35,NA
"24892","20180122:0000",-43.76507,170.1315,"Aoraki Mount Cook National Park",2328,NA,0,"Canterbury",1010,24.9,20.85,NA
"24893","20180123:0000",-43.76507,170.1315,"Aoraki Mount Cook National Park",2328,NA,0,"Canterbury",1010,27.4,21.5,NA
"24894","20180124:0000",-43.76507,170.1315,"Aoraki Mount Cook National Park",2328,NA,0,"Canterbury",1010,19.2,21.9,NA
"24895","20180125:0000",-43.76507,170.1315,"Aoraki Mount Cook National Park",2328,NA,0,"Canterbury",1010,20.7,22.85,NA
"24896","20180126:0000",-43.76507,170.1315,"Aoraki Mount Cook National Park",2328,NA,0,"Canterbury",1010,8.4,19.85,NA
"24897","20180127:0000",-43.76507,170.1315,"Aoraki Mount Cook National Park",2328,NA,0,"Canterbury",1010,4,20.6,NA
"24898","20180128:0000",-43.76507,170.1315,"Aoraki Mount Cook National Park",2328,NA,0,"Canterbury",1010,2.8,20.35,NA
"24899","20180129:0000",-43.76507,170.1315,"Aoraki Mount Cook National Park",2328,NA,0,"Canterbury",1010,5.3,21.05,NA
"24900","20180130:0000",-43.76507,170.1315,"Aoraki Mount Cook National Park",2328,NA,0,"Canterbury",1010,21.7,21.7,NA
"24901","20180131:0000",-43.76507,170.1315,"Aoraki Mount Cook National Park",2328,NA,0,"Canterbury",1010,34.8,23.2,NA
"24902","20180201:0000",-43.76507,170.1315,"Aoraki Mount Cook National Park",2328,NA,0,"Canterbury",1010,21.7,17.45,NA
"24903","20180202:0000",-43.76507,170.1315,"Aoraki Mount Cook National Park",2328,NA,0,"Canterbury",1010,19.2,9.15,NA
"24904","20180203:0000",-43.76507,170.1315,"Aoraki Mount Cook National Park",2328,NA,0,"Canterbury",1010,15.3,12.05,NA
"24905","20180204:0000",-43.76507,170.1315,"Aoraki Mount Cook National Park",2328,NA,0,"Canterbury",1010,17.1,12.75,NA
"24906","20180205:0000",-43.76507,170.1315,"Aoraki Mount Cook National Park",2328,NA,0,"Canterbury",1010,39.2,14.1,NA
"24907","20180206:0000",-43.76507,170.1315,"Aoraki Mount Cook National Park",2328,NA,0,"Canterbury",1010,20.6,13.4,NA
"24908","20180207:0000",-43.76507,170.1315,"Aoraki Mount Cook National Park",2328,NA,0,"Canterbury",1010,3.2,11.65,NA
"24909","20180208:0000",-43.76507,170.1315,"Aoraki Mount Cook National Park",2328,NA,0,"Canterbury",1010,5.4,14.25,NA
"24910","20180209:0000",-43.76507,170.1315,"Aoraki Mount Cook National Park",2328,NA,0,"Canterbury",1010,9.9,15.25,NA
"24911","20180210:0000",-43.76507,170.1315,"Aoraki Mount Cook National Park",2328,NA,0,"Canterbury",1010,5.3,17.1,NA
"24912","20180211:0000",-43.76507,170.1315,"Aoraki Mount Cook National Park",2328,NA,0,"Canterbury",1010,8,16.35,NA
"24913","20180212:0000",-43.76507,170.1315,"Aoraki Mount Cook National Park",2328,NA,0,"Canterbury",1010,22.5,18,NA
"24914","20180213:0000",-43.76507,170.1315,"Aoraki Mount Cook National Park",2328,NA,0,"Canterbury",1010,15.6,20.75,NA
"24915","20180214:0000",-43.76507,170.1315,"Aoraki Mount Cook National Park",2328,NA,0,"Canterbury",1010,6.6,15.25,NA
"24916","20180215:0000",-43.76507,170.1315,"Aoraki Mount Cook National Park",2328,NA,0,"Canterbury",1010,27.6,13.95,NA
"24917","20180216:0000",-43.76507,170.1315,"Aoraki Mount Cook National Park",2328,NA,0,"Canterbury",1010,38.8,15.6,NA
"24918","20180217:0000",-43.76507,170.1315,"Aoraki Mount Cook National Park",2328,NA,0,"Canterbury",1010,20.4,16.3,NA
"24919","20180218:0000",-43.76507,170.1315,"Aoraki Mount Cook National Park",2328,NA,0,"Canterbury",1010,25.7,15.95,NA
"24920","20180219:0000",-43.76507,170.1315,"Aoraki Mount Cook National Park",2328,NA,0,"Canterbury",1010,27.7,17.95,NA
"24921","20180220:0000",-43.76507,170.1315,"Aoraki Mount Cook National Park",2328,NA,0,"Canterbury",1010,31.5,8.2,NA
"24922","20180221:0000",-43.76507,170.1315,"Aoraki Mount Cook National Park",2328,NA,0,"Canterbury",1010,11.9,4.85,NA
"24923","20180222:0000",-43.76507,170.1315,"Aoraki Mount Cook National Park",2328,NA,0,"Canterbury",1010,3.6,10.4,NA
"24924","20180223:0000",-43.76507,170.1315,"Aoraki Mount Cook National Park",2328,NA,0,"Canterbury",1010,5.9,12.6,NA
"24925","20180224:0000",-43.76507,170.1315,"Aoraki Mount Cook National Park",2328,NA,0,"Canterbury",1010,9.9,13.55,NA
"24926","20180225:0000",-43.76507,170.1315,"Aoraki Mount Cook National Park",2328,NA,0,"Canterbury",1010,45,15,NA
"24927","20180226:0000",-43.76507,170.1315,"Aoraki Mount Cook National Park",2328,NA,0,"Canterbury",1010,10.7,13.15,NA
"24928","20180227:0000",-43.76507,170.1315,"Aoraki Mount Cook National Park",2328,NA,0,"Canterbury",1010,NA,8.35,NA
"24929","20180228:0000",-43.76507,170.1315,"Aoraki Mount Cook National Park",2328,NA,0,"Canterbury",1010,3.4,14.45,NA
"24930","20180301:0000",-43.76507,170.1315,"Aoraki Mount Cook National Park",2328,NA,0,"Canterbury",1010,15.7,16.85,NA
"24931","20180302:0000",-43.76507,170.1315,"Aoraki Mount Cook National Park",2328,NA,0,"Canterbury",1010,5.4,17.45,NA
"24932","20180303:0000",-43.76507,170.1315,"Aoraki Mount Cook National Park",2328,NA,0,"Canterbury",1010,10.8,19.15,NA
"24933","20180304:0000",-43.76507,170.1315,"Aoraki Mount Cook National Park",2328,NA,0,"Canterbury",1010,19.8,20.05,NA
"24934","20180305:0000",-43.76507,170.1315,"Aoraki Mount Cook National Park",2328,NA,0,"Canterbury",1010,9.1,17.5,NA
"24935","20180306:0000",-43.76507,170.1315,"Aoraki Mount Cook National Park",2328,NA,0,"Canterbury",1010,7,12.95,NA
"24936","20180307:0000",-43.76507,170.1315,"Aoraki Mount Cook National Park",2328,NA,0,"Canterbury",1010,5,9.75,NA
"24937","20180308:0000",-43.76507,170.1315,"Aoraki Mount Cook National Park",2328,NA,0,"Canterbury",1010,6.3,11.3,NA
"24938","20180309:0000",-43.76507,170.1315,"Aoraki Mount Cook National Park",2328,NA,0,"Canterbury",1010,20.3,10.35,NA
"24939","20180310:0000",-43.76507,170.1315,"Aoraki Mount Cook National Park",2328,NA,0,"Canterbury",1010,4.4,13.45,NA
"24940","20180311:0000",-43.76507,170.1315,"Aoraki Mount Cook National Park",2328,NA,0,"Canterbury",1010,8.6,13.85,NA
"24941","20180312:0000",-43.76507,170.1315,"Aoraki Mount Cook National Park",2328,NA,0,"Canterbury",1010,9.7,15.05,NA
"24942","20180313:0000",-43.76507,170.1315,"Aoraki Mount Cook National Park",2328,NA,0,"Canterbury",1010,27.2,13.25,NA
"24943","20180314:0000",-43.76507,170.1315,"Aoraki Mount Cook National Park",2328,NA,0,"Canterbury",1010,35.3,13.5,NA
"24944","20180315:0000",-43.76507,170.1315,"Aoraki Mount Cook National Park",2328,NA,0,"Canterbury",1010,21.4,15.9,NA
"24945","20180316:0000",-43.76507,170.1315,"Aoraki Mount Cook National Park",2328,NA,0,"Canterbury",1010,45.4,16.4,NA
"24946","20180317:0000",-43.76507,170.1315,"Aoraki Mount Cook National Park",2328,NA,0,"Canterbury",1010,8.1,9.8,NA
"24947","20180318:0000",-43.76507,170.1315,"Aoraki Mount Cook National Park",2328,NA,0,"Canterbury",1010,3,10,NA
"24948","20180319:0000",-43.76507,170.1315,"Aoraki Mount Cook National Park",2328,NA,0,"Canterbury",1010,30.8,13.9,NA
"24949","20180320:0000",-43.76507,170.1315,"Aoraki Mount Cook National Park",2328,NA,0,"Canterbury",1010,20.9,18.3,NA
"24950","20180321:0000",-43.76507,170.1315,"Aoraki Mount Cook National Park",2328,NA,0,"Canterbury",1010,22.8,15.25,NA
"24951","20180322:0000",-43.76507,170.1315,"Aoraki Mount Cook National Park",2328,NA,0,"Canterbury",1010,24.6,6,NA
"24952","20180323:0000",-43.76507,170.1315,"Aoraki Mount Cook National Park",2328,NA,0,"Canterbury",1010,3.8,5.85,NA
"24953","20180324:0000",-43.76507,170.1315,"Aoraki Mount Cook National Park",2328,NA,0,"Canterbury",1010,7.7,6.7,NA
"24954","20180325:0000",-43.76507,170.1315,"Aoraki Mount Cook National Park",2328,NA,0,"Canterbury",1010,17.9,11.15,NA
"24955","20180326:0000",-43.76507,170.1315,"Aoraki Mount Cook National Park",2328,NA,0,"Canterbury",1010,25.2,14.65,NA
"24956","20180327:0000",-43.76507,170.1315,"Aoraki Mount Cook National Park",2328,NA,0,"Canterbury",1010,31.8,17.2,NA
"24957","20180328:0000",-43.76507,170.1315,"Aoraki Mount Cook National Park",2328,NA,0,"Canterbury",1010,15.1,13.4,NA
"24958","20180329:0000",-43.76507,170.1315,"Aoraki Mount Cook National Park",2328,NA,0,"Canterbury",1010,10.4,13.05,NA
"24959","20180330:0000",-43.76507,170.1315,"Aoraki Mount Cook National Park",2328,NA,0,"Canterbury",1010,8,13.6,NA
"24960","20180331:0000",-43.76507,170.1315,"Aoraki Mount Cook National Park",2328,NA,0,"Canterbury",1010,24,11.9,NA
"24961","20180401:0000",-43.76507,170.1315,"Aoraki Mount Cook National Park",2328,NA,0,"Canterbury",1010,6.5,7.85,NA
"24962","20180402:0000",-43.76507,170.1315,"Aoraki Mount Cook National Park",2328,NA,0,"Canterbury",1010,29,12.6,NA
"24963","20180403:0000",-43.76507,170.1315,"Aoraki Mount Cook National Park",2328,NA,0,"Canterbury",1010,39.7,14.2,NA
"24964","20180404:0000",-43.76507,170.1315,"Aoraki Mount Cook National Park",2328,NA,0,"Canterbury",1010,32.6,14.55,NA
"24965","20180405:0000",-43.76507,170.1315,"Aoraki Mount Cook National Park",2328,NA,0,"Canterbury",1010,10.5,13.6,NA
"24966","20180406:0000",-43.76507,170.1315,"Aoraki Mount Cook National Park",2328,NA,0,"Canterbury",1010,46.3,14.75,NA
"24967","20180407:0000",-43.76507,170.1315,"Aoraki Mount Cook National Park",2328,NA,0,"Canterbury",1010,22,11.05,NA
"24968","20180408:0000",-43.76507,170.1315,"Aoraki Mount Cook National Park",2328,NA,0,"Canterbury",1010,24.1,9.25,NA
"24969","20180409:0000",-43.76507,170.1315,"Aoraki Mount Cook National Park",2328,NA,0,"Canterbury",1010,4.7,7.2,NA
"24970","20180410:0000",-43.76507,170.1315,"Aoraki Mount Cook National Park",2328,NA,0,"Canterbury",1010,31.5,1.55,NA
"24971","20180411:0000",-43.76507,170.1315,"Aoraki Mount Cook National Park",2328,NA,0,"Canterbury",1010,28.5,4.55,NA
"24972","20180412:0000",-43.76507,170.1315,"Aoraki Mount Cook National Park",2328,NA,0,"Canterbury",1010,31.2,3.25,NA
"24973","20180413:0000",-43.76507,170.1315,"Aoraki Mount Cook National Park",2328,NA,0,"Canterbury",1010,10.4,4.1,NA
"24974","20180414:0000",-43.76507,170.1315,"Aoraki Mount Cook National Park",2328,NA,0,"Canterbury",1010,10.5,3.65,NA
"24975","20180415:0000",-43.76507,170.1315,"Aoraki Mount Cook National Park",2328,NA,0,"Canterbury",1010,7.2,6.45,NA
"24976","20180416:0000",-43.76507,170.1315,"Aoraki Mount Cook National Park",2328,NA,0,"Canterbury",1010,31,8.15,NA
"24977","20180417:0000",-43.76507,170.1315,"Aoraki Mount Cook National Park",2328,NA,0,"Canterbury",1010,33.3,8,NA
"24978","20180418:0000",-43.76507,170.1315,"Aoraki Mount Cook National Park",2328,NA,0,"Canterbury",1010,16.3,6.85,NA
"24979","20180419:0000",-43.76507,170.1315,"Aoraki Mount Cook National Park",2328,NA,0,"Canterbury",1010,31.1,10.3,NA
"24980","20180420:0000",-43.76507,170.1315,"Aoraki Mount Cook National Park",2328,NA,0,"Canterbury",1010,51.9,10.7,NA
"24981","20180421:0000",-43.76507,170.1315,"Aoraki Mount Cook National Park",2328,NA,0,"Canterbury",1010,36.6,NA,NA
"24982","20180422:0000",-43.76507,170.1315,"Aoraki Mount Cook National Park",2328,NA,0,"Canterbury",1010,NA,NA,NA
"24983","20180423:0000",-43.76507,170.1315,"Aoraki Mount Cook National Park",2328,NA,0,"Canterbury",1010,14.8,NA,NA
"24984","20180424:0000",-43.76507,170.1315,"Aoraki Mount Cook National Park",2328,NA,0,"Canterbury",1010,29.2,10.75,NA
"24985","20180425:0000",-43.76507,170.1315,"Aoraki Mount Cook National Park",2328,NA,0,"Canterbury",1010,8.7,9,NA
"24986","20180426:0000",-43.76507,170.1315,"Aoraki Mount Cook National Park",2328,NA,0,"Canterbury",1010,5.2,12.15,NA
"24987","20180427:0000",-43.76507,170.1315,"Aoraki Mount Cook National Park",2328,NA,0,"Canterbury",1010,28.4,12,NA
"24988","20180428:0000",-43.76507,170.1315,"Aoraki Mount Cook National Park",2328,NA,0,"Canterbury",1010,17.6,4.8,NA
"24989","20180429:0000",-43.76507,170.1315,"Aoraki Mount Cook National Park",2328,NA,0,"Canterbury",1010,13.4,2.45,NA
"24990","20180430:0000",-43.76507,170.1315,"Aoraki Mount Cook National Park",2328,NA,0,"Canterbury",1010,7.1,4.25,NA
"24991","20180501:0000",-43.76507,170.1315,"Aoraki Mount Cook National Park",2328,NA,0,"Canterbury",1010,10.8,5.7,NA
"24992","20180502:0000",-43.76507,170.1315,"Aoraki Mount Cook National Park",2328,NA,0,"Canterbury",1010,4.5,8.05,NA
"24993","20180503:0000",-43.76507,170.1315,"Aoraki Mount Cook National Park",2328,NA,0,"Canterbury",1010,14.4,7.1,NA
"24994","20180504:0000",-43.76507,170.1315,"Aoraki Mount Cook National Park",2328,NA,0,"Canterbury",1010,13.1,7.95,NA
"24995","20180505:0000",-43.76507,170.1315,"Aoraki Mount Cook National Park",2328,NA,0,"Canterbury",1010,28.8,8.5,NA
"24996","20180506:0000",-43.76507,170.1315,"Aoraki Mount Cook National Park",2328,NA,0,"Canterbury",1010,25.4,10.25,NA
"24997","20180507:0000",-43.76507,170.1315,"Aoraki Mount Cook National Park",2328,NA,0,"Canterbury",1010,25.7,9.65,NA
"24998","20180508:0000",-43.76507,170.1315,"Aoraki Mount Cook National Park",2328,NA,0,"Canterbury",1010,37.8,11.45,NA
"24999","20180509:0000",-43.76507,170.1315,"Aoraki Mount Cook National Park",2328,NA,0,"Canterbury",1010,29.9,13.2,NA
"25000","20180510:0000",-43.76507,170.1315,"Aoraki Mount Cook National Park",2328,NA,0,"Canterbury",1010,17,9.35,NA
"25001","20180511:0000",-43.76507,170.1315,"Aoraki Mount Cook National Park",2328,NA,0,"Canterbury",1010,17.1,11.75,NA
"25002","20180512:0000",-43.76507,170.1315,"Aoraki Mount Cook National Park",2328,NA,0,"Canterbury",1010,10.1,10.25,NA
"25003","20180513:0000",-43.76507,170.1315,"Aoraki Mount Cook National Park",2328,NA,0,"Canterbury",1010,2.8,6.65,NA
"25004","20180514:0000",-43.76507,170.1315,"Aoraki Mount Cook National Park",2328,NA,0,"Canterbury",1010,9.2,5.15,NA
"25005","20180515:0000",-43.76507,170.1315,"Aoraki Mount Cook National Park",2328,NA,0,"Canterbury",1010,7.1,2.85,NA
"25006","20180516:0000",-43.76507,170.1315,"Aoraki Mount Cook National Park",2328,NA,0,"Canterbury",1010,9.3,3.5,NA
"25007","20180517:0000",-43.76507,170.1315,"Aoraki Mount Cook National Park",2328,NA,0,"Canterbury",1010,10.5,5.05,NA
"25008","20180518:0000",-43.76507,170.1315,"Aoraki Mount Cook National Park",2328,NA,0,"Canterbury",1010,22.6,5.65,NA
"25009","20180519:0000",-43.76507,170.1315,"Aoraki Mount Cook National Park",2328,NA,0,"Canterbury",1010,39.9,7.65,NA
"25010","20180520:0000",-43.76507,170.1315,"Aoraki Mount Cook National Park",2328,NA,0,"Canterbury",1010,36.7,8.7,NA
"25011","20180521:0000",-43.76507,170.1315,"Aoraki Mount Cook National Park",2328,NA,0,"Canterbury",1010,20.2,4.85,NA
"25012","20180522:0000",-43.76507,170.1315,"Aoraki Mount Cook National Park",2328,NA,0,"Canterbury",1010,39.1,5.9,NA
"25013","20180523:0000",-43.76507,170.1315,"Aoraki Mount Cook National Park",2328,NA,0,"Canterbury",1010,5.1,2.7,NA
"25014","20180524:0000",-43.76507,170.1315,"Aoraki Mount Cook National Park",2328,NA,0,"Canterbury",1010,27.4,1.45,NA
"25015","20180525:0000",-43.76507,170.1315,"Aoraki Mount Cook National Park",2328,NA,0,"Canterbury",1010,10.1,0.4,NA
"25016","20180526:0000",-43.76507,170.1315,"Aoraki Mount Cook National Park",2328,NA,0,"Canterbury",1010,12.6,3.1,NA
"25017","20180527:0000",-43.76507,170.1315,"Aoraki Mount Cook National Park",2328,NA,0,"Canterbury",1010,9.8,3.85,NA
"25018","20180528:0000",-43.76507,170.1315,"Aoraki Mount Cook National Park",2328,NA,0,"Canterbury",1010,12.4,2.65,NA
"25019","20180529:0000",-43.76507,170.1315,"Aoraki Mount Cook National Park",2328,NA,0,"Canterbury",1010,5.6,-0.75,NA
"25020","20180530:0000",-43.76507,170.1315,"Aoraki Mount Cook National Park",2328,NA,0,"Canterbury",1010,10.6,-0.75,NA
"25021","20180531:0000",-43.76507,170.1315,"Aoraki Mount Cook National Park",2328,NA,0,"Canterbury",1010,NA,-3.3,NA
"25022","20180601:0000",-43.76507,170.1315,"Aoraki Mount Cook National Park",2328,NA,0,"Canterbury",1010,1.6,-2.85,NA
"25023","20180602:0000",-43.76507,170.1315,"Aoraki Mount Cook National Park",2328,NA,0,"Canterbury",1010,NA,-4.25,NA
"25024","20180603:0000",-43.76507,170.1315,"Aoraki Mount Cook National Park",2328,NA,0,"Canterbury",1010,NA,-5.4,NA
"25025","20180604:0000",-43.76507,170.1315,"Aoraki Mount Cook National Park",2328,NA,0,"Canterbury",1010,3.7,-1.45,NA
"25026","20180605:0000",-43.76507,170.1315,"Aoraki Mount Cook National Park",2328,NA,0,"Canterbury",1010,17.7,4.6,NA
"25027","20180606:0000",-43.76507,170.1315,"Aoraki Mount Cook National Park",2328,NA,0,"Canterbury",1010,14.1,1.3,NA
"25028","20180607:0000",-43.76507,170.1315,"Aoraki Mount Cook National Park",2328,NA,0,"Canterbury",1010,6.2,3.8,NA
"25029","20180608:0000",-43.76507,170.1315,"Aoraki Mount Cook National Park",2328,NA,0,"Canterbury",1010,8.2,5,NA
"25030","20180609:0000",-43.76507,170.1315,"Aoraki Mount Cook National Park",2328,NA,0,"Canterbury",1010,21.7,5.25,NA
"25031","20180610:0000",-43.76507,170.1315,"Aoraki Mount Cook National Park",2328,NA,0,"Canterbury",1010,28,7.65,NA
"25032","20180611:0000",-43.76507,170.1315,"Aoraki Mount Cook National Park",2328,NA,0,"Canterbury",1010,16.7,4.95,NA
"25033","20180612:0000",-43.76507,170.1315,"Aoraki Mount Cook National Park",2328,NA,0,"Canterbury",1010,3.4,3.35,NA
"25034","20180613:0000",-43.76507,170.1315,"Aoraki Mount Cook National Park",2328,NA,0,"Canterbury",1010,5,4,NA
"25035","20180614:0000",-43.76507,170.1315,"Aoraki Mount Cook National Park",2328,NA,0,"Canterbury",1010,5.7,1.4,NA
"25036","20180615:0000",-43.76507,170.1315,"Aoraki Mount Cook National Park",2328,NA,0,"Canterbury",1010,5.1,1.95,NA
"25037","20180616:0000",-43.76507,170.1315,"Aoraki Mount Cook National Park",2328,NA,0,"Canterbury",1010,12.1,6.55,NA
"25038","20180617:0000",-43.76507,170.1315,"Aoraki Mount Cook National Park",2328,NA,0,"Canterbury",1010,12.8,4.45,NA
"25039","20180618:0000",-43.76507,170.1315,"Aoraki Mount Cook National Park",2328,NA,0,"Canterbury",1010,14.6,1.45,NA
"25040","20180619:0000",-43.76507,170.1315,"Aoraki Mount Cook National Park",2328,NA,0,"Canterbury",1010,13.1,3.2,NA
"25041","20180620:0000",-43.76507,170.1315,"Aoraki Mount Cook National Park",2328,NA,0,"Canterbury",1010,7.9,4.3,NA
"25042","20180621:0000",-43.76507,170.1315,"Aoraki Mount Cook National Park",2328,NA,0,"Canterbury",1010,8.8,1.4,NA
"25043","20180622:0000",-43.76507,170.1315,"Aoraki Mount Cook National Park",2328,NA,0,"Canterbury",1010,10,-1.8,NA
"25044","20180623:0000",-43.76507,170.1315,"Aoraki Mount Cook National Park",2328,NA,0,"Canterbury",1010,NA,1.1,NA
"25045","20180624:0000",-43.76507,170.1315,"Aoraki Mount Cook National Park",2328,NA,0,"Canterbury",1010,28.8,0.35,NA
"25046","20180625:0000",-43.76507,170.1315,"Aoraki Mount Cook National Park",2328,NA,0,"Canterbury",1010,20.5,2.55,NA
"25047","20180626:0000",-43.76507,170.1315,"Aoraki Mount Cook National Park",2328,NA,0,"Canterbury",1010,11.8,0.35,NA
"25048","20180627:0000",-43.76507,170.1315,"Aoraki Mount Cook National Park",2328,NA,0,"Canterbury",1010,17.6,0.4,NA
"25049","20180628:0000",-43.76507,170.1315,"Aoraki Mount Cook National Park",2328,NA,0,"Canterbury",1010,11.3,1.15,NA
"25050","20180629:0000",-43.76507,170.1315,"Aoraki Mount Cook National Park",2328,NA,0,"Canterbury",1010,16.2,0.35,NA
"25051","20180630:0000",-43.76507,170.1315,"Aoraki Mount Cook National Park",2328,NA,0,"Canterbury",1010,7.4,1.55,NA
"25052","20180701:0000",-43.76507,170.1315,"Aoraki Mount Cook National Park",2328,NA,0,"Canterbury",1010,45,2.8,NA
"25053","20180702:0000",-43.76507,170.1315,"Aoraki Mount Cook National Park",2328,NA,0,"Canterbury",1010,11.4,5.75,NA
"25054","20180703:0000",-43.76507,170.1315,"Aoraki Mount Cook National Park",2328,NA,0,"Canterbury",1010,13.1,2.15,NA
"25055","20180704:0000",-43.76507,170.1315,"Aoraki Mount Cook National Park",2328,NA,0,"Canterbury",1010,29.1,2.6,NA
"25056","20180705:0000",-43.76507,170.1315,"Aoraki Mount Cook National Park",2328,NA,0,"Canterbury",1010,7.9,4.95,NA
"25057","20180706:0000",-43.76507,170.1315,"Aoraki Mount Cook National Park",2328,NA,0,"Canterbury",1010,28.7,6.7,NA
"25058","20180707:0000",-43.76507,170.1315,"Aoraki Mount Cook National Park",2328,NA,0,"Canterbury",1010,25.4,9,NA
"25059","20180708:0000",-43.76507,170.1315,"Aoraki Mount Cook National Park",2328,NA,0,"Canterbury",1010,9.9,6.3,NA
"25060","20180709:0000",-43.76507,170.1315,"Aoraki Mount Cook National Park",2328,NA,0,"Canterbury",1010,17.4,3.75,NA
"25061","20180710:0000",-43.76507,170.1315,"Aoraki Mount Cook National Park",2328,NA,0,"Canterbury",1010,15.1,2.95,NA
"25062","20180711:0000",-43.76507,170.1315,"Aoraki Mount Cook National Park",2328,NA,0,"Canterbury",1010,19.8,2.45,NA
"25063","20180712:0000",-43.76507,170.1315,"Aoraki Mount Cook National Park",2328,NA,0,"Canterbury",1010,6.3,2.85,NA
"25064","20180713:0000",-43.76507,170.1315,"Aoraki Mount Cook National Park",2328,NA,0,"Canterbury",1010,4.1,1.85,NA
"25065","20180714:0000",-43.76507,170.1315,"Aoraki Mount Cook National Park",2328,NA,0,"Canterbury",1010,9.4,3.1,NA
"25066","20180715:0000",-43.76507,170.1315,"Aoraki Mount Cook National Park",2328,NA,0,"Canterbury",1010,8.7,0,NA
"25067","20180716:0000",-43.76507,170.1315,"Aoraki Mount Cook National Park",2328,NA,0,"Canterbury",1010,6.6,2.65,NA
"25068","20180717:0000",-43.76507,170.1315,"Aoraki Mount Cook National Park",2328,NA,0,"Canterbury",1010,14.9,6.2,NA
"25069","20180718:0000",-43.76507,170.1315,"Aoraki Mount Cook National Park",2328,NA,0,"Canterbury",1010,7.3,2.7,NA
"25070","20180719:0000",-43.76507,170.1315,"Aoraki Mount Cook National Park",2328,NA,0,"Canterbury",1010,10.6,3.25,NA
"25071","20180720:0000",-43.76507,170.1315,"Aoraki Mount Cook National Park",2328,NA,0,"Canterbury",1010,10.9,4,NA
"25072","20180721:0000",-43.76507,170.1315,"Aoraki Mount Cook National Park",2328,NA,0,"Canterbury",1010,41.8,4.6,NA
"25073","20180722:0000",-43.76507,170.1315,"Aoraki Mount Cook National Park",2328,NA,0,"Canterbury",1010,30.8,3.8,NA
"25074","20180723:0000",-43.76507,170.1315,"Aoraki Mount Cook National Park",2328,NA,0,"Canterbury",1010,21.4,3.4,NA
"25075","20180724:0000",-43.76507,170.1315,"Aoraki Mount Cook National Park",2328,NA,0,"Canterbury",1010,4.5,2.65,NA
"25076","20180725:0000",-43.76507,170.1315,"Aoraki Mount Cook National Park",2328,NA,0,"Canterbury",1010,4,0.55,NA
"25077","20180726:0000",-43.76507,170.1315,"Aoraki Mount Cook National Park",2328,NA,0,"Canterbury",1010,16.3,3.2,NA
"25078","20180727:0000",-43.76507,170.1315,"Aoraki Mount Cook National Park",2328,NA,0,"Canterbury",1010,30.3,5.45,NA
"25079","20180728:0000",-43.76507,170.1315,"Aoraki Mount Cook National Park",2328,NA,0,"Canterbury",1010,33.4,5.25,NA
"25080","20180729:0000",-43.76507,170.1315,"Aoraki Mount Cook National Park",2328,NA,0,"Canterbury",1010,22.7,7.2,NA
"25081","20180730:0000",-43.76507,170.1315,"Aoraki Mount Cook National Park",2328,NA,0,"Canterbury",1010,8,0.8,NA
"25082","20180731:0000",-43.76507,170.1315,"Aoraki Mount Cook National Park",2328,NA,0,"Canterbury",1010,30.8,3.2,NA
"25083","20180801:0000",-43.76507,170.1315,"Aoraki Mount Cook National Park",2328,NA,0,"Canterbury",1010,25.7,7.6,NA
"25084","20180802:0000",-43.76507,170.1315,"Aoraki Mount Cook National Park",2328,NA,0,"Canterbury",1010,4.7,4.7,NA
"25085","20180803:0000",-43.76507,170.1315,"Aoraki Mount Cook National Park",2328,NA,0,"Canterbury",1010,5.1,4.1,NA
"25086","20180804:0000",-43.76507,170.1315,"Aoraki Mount Cook National Park",2328,NA,0,"Canterbury",1010,9.6,3.15,NA
"25087","20180805:0000",-43.76507,170.1315,"Aoraki Mount Cook National Park",2328,NA,0,"Canterbury",1010,8.1,1.95,NA
"25088","20180806:0000",-43.76507,170.1315,"Aoraki Mount Cook National Park",2328,NA,0,"Canterbury",1010,9.5,1.25,NA
"25089","20180807:0000",-43.76507,170.1315,"Aoraki Mount Cook National Park",2328,NA,0,"Canterbury",1010,10.3,4.2,NA
"25090","20180808:0000",-43.76507,170.1315,"Aoraki Mount Cook National Park",2328,NA,0,"Canterbury",1010,27.2,4.1,NA
"25091","20180809:0000",-43.76507,170.1315,"Aoraki Mount Cook National Park",2328,NA,0,"Canterbury",1010,7.7,5.8,NA
"25092","20180810:0000",-43.76507,170.1315,"Aoraki Mount Cook National Park",2328,NA,0,"Canterbury",1010,7.6,5.55,NA
"25093","20180811:0000",-43.76507,170.1315,"Aoraki Mount Cook National Park",2328,NA,0,"Canterbury",1010,15.4,3.6,NA
"25094","20180812:0000",-43.76507,170.1315,"Aoraki Mount Cook National Park",2328,NA,0,"Canterbury",1010,7.5,5.45,NA
"25095","20180813:0000",-43.76507,170.1315,"Aoraki Mount Cook National Park",2328,NA,0,"Canterbury",1010,27.3,7.6,NA
"25096","20180814:0000",-43.76507,170.1315,"Aoraki Mount Cook National Park",2328,NA,0,"Canterbury",1010,5.7,6,NA
"25097","20180815:0000",-43.76507,170.1315,"Aoraki Mount Cook National Park",2328,NA,0,"Canterbury",1010,11,6.15,NA
"25098","20180816:0000",-43.76507,170.1315,"Aoraki Mount Cook National Park",2328,NA,0,"Canterbury",1010,39.7,5.7,NA
"25099","20180817:0000",-43.76507,170.1315,"Aoraki Mount Cook National Park",2328,NA,0,"Canterbury",1010,14.6,4.1,NA
"25100","20180818:0000",-43.76507,170.1315,"Aoraki Mount Cook National Park",2328,NA,0,"Canterbury",1010,11,2.8,NA
"25101","20180819:0000",-43.76507,170.1315,"Aoraki Mount Cook National Park",2328,NA,0,"Canterbury",1010,12.3,0.75,NA
"25102","20180820:0000",-43.76507,170.1315,"Aoraki Mount Cook National Park",2328,NA,0,"Canterbury",1010,4.8,0.6,NA
"25103","20180821:0000",-43.76507,170.1315,"Aoraki Mount Cook National Park",2328,NA,0,"Canterbury",1010,15.3,4,NA
"25104","20180822:0000",-43.76507,170.1315,"Aoraki Mount Cook National Park",2328,NA,0,"Canterbury",1010,9,4.35,NA
"25105","20180823:0000",-43.76507,170.1315,"Aoraki Mount Cook National Park",2328,NA,0,"Canterbury",1010,NA,1.55,NA
"25106","20180824:0000",-43.76507,170.1315,"Aoraki Mount Cook National Park",2328,NA,0,"Canterbury",1010,8,4.95,NA
"25107","20180825:0000",-43.76507,170.1315,"Aoraki Mount Cook National Park",2328,NA,0,"Canterbury",1010,17,6.25,NA
"25108","20180826:0000",-43.76507,170.1315,"Aoraki Mount Cook National Park",2328,NA,0,"Canterbury",1010,22.3,9,NA
"25109","20180827:0000",-43.76507,170.1315,"Aoraki Mount Cook National Park",2328,NA,0,"Canterbury",1010,18.6,7.95,NA
"25110","20180828:0000",-43.76507,170.1315,"Aoraki Mount Cook National Park",2328,NA,0,"Canterbury",1010,4.8,4.85,NA
"25111","20180829:0000",-43.76507,170.1315,"Aoraki Mount Cook National Park",2328,NA,0,"Canterbury",1010,3.7,4.7,NA
"25112","20180830:0000",-43.76507,170.1315,"Aoraki Mount Cook National Park",2328,NA,0,"Canterbury",1010,13.6,5.1,NA
"25113","20180831:0000",-43.76507,170.1315,"Aoraki Mount Cook National Park",2328,NA,0,"Canterbury",1010,2.2,6.15,NA
"25114","20180901:0000",-43.76507,170.1315,"Aoraki Mount Cook National Park",2328,NA,0,"Canterbury",1010,13,5.45,NA
"25115","20180902:0000",-43.76507,170.1315,"Aoraki Mount Cook National Park",2328,NA,0,"Canterbury",1010,20.1,7.4,NA
"25116","20180903:0000",-43.76507,170.1315,"Aoraki Mount Cook National Park",2328,NA,0,"Canterbury",1010,19.4,3.75,NA
"25117","20180904:0000",-43.76507,170.1315,"Aoraki Mount Cook National Park",2328,NA,0,"Canterbury",1010,14.2,3.1,NA
"25118","20180905:0000",-43.76507,170.1315,"Aoraki Mount Cook National Park",2328,NA,0,"Canterbury",1010,4.8,2.3,NA
"25119","20180906:0000",-43.76507,170.1315,"Aoraki Mount Cook National Park",2328,NA,0,"Canterbury",1010,10.5,1.95,NA
"25120","20180907:0000",-43.76507,170.1315,"Aoraki Mount Cook National Park",2328,NA,0,"Canterbury",1010,6.1,1.95,NA
"25121","20180908:0000",-43.76507,170.1315,"Aoraki Mount Cook National Park",2328,NA,0,"Canterbury",1010,3.8,2.45,NA
"25122","20180909:0000",-43.76507,170.1315,"Aoraki Mount Cook National Park",2328,NA,0,"Canterbury",1010,7.4,4.2,NA
"25123","20180910:0000",-43.76507,170.1315,"Aoraki Mount Cook National Park",2328,NA,0,"Canterbury",1010,3.4,7.35,NA
"25124","20180911:0000",-43.76507,170.1315,"Aoraki Mount Cook National Park",2328,NA,0,"Canterbury",1010,3.5,7.7,NA
"25125","20180912:0000",-43.76507,170.1315,"Aoraki Mount Cook National Park",2328,NA,0,"Canterbury",1010,19.6,10.55,NA
"25126","20180913:0000",-43.76507,170.1315,"Aoraki Mount Cook National Park",2328,NA,0,"Canterbury",1010,61.6,12.55,NA
"25127","20180914:0000",-43.76507,170.1315,"Aoraki Mount Cook National Park",2328,NA,0,"Canterbury",1010,27.7,12.55,NA
"25128","20180915:0000",-43.76507,170.1315,"Aoraki Mount Cook National Park",2328,NA,0,"Canterbury",1010,13.9,13.15,NA
"25129","20180916:0000",-43.76507,170.1315,"Aoraki Mount Cook National Park",2328,NA,0,"Canterbury",1010,36,12.2,NA
"25130","20180917:0000",-43.76507,170.1315,"Aoraki Mount Cook National Park",2328,NA,0,"Canterbury",1010,5.9,6.65,NA
"25131","20180918:0000",-43.76507,170.1315,"Aoraki Mount Cook National Park",2328,NA,0,"Canterbury",1010,4.2,5.85,NA
"25132","20180919:0000",-43.76507,170.1315,"Aoraki Mount Cook National Park",2328,NA,0,"Canterbury",1010,18.9,7.2,NA
"25133","20180920:0000",-43.76507,170.1315,"Aoraki Mount Cook National Park",2328,NA,0,"Canterbury",1010,6.2,7.65,NA
"25134","20180921:0000",-43.76507,170.1315,"Aoraki Mount Cook National Park",2328,NA,0,"Canterbury",1010,13.1,10.6,NA
"25135","20180922:0000",-43.76507,170.1315,"Aoraki Mount Cook National Park",2328,NA,0,"Canterbury",1010,13,7.2,NA
"25136","20180923:0000",-43.76507,170.1315,"Aoraki Mount Cook National Park",2328,NA,0,"Canterbury",1010,28.5,8.85,NA
"25137","20180924:0000",-43.76507,170.1315,"Aoraki Mount Cook National Park",2328,NA,0,"Canterbury",1010,8.5,6.75,NA
"25138","20180925:0000",-43.76507,170.1315,"Aoraki Mount Cook National Park",2328,NA,0,"Canterbury",1010,7.5,5.7,NA
"25139","20180926:0000",-43.76507,170.1315,"Aoraki Mount Cook National Park",2328,NA,0,"Canterbury",1010,10.7,6.9,NA
"25140","20180927:0000",-43.76507,170.1315,"Aoraki Mount Cook National Park",2328,NA,0,"Canterbury",1010,3.3,4.5,NA
"25141","20180928:0000",-43.76507,170.1315,"Aoraki Mount Cook National Park",2328,NA,0,"Canterbury",1010,19.3,4.65,NA
"25142","20180929:0000",-43.76507,170.1315,"Aoraki Mount Cook National Park",2328,NA,0,"Canterbury",1010,32.8,9.4,NA
"25143","20180930:0000",-43.76507,170.1315,"Aoraki Mount Cook National Park",2328,NA,0,"Canterbury",1010,32.4,10.05,NA
"25144","20181001:0000",-43.76507,170.1315,"Aoraki Mount Cook National Park",2328,NA,0,"Canterbury",1010,8.4,9.5,NA
"25145","20181002:0000",-43.76507,170.1315,"Aoraki Mount Cook National Park",2328,NA,0,"Canterbury",1010,22,9.2,NA
"25146","20181003:0000",-43.76507,170.1315,"Aoraki Mount Cook National Park",2328,NA,0,"Canterbury",1010,5.4,9.3,NA
"25147","20181004:0000",-43.76507,170.1315,"Aoraki Mount Cook National Park",2328,NA,0,"Canterbury",1010,28.6,8.55,NA
"25148","20181005:0000",-43.76507,170.1315,"Aoraki Mount Cook National Park",2328,NA,0,"Canterbury",1010,10.2,8.4,NA
"25149","20181006:0000",-43.76507,170.1315,"Aoraki Mount Cook National Park",2328,NA,0,"Canterbury",1010,6.1,8.6,NA
"25150","20181007:0000",-43.76507,170.1315,"Aoraki Mount Cook National Park",2328,NA,0,"Canterbury",1010,6.4,7.55,NA
"25151","20181008:0000",-43.76507,170.1315,"Aoraki Mount Cook National Park",2328,NA,0,"Canterbury",1010,13.9,7.5,NA
"25152","20181009:0000",-43.76507,170.1315,"Aoraki Mount Cook National Park",2328,NA,0,"Canterbury",1010,3.7,7.45,NA
"25153","20181010:0000",-43.76507,170.1315,"Aoraki Mount Cook National Park",2328,NA,0,"Canterbury",1010,51.1,10.65,NA
"25154","20181011:0000",-43.76507,170.1315,"Aoraki Mount Cook National Park",2328,NA,0,"Canterbury",1010,6.3,4.6,NA
"25155","20181012:0000",-43.76507,170.1315,"Aoraki Mount Cook National Park",2328,NA,0,"Canterbury",1010,NA,1.35,NA
"25156","20181013:0000",-43.76507,170.1315,"Aoraki Mount Cook National Park",2328,NA,0,"Canterbury",1010,12,2.15,NA
"25157","20181014:0000",-43.76507,170.1315,"Aoraki Mount Cook National Park",2328,NA,0,"Canterbury",1010,5.3,5.15,NA
"25158","20181015:0000",-43.76507,170.1315,"Aoraki Mount Cook National Park",2328,NA,0,"Canterbury",1010,4.4,7.65,NA
"25159","20181016:0000",-43.76507,170.1315,"Aoraki Mount Cook National Park",2328,NA,0,"Canterbury",1010,11.3,8.35,NA
"25160","20181017:0000",-43.76507,170.1315,"Aoraki Mount Cook National Park",2328,NA,0,"Canterbury",1010,17.8,11.85,NA
"25161","20181018:0000",-43.76507,170.1315,"Aoraki Mount Cook National Park",2328,NA,0,"Canterbury",1010,9.2,14.85,NA
"25162","20181019:0000",-43.76507,170.1315,"Aoraki Mount Cook National Park",2328,NA,0,"Canterbury",1010,15.3,12.2,NA
"25163","20181020:0000",-43.76507,170.1315,"Aoraki Mount Cook National Park",2328,NA,0,"Canterbury",1010,35.9,15.05,NA
"25164","20181021:0000",-43.76507,170.1315,"Aoraki Mount Cook National Park",2328,NA,0,"Canterbury",1010,11.8,14.95,NA
"25165","20181022:0000",-43.76507,170.1315,"Aoraki Mount Cook National Park",2328,NA,0,"Canterbury",1010,8.6,14.5,NA
"25166","20181023:0000",-43.76507,170.1315,"Aoraki Mount Cook National Park",2328,NA,0,"Canterbury",1010,8.4,18.2,NA
"25167","20181024:0000",-43.76507,170.1315,"Aoraki Mount Cook National Park",2328,NA,0,"Canterbury",1010,20.1,14.9,NA
"25168","20181025:0000",-43.76507,170.1315,"Aoraki Mount Cook National Park",2328,NA,0,"Canterbury",1010,6.2,10.85,NA
"25169","20181026:0000",-43.76507,170.1315,"Aoraki Mount Cook National Park",2328,NA,0,"Canterbury",1010,4.4,7,NA
"25170","20181027:0000",-43.76507,170.1315,"Aoraki Mount Cook National Park",2328,NA,0,"Canterbury",1010,3.6,9.8,NA
"25171","20181028:0000",-43.76507,170.1315,"Aoraki Mount Cook National Park",2328,NA,0,"Canterbury",1010,11.1,9,NA
"25172","20181029:0000",-43.76507,170.1315,"Aoraki Mount Cook National Park",2328,NA,0,"Canterbury",1010,6.8,7.95,NA
"25173","20181030:0000",-43.76507,170.1315,"Aoraki Mount Cook National Park",2328,NA,0,"Canterbury",1010,18.8,7.75,NA
"25174","20181031:0000",-43.76507,170.1315,"Aoraki Mount Cook National Park",2328,NA,0,"Canterbury",1010,6.1,7,NA
"25175","20181101:0000",-43.76507,170.1315,"Aoraki Mount Cook National Park",2328,NA,0,"Canterbury",1010,13.5,8.2,NA
"25176","20181102:0000",-43.76507,170.1315,"Aoraki Mount Cook National Park",2328,NA,0,"Canterbury",1010,5.9,7.35,NA
"25177","20181103:0000",-43.76507,170.1315,"Aoraki Mount Cook National Park",2328,NA,0,"Canterbury",1010,47.2,13.45,NA
"25178","20181104:0000",-43.76507,170.1315,"Aoraki Mount Cook National Park",2328,NA,0,"Canterbury",1010,39.9,9.35,NA
"25179","20181105:0000",-43.76507,170.1315,"Aoraki Mount Cook National Park",2328,NA,0,"Canterbury",1010,22.6,12.55,NA
"25180","20181106:0000",-43.76507,170.1315,"Aoraki Mount Cook National Park",2328,NA,0,"Canterbury",1010,15.8,12.05,NA
"25181","20181107:0000",-43.76507,170.1315,"Aoraki Mount Cook National Park",2328,NA,0,"Canterbury",1010,29.8,15.5,NA
"25182","20181108:0000",-43.76507,170.1315,"Aoraki Mount Cook National Park",2328,NA,0,"Canterbury",1010,38.6,13.75,NA
"25183","20181109:0000",-43.76507,170.1315,"Aoraki Mount Cook National Park",2328,NA,0,"Canterbury",1010,4.1,2.05,NA
"25184","20181110:0000",-43.76507,170.1315,"Aoraki Mount Cook National Park",2328,NA,0,"Canterbury",1010,6.2,5.85,NA
"25185","20181111:0000",-43.76507,170.1315,"Aoraki Mount Cook National Park",2328,NA,0,"Canterbury",1010,10.8,8.75,NA
"25186","20181112:0000",-43.76507,170.1315,"Aoraki Mount Cook National Park",2328,NA,0,"Canterbury",1010,16.5,10.6,NA
"25187","20181113:0000",-43.76507,170.1315,"Aoraki Mount Cook National Park",2328,NA,0,"Canterbury",1010,5.3,10.6,NA
"25188","20181114:0000",-43.76507,170.1315,"Aoraki Mount Cook National Park",2328,NA,0,"Canterbury",1010,5.5,12.1,NA
"25189","20181115:0000",-43.76507,170.1315,"Aoraki Mount Cook National Park",2328,NA,0,"Canterbury",1010,6.4,13.6,NA
"25190","20181116:0000",-43.76507,170.1315,"Aoraki Mount Cook National Park",2328,NA,0,"Canterbury",1010,28.3,15.7,NA
"25191","20181117:0000",-43.76507,170.1315,"Aoraki Mount Cook National Park",2328,NA,0,"Canterbury",1010,13.8,12.75,NA
"25192","20181118:0000",-43.76507,170.1315,"Aoraki Mount Cook National Park",2328,NA,0,"Canterbury",1010,22.9,10.7,NA
"25193","20181119:0000",-43.76507,170.1315,"Aoraki Mount Cook National Park",2328,NA,0,"Canterbury",1010,14.5,3.2,NA
"25194","20181120:0000",-43.76507,170.1315,"Aoraki Mount Cook National Park",2328,NA,0,"Canterbury",1010,24.2,3.25,NA
"25195","20181121:0000",-43.76507,170.1315,"Aoraki Mount Cook National Park",2328,NA,0,"Canterbury",1010,6.6,6.55,NA
"25196","20181122:0000",-43.76507,170.1315,"Aoraki Mount Cook National Park",2328,NA,0,"Canterbury",1010,3.8,10.75,NA
"25197","20181123:0000",-43.76507,170.1315,"Aoraki Mount Cook National Park",2328,NA,0,"Canterbury",1010,8.2,10.15,NA
"25198","20181124:0000",-43.76507,170.1315,"Aoraki Mount Cook National Park",2328,NA,0,"Canterbury",1010,12.4,10.65,NA
"25199","20181125:0000",-43.76507,170.1315,"Aoraki Mount Cook National Park",2328,NA,0,"Canterbury",1010,12.5,11.3,NA
"25200","20181126:0000",-43.76507,170.1315,"Aoraki Mount Cook National Park",2328,NA,0,"Canterbury",1010,24.3,10.75,NA
"25201","20181127:0000",-43.76507,170.1315,"Aoraki Mount Cook National Park",2328,NA,0,"Canterbury",1010,12.5,10.9,NA
"25202","20181128:0000",-43.76507,170.1315,"Aoraki Mount Cook National Park",2328,NA,0,"Canterbury",1010,3.2,12.35,NA
"25203","20181129:0000",-43.76507,170.1315,"Aoraki Mount Cook National Park",2328,NA,0,"Canterbury",1010,5.8,13.6,NA
"25204","20181130:0000",-43.76507,170.1315,"Aoraki Mount Cook National Park",2328,NA,0,"Canterbury",1010,4.2,13.9,NA
"25205","20181201:0000",-43.76507,170.1315,"Aoraki Mount Cook National Park",2328,NA,0,"Canterbury",1010,11,13.9,NA
"25206","20181202:0000",-43.76507,170.1315,"Aoraki Mount Cook National Park",2328,NA,0,"Canterbury",1010,3,16.45,NA
"25207","20181203:0000",-43.76507,170.1315,"Aoraki Mount Cook National Park",2328,NA,0,"Canterbury",1010,6.4,17,NA
"25208","20181204:0000",-43.76507,170.1315,"Aoraki Mount Cook National Park",2328,NA,0,"Canterbury",1010,25.1,13.65,NA
"25209","20181205:0000",-43.76507,170.1315,"Aoraki Mount Cook National Park",2328,NA,0,"Canterbury",1010,23.4,10.55,NA
"25210","20181206:0000",-43.76507,170.1315,"Aoraki Mount Cook National Park",2328,NA,0,"Canterbury",1010,8,9.05,NA
"25211","20181207:0000",-43.76507,170.1315,"Aoraki Mount Cook National Park",2328,NA,0,"Canterbury",1010,13.5,14.65,NA
"25212","20181208:0000",-43.76507,170.1315,"Aoraki Mount Cook National Park",2328,NA,0,"Canterbury",1010,9.1,17.85,NA
"25213","20181209:0000",-43.76507,170.1315,"Aoraki Mount Cook National Park",2328,NA,0,"Canterbury",1010,22.3,18.7,NA
"25214","20181210:0000",-43.76507,170.1315,"Aoraki Mount Cook National Park",2328,NA,0,"Canterbury",1010,12.1,12.95,NA
"25215","20181211:0000",-43.76507,170.1315,"Aoraki Mount Cook National Park",2328,NA,0,"Canterbury",1010,5.1,12.1,NA
"25216","20181212:0000",-43.76507,170.1315,"Aoraki Mount Cook National Park",2328,NA,0,"Canterbury",1010,12.8,12.4,NA
"25217","20181213:0000",-43.76507,170.1315,"Aoraki Mount Cook National Park",2328,NA,0,"Canterbury",1010,10.2,14.45,NA
"25218","20181214:0000",-43.76507,170.1315,"Aoraki Mount Cook National Park",2328,NA,0,"Canterbury",1010,4.2,16.2,NA
"25219","20181215:0000",-43.76507,170.1315,"Aoraki Mount Cook National Park",2328,NA,0,"Canterbury",1010,11.3,17.45,NA
"25220","20181216:0000",-43.76507,170.1315,"Aoraki Mount Cook National Park",2328,NA,0,"Canterbury",1010,3.8,17.85,NA
"25221","20181217:0000",-43.76507,170.1315,"Aoraki Mount Cook National Park",2328,NA,0,"Canterbury",1010,24,19.3,NA
"25222","20181218:0000",-43.76507,170.1315,"Aoraki Mount Cook National Park",2328,NA,0,"Canterbury",1010,35.4,16,NA
"25223","20181219:0000",-43.76507,170.1315,"Aoraki Mount Cook National Park",2328,NA,0,"Canterbury",1010,23.4,10.5,NA
"25224","20181220:0000",-43.76507,170.1315,"Aoraki Mount Cook National Park",2328,NA,0,"Canterbury",1010,8,10.15,NA
"25225","20181221:0000",-43.76507,170.1315,"Aoraki Mount Cook National Park",2328,NA,0,"Canterbury",1010,5.6,11.55,NA
"25226","20181222:0000",-43.76507,170.1315,"Aoraki Mount Cook National Park",2328,NA,0,"Canterbury",1010,8.2,10.35,NA
"25227","20181223:0000",-43.76507,170.1315,"Aoraki Mount Cook National Park",2328,NA,0,"Canterbury",1010,11.4,11.2,NA
"25228","20181224:0000",-43.76507,170.1315,"Aoraki Mount Cook National Park",2328,NA,0,"Canterbury",1010,9.2,14.25,NA
"25229","20181225:0000",-43.76507,170.1315,"Aoraki Mount Cook National Park",2328,NA,0,"Canterbury",1010,10.9,16.3,NA
"25230","20181226:0000",-43.76507,170.1315,"Aoraki Mount Cook National Park",2328,NA,0,"Canterbury",1010,7.9,16,NA
"25231","20181227:0000",-43.76507,170.1315,"Aoraki Mount Cook National Park",2328,NA,0,"Canterbury",1010,7.8,14.75,NA
"25232","20181228:0000",-43.76507,170.1315,"Aoraki Mount Cook National Park",2328,NA,0,"Canterbury",1010,6.1,13.4,NA
"25233","20181229:0000",-43.76507,170.1315,"Aoraki Mount Cook National Park",2328,NA,0,"Canterbury",1010,25.9,18.05,NA
"25234","20181230:0000",-43.76507,170.1315,"Aoraki Mount Cook National Park",2328,NA,0,"Canterbury",1010,21.7,19,NA
"25235","20181231:0000",-43.76507,170.1315,"Aoraki Mount Cook National Park",2328,NA,0,"Canterbury",1010,17.9,20,NA
"25236","20190101:0000",-43.76507,170.1315,"Aoraki Mount Cook National Park",2328,NA,0,"Canterbury",1010,4,14.85,NA
"25237","20190102:0000",-43.76507,170.1315,"Aoraki Mount Cook National Park",2328,NA,0,"Canterbury",1010,29,17.75,NA
"25238","20190103:0000",-43.76507,170.1315,"Aoraki Mount Cook National Park",2328,NA,0,"Canterbury",1010,41.8,18.6,NA
"25239","20190104:0000",-43.76507,170.1315,"Aoraki Mount Cook National Park",2328,NA,0,"Canterbury",1010,15.9,18.35,NA
"25240","20190105:0000",-43.76507,170.1315,"Aoraki Mount Cook National Park",2328,NA,0,"Canterbury",1010,33.4,18.35,NA
"25241","20190106:0000",-43.76507,170.1315,"Aoraki Mount Cook National Park",2328,NA,0,"Canterbury",1010,35.9,20.55,NA
"25242","20190107:0000",-43.76507,170.1315,"Aoraki Mount Cook National Park",2328,NA,0,"Canterbury",1010,3.8,16.35,NA
"25243","20190108:0000",-43.76507,170.1315,"Aoraki Mount Cook National Park",2328,NA,0,"Canterbury",1010,15,14.85,NA
"25244","20190109:0000",-43.76507,170.1315,"Aoraki Mount Cook National Park",2328,NA,0,"Canterbury",1010,6,16,NA
"25245","20190110:0000",-43.76507,170.1315,"Aoraki Mount Cook National Park",2328,NA,0,"Canterbury",1010,29.5,17.3,NA
"25246","20190111:0000",-43.76507,170.1315,"Aoraki Mount Cook National Park",2328,NA,0,"Canterbury",1010,24.6,17.2,NA
"25247","20190112:0000",-43.76507,170.1315,"Aoraki Mount Cook National Park",2328,NA,0,"Canterbury",1010,3.8,14.85,NA
"25248","20190113:0000",-43.76507,170.1315,"Aoraki Mount Cook National Park",2328,NA,0,"Canterbury",1010,29.1,13.7,NA
"25249","20190114:0000",-43.76507,170.1315,"Aoraki Mount Cook National Park",2328,NA,0,"Canterbury",1010,15.3,12.95,NA
"25250","20190115:0000",-43.76507,170.1315,"Aoraki Mount Cook National Park",2328,NA,0,"Canterbury",1010,12.9,13.05,NA
"25251","20190116:0000",-43.76507,170.1315,"Aoraki Mount Cook National Park",2328,NA,0,"Canterbury",1010,6.6,16.3,NA
"25252","20190117:0000",-43.76507,170.1315,"Aoraki Mount Cook National Park",2328,NA,0,"Canterbury",1010,4.7,19.6,NA
"25253","20190118:0000",-43.76507,170.1315,"Aoraki Mount Cook National Park",2328,NA,0,"Canterbury",1010,4.2,18.7,NA
"25254","20190119:0000",-43.76507,170.1315,"Aoraki Mount Cook National Park",2328,NA,0,"Canterbury",1010,26.7,16,NA
"25255","20190120:0000",-43.76507,170.1315,"Aoraki Mount Cook National Park",2328,NA,0,"Canterbury",1010,35.5,13.1,NA
"25256","20190121:0000",-43.76507,170.1315,"Aoraki Mount Cook National Park",2328,NA,0,"Canterbury",1010,34.7,14.55,NA
"25257","20190122:0000",-43.76507,170.1315,"Aoraki Mount Cook National Park",2328,NA,0,"Canterbury",1010,33.4,15.3,NA
"25258","20190123:0000",-43.76507,170.1315,"Aoraki Mount Cook National Park",2328,NA,0,"Canterbury",1010,31.4,17.15,NA
"25259","20190124:0000",-43.76507,170.1315,"Aoraki Mount Cook National Park",2328,NA,0,"Canterbury",1010,5.3,11.15,NA
"25260","20190125:0000",-43.76507,170.1315,"Aoraki Mount Cook National Park",2328,NA,0,"Canterbury",1010,2.9,12.55,NA
"25261","20190126:0000",-43.76507,170.1315,"Aoraki Mount Cook National Park",2328,NA,0,"Canterbury",1010,16.2,18.45,NA
"25262","20190127:0000",-43.76507,170.1315,"Aoraki Mount Cook National Park",2328,NA,0,"Canterbury",1010,34.5,20.65,NA
"25263","20190128:0000",-43.76507,170.1315,"Aoraki Mount Cook National Park",2328,NA,0,"Canterbury",1010,12.3,21.2,NA
"25264","20190129:0000",-43.76507,170.1315,"Aoraki Mount Cook National Park",2328,NA,0,"Canterbury",1010,7.9,16.05,NA
"25265","20190130:0000",-43.76507,170.1315,"Aoraki Mount Cook National Park",2328,NA,0,"Canterbury",1010,26.8,22.5,NA
"25266","20190131:0000",-43.76507,170.1315,"Aoraki Mount Cook National Park",2328,NA,0,"Canterbury",1010,6.5,21.05,NA
"25267","20190201:0000",-43.76507,170.1315,"Aoraki Mount Cook National Park",2328,NA,0,"Canterbury",1010,34.4,18.6,NA
"25268","20190202:0000",-43.76507,170.1315,"Aoraki Mount Cook National Park",2328,NA,0,"Canterbury",1010,12.2,12.8,NA
"25269","20190203:0000",-43.76507,170.1315,"Aoraki Mount Cook National Park",2328,NA,0,"Canterbury",1010,7.6,14.6,NA
"25270","20190204:0000",-43.76507,170.1315,"Aoraki Mount Cook National Park",2328,NA,0,"Canterbury",1010,19.1,19.1,NA
"25271","20190205:0000",-43.76507,170.1315,"Aoraki Mount Cook National Park",2328,NA,0,"Canterbury",1010,21.8,18.6,NA
"25272","20190206:0000",-43.76507,170.1315,"Aoraki Mount Cook National Park",2328,NA,0,"Canterbury",1010,21.2,11.05,NA
"25273","20190207:0000",-43.76507,170.1315,"Aoraki Mount Cook National Park",2328,NA,0,"Canterbury",1010,1.5,13.1,NA
"25274","20190208:0000",-43.76507,170.1315,"Aoraki Mount Cook National Park",2328,NA,0,"Canterbury",1010,5.6,13.5,NA
"25275","20190209:0000",-43.76507,170.1315,"Aoraki Mount Cook National Park",2328,NA,0,"Canterbury",1010,22.4,17.4,NA
"25276","20190210:0000",-43.76507,170.1315,"Aoraki Mount Cook National Park",2328,NA,0,"Canterbury",1010,25.1,19.65,NA
"25277","20190211:0000",-43.76507,170.1315,"Aoraki Mount Cook National Park",2328,NA,0,"Canterbury",1010,9.6,15.25,NA
"25278","20190212:0000",-43.76507,170.1315,"Aoraki Mount Cook National Park",2328,NA,0,"Canterbury",1010,12,19.1,NA
"25279","20190213:0000",-43.76507,170.1315,"Aoraki Mount Cook National Park",2328,NA,0,"Canterbury",1010,5.3,16.65,NA
"25280","20190214:0000",-43.76507,170.1315,"Aoraki Mount Cook National Park",2328,NA,0,"Canterbury",1010,43,19.7,NA
"25281","20190215:0000",-43.76507,170.1315,"Aoraki Mount Cook National Park",2328,NA,0,"Canterbury",1010,4.9,15.3,NA
"25282","20190216:0000",-43.76507,170.1315,"Aoraki Mount Cook National Park",2328,NA,0,"Canterbury",1010,12,13.7,NA
"25283","20190217:0000",-43.76507,170.1315,"Aoraki Mount Cook National Park",2328,NA,0,"Canterbury",1010,5.8,12.45,NA
"25284","20190218:0000",-43.76507,170.1315,"Aoraki Mount Cook National Park",2328,NA,0,"Canterbury",1010,6.7,14.35,NA
"25285","20190219:0000",-43.76507,170.1315,"Aoraki Mount Cook National Park",2328,NA,0,"Canterbury",1010,28.2,17.4,NA
"25286","20190220:0000",-43.76507,170.1315,"Aoraki Mount Cook National Park",2328,NA,0,"Canterbury",1010,20.3,18.75,NA
"25287","20190221:0000",-43.76507,170.1315,"Aoraki Mount Cook National Park",2328,NA,0,"Canterbury",1010,18.2,16.35,NA
"25288","20190222:0000",-43.76507,170.1315,"Aoraki Mount Cook National Park",2328,NA,0,"Canterbury",1010,42.3,16.85,NA
"25289","20190223:0000",-43.76507,170.1315,"Aoraki Mount Cook National Park",2328,NA,0,"Canterbury",1010,12.3,9.55,NA
"25290","20190224:0000",-43.76507,170.1315,"Aoraki Mount Cook National Park",2328,NA,0,"Canterbury",1010,24.8,7.1,NA
"25291","20190225:0000",-43.76507,170.1315,"Aoraki Mount Cook National Park",2328,NA,0,"Canterbury",1010,3.5,9.65,NA
"25292","20190226:0000",-43.76507,170.1315,"Aoraki Mount Cook National Park",2328,NA,0,"Canterbury",1010,9.1,14.2,NA
"25293","20190227:0000",-43.76507,170.1315,"Aoraki Mount Cook National Park",2328,NA,0,"Canterbury",1010,58,12.2,NA
"25294","20190228:0000",-43.76507,170.1315,"Aoraki Mount Cook National Park",2328,NA,0,"Canterbury",1010,12.4,7.15,NA
"25295","20190301:0000",-43.76507,170.1315,"Aoraki Mount Cook National Park",2328,NA,0,"Canterbury",1010,12.5,10.1,NA
"25296","20190302:0000",-43.76507,170.1315,"Aoraki Mount Cook National Park",2328,NA,0,"Canterbury",1010,10,13,NA
"25297","20190303:0000",-43.76507,170.1315,"Aoraki Mount Cook National Park",2328,NA,0,"Canterbury",1010,9.4,15.8,NA
"25298","20190304:0000",-43.76507,170.1315,"Aoraki Mount Cook National Park",2328,NA,0,"Canterbury",1010,10.6,14.8,NA
"25299","20190305:0000",-43.76507,170.1315,"Aoraki Mount Cook National Park",2328,NA,0,"Canterbury",1010,27.8,19.65,NA
"25300","20190306:0000",-43.76507,170.1315,"Aoraki Mount Cook National Park",2328,NA,0,"Canterbury",1010,15.5,19.05,NA
"25301","20190307:0000",-43.76507,170.1315,"Aoraki Mount Cook National Park",2328,NA,0,"Canterbury",1010,45.8,18.3,NA
"25302","20190308:0000",-43.76507,170.1315,"Aoraki Mount Cook National Park",2328,NA,0,"Canterbury",1010,14.6,11.55,NA
"25303","20190309:0000",-43.76507,170.1315,"Aoraki Mount Cook National Park",2328,NA,0,"Canterbury",1010,10.1,12.05,NA
"25304","20190310:0000",-43.76507,170.1315,"Aoraki Mount Cook National Park",2328,NA,0,"Canterbury",1010,4.5,12.75,NA
"25305","20190311:0000",-43.76507,170.1315,"Aoraki Mount Cook National Park",2328,NA,0,"Canterbury",1010,4.3,14.15,NA
"25306","20190312:0000",-43.76507,170.1315,"Aoraki Mount Cook National Park",2328,NA,0,"Canterbury",1010,18.2,16.85,NA
"25307","20190313:0000",-43.76507,170.1315,"Aoraki Mount Cook National Park",2328,NA,0,"Canterbury",1010,9.1,14.55,NA
"25308","20190314:0000",-43.76507,170.1315,"Aoraki Mount Cook National Park",2328,NA,0,"Canterbury",1010,10.2,11.9,NA
"25309","20190315:0000",-43.76507,170.1315,"Aoraki Mount Cook National Park",2328,NA,0,"Canterbury",1010,7.1,13.5,NA
"25310","20190316:0000",-43.76507,170.1315,"Aoraki Mount Cook National Park",2328,NA,0,"Canterbury",1010,12.5,15,NA
"25311","20190317:0000",-43.76507,170.1315,"Aoraki Mount Cook National Park",2328,NA,0,"Canterbury",1010,4,14.9,NA
"25312","20190318:0000",-43.76507,170.1315,"Aoraki Mount Cook National Park",2328,NA,0,"Canterbury",1010,9.7,16.4,NA
"25313","20190319:0000",-43.76507,170.1315,"Aoraki Mount Cook National Park",2328,NA,0,"Canterbury",1010,6.1,16.6,NA
"25314","20190320:0000",-43.76507,170.1315,"Aoraki Mount Cook National Park",2328,NA,0,"Canterbury",1010,4.2,14.95,NA
"25315","20190321:0000",-43.76507,170.1315,"Aoraki Mount Cook National Park",2328,NA,0,"Canterbury",1010,5.8,15.15,NA
"25316","20190322:0000",-43.76507,170.1315,"Aoraki Mount Cook National Park",2328,NA,0,"Canterbury",1010,11.9,15.45,NA
"25317","20190323:0000",-43.76507,170.1315,"Aoraki Mount Cook National Park",2328,NA,0,"Canterbury",1010,13.3,16.3,NA
"25318","20190324:0000",-43.76507,170.1315,"Aoraki Mount Cook National Park",2328,NA,0,"Canterbury",1010,9,15.6,NA
"25319","20190325:0000",-43.76507,170.1315,"Aoraki Mount Cook National Park",2328,NA,0,"Canterbury",1010,38.6,14.4,NA
"25320","20190326:0000",-43.76507,170.1315,"Aoraki Mount Cook National Park",2328,NA,0,"Canterbury",1010,38.9,15.85,NA
"25321","20190327:0000",-43.76507,170.1315,"Aoraki Mount Cook National Park",2328,NA,0,"Canterbury",1010,30.5,13.85,NA
"25322","20190328:0000",-43.76507,170.1315,"Aoraki Mount Cook National Park",2328,NA,0,"Canterbury",1010,7.8,9.05,NA
"25323","20190329:0000",-43.76507,170.1315,"Aoraki Mount Cook National Park",2328,NA,0,"Canterbury",1010,6.7,9.35,NA
"25324","20190330:0000",-43.76507,170.1315,"Aoraki Mount Cook National Park",2328,NA,0,"Canterbury",1010,9.6,12.3,NA
"25325","20190331:0000",-43.76507,170.1315,"Aoraki Mount Cook National Park",2328,NA,0,"Canterbury",1010,23.5,13.9,NA
"25326","20190401:0000",-43.76507,170.1315,"Aoraki Mount Cook National Park",2328,NA,0,"Canterbury",1010,29.2,13.3,NA
"25327","20190402:0000",-43.76507,170.1315,"Aoraki Mount Cook National Park",2328,NA,0,"Canterbury",1010,6.9,6.65,NA
"25328","20190403:0000",-43.76507,170.1315,"Aoraki Mount Cook National Park",2328,NA,0,"Canterbury",1010,6.7,6.65,NA
"25329","20190404:0000",-43.76507,170.1315,"Aoraki Mount Cook National Park",2328,NA,0,"Canterbury",1010,11.9,8,NA
"25330","20190405:0000",-43.76507,170.1315,"Aoraki Mount Cook National Park",2328,NA,0,"Canterbury",1010,20.2,5.2,NA
"25331","20190406:0000",-43.76507,170.1315,"Aoraki Mount Cook National Park",2328,NA,0,"Canterbury",1010,8.8,4.15,NA
"25332","20190407:0000",-43.76507,170.1315,"Aoraki Mount Cook National Park",2328,NA,0,"Canterbury",1010,3.6,4.7,NA
"25333","20190408:0000",-43.76507,170.1315,"Aoraki Mount Cook National Park",2328,NA,0,"Canterbury",1010,6.9,7.75,NA
"25334","20190409:0000",-43.76507,170.1315,"Aoraki Mount Cook National Park",2328,NA,0,"Canterbury",1010,3.6,12.25,NA
"25335","20190410:0000",-43.76507,170.1315,"Aoraki Mount Cook National Park",2328,NA,0,"Canterbury",1010,22.3,12.45,NA
"25336","20190411:0000",-43.76507,170.1315,"Aoraki Mount Cook National Park",2328,NA,0,"Canterbury",1010,11.4,10,NA
"25337","20190412:0000",-43.76507,170.1315,"Aoraki Mount Cook National Park",2328,NA,0,"Canterbury",1010,17.3,8.55,NA
"25338","20190413:0000",-43.76507,170.1315,"Aoraki Mount Cook National Park",2328,NA,0,"Canterbury",1010,10.5,5.9,NA
"25339","20190414:0000",-43.76507,170.1315,"Aoraki Mount Cook National Park",2328,NA,0,"Canterbury",1010,10.8,7.95,NA
"25340","20190415:0000",-43.76507,170.1315,"Aoraki Mount Cook National Park",2328,NA,0,"Canterbury",1010,3.8,9.65,NA
"25341","20190416:0000",-43.76507,170.1315,"Aoraki Mount Cook National Park",2328,NA,0,"Canterbury",1010,7.8,7,NA
"25342","20190417:0000",-43.76507,170.1315,"Aoraki Mount Cook National Park",2328,NA,0,"Canterbury",1010,6.3,7.25,NA
"25343","20190418:0000",-43.76507,170.1315,"Aoraki Mount Cook National Park",2328,NA,0,"Canterbury",1010,6.5,7.7,NA
"25344","20190419:0000",-43.76507,170.1315,"Aoraki Mount Cook National Park",2328,NA,0,"Canterbury",1010,5.2,9.95,NA
"25345","20190420:0000",-43.76507,170.1315,"Aoraki Mount Cook National Park",2328,NA,0,"Canterbury",1010,26.7,11.3,NA
"25346","20190421:0000",-43.76507,170.1315,"Aoraki Mount Cook National Park",2328,NA,0,"Canterbury",1010,20.3,6.2,NA
"25347","20190422:0000",-43.76507,170.1315,"Aoraki Mount Cook National Park",2328,NA,0,"Canterbury",1010,6.4,7.3,NA
"25348","20190423:0000",-43.76507,170.1315,"Aoraki Mount Cook National Park",2328,NA,0,"Canterbury",1010,9.7,7.5,NA
"25349","20190424:0000",-43.76507,170.1315,"Aoraki Mount Cook National Park",2328,NA,0,"Canterbury",1010,2.3,8.1,NA
"25350","20190425:0000",-43.76507,170.1315,"Aoraki Mount Cook National Park",2328,NA,0,"Canterbury",1010,6.8,9.15,NA
"25351","20190426:0000",-43.76507,170.1315,"Aoraki Mount Cook National Park",2328,NA,0,"Canterbury",1010,30.8,12.15,NA
"25352","20190427:0000",-43.76507,170.1315,"Aoraki Mount Cook National Park",2328,NA,0,"Canterbury",1010,25.6,10.65,NA
"25353","20190428:0000",-43.76507,170.1315,"Aoraki Mount Cook National Park",2328,NA,0,"Canterbury",1010,31.4,8.75,NA
"25354","20190429:0000",-43.76507,170.1315,"Aoraki Mount Cook National Park",2328,NA,0,"Canterbury",1010,5.7,6.15,NA
"25355","20190430:0000",-43.76507,170.1315,"Aoraki Mount Cook National Park",2328,NA,0,"Canterbury",1010,13.8,3.95,NA
"25356","20190501:0000",-43.76507,170.1315,"Aoraki Mount Cook National Park",2328,NA,0,"Canterbury",1010,6.2,6.65,NA
"25357","20190502:0000",-43.76507,170.1315,"Aoraki Mount Cook National Park",2328,NA,0,"Canterbury",1010,11.8,10.4,NA
"25358","20190503:0000",-43.76507,170.1315,"Aoraki Mount Cook National Park",2328,NA,0,"Canterbury",1010,15.5,8.8,NA
"25359","20190504:0000",-43.76507,170.1315,"Aoraki Mount Cook National Park",2328,NA,0,"Canterbury",1010,36.2,9.2,NA
"25360","20190505:0000",-43.76507,170.1315,"Aoraki Mount Cook National Park",2328,NA,0,"Canterbury",1010,13.5,13.65,NA
"25361","20190506:0000",-43.76507,170.1315,"Aoraki Mount Cook National Park",2328,NA,0,"Canterbury",1010,10.6,6.55,NA
"25362","20190507:0000",-43.76507,170.1315,"Aoraki Mount Cook National Park",2328,NA,0,"Canterbury",1010,3.1,7.35,NA
"25363","20190508:0000",-43.76507,170.1315,"Aoraki Mount Cook National Park",2328,NA,0,"Canterbury",1010,4,7.7,NA
"25364","20190509:0000",-43.76507,170.1315,"Aoraki Mount Cook National Park",2328,NA,0,"Canterbury",1010,23.2,9.25,NA
"25365","20190510:0000",-43.76507,170.1315,"Aoraki Mount Cook National Park",2328,NA,0,"Canterbury",1010,11.7,9.9,NA
"25366","20190511:0000",-43.76507,170.1315,"Aoraki Mount Cook National Park",2328,NA,0,"Canterbury",1010,13.8,10.45,NA
"25367","20190512:0000",-43.76507,170.1315,"Aoraki Mount Cook National Park",2328,NA,0,"Canterbury",1010,15.9,7.25,NA
"25368","20190513:0000",-43.76507,170.1315,"Aoraki Mount Cook National Park",2328,NA,0,"Canterbury",1010,11.7,6,NA
"25369","20190514:0000",-43.76507,170.1315,"Aoraki Mount Cook National Park",2328,NA,0,"Canterbury",1010,36.4,6.1,NA
"25370","20190515:0000",-43.76507,170.1315,"Aoraki Mount Cook National Park",2328,NA,0,"Canterbury",1010,45.8,9.55,NA
"25371","20190516:0000",-43.76507,170.1315,"Aoraki Mount Cook National Park",2328,NA,0,"Canterbury",1010,32.4,10,NA
"25372","20190517:0000",-43.76507,170.1315,"Aoraki Mount Cook National Park",2328,NA,0,"Canterbury",1010,9.9,4.4,NA
"25373","20190518:0000",-43.76507,170.1315,"Aoraki Mount Cook National Park",2328,NA,0,"Canterbury",1010,28.5,6.25,NA
"25374","20190519:0000",-43.76507,170.1315,"Aoraki Mount Cook National Park",2328,NA,0,"Canterbury",1010,22.9,8.85,NA
"25375","20190520:0000",-43.76507,170.1315,"Aoraki Mount Cook National Park",2328,NA,0,"Canterbury",1010,11.3,8.8,NA
"25376","20190521:0000",-43.76507,170.1315,"Aoraki Mount Cook National Park",2328,NA,0,"Canterbury",1010,8.8,7.05,NA
"25377","20190522:0000",-43.76507,170.1315,"Aoraki Mount Cook National Park",2328,NA,0,"Canterbury",1010,33.3,7.7,NA
"25378","20190523:0000",-43.76507,170.1315,"Aoraki Mount Cook National Park",2328,NA,0,"Canterbury",1010,8.2,6.05,NA
"25379","20190524:0000",-43.76507,170.1315,"Aoraki Mount Cook National Park",2328,NA,0,"Canterbury",1010,8.7,5.85,NA
"25380","20190525:0000",-43.76507,170.1315,"Aoraki Mount Cook National Park",2328,NA,0,"Canterbury",1010,10.3,6.2,NA
"25381","20190526:0000",-43.76507,170.1315,"Aoraki Mount Cook National Park",2328,NA,0,"Canterbury",1010,33.1,11.1,NA
"25382","20190527:0000",-43.76507,170.1315,"Aoraki Mount Cook National Park",2328,NA,0,"Canterbury",1010,32,10.8,NA
"25383","20190528:0000",-43.76507,170.1315,"Aoraki Mount Cook National Park",2328,NA,0,"Canterbury",1010,33.5,9.95,NA
"25384","20190529:0000",-43.76507,170.1315,"Aoraki Mount Cook National Park",2328,NA,0,"Canterbury",1010,27,9.45,NA
"25385","20190530:0000",-43.76507,170.1315,"Aoraki Mount Cook National Park",2328,NA,0,"Canterbury",1010,19.2,8.65,NA
"25386","20190531:0000",-43.76507,170.1315,"Aoraki Mount Cook National Park",2328,NA,0,"Canterbury",1010,11.3,4.1,NA
"25387","20190601:0000",-43.76507,170.1315,"Aoraki Mount Cook National Park",2328,NA,0,"Canterbury",1010,19,1.3,NA
"25388","20190602:0000",-43.76507,170.1315,"Aoraki Mount Cook National Park",2328,NA,0,"Canterbury",1010,4.9,0.25,NA
"25389","20190603:0000",-43.76507,170.1315,"Aoraki Mount Cook National Park",2328,NA,0,"Canterbury",1010,9.3,2.05,NA
"25390","20190604:0000",-43.76507,170.1315,"Aoraki Mount Cook National Park",2328,NA,0,"Canterbury",1010,20.4,1.45,NA
"25391","20190605:0000",-43.76507,170.1315,"Aoraki Mount Cook National Park",2328,NA,0,"Canterbury",1010,12.1,2.05,NA
"25392","20190606:0000",-43.76507,170.1315,"Aoraki Mount Cook National Park",2328,NA,0,"Canterbury",1010,32.5,1.25,NA
"25393","20190607:0000",-43.76507,170.1315,"Aoraki Mount Cook National Park",2328,NA,0,"Canterbury",1010,14.8,7.1,NA
"25394","20190608:0000",-43.76507,170.1315,"Aoraki Mount Cook National Park",2328,NA,0,"Canterbury",1010,12.8,5.8,NA
"25395","20190609:0000",-43.76507,170.1315,"Aoraki Mount Cook National Park",2328,NA,0,"Canterbury",1010,22.1,6.7,NA
"25396","20190610:0000",-43.76507,170.1315,"Aoraki Mount Cook National Park",2328,NA,0,"Canterbury",1010,22,8.2,NA
"25397","20190611:0000",-43.76507,170.1315,"Aoraki Mount Cook National Park",2328,NA,0,"Canterbury",1010,24.9,7.55,NA
"25398","20190612:0000",-43.76507,170.1315,"Aoraki Mount Cook National Park",2328,NA,0,"Canterbury",1010,5.5,6.3,NA
"25399","20190613:0000",-43.76507,170.1315,"Aoraki Mount Cook National Park",2328,NA,0,"Canterbury",1010,9.5,3.7,NA
"25400","20190614:0000",-43.76507,170.1315,"Aoraki Mount Cook National Park",2328,NA,0,"Canterbury",1010,9.4,4.15,NA
"25401","20190615:0000",-43.76507,170.1315,"Aoraki Mount Cook National Park",2328,NA,0,"Canterbury",1010,2.8,5.15,NA
"25402","20190616:0000",-43.76507,170.1315,"Aoraki Mount Cook National Park",2328,NA,0,"Canterbury",1010,NA,NA,NA
"25403","20190617:0000",-43.76507,170.1315,"Aoraki Mount Cook National Park",2328,NA,0,"Canterbury",1010,4.7,4.3,NA
"25404","20190618:0000",-43.76507,170.1315,"Aoraki Mount Cook National Park",2328,NA,0,"Canterbury",1010,15.7,1.05,NA
"25405","20190619:0000",-43.76507,170.1315,"Aoraki Mount Cook National Park",2328,NA,0,"Canterbury",1010,10.2,0.5,NA
"25406","20190620:0000",-43.76507,170.1315,"Aoraki Mount Cook National Park",2328,NA,0,"Canterbury",1010,6.5,1.6,NA
"25407","20190621:0000",-43.76507,170.1315,"Aoraki Mount Cook National Park",2328,NA,0,"Canterbury",1010,43,3.05,NA
"25408","20190622:0000",-43.76507,170.1315,"Aoraki Mount Cook National Park",2328,NA,0,"Canterbury",1010,14.4,5.25,NA
"25409","20190623:0000",-43.76507,170.1315,"Aoraki Mount Cook National Park",2328,NA,0,"Canterbury",1010,4.4,4.45,NA
"25410","20190624:0000",-43.76507,170.1315,"Aoraki Mount Cook National Park",2328,NA,0,"Canterbury",1010,5.7,1.8,NA
"25411","20190625:0000",-43.76507,170.1315,"Aoraki Mount Cook National Park",2328,NA,0,"Canterbury",1010,12.1,1.6,NA
"25412","20190626:0000",-43.76507,170.1315,"Aoraki Mount Cook National Park",2328,NA,0,"Canterbury",1010,10.5,0.4,NA
"25413","20190627:0000",-43.76507,170.1315,"Aoraki Mount Cook National Park",2328,NA,0,"Canterbury",1010,12.7,1.95,NA
"25414","20190628:0000",-43.76507,170.1315,"Aoraki Mount Cook National Park",2328,NA,0,"Canterbury",1010,12.2,1.9,NA
"25415","20190629:0000",-43.76507,170.1315,"Aoraki Mount Cook National Park",2328,NA,0,"Canterbury",1010,11.6,3.7,NA
"25416","20190630:0000",-43.76507,170.1315,"Aoraki Mount Cook National Park",2328,NA,0,"Canterbury",1010,12.8,3.95,NA
"25417","20190701:0000",-43.76507,170.1315,"Aoraki Mount Cook National Park",2328,NA,0,"Canterbury",1010,35.5,5.25,NA
"25418","20190702:0000",-43.76507,170.1315,"Aoraki Mount Cook National Park",2328,NA,0,"Canterbury",1010,20.4,9.4,NA
"25419","20190703:0000",-43.76507,170.1315,"Aoraki Mount Cook National Park",2328,NA,0,"Canterbury",1010,21.7,9.75,NA
"25420","20190704:0000",-43.76507,170.1315,"Aoraki Mount Cook National Park",2328,NA,0,"Canterbury",1010,7.2,4.65,NA
"25421","20190705:0000",-43.76507,170.1315,"Aoraki Mount Cook National Park",2328,NA,0,"Canterbury",1010,11.4,1.35,NA
"25422","20190706:0000",-43.76507,170.1315,"Aoraki Mount Cook National Park",2328,NA,0,"Canterbury",1010,8.3,1.95,NA
"25423","20190707:0000",-43.76507,170.1315,"Aoraki Mount Cook National Park",2328,NA,0,"Canterbury",1010,10.6,2.5,NA
"25424","20190708:0000",-43.76507,170.1315,"Aoraki Mount Cook National Park",2328,NA,0,"Canterbury",1010,9.6,3.9,NA
"25425","20190709:0000",-43.76507,170.1315,"Aoraki Mount Cook National Park",2328,NA,0,"Canterbury",1010,30.9,4,NA
"25426","20190710:0000",-43.76507,170.1315,"Aoraki Mount Cook National Park",2328,NA,0,"Canterbury",1010,NA,NA,NA
"25427","20190711:0000",-43.76507,170.1315,"Aoraki Mount Cook National Park",2328,NA,0,"Canterbury",1010,24,7.5,NA
"25428","20190712:0000",-43.76507,170.1315,"Aoraki Mount Cook National Park",2328,NA,0,"Canterbury",1010,4.6,6.2,NA
"25429","20190713:0000",-43.76507,170.1315,"Aoraki Mount Cook National Park",2328,NA,0,"Canterbury",1010,28,6.9,NA
"25430","20190714:0000",-43.76507,170.1315,"Aoraki Mount Cook National Park",2328,NA,0,"Canterbury",1010,18.1,5.75,NA
"25431","20190715:0000",-43.76507,170.1315,"Aoraki Mount Cook National Park",2328,NA,0,"Canterbury",1010,24,5.25,NA
"25432","20190716:0000",-43.76507,170.1315,"Aoraki Mount Cook National Park",2328,NA,0,"Canterbury",1010,8.4,2.7,NA
"25433","20190717:0000",-43.76507,170.1315,"Aoraki Mount Cook National Park",2328,NA,0,"Canterbury",1010,3.5,3.2,NA
"25434","20190718:0000",-43.76507,170.1315,"Aoraki Mount Cook National Park",2328,NA,0,"Canterbury",1010,24.4,3.75,NA
"25435","20190719:0000",-43.76507,170.1315,"Aoraki Mount Cook National Park",2328,NA,0,"Canterbury",1010,4.1,4.35,NA
"25436","20190720:0000",-43.76507,170.1315,"Aoraki Mount Cook National Park",2328,NA,0,"Canterbury",1010,8.7,3.7,NA
"25437","20190721:0000",-43.76507,170.1315,"Aoraki Mount Cook National Park",2328,NA,0,"Canterbury",1010,22.4,5,NA
"25438","20190722:0000",-43.76507,170.1315,"Aoraki Mount Cook National Park",2328,NA,0,"Canterbury",1010,10.5,3.2,NA
"25439","20190723:0000",-43.76507,170.1315,"Aoraki Mount Cook National Park",2328,NA,0,"Canterbury",1010,9.8,2.4,NA
"25440","20190724:0000",-43.76507,170.1315,"Aoraki Mount Cook National Park",2328,NA,0,"Canterbury",1010,7.3,1.85,NA
"25441","20190725:0000",-43.76507,170.1315,"Aoraki Mount Cook National Park",2328,NA,0,"Canterbury",1010,9.7,1.1,NA
"25442","20190726:0000",-43.76507,170.1315,"Aoraki Mount Cook National Park",2328,NA,0,"Canterbury",1010,9.7,2.25,NA
"25443","20190727:0000",-43.76507,170.1315,"Aoraki Mount Cook National Park",2328,NA,0,"Canterbury",1010,8.3,4.5,NA
"25444","20190728:0000",-43.76507,170.1315,"Aoraki Mount Cook National Park",2328,NA,0,"Canterbury",1010,17.8,6.65,NA
"25445","20190729:0000",-43.76507,170.1315,"Aoraki Mount Cook National Park",2328,NA,0,"Canterbury",1010,20.7,8.3,NA
"25446","20190730:0000",-43.76507,170.1315,"Aoraki Mount Cook National Park",2328,NA,0,"Canterbury",1010,7,6.1,NA
"25447","20190731:0000",-43.76507,170.1315,"Aoraki Mount Cook National Park",2328,NA,0,"Canterbury",1010,20.1,1.75,NA
"25448","20190801:0000",-43.76507,170.1315,"Aoraki Mount Cook National Park",2328,NA,0,"Canterbury",1010,11.3,1.4,NA
"25449","20190802:0000",-43.76507,170.1315,"Aoraki Mount Cook National Park",2328,NA,0,"Canterbury",1010,24.5,0.75,NA
"25450","20190803:0000",-43.76507,170.1315,"Aoraki Mount Cook National Park",2328,NA,0,"Canterbury",1010,22.7,3.7,NA
"25451","20190804:0000",-43.76507,170.1315,"Aoraki Mount Cook National Park",2328,NA,0,"Canterbury",1010,13.6,0.65,NA
"25452","20190805:0000",-43.76507,170.1315,"Aoraki Mount Cook National Park",2328,NA,0,"Canterbury",1010,16.5,0.35,NA
"25453","20190806:0000",-43.76507,170.1315,"Aoraki Mount Cook National Park",2328,NA,0,"Canterbury",1010,24.7,2.8,NA
"25454","20190807:0000",-43.76507,170.1315,"Aoraki Mount Cook National Park",2328,NA,0,"Canterbury",1010,17.8,7.75,NA
"25455","20190808:0000",-43.76507,170.1315,"Aoraki Mount Cook National Park",2328,NA,0,"Canterbury",1010,22.7,6.8,NA
"25456","20190809:0000",-43.76507,170.1315,"Aoraki Mount Cook National Park",2328,NA,0,"Canterbury",1010,24.4,7.9,NA
"25457","20190810:0000",-43.76507,170.1315,"Aoraki Mount Cook National Park",2328,NA,0,"Canterbury",1010,11.1,0.5,NA
"25458","20190811:0000",-43.76507,170.1315,"Aoraki Mount Cook National Park",2328,NA,0,"Canterbury",1010,15.2,-1.85,NA
"25459","20190812:0000",-43.76507,170.1315,"Aoraki Mount Cook National Park",2328,NA,0,"Canterbury",1010,12.8,-1.3,NA
"25460","20190813:0000",-43.76507,170.1315,"Aoraki Mount Cook National Park",2328,NA,0,"Canterbury",1010,29.1,0.3,NA
"25461","20190814:0000",-43.76507,170.1315,"Aoraki Mount Cook National Park",2328,NA,0,"Canterbury",1010,12.7,0.35,NA
"25462","20190815:0000",-43.76507,170.1315,"Aoraki Mount Cook National Park",2328,NA,0,"Canterbury",1010,10.3,1.45,NA
"25463","20190816:0000",-43.76507,170.1315,"Aoraki Mount Cook National Park",2328,NA,0,"Canterbury",1010,25.8,4.4,NA
"25464","20190817:0000",-43.76507,170.1315,"Aoraki Mount Cook National Park",2328,NA,0,"Canterbury",1010,21.2,3.3,NA
"25465","20190818:0000",-43.76507,170.1315,"Aoraki Mount Cook National Park",2328,NA,0,"Canterbury",1010,15.5,0.35,NA
"25466","20190819:0000",-43.76507,170.1315,"Aoraki Mount Cook National Park",2328,NA,0,"Canterbury",1010,9.2,3.35,NA
"25467","20190820:0000",-43.76507,170.1315,"Aoraki Mount Cook National Park",2328,NA,0,"Canterbury",1010,46.4,2.8,NA
"25468","20190821:0000",-43.76507,170.1315,"Aoraki Mount Cook National Park",2328,NA,0,"Canterbury",1010,8.2,3.35,NA
"25469","20190822:0000",-43.76507,170.1315,"Aoraki Mount Cook National Park",2328,NA,0,"Canterbury",1010,7.8,4.55,NA
"25470","20190823:0000",-43.76507,170.1315,"Aoraki Mount Cook National Park",2328,NA,0,"Canterbury",1010,5.9,5.6,NA
"25471","20190824:0000",-43.76507,170.1315,"Aoraki Mount Cook National Park",2328,NA,0,"Canterbury",1010,8,6.55,NA
"25472","20190825:0000",-43.76507,170.1315,"Aoraki Mount Cook National Park",2328,NA,0,"Canterbury",1010,28.6,7.25,NA
"25473","20190826:0000",-43.76507,170.1315,"Aoraki Mount Cook National Park",2328,NA,0,"Canterbury",1010,12.4,5.45,NA
"25474","20190827:0000",-43.76507,170.1315,"Aoraki Mount Cook National Park",2328,NA,0,"Canterbury",1010,9.6,5.25,NA
"25475","20190828:0000",-43.76507,170.1315,"Aoraki Mount Cook National Park",2328,NA,0,"Canterbury",1010,23.5,7.6,NA
"25476","20190829:0000",-43.76507,170.1315,"Aoraki Mount Cook National Park",2328,NA,0,"Canterbury",1010,32.5,7.65,NA
"25477","20190830:0000",-43.76507,170.1315,"Aoraki Mount Cook National Park",2328,NA,0,"Canterbury",1010,5.1,4.35,NA
"25478","20190831:0000",-43.76507,170.1315,"Aoraki Mount Cook National Park",2328,NA,0,"Canterbury",1010,11.2,8.4,NA
"25479","20190901:0000",-43.76507,170.1315,"Aoraki Mount Cook National Park",2328,NA,0,"Canterbury",1010,21,11.05,NA
"25480","20190902:0000",-43.76507,170.1315,"Aoraki Mount Cook National Park",2328,NA,0,"Canterbury",1010,4.3,7.05,NA
"25481","20190903:0000",-43.76507,170.1315,"Aoraki Mount Cook National Park",2328,NA,0,"Canterbury",1010,5.5,4.65,NA
"25482","20190904:0000",-43.76507,170.1315,"Aoraki Mount Cook National Park",2328,NA,0,"Canterbury",1010,3.4,3.35,NA
"25483","20190905:0000",-43.76507,170.1315,"Aoraki Mount Cook National Park",2328,NA,0,"Canterbury",1010,4.1,5.9,NA
"25484","20190906:0000",-43.76507,170.1315,"Aoraki Mount Cook National Park",2328,NA,0,"Canterbury",1010,15.5,6.05,NA
"25485","20190907:0000",-43.76507,170.1315,"Aoraki Mount Cook National Park",2328,NA,0,"Canterbury",1010,6.8,4.95,NA
"25486","20190908:0000",-43.76507,170.1315,"Aoraki Mount Cook National Park",2328,NA,0,"Canterbury",1010,1.9,0.1,NA
"25487","20190909:0000",-43.76507,170.1315,"Aoraki Mount Cook National Park",2328,NA,0,"Canterbury",1010,9.1,3.35,NA
"25488","20190910:0000",-43.76507,170.1315,"Aoraki Mount Cook National Park",2328,NA,0,"Canterbury",1010,4.4,1.7,NA
"25489","20190911:0000",-43.76507,170.1315,"Aoraki Mount Cook National Park",2328,NA,0,"Canterbury",1010,6.9,4.8,NA
"25490","20190912:0000",-43.76507,170.1315,"Aoraki Mount Cook National Park",2328,NA,0,"Canterbury",1010,38.5,NA,NA
"25491","20190913:0000",-43.76507,170.1315,"Aoraki Mount Cook National Park",2328,NA,0,"Canterbury",1010,31.7,8.45,NA
"25492","20190914:0000",-43.76507,170.1315,"Aoraki Mount Cook National Park",2328,NA,0,"Canterbury",1010,3.5,4.55,NA
"25493","20190915:0000",-43.76507,170.1315,"Aoraki Mount Cook National Park",2328,NA,0,"Canterbury",1010,5,4.15,NA
"25494","20190916:0000",-43.76507,170.1315,"Aoraki Mount Cook National Park",2328,NA,0,"Canterbury",1010,26.9,9.05,NA
"25495","20190917:0000",-43.76507,170.1315,"Aoraki Mount Cook National Park",2328,NA,0,"Canterbury",1010,28,4.55,NA
"25496","20190918:0000",-43.76507,170.1315,"Aoraki Mount Cook National Park",2328,NA,0,"Canterbury",1010,14.7,4.45,NA
"25497","20190919:0000",-43.76507,170.1315,"Aoraki Mount Cook National Park",2328,NA,0,"Canterbury",1010,4,5.5,NA
"25498","20190920:0000",-43.76507,170.1315,"Aoraki Mount Cook National Park",2328,NA,0,"Canterbury",1010,12.9,6.35,NA
"25499","20190921:0000",-43.76507,170.1315,"Aoraki Mount Cook National Park",2328,NA,0,"Canterbury",1010,7.8,7.3,NA
"25500","20190922:0000",-43.76507,170.1315,"Aoraki Mount Cook National Park",2328,NA,0,"Canterbury",1010,7,8.7,NA
"25501","20190923:0000",-43.76507,170.1315,"Aoraki Mount Cook National Park",2328,NA,0,"Canterbury",1010,41.3,11.25,NA
"25502","20190924:0000",-43.76507,170.1315,"Aoraki Mount Cook National Park",2328,NA,0,"Canterbury",1010,16.9,7.4,NA
"25503","20190925:0000",-43.76507,170.1315,"Aoraki Mount Cook National Park",2328,NA,0,"Canterbury",1010,27,4.75,NA
"25504","20190926:0000",-43.76507,170.1315,"Aoraki Mount Cook National Park",2328,NA,0,"Canterbury",1010,20.5,3.95,NA
"25505","20190927:0000",-43.76507,170.1315,"Aoraki Mount Cook National Park",2328,NA,0,"Canterbury",1010,10.6,9.3,NA
"25506","20190928:0000",-43.76507,170.1315,"Aoraki Mount Cook National Park",2328,NA,0,"Canterbury",1010,34.4,10.6,NA
"25507","20190929:0000",-43.76507,170.1315,"Aoraki Mount Cook National Park",2328,NA,0,"Canterbury",1010,26.3,11.35,NA
"25508","20190930:0000",-43.76507,170.1315,"Aoraki Mount Cook National Park",2328,NA,0,"Canterbury",1010,30.4,9.55,NA
"25509","20191001:0000",-43.76507,170.1315,"Aoraki Mount Cook National Park",2328,NA,0,"Canterbury",1010,26.2,4.15,NA
"25510","20191002:0000",-43.76507,170.1315,"Aoraki Mount Cook National Park",2328,NA,0,"Canterbury",1010,26.5,4.45,NA
"25511","20191003:0000",-43.76507,170.1315,"Aoraki Mount Cook National Park",2328,NA,0,"Canterbury",1010,2.8,3.55,NA
"25512","20191004:0000",-43.76507,170.1315,"Aoraki Mount Cook National Park",2328,NA,0,"Canterbury",1010,11.8,6.75,NA
"25513","20191005:0000",-43.76507,170.1315,"Aoraki Mount Cook National Park",2328,NA,0,"Canterbury",1010,26,6.45,NA
"25514","20191006:0000",-43.76507,170.1315,"Aoraki Mount Cook National Park",2328,NA,0,"Canterbury",1010,6.2,5.35,NA
"25515","20191007:0000",-43.76507,170.1315,"Aoraki Mount Cook National Park",2328,NA,0,"Canterbury",1010,23.5,9.6,NA
"25516","20191008:0000",-43.76507,170.1315,"Aoraki Mount Cook National Park",2328,NA,0,"Canterbury",1010,26.3,11.8,NA
"25517","20191009:0000",-43.76507,170.1315,"Aoraki Mount Cook National Park",2328,NA,0,"Canterbury",1010,18.2,11.3,NA
"25518","20191010:0000",-43.76507,170.1315,"Aoraki Mount Cook National Park",2328,NA,0,"Canterbury",1010,24.5,12.25,NA
"25519","20191011:0000",-43.76507,170.1315,"Aoraki Mount Cook National Park",2328,NA,0,"Canterbury",1010,8.4,6.35,NA
"25520","20191012:0000",-43.76507,170.1315,"Aoraki Mount Cook National Park",2328,NA,0,"Canterbury",1010,16.9,7.4,NA
"25521","20191013:0000",-43.76507,170.1315,"Aoraki Mount Cook National Park",2328,NA,0,"Canterbury",1010,3.1,7.45,NA
"25522","20191014:0000",-43.76507,170.1315,"Aoraki Mount Cook National Park",2328,NA,0,"Canterbury",1010,4.6,6.75,NA
"25523","20191015:0000",-43.76507,170.1315,"Aoraki Mount Cook National Park",2328,NA,0,"Canterbury",1010,10.2,9.65,NA
"25524","20191016:0000",-43.76507,170.1315,"Aoraki Mount Cook National Park",2328,NA,0,"Canterbury",1010,9,11.35,NA
"25525","20191017:0000",-43.76507,170.1315,"Aoraki Mount Cook National Park",2328,NA,0,"Canterbury",1010,19.5,11.15,NA
"25526","20191018:0000",-43.76507,170.1315,"Aoraki Mount Cook National Park",2328,NA,0,"Canterbury",1010,5.5,4,NA
"25527","20191019:0000",-43.76507,170.1315,"Aoraki Mount Cook National Park",2328,NA,0,"Canterbury",1010,10.4,6.9,NA
"25528","20191020:0000",-43.76507,170.1315,"Aoraki Mount Cook National Park",2328,NA,0,"Canterbury",1010,20.9,7.6,NA
"25529","20191021:0000",-43.76507,170.1315,"Aoraki Mount Cook National Park",2328,NA,0,"Canterbury",1010,30.7,7.6,NA
"25530","20191022:0000",-43.76507,170.1315,"Aoraki Mount Cook National Park",2328,NA,0,"Canterbury",1010,24.2,5.2,NA
"25531","20191023:0000",-43.76507,170.1315,"Aoraki Mount Cook National Park",2328,NA,0,"Canterbury",1010,9.7,5.7,NA
"25532","20191024:0000",-43.76507,170.1315,"Aoraki Mount Cook National Park",2328,NA,0,"Canterbury",1010,35.8,7.3,NA
"25533","20191025:0000",-43.76507,170.1315,"Aoraki Mount Cook National Park",2328,NA,0,"Canterbury",1010,11.1,8.25,NA
"25534","20191026:0000",-43.76507,170.1315,"Aoraki Mount Cook National Park",2328,NA,0,"Canterbury",1010,37.7,14.55,NA
"25535","20191027:0000",-43.76507,170.1315,"Aoraki Mount Cook National Park",2328,NA,0,"Canterbury",1010,60.4,16.7,NA
"25536","20191028:0000",-43.76507,170.1315,"Aoraki Mount Cook National Park",2328,NA,0,"Canterbury",1010,19,8.3,NA
"25537","20191029:0000",-43.76507,170.1315,"Aoraki Mount Cook National Park",2328,NA,0,"Canterbury",1010,18.7,7.25,NA
"25538","20191030:0000",-43.76507,170.1315,"Aoraki Mount Cook National Park",2328,NA,0,"Canterbury",1010,32.7,7.5,NA
"25539","20191031:0000",-43.76507,170.1315,"Aoraki Mount Cook National Park",2328,NA,0,"Canterbury",1010,14.5,7.2,NA
"25540","20191101:0000",-43.76507,170.1315,"Aoraki Mount Cook National Park",2328,NA,0,"Canterbury",1010,6.1,9.75,NA
"25541","20191102:0000",-43.76507,170.1315,"Aoraki Mount Cook National Park",2328,NA,0,"Canterbury",1010,6.9,17.75,NA
"25542","20191103:0000",-43.76507,170.1315,"Aoraki Mount Cook National Park",2328,NA,0,"Canterbury",1010,30.2,19.55,NA
"25543","20191104:0000",-43.76507,170.1315,"Aoraki Mount Cook National Park",2328,NA,0,"Canterbury",1010,7.3,17.6,NA
"25544","20191105:0000",-43.76507,170.1315,"Aoraki Mount Cook National Park",2328,NA,0,"Canterbury",1010,16.1,NA,NA
"25545","20191106:0000",-43.76507,170.1315,"Aoraki Mount Cook National Park",2328,NA,0,"Canterbury",1010,7.3,NA,NA
"25546","20191107:0000",-43.76507,170.1315,"Aoraki Mount Cook National Park",2328,NA,0,"Canterbury",1010,10.2,14,NA
"25547","20191108:0000",-43.76507,170.1315,"Aoraki Mount Cook National Park",2328,NA,0,"Canterbury",1010,43.5,13.3,NA
"25548","20191109:0000",-43.76507,170.1315,"Aoraki Mount Cook National Park",2328,NA,0,"Canterbury",1010,43.8,13.3,NA
"25549","20191110:0000",-43.76507,170.1315,"Aoraki Mount Cook National Park",2328,NA,0,"Canterbury",1010,20.3,10.45,NA
"25550","20191111:0000",-43.76507,170.1315,"Aoraki Mount Cook National Park",2328,NA,0,"Canterbury",1010,11.7,7.05,NA
"25551","20191112:0000",-43.76507,170.1315,"Aoraki Mount Cook National Park",2328,NA,0,"Canterbury",1010,8.1,10.35,NA
"25552","20191113:0000",-43.76507,170.1315,"Aoraki Mount Cook National Park",2328,NA,0,"Canterbury",1010,36.6,12.05,NA
"25553","20191114:0000",-43.76507,170.1315,"Aoraki Mount Cook National Park",2328,NA,0,"Canterbury",1010,25.2,9.65,NA
"25554","20191115:0000",-43.76507,170.1315,"Aoraki Mount Cook National Park",2328,NA,0,"Canterbury",1010,19.5,7.85,NA
"25555","20191116:0000",-43.76507,170.1315,"Aoraki Mount Cook National Park",2328,NA,0,"Canterbury",1010,31.2,9.45,NA
"25556","20191117:0000",-43.76507,170.1315,"Aoraki Mount Cook National Park",2328,NA,0,"Canterbury",1010,48.5,9.65,NA
"25557","20191118:0000",-43.76507,170.1315,"Aoraki Mount Cook National Park",2328,NA,0,"Canterbury",1010,18.3,6.25,NA
"25558","20191119:0000",-43.76507,170.1315,"Aoraki Mount Cook National Park",2328,NA,0,"Canterbury",1010,39.1,8.45,NA
"25559","20191120:0000",-43.76507,170.1315,"Aoraki Mount Cook National Park",2328,NA,0,"Canterbury",1010,24.1,7.3,NA
"25560","20191121:0000",-43.76507,170.1315,"Aoraki Mount Cook National Park",2328,NA,0,"Canterbury",1010,19.9,11.3,NA
"25561","20191122:0000",-43.76507,170.1315,"Aoraki Mount Cook National Park",2328,NA,0,"Canterbury",1010,31.9,17.15,NA
"25562","20191123:0000",-43.76507,170.1315,"Aoraki Mount Cook National Park",2328,NA,0,"Canterbury",1010,24.3,19.35,NA
"25563","20191124:0000",-43.76507,170.1315,"Aoraki Mount Cook National Park",2328,NA,0,"Canterbury",1010,32.1,18,NA
"25564","20191125:0000",-43.76507,170.1315,"Aoraki Mount Cook National Park",2328,NA,0,"Canterbury",1010,4.8,12.2,NA
"25565","20191126:0000",-43.76507,170.1315,"Aoraki Mount Cook National Park",2328,NA,0,"Canterbury",1010,33,16.7,NA
"25566","20191127:0000",-43.76507,170.1315,"Aoraki Mount Cook National Park",2328,NA,0,"Canterbury",1010,37.4,17.25,NA
"25567","20191128:0000",-43.76507,170.1315,"Aoraki Mount Cook National Park",2328,NA,0,"Canterbury",1010,18.2,18.4,NA
"25568","20191129:0000",-43.76507,170.1315,"Aoraki Mount Cook National Park",2328,NA,0,"Canterbury",1010,10.5,16.8,NA
"25569","20191130:0000",-43.76507,170.1315,"Aoraki Mount Cook National Park",2328,NA,0,"Canterbury",1010,4.6,13.9,NA
"25570","20191201:0000",-43.76507,170.1315,"Aoraki Mount Cook National Park",2328,NA,0,"Canterbury",1010,45.9,15.1,NA
"25571","20191202:0000",-43.76507,170.1315,"Aoraki Mount Cook National Park",2328,NA,0,"Canterbury",1010,15.3,12.9,NA
"25572","20191203:0000",-43.76507,170.1315,"Aoraki Mount Cook National Park",2328,NA,0,"Canterbury",1010,7.9,11.75,NA
"25573","20191204:0000",-43.76507,170.1315,"Aoraki Mount Cook National Park",2328,NA,0,"Canterbury",1010,35.6,9.1,NA
"25574","20191205:0000",-43.76507,170.1315,"Aoraki Mount Cook National Park",2328,NA,0,"Canterbury",1010,30.2,8.6,NA
"25575","20191206:0000",-43.76507,170.1315,"Aoraki Mount Cook National Park",2328,NA,0,"Canterbury",1010,8,10.75,NA
"25576","20191207:0000",-43.76507,170.1315,"Aoraki Mount Cook National Park",2328,NA,0,"Canterbury",1010,9.9,10.2,NA
"25577","20191208:0000",-43.76507,170.1315,"Aoraki Mount Cook National Park",2328,NA,0,"Canterbury",1010,25.2,8.6,NA
"25578","20191209:0000",-43.76507,170.1315,"Aoraki Mount Cook National Park",2328,NA,0,"Canterbury",1010,20.4,9.15,NA
"25579","20191210:0000",-43.76507,170.1315,"Aoraki Mount Cook National Park",2328,NA,0,"Canterbury",1010,6.5,12.25,NA
"25580","20191211:0000",-43.76507,170.1315,"Aoraki Mount Cook National Park",2328,NA,0,"Canterbury",1010,18.1,15.45,NA
"25581","20191212:0000",-43.76507,170.1315,"Aoraki Mount Cook National Park",2328,NA,0,"Canterbury",1010,17.1,16.95,NA
"25582","20191213:0000",-43.76507,170.1315,"Aoraki Mount Cook National Park",2328,NA,0,"Canterbury",1010,35.6,17.2,NA
"25583","20191214:0000",-43.76507,170.1315,"Aoraki Mount Cook National Park",2328,NA,0,"Canterbury",1010,29.1,11.65,NA
"25584","20191215:0000",-43.76507,170.1315,"Aoraki Mount Cook National Park",2328,NA,0,"Canterbury",1010,28.2,13.45,NA
"25585","20191216:0000",-43.76507,170.1315,"Aoraki Mount Cook National Park",2328,NA,0,"Canterbury",1010,5.4,9,NA
"25586","20191217:0000",-43.76507,170.1315,"Aoraki Mount Cook National Park",2328,NA,0,"Canterbury",1010,7,8.4,NA
"25587","20191218:0000",-43.76507,170.1315,"Aoraki Mount Cook National Park",2328,NA,0,"Canterbury",1010,12.5,10.45,NA
"25588","20191219:0000",-43.76507,170.1315,"Aoraki Mount Cook National Park",2328,NA,0,"Canterbury",1010,35.2,12.55,NA
"25589","20191220:0000",-43.76507,170.1315,"Aoraki Mount Cook National Park",2328,NA,0,"Canterbury",1010,30.5,9.55,NA
"25590","20191221:0000",-43.76507,170.1315,"Aoraki Mount Cook National Park",2328,NA,0,"Canterbury",1010,9.5,10.05,NA
"25591","20191222:0000",-43.76507,170.1315,"Aoraki Mount Cook National Park",2328,NA,0,"Canterbury",1010,31.1,14.55,NA
"25592","20191223:0000",-43.76507,170.1315,"Aoraki Mount Cook National Park",2328,NA,0,"Canterbury",1010,4.5,11.3,NA
"25593","20191224:0000",-43.76507,170.1315,"Aoraki Mount Cook National Park",2328,NA,0,"Canterbury",1010,7,13.8,NA
"25594","20191225:0000",-43.76507,170.1315,"Aoraki Mount Cook National Park",2328,NA,0,"Canterbury",1010,12,12.8,NA
"25595","20191226:0000",-43.76507,170.1315,"Aoraki Mount Cook National Park",2328,NA,0,"Canterbury",1010,3,12.65,NA
"25596","20191227:0000",-43.76507,170.1315,"Aoraki Mount Cook National Park",2328,NA,0,"Canterbury",1010,36.6,13.85,NA
"25597","20191228:0000",-43.76507,170.1315,"Aoraki Mount Cook National Park",2328,NA,0,"Canterbury",1010,17,11.8,NA
"25598","20191229:0000",-43.76507,170.1315,"Aoraki Mount Cook National Park",2328,NA,0,"Canterbury",1010,22.4,13.95,NA
"25599","20191230:0000",-43.76507,170.1315,"Aoraki Mount Cook National Park",2328,NA,0,"Canterbury",1010,16.8,16.3,NA
"25600","20191231:0000",-43.76507,170.1315,"Aoraki Mount Cook National Park",2328,NA,0,"Canterbury",1010,4.9,17.4,NA
"25601","20200101:0000",-43.76507,170.1315,"Aoraki Mount Cook National Park",2328,NA,0,"Canterbury",1010,17.1,19.1,NA
"25602","20200102:0000",-43.76507,170.1315,"Aoraki Mount Cook National Park",2328,NA,0,"Canterbury",1010,11.3,18.05,NA
"25603","20200103:0000",-43.76507,170.1315,"Aoraki Mount Cook National Park",2328,NA,0,"Canterbury",1010,26.6,15.7,NA
"25604","20200104:0000",-43.76507,170.1315,"Aoraki Mount Cook National Park",2328,NA,0,"Canterbury",1010,6.3,10.25,NA
"25605","20200105:0000",-43.76507,170.1315,"Aoraki Mount Cook National Park",2328,NA,0,"Canterbury",1010,33.8,14.45,NA
"25606","20200106:0000",-43.76507,170.1315,"Aoraki Mount Cook National Park",2328,NA,0,"Canterbury",1010,20,9.5,NA
"25607","20200107:0000",-43.76507,170.1315,"Aoraki Mount Cook National Park",2328,NA,0,"Canterbury",1010,3.9,9.6,NA
"25608","20200108:0000",-43.76507,170.1315,"Aoraki Mount Cook National Park",2328,NA,0,"Canterbury",1010,7.7,12.3,NA
"25609","20200109:0000",-43.76507,170.1315,"Aoraki Mount Cook National Park",2328,NA,0,"Canterbury",1010,18.8,14.4,NA
"25610","20200110:0000",-43.76507,170.1315,"Aoraki Mount Cook National Park",2328,NA,0,"Canterbury",1010,4.4,13.25,NA
"25611","20200111:0000",-43.76507,170.1315,"Aoraki Mount Cook National Park",2328,NA,0,"Canterbury",1010,39.1,14,NA
"25612","20200112:0000",-43.76507,170.1315,"Aoraki Mount Cook National Park",2328,NA,0,"Canterbury",1010,20,15.2,NA
"25613","20200113:0000",-43.76507,170.1315,"Aoraki Mount Cook National Park",2328,NA,0,"Canterbury",1010,13.7,13.9,NA
"25614","20200114:0000",-43.76507,170.1315,"Aoraki Mount Cook National Park",2328,NA,0,"Canterbury",1010,7.6,12.35,NA
"25615","20200115:0000",-43.76507,170.1315,"Aoraki Mount Cook National Park",2328,NA,0,"Canterbury",1010,4.3,12.9,NA
"25616","20200116:0000",-43.76507,170.1315,"Aoraki Mount Cook National Park",2328,NA,0,"Canterbury",1010,3.4,13.75,NA
"25617","20200117:0000",-43.76507,170.1315,"Aoraki Mount Cook National Park",2328,NA,0,"Canterbury",1010,4.2,15.8,NA
"25618","20200118:0000",-43.76507,170.1315,"Aoraki Mount Cook National Park",2328,NA,0,"Canterbury",1010,5.5,17.15,NA
"25619","20200119:0000",-43.76507,170.1315,"Aoraki Mount Cook National Park",2328,NA,0,"Canterbury",1010,5.3,16.15,NA
"25620","20200120:0000",-43.76507,170.1315,"Aoraki Mount Cook National Park",2328,NA,0,"Canterbury",1010,4.7,18.4,NA
"25621","20200121:0000",-43.76507,170.1315,"Aoraki Mount Cook National Park",2328,NA,0,"Canterbury",1010,9.3,18.95,NA
"25622","20200122:0000",-43.76507,170.1315,"Aoraki Mount Cook National Park",2328,NA,0,"Canterbury",1010,9.4,19.2,NA
"25623","20200123:0000",-43.76507,170.1315,"Aoraki Mount Cook National Park",2328,NA,0,"Canterbury",1010,13,22.45,NA
"25624","20200124:0000",-43.76507,170.1315,"Aoraki Mount Cook National Park",2328,NA,0,"Canterbury",1010,3.8,18.6,NA
"25625","20200125:0000",-43.76507,170.1315,"Aoraki Mount Cook National Park",2328,NA,0,"Canterbury",1010,19.2,18.9,NA
"25626","20200126:0000",-43.76507,170.1315,"Aoraki Mount Cook National Park",2328,NA,0,"Canterbury",1010,7.8,18.8,NA
"25627","20200127:0000",-43.76507,170.1315,"Aoraki Mount Cook National Park",2328,NA,0,"Canterbury",1010,27.3,21.8,NA
"25628","20200128:0000",-43.76507,170.1315,"Aoraki Mount Cook National Park",2328,NA,0,"Canterbury",1010,21.1,22.9,NA
"25629","20200129:0000",-43.76507,170.1315,"Aoraki Mount Cook National Park",2328,NA,0,"Canterbury",1010,23.8,18,NA
"25630","20200130:0000",-43.76507,170.1315,"Aoraki Mount Cook National Park",2328,NA,0,"Canterbury",1010,33.2,17.85,NA
"25631","20200131:0000",-43.76507,170.1315,"Aoraki Mount Cook National Park",2328,NA,0,"Canterbury",1010,32,19.35,NA
"25632","20200201:0000",-43.76507,170.1315,"Aoraki Mount Cook National Park",2328,NA,0,"Canterbury",1010,34.8,21.1,NA
"25633","20200202:0000",-43.76507,170.1315,"Aoraki Mount Cook National Park",2328,NA,0,"Canterbury",1010,52.4,20.3,NA
"25634","20200203:0000",-43.76507,170.1315,"Aoraki Mount Cook National Park",2328,NA,0,"Canterbury",1010,59.2,21.65,NA
"25635","20200204:0000",-43.76507,170.1315,"Aoraki Mount Cook National Park",2328,NA,0,"Canterbury",1010,48.2,17.2,NA
"25636","20200205:0000",-43.76507,170.1315,"Aoraki Mount Cook National Park",2328,NA,0,"Canterbury",1010,1.7,12.6,NA
"25637","20200206:0000",-43.76507,170.1315,"Aoraki Mount Cook National Park",2328,NA,0,"Canterbury",1010,27.3,13.25,NA
"25638","20200207:0000",-43.76507,170.1315,"Aoraki Mount Cook National Park",2328,NA,0,"Canterbury",1010,11.9,12.85,NA
"25639","20200208:0000",-43.76507,170.1315,"Aoraki Mount Cook National Park",2328,NA,0,"Canterbury",1010,37.3,13.9,NA
"25640","20200209:0000",-43.76507,170.1315,"Aoraki Mount Cook National Park",2328,NA,0,"Canterbury",1010,12.9,11.9,NA
"25641","20200210:0000",-43.76507,170.1315,"Aoraki Mount Cook National Park",2328,NA,0,"Canterbury",1010,10,16.2,NA
"25642","20200211:0000",-43.76507,170.1315,"Aoraki Mount Cook National Park",2328,NA,0,"Canterbury",1010,4.9,17.25,NA
"25643","20200212:0000",-43.76507,170.1315,"Aoraki Mount Cook National Park",2328,NA,0,"Canterbury",1010,6.1,18.15,NA
"25644","20200213:0000",-43.76507,170.1315,"Aoraki Mount Cook National Park",2328,NA,0,"Canterbury",1010,6.5,20.9,NA
"25645","20200214:0000",-43.76507,170.1315,"Aoraki Mount Cook National Park",2328,NA,0,"Canterbury",1010,8,15.8,NA
"25646","20200215:0000",-43.76507,170.1315,"Aoraki Mount Cook National Park",2328,NA,0,"Canterbury",1010,4.9,16.1,NA
"25647","20200216:0000",-43.76507,170.1315,"Aoraki Mount Cook National Park",2328,NA,0,"Canterbury",1010,37.2,16.65,NA
"25648","20200217:0000",-43.76507,170.1315,"Aoraki Mount Cook National Park",2328,NA,0,"Canterbury",1010,27.8,22.4,NA
"25649","20200218:0000",-43.76507,170.1315,"Aoraki Mount Cook National Park",2328,NA,0,"Canterbury",1010,3.6,19.4,NA
"25650","20200219:0000",-43.76507,170.1315,"Aoraki Mount Cook National Park",2328,NA,0,"Canterbury",1010,14.3,19.35,NA
"25651","20180101:0000",-44.00173,170.44319,"Tekapo",2387,NA,0,"Canterbury",1010,7.2,16.1,11.8
"25652","20180102:0000",-44.00173,170.44319,"Tekapo",2387,NA,0,"Canterbury",1010,4.3,17.9,13.3
"25653","20180103:0000",-44.00173,170.44319,"Tekapo",2387,NA,0,"Canterbury",1010,5.4,19.1,8
"25654","20180104:0000",-44.00173,170.44319,"Tekapo",2387,NA,0,"Canterbury",1010,4,18.6,9.1
"25655","20180105:0000",-44.00173,170.44319,"Tekapo",2387,NA,0,"Canterbury",1010,10.1,13.3,0
"25656","20180106:0000",-44.00173,170.44319,"Tekapo",2387,NA,0,"Canterbury",1010,15.5,12.1,10.5
"25657","20180107:0000",-44.00173,170.44319,"Tekapo",2387,NA,0,"Canterbury",1010,11.2,11.9,8
"25658","20180108:0000",-44.00173,170.44319,"Tekapo",2387,NA,0,"Canterbury",1010,5.8,18.9,11
"25659","20180109:0000",-44.00173,170.44319,"Tekapo",2387,NA,0,"Canterbury",1010,15.5,20.3,0.1
"25660","20180110:0000",-44.00173,170.44319,"Tekapo",2387,NA,0,"Canterbury",1010,7.6,13.8,0
"25661","20180111:0000",-44.00173,170.44319,"Tekapo",2387,NA,0,"Canterbury",1010,6.5,10.55,0
"25662","20180112:0000",-44.00173,170.44319,"Tekapo",2387,NA,0,"Canterbury",1010,4.3,12.5,2.5
"25663","20180113:0000",-44.00173,170.44319,"Tekapo",2387,NA,0,"Canterbury",1010,5,14.9,7.8
"25664","20180114:0000",-44.00173,170.44319,"Tekapo",2387,NA,0,"Canterbury",1010,5.4,18.05,14.2
"25665","20180115:0000",-44.00173,170.44319,"Tekapo",2387,NA,0,"Canterbury",1010,6.5,19.25,13.9
"25666","20180116:0000",-44.00173,170.44319,"Tekapo",2387,NA,0,"Canterbury",1010,30.2,21.25,10.3
"25667","20180117:0000",-44.00173,170.44319,"Tekapo",2387,NA,0,"Canterbury",1010,13.3,19.75,2.3
"25668","20180118:0000",-44.00173,170.44319,"Tekapo",2387,NA,0,"Canterbury",1010,8.6,18.7,3.2
"25669","20180119:0000",-44.00173,170.44319,"Tekapo",2387,NA,0,"Canterbury",1010,7.9,18.65,12.9
"25670","20180120:0000",-44.00173,170.44319,"Tekapo",2387,NA,0,"Canterbury",1010,7.9,22.95,9.5
"25671","20180121:0000",-44.00173,170.44319,"Tekapo",2387,NA,0,"Canterbury",1010,5.4,19.4,11.6
"25672","20180122:0000",-44.00173,170.44319,"Tekapo",2387,NA,0,"Canterbury",1010,5.4,20,6.9
"25673","20180123:0000",-44.00173,170.44319,"Tekapo",2387,NA,0,"Canterbury",1010,19.1,21.1,13.7
"25674","20180124:0000",-44.00173,170.44319,"Tekapo",2387,NA,0,"Canterbury",1010,13.3,22.25,9.8
"25675","20180125:0000",-44.00173,170.44319,"Tekapo",2387,NA,0,"Canterbury",1010,11.2,23.6,9.1
"25676","20180126:0000",-44.00173,170.44319,"Tekapo",2387,NA,0,"Canterbury",1010,7.9,19.55,7.6
"25677","20180127:0000",-44.00173,170.44319,"Tekapo",2387,NA,0,"Canterbury",1010,5.4,21.15,12.9
"25678","20180128:0000",-44.00173,170.44319,"Tekapo",2387,NA,0,"Canterbury",1010,4.7,20.6,13.6
"25679","20180129:0000",-44.00173,170.44319,"Tekapo",2387,NA,0,"Canterbury",1010,4.7,22.7,13.9
"25680","20180130:0000",-44.00173,170.44319,"Tekapo",2387,NA,0,"Canterbury",1010,11.2,23.25,13.9
"25681","20180131:0000",-44.00173,170.44319,"Tekapo",2387,NA,0,"Canterbury",1010,5.4,21.95,9.3
"25682","20180201:0000",-44.00173,170.44319,"Tekapo",2387,NA,0,"Canterbury",1010,9,14.85,0.5
"25683","20180202:0000",-44.00173,170.44319,"Tekapo",2387,NA,0,"Canterbury",1010,10.4,9.4,2.3
"25684","20180203:0000",-44.00173,170.44319,"Tekapo",2387,NA,0,"Canterbury",1010,7.9,10.75,9.1
"25685","20180204:0000",-44.00173,170.44319,"Tekapo",2387,NA,0,"Canterbury",1010,2.9,13.45,8
"25686","20180205:0000",-44.00173,170.44319,"Tekapo",2387,NA,0,"Canterbury",1010,33.8,15.4,6
"25687","20180206:0000",-44.00173,170.44319,"Tekapo",2387,NA,0,"Canterbury",1010,13.3,12.9,13.6
"25688","20180207:0000",-44.00173,170.44319,"Tekapo",2387,NA,0,"Canterbury",1010,3.6,11.5,13.5
"25689","20180208:0000",-44.00173,170.44319,"Tekapo",2387,NA,0,"Canterbury",1010,2.9,14.35,13.4
"25690","20180209:0000",-44.00173,170.44319,"Tekapo",2387,NA,0,"Canterbury",1010,4.3,15.75,11.4
"25691","20180210:0000",-44.00173,170.44319,"Tekapo",2387,NA,0,"Canterbury",1010,2.5,16.65,9.4
"25692","20180211:0000",-44.00173,170.44319,"Tekapo",2387,NA,0,"Canterbury",1010,2.9,15.55,0
"25693","20180212:0000",-44.00173,170.44319,"Tekapo",2387,NA,0,"Canterbury",1010,4.3,17.5,10.3
"25694","20180213:0000",-44.00173,170.44319,"Tekapo",2387,NA,0,"Canterbury",1010,2.2,19.95,10.5
"25695","20180214:0000",-44.00173,170.44319,"Tekapo",2387,NA,0,"Canterbury",1010,5.4,15.4,9.6
"25696","20180215:0000",-44.00173,170.44319,"Tekapo",2387,NA,0,"Canterbury",1010,6.8,16.5,10
"25697","20180216:0000",-44.00173,170.44319,"Tekapo",2387,NA,0,"Canterbury",1010,4.3,16.15,9.8
"25698","20180217:0000",-44.00173,170.44319,"Tekapo",2387,NA,0,"Canterbury",1010,12.2,17.75,9.3
"25699","20180218:0000",-44.00173,170.44319,"Tekapo",2387,NA,0,"Canterbury",1010,8.3,15.75,11.2
"25700","20180219:0000",-44.00173,170.44319,"Tekapo",2387,NA,0,"Canterbury",1010,13.3,18.85,1.6
"25701","20180220:0000",-44.00173,170.44319,"Tekapo",2387,NA,0,"Canterbury",1010,9.4,8.1,0
"25702","20180221:0000",-44.00173,170.44319,"Tekapo",2387,NA,0,"Canterbury",1010,7.6,4.85,0
"25703","20180222:0000",-44.00173,170.44319,"Tekapo",2387,NA,0,"Canterbury",1010,7.6,10.15,9.7
"25704","20180223:0000",-44.00173,170.44319,"Tekapo",2387,NA,0,"Canterbury",1010,3.2,12.8,10.2
"25705","20180224:0000",-44.00173,170.44319,"Tekapo",2387,NA,0,"Canterbury",1010,8.3,15,11.3
"25706","20180225:0000",-44.00173,170.44319,"Tekapo",2387,NA,0,"Canterbury",1010,11.9,18,4.8
"25707","20180226:0000",-44.00173,170.44319,"Tekapo",2387,NA,0,"Canterbury",1010,5.8,11.55,12.1
"25708","20180227:0000",-44.00173,170.44319,"Tekapo",2387,NA,0,"Canterbury",1010,7.2,8.75,0.1
"25709","20180228:0000",-44.00173,170.44319,"Tekapo",2387,NA,0,"Canterbury",1010,2.9,13.85,4.1
"25710","20180301:0000",-44.00173,170.44319,"Tekapo",2387,NA,0,"Canterbury",1010,4.7,16.95,3.1
"25711","20180302:0000",-44.00173,170.44319,"Tekapo",2387,NA,0,"Canterbury",1010,0.4,17.95,5.5
"25712","20180303:0000",-44.00173,170.44319,"Tekapo",2387,NA,0,"Canterbury",1010,5,18.9,7.7
"25713","20180304:0000",-44.00173,170.44319,"Tekapo",2387,NA,0,"Canterbury",1010,9.4,18.8,9
"25714","20180305:0000",-44.00173,170.44319,"Tekapo",2387,NA,0,"Canterbury",1010,2.2,17.6,9.7
"25715","20180306:0000",-44.00173,170.44319,"Tekapo",2387,NA,0,"Canterbury",1010,3.6,12.9,0
"25716","20180307:0000",-44.00173,170.44319,"Tekapo",2387,NA,0,"Canterbury",1010,4.7,9.15,7.6
"25717","20180308:0000",-44.00173,170.44319,"Tekapo",2387,NA,0,"Canterbury",1010,7.6,11.25,11.7
"25718","20180309:0000",-44.00173,170.44319,"Tekapo",2387,NA,0,"Canterbury",1010,17.6,12.05,5
"25719","20180310:0000",-44.00173,170.44319,"Tekapo",2387,NA,0,"Canterbury",1010,4.3,10.35,11.1
"25720","20180311:0000",-44.00173,170.44319,"Tekapo",2387,NA,0,"Canterbury",1010,1.4,14.6,10.9
"25721","20180312:0000",-44.00173,170.44319,"Tekapo",2387,NA,0,"Canterbury",1010,2.2,16.05,10.1
"25722","20180313:0000",-44.00173,170.44319,"Tekapo",2387,NA,0,"Canterbury",1010,19.1,13.85,1
"25723","20180314:0000",-44.00173,170.44319,"Tekapo",2387,NA,0,"Canterbury",1010,14.4,13.1,9.6
"25724","20180315:0000",-44.00173,170.44319,"Tekapo",2387,NA,0,"Canterbury",1010,10.1,15.6,6.3
"25725","20180316:0000",-44.00173,170.44319,"Tekapo",2387,NA,0,"Canterbury",1010,57.2,16.75,11.4
"25726","20180317:0000",-44.00173,170.44319,"Tekapo",2387,NA,0,"Canterbury",1010,8.3,9.7,5.5
"25727","20180318:0000",-44.00173,170.44319,"Tekapo",2387,NA,0,"Canterbury",1010,8.6,10.75,10
"25728","20180319:0000",-44.00173,170.44319,"Tekapo",2387,NA,0,"Canterbury",1010,9,13.95,4
"25729","20180320:0000",-44.00173,170.44319,"Tekapo",2387,NA,0,"Canterbury",1010,19.4,19.1,11.3
"25730","20180321:0000",-44.00173,170.44319,"Tekapo",2387,NA,0,"Canterbury",1010,6.5,14.4,0.9
"25731","20180322:0000",-44.00173,170.44319,"Tekapo",2387,NA,0,"Canterbury",1010,14,5.35,0.3
"25732","20180323:0000",-44.00173,170.44319,"Tekapo",2387,NA,0,"Canterbury",1010,1.4,5.3,1.1
"25733","20180324:0000",-44.00173,170.44319,"Tekapo",2387,NA,0,"Canterbury",1010,3.2,9.2,3.1
"25734","20180325:0000",-44.00173,170.44319,"Tekapo",2387,NA,0,"Canterbury",1010,8.3,11.3,6.7
"25735","20180326:0000",-44.00173,170.44319,"Tekapo",2387,NA,0,"Canterbury",1010,7.6,12.9,0.3
"25736","20180327:0000",-44.00173,170.44319,"Tekapo",2387,NA,0,"Canterbury",1010,21.6,16.15,5.2
"25737","20180328:0000",-44.00173,170.44319,"Tekapo",2387,NA,0,"Canterbury",1010,7.6,13.3,8.3
"25738","20180329:0000",-44.00173,170.44319,"Tekapo",2387,NA,0,"Canterbury",1010,3.6,12.95,10.1
"25739","20180330:0000",-44.00173,170.44319,"Tekapo",2387,NA,0,"Canterbury",1010,9,13.8,10.8
"25740","20180331:0000",-44.00173,170.44319,"Tekapo",2387,NA,0,"Canterbury",1010,23.8,13.6,8.4
"25741","20180401:0000",-44.00173,170.44319,"Tekapo",2387,NA,0,"Canterbury",1010,4.7,8.3,10.3
"25742","20180402:0000",-44.00173,170.44319,"Tekapo",2387,NA,0,"Canterbury",1010,14.4,13.15,2.7
"25743","20180403:0000",-44.00173,170.44319,"Tekapo",2387,NA,0,"Canterbury",1010,43.9,16.85,7.2
"25744","20180404:0000",-44.00173,170.44319,"Tekapo",2387,NA,0,"Canterbury",1010,24.8,14.75,8
"25745","20180405:0000",-44.00173,170.44319,"Tekapo",2387,NA,0,"Canterbury",1010,8.6,14.8,10.8
"25746","20180406:0000",-44.00173,170.44319,"Tekapo",2387,NA,0,"Canterbury",1010,15.8,15.2,8.1
"25747","20180407:0000",-44.00173,170.44319,"Tekapo",2387,NA,0,"Canterbury",1010,9,9.7,8.6
"25748","20180408:0000",-44.00173,170.44319,"Tekapo",2387,NA,0,"Canterbury",1010,17.3,10.1,5.5
"25749","20180409:0000",-44.00173,170.44319,"Tekapo",2387,NA,0,"Canterbury",1010,8.6,6.8,0.9
"25750","20180410:0000",-44.00173,170.44319,"Tekapo",2387,NA,0,"Canterbury",1010,5.8,2,1.3
"25751","20180411:0000",-44.00173,170.44319,"Tekapo",2387,NA,0,"Canterbury",1010,11.5,3.2,3.3
"25752","20180412:0000",-44.00173,170.44319,"Tekapo",2387,NA,0,"Canterbury",1010,6.1,3.2,1.3
"25753","20180413:0000",-44.00173,170.44319,"Tekapo",2387,NA,0,"Canterbury",1010,9.7,4.95,7.1
"25754","20180414:0000",-44.00173,170.44319,"Tekapo",2387,NA,0,"Canterbury",1010,6.8,4.1,9.5
"25755","20180415:0000",-44.00173,170.44319,"Tekapo",2387,NA,0,"Canterbury",1010,5.4,6.3,3.8
"25756","20180416:0000",-44.00173,170.44319,"Tekapo",2387,NA,0,"Canterbury",1010,18.7,8.65,7.7
"25757","20180417:0000",-44.00173,170.44319,"Tekapo",2387,NA,0,"Canterbury",1010,42.5,8.85,7.6
"25758","20180418:0000",-44.00173,170.44319,"Tekapo",2387,NA,0,"Canterbury",1010,8.6,5.3,9.1
"25759","20180419:0000",-44.00173,170.44319,"Tekapo",2387,NA,0,"Canterbury",1010,14.4,9.9,3.5
"25760","20180420:0000",-44.00173,170.44319,"Tekapo",2387,NA,0,"Canterbury",1010,37.4,13.3,5.7
"25761","20180421:0000",-44.00173,170.44319,"Tekapo",2387,NA,0,"Canterbury",1010,37.4,12.8,7.8
"25762","20180422:0000",-44.00173,170.44319,"Tekapo",2387,NA,0,"Canterbury",1010,5.8,5.75,9.8
"25763","20180423:0000",-44.00173,170.44319,"Tekapo",2387,NA,0,"Canterbury",1010,12.2,9.3,9.6
"25764","20180424:0000",-44.00173,170.44319,"Tekapo",2387,NA,0,"Canterbury",1010,15.1,11.9,8.4
"25765","20180425:0000",-44.00173,170.44319,"Tekapo",2387,NA,0,"Canterbury",1010,12.2,8,8.1
"25766","20180426:0000",-44.00173,170.44319,"Tekapo",2387,NA,0,"Canterbury",1010,11.9,12.1,9.1
"25767","20180427:0000",-44.00173,170.44319,"Tekapo",2387,NA,0,"Canterbury",1010,8.6,12.5,6.2
"25768","20180428:0000",-44.00173,170.44319,"Tekapo",2387,NA,0,"Canterbury",1010,14.8,4.4,0
"25769","20180429:0000",-44.00173,170.44319,"Tekapo",2387,NA,0,"Canterbury",1010,14,2.4,0
"25770","20180430:0000",-44.00173,170.44319,"Tekapo",2387,NA,0,"Canterbury",1010,7.9,3.65,0
"25771","20180501:0000",-44.00173,170.44319,"Tekapo",2387,NA,0,"Canterbury",1010,10.8,6.75,7.9
"25772","20180502:0000",-44.00173,170.44319,"Tekapo",2387,NA,0,"Canterbury",1010,7.2,8.9,9.3
"25773","20180503:0000",-44.00173,170.44319,"Tekapo",2387,NA,0,"Canterbury",1010,10.4,8.4,4.5
"25774","20180504:0000",-44.00173,170.44319,"Tekapo",2387,NA,0,"Canterbury",1010,10.4,9.45,5.2
"25775","20180505:0000",-44.00173,170.44319,"Tekapo",2387,NA,0,"Canterbury",1010,8.3,8.25,1.2
"25776","20180506:0000",-44.00173,170.44319,"Tekapo",2387,NA,0,"Canterbury",1010,13.3,9.4,7.7
"25777","20180507:0000",-44.00173,170.44319,"Tekapo",2387,NA,0,"Canterbury",1010,20.5,10,3.1
"25778","20180508:0000",-44.00173,170.44319,"Tekapo",2387,NA,0,"Canterbury",1010,21.6,12.35,3.9
"25779","20180509:0000",-44.00173,170.44319,"Tekapo",2387,NA,0,"Canterbury",1010,11.5,12.25,8.9
"25780","20180510:0000",-44.00173,170.44319,"Tekapo",2387,NA,0,"Canterbury",1010,16.2,9.25,2.5
"25781","20180511:0000",-44.00173,170.44319,"Tekapo",2387,NA,0,"Canterbury",1010,5.8,9.3,5
"25782","20180512:0000",-44.00173,170.44319,"Tekapo",2387,NA,0,"Canterbury",1010,13,8.8,8.4
"25783","20180513:0000",-44.00173,170.44319,"Tekapo",2387,NA,0,"Canterbury",1010,4.3,3.9,0.4
"25784","20180514:0000",-44.00173,170.44319,"Tekapo",2387,NA,0,"Canterbury",1010,2.5,4.05,3.7
"25785","20180515:0000",-44.00173,170.44319,"Tekapo",2387,NA,0,"Canterbury",1010,5.4,4.85,0
"25786","20180516:0000",-44.00173,170.44319,"Tekapo",2387,NA,0,"Canterbury",1010,2.2,5.5,6.4
"25787","20180517:0000",-44.00173,170.44319,"Tekapo",2387,NA,0,"Canterbury",1010,8.6,5.6,7.5
"25788","20180518:0000",-44.00173,170.44319,"Tekapo",2387,NA,0,"Canterbury",1010,11.2,7.15,8.6
"25789","20180519:0000",-44.00173,170.44319,"Tekapo",2387,NA,0,"Canterbury",1010,34.2,7.35,8.5
"25790","20180520:0000",-44.00173,170.44319,"Tekapo",2387,NA,0,"Canterbury",1010,22.3,8.5,1.2
"25791","20180521:0000",-44.00173,170.44319,"Tekapo",2387,NA,0,"Canterbury",1010,13.3,4.45,7.2
"25792","20180522:0000",-44.00173,170.44319,"Tekapo",2387,NA,0,"Canterbury",1010,29.5,3.85,0
"25793","20180523:0000",-44.00173,170.44319,"Tekapo",2387,NA,0,"Canterbury",1010,8.3,2.4,7.1
"25794","20180524:0000",-44.00173,170.44319,"Tekapo",2387,NA,0,"Canterbury",1010,27.7,2.05,4.2
"25795","20180525:0000",-44.00173,170.44319,"Tekapo",2387,NA,0,"Canterbury",1010,6.8,1.25,6
"25796","20180526:0000",-44.00173,170.44319,"Tekapo",2387,NA,0,"Canterbury",1010,11.5,3.7,1.9
"25797","20180527:0000",-44.00173,170.44319,"Tekapo",2387,NA,0,"Canterbury",1010,6.8,3.6,5.1
"25798","20180528:0000",-44.00173,170.44319,"Tekapo",2387,NA,0,"Canterbury",1010,6.1,0.85,5.2
"25799","20180529:0000",-44.00173,170.44319,"Tekapo",2387,NA,0,"Canterbury",1010,4.7,0.35,7.6
"25800","20180530:0000",-44.00173,170.44319,"Tekapo",2387,NA,0,"Canterbury",1010,5.4,0.5,5.3
"25801","20180531:0000",-44.00173,170.44319,"Tekapo",2387,NA,0,"Canterbury",1010,5,-1.8,0
"25802","20180601:0000",-44.00173,170.44319,"Tekapo",2387,NA,0,"Canterbury",1010,0,-1.5,0.3
"25803","20180602:0000",-44.00173,170.44319,"Tekapo",2387,NA,0,"Canterbury",1010,0,-2.5,0
"25804","20180603:0000",-44.00173,170.44319,"Tekapo",2387,NA,0,"Canterbury",1010,0,-1.9,2.8
"25805","20180604:0000",-44.00173,170.44319,"Tekapo",2387,NA,0,"Canterbury",1010,0,-0.4,0.4
"25806","20180605:0000",-44.00173,170.44319,"Tekapo",2387,NA,0,"Canterbury",1010,15.1,3.85,7.9
"25807","20180606:0000",-44.00173,170.44319,"Tekapo",2387,NA,0,"Canterbury",1010,8.3,0.3,2.4
"25808","20180607:0000",-44.00173,170.44319,"Tekapo",2387,NA,0,"Canterbury",1010,10.1,3.5,5.5
"25809","20180608:0000",-44.00173,170.44319,"Tekapo",2387,NA,0,"Canterbury",1010,5.4,4.3,7.7
"25810","20180609:0000",-44.00173,170.44319,"Tekapo",2387,NA,0,"Canterbury",1010,18.7,7.3,4.6
"25811","20180610:0000",-44.00173,170.44319,"Tekapo",2387,NA,0,"Canterbury",1010,5.8,8.05,0
"25812","20180611:0000",-44.00173,170.44319,"Tekapo",2387,NA,0,"Canterbury",1010,10.4,5.35,4.2
"25813","20180612:0000",-44.00173,170.44319,"Tekapo",2387,NA,0,"Canterbury",1010,4.7,2.25,0
"25814","20180613:0000",-44.00173,170.44319,"Tekapo",2387,NA,0,"Canterbury",1010,4.7,3.1,0.6
"25815","20180614:0000",-44.00173,170.44319,"Tekapo",2387,NA,0,"Canterbury",1010,1.4,3.9,6.9
"25816","20180615:0000",-44.00173,170.44319,"Tekapo",2387,NA,0,"Canterbury",1010,13.3,4.3,6.3
"25817","20180616:0000",-44.00173,170.44319,"Tekapo",2387,NA,0,"Canterbury",1010,12.6,4.9,3.9
"25818","20180617:0000",-44.00173,170.44319,"Tekapo",2387,NA,0,"Canterbury",1010,6.1,4.45,4.9
"25819","20180618:0000",-44.00173,170.44319,"Tekapo",2387,NA,0,"Canterbury",1010,9,2.5,5.7
"25820","20180619:0000",-44.00173,170.44319,"Tekapo",2387,NA,0,"Canterbury",1010,6.8,3.05,2.3
"25821","20180620:0000",-44.00173,170.44319,"Tekapo",2387,NA,0,"Canterbury",1010,5,4.2,4.8
"25822","20180621:0000",-44.00173,170.44319,"Tekapo",2387,NA,0,"Canterbury",1010,8.6,2.55,7.8
"25823","20180622:0000",-44.00173,170.44319,"Tekapo",2387,NA,0,"Canterbury",1010,5.4,-0.85,7
"25824","20180623:0000",-44.00173,170.44319,"Tekapo",2387,NA,0,"Canterbury",1010,9,2.05,5.6
"25825","20180624:0000",-44.00173,170.44319,"Tekapo",2387,NA,0,"Canterbury",1010,29.5,2.5,0.5
"25826","20180625:0000",-44.00173,170.44319,"Tekapo",2387,NA,0,"Canterbury",1010,16.6,-0.15,5.2
"25827","20180626:0000",-44.00173,170.44319,"Tekapo",2387,NA,0,"Canterbury",1010,5.8,-1,2.9
"25828","20180627:0000",-44.00173,170.44319,"Tekapo",2387,NA,0,"Canterbury",1010,18.4,1.85,7.8
"25829","20180628:0000",-44.00173,170.44319,"Tekapo",2387,NA,0,"Canterbury",1010,8.3,2.65,7.8
"25830","20180629:0000",-44.00173,170.44319,"Tekapo",2387,NA,0,"Canterbury",1010,9,2.05,7.8
"25831","20180630:0000",-44.00173,170.44319,"Tekapo",2387,NA,0,"Canterbury",1010,4.3,2,7.5
"25832","20180701:0000",-44.00173,170.44319,"Tekapo",2387,NA,0,"Canterbury",1010,28.8,4.5,5.5
"25833","20180702:0000",-44.00173,170.44319,"Tekapo",2387,NA,0,"Canterbury",1010,9.7,4.6,0.3
"25834","20180703:0000",-44.00173,170.44319,"Tekapo",2387,NA,0,"Canterbury",1010,8.6,1.95,7.9
"25835","20180704:0000",-44.00173,170.44319,"Tekapo",2387,NA,0,"Canterbury",1010,18.7,4.05,3.1
"25836","20180705:0000",-44.00173,170.44319,"Tekapo",2387,NA,0,"Canterbury",1010,1.8,4.25,4.7
"25837","20180706:0000",-44.00173,170.44319,"Tekapo",2387,NA,0,"Canterbury",1010,15.5,6.1,1.2
"25838","20180707:0000",-44.00173,170.44319,"Tekapo",2387,NA,0,"Canterbury",1010,25.2,8.9,6.3
"25839","20180708:0000",-44.00173,170.44319,"Tekapo",2387,NA,0,"Canterbury",1010,4.3,3.95,0
"25840","20180709:0000",-44.00173,170.44319,"Tekapo",2387,NA,0,"Canterbury",1010,16.9,4.75,3.7
"25841","20180710:0000",-44.00173,170.44319,"Tekapo",2387,NA,0,"Canterbury",1010,14.8,2.25,8
"25842","20180711:0000",-44.00173,170.44319,"Tekapo",2387,NA,0,"Canterbury",1010,14.4,4.1,6.9
"25843","20180712:0000",-44.00173,170.44319,"Tekapo",2387,NA,0,"Canterbury",1010,3.6,2.65,6.1
"25844","20180713:0000",-44.00173,170.44319,"Tekapo",2387,NA,0,"Canterbury",1010,6.5,2.4,8.2
"25845","20180714:0000",-44.00173,170.44319,"Tekapo",2387,NA,0,"Canterbury",1010,5.4,3.5,8.1
"25846","20180715:0000",-44.00173,170.44319,"Tekapo",2387,NA,0,"Canterbury",1010,5.8,1.9,3.7
"25847","20180716:0000",-44.00173,170.44319,"Tekapo",2387,NA,0,"Canterbury",1010,5,3.85,6.1
"25848","20180717:0000",-44.00173,170.44319,"Tekapo",2387,NA,0,"Canterbury",1010,12.2,6.6,8.3
"25849","20180718:0000",-44.00173,170.44319,"Tekapo",2387,NA,0,"Canterbury",1010,11.2,3.75,8.3
"25850","20180719:0000",-44.00173,170.44319,"Tekapo",2387,NA,0,"Canterbury",1010,10.4,4,8.4
"25851","20180720:0000",-44.00173,170.44319,"Tekapo",2387,NA,0,"Canterbury",1010,11.9,3.35,3.6
"25852","20180721:0000",-44.00173,170.44319,"Tekapo",2387,NA,0,"Canterbury",1010,29.5,5.65,3.1
"25853","20180722:0000",-44.00173,170.44319,"Tekapo",2387,NA,0,"Canterbury",1010,20.2,3.9,8.3
"25854","20180723:0000",-44.00173,170.44319,"Tekapo",2387,NA,0,"Canterbury",1010,4.7,3.5,3.7
"25855","20180724:0000",-44.00173,170.44319,"Tekapo",2387,NA,0,"Canterbury",1010,5.4,1.85,4.6
"25856","20180725:0000",-44.00173,170.44319,"Tekapo",2387,NA,0,"Canterbury",1010,9.4,1.7,8.4
"25857","20180726:0000",-44.00173,170.44319,"Tekapo",2387,NA,0,"Canterbury",1010,4,3.95,6.6
"25858","20180727:0000",-44.00173,170.44319,"Tekapo",2387,NA,0,"Canterbury",1010,8.3,4.8,5.7
"25859","20180728:0000",-44.00173,170.44319,"Tekapo",2387,NA,0,"Canterbury",1010,19.1,6.45,3
"25860","20180729:0000",-44.00173,170.44319,"Tekapo",2387,NA,0,"Canterbury",1010,14.4,5.85,6.1
"25861","20180730:0000",-44.00173,170.44319,"Tekapo",2387,NA,0,"Canterbury",1010,6.8,1.75,8.6
"25862","20180731:0000",-44.00173,170.44319,"Tekapo",2387,NA,0,"Canterbury",1010,14.8,5.55,3
"25863","20180801:0000",-44.00173,170.44319,"Tekapo",2387,NA,0,"Canterbury",1010,7.9,7.65,7.5
"25864","20180802:0000",-44.00173,170.44319,"Tekapo",2387,NA,0,"Canterbury",1010,7.9,5.1,3
"25865","20180803:0000",-44.00173,170.44319,"Tekapo",2387,NA,0,"Canterbury",1010,7.9,4.1,1.1
"25866","20180804:0000",-44.00173,170.44319,"Tekapo",2387,NA,0,"Canterbury",1010,5,3.95,4.7
"25867","20180805:0000",-44.00173,170.44319,"Tekapo",2387,NA,0,"Canterbury",1010,3.6,2.35,5.4
"25868","20180806:0000",-44.00173,170.44319,"Tekapo",2387,NA,0,"Canterbury",1010,8.3,2.35,8.6
"25869","20180807:0000",-44.00173,170.44319,"Tekapo",2387,NA,0,"Canterbury",1010,7.2,4.1,3.4
"25870","20180808:0000",-44.00173,170.44319,"Tekapo",2387,NA,0,"Canterbury",1010,18.4,4.65,0
"25871","20180809:0000",-44.00173,170.44319,"Tekapo",2387,NA,0,"Canterbury",1010,6.1,5.55,7.1
"25872","20180810:0000",-44.00173,170.44319,"Tekapo",2387,NA,0,"Canterbury",1010,6.1,5.95,9.2
"25873","20180811:0000",-44.00173,170.44319,"Tekapo",2387,NA,0,"Canterbury",1010,9.4,4.9,9.3
"25874","20180812:0000",-44.00173,170.44319,"Tekapo",2387,NA,0,"Canterbury",1010,10.1,6.05,6.8
"25875","20180813:0000",-44.00173,170.44319,"Tekapo",2387,NA,0,"Canterbury",1010,22.3,6.1,0
"25876","20180814:0000",-44.00173,170.44319,"Tekapo",2387,NA,0,"Canterbury",1010,7.6,4.95,0.5
"25877","20180815:0000",-44.00173,170.44319,"Tekapo",2387,NA,0,"Canterbury",1010,8.6,6.25,9.1
"25878","20180816:0000",-44.00173,170.44319,"Tekapo",2387,NA,0,"Canterbury",1010,25.9,7.5,4.7
"25879","20180817:0000",-44.00173,170.44319,"Tekapo",2387,NA,0,"Canterbury",1010,9.7,3.55,2.7
"25880","20180818:0000",-44.00173,170.44319,"Tekapo",2387,NA,0,"Canterbury",1010,10.4,3,9.5
"25881","20180819:0000",-44.00173,170.44319,"Tekapo",2387,NA,0,"Canterbury",1010,8.6,1.75,9.6
"25882","20180820:0000",-44.00173,170.44319,"Tekapo",2387,NA,0,"Canterbury",1010,5.4,1.6,4.3
"25883","20180821:0000",-44.00173,170.44319,"Tekapo",2387,NA,0,"Canterbury",1010,12.2,4.1,7.3
"25884","20180822:0000",-44.00173,170.44319,"Tekapo",2387,NA,0,"Canterbury",1010,10.4,4.35,9.8
"25885","20180823:0000",-44.00173,170.44319,"Tekapo",2387,NA,0,"Canterbury",1010,9.4,2.95,8.9
"25886","20180824:0000",-44.00173,170.44319,"Tekapo",2387,NA,0,"Canterbury",1010,6.5,4.95,6
"25887","20180825:0000",-44.00173,170.44319,"Tekapo",2387,NA,0,"Canterbury",1010,7.6,5.3,9.9
"25888","20180826:0000",-44.00173,170.44319,"Tekapo",2387,NA,0,"Canterbury",1010,13.7,9.05,10
"25889","20180827:0000",-44.00173,170.44319,"Tekapo",2387,NA,0,"Canterbury",1010,10.8,7.05,7.3
"25890","20180828:0000",-44.00173,170.44319,"Tekapo",2387,NA,0,"Canterbury",1010,6.8,5.2,1.7
"25891","20180829:0000",-44.00173,170.44319,"Tekapo",2387,NA,0,"Canterbury",1010,4.7,3.75,2.1
"25892","20180830:0000",-44.00173,170.44319,"Tekapo",2387,NA,0,"Canterbury",1010,2.9,4.85,8.4
"25893","20180831:0000",-44.00173,170.44319,"Tekapo",2387,NA,0,"Canterbury",1010,3.6,5.6,7.6
"25894","20180901:0000",-44.00173,170.44319,"Tekapo",2387,NA,0,"Canterbury",1010,5,6.75,9.7
"25895","20180902:0000",-44.00173,170.44319,"Tekapo",2387,NA,0,"Canterbury",1010,2.9,5.75,2.1
"25896","20180903:0000",-44.00173,170.44319,"Tekapo",2387,NA,0,"Canterbury",1010,14.8,2.9,4.1
"25897","20180904:0000",-44.00173,170.44319,"Tekapo",2387,NA,0,"Canterbury",1010,11.5,3.45,3.1
"25898","20180905:0000",-44.00173,170.44319,"Tekapo",2387,NA,0,"Canterbury",1010,6.5,3.35,8.9
"25899","20180906:0000",-44.00173,170.44319,"Tekapo",2387,NA,0,"Canterbury",1010,5,3.95,10.6
"25900","20180907:0000",-44.00173,170.44319,"Tekapo",2387,NA,0,"Canterbury",1010,2.9,3.35,10.7
"25901","20180908:0000",-44.00173,170.44319,"Tekapo",2387,NA,0,"Canterbury",1010,5.8,3.95,10.8
"25902","20180909:0000",-44.00173,170.44319,"Tekapo",2387,NA,0,"Canterbury",1010,9,5.5,10.3
"25903","20180910:0000",-44.00173,170.44319,"Tekapo",2387,NA,0,"Canterbury",1010,5,6.15,2.3
"25904","20180911:0000",-44.00173,170.44319,"Tekapo",2387,NA,0,"Canterbury",1010,4.7,7.85,8.8
"25905","20180912:0000",-44.00173,170.44319,"Tekapo",2387,NA,0,"Canterbury",1010,6.1,11.6,9
"25906","20180913:0000",-44.00173,170.44319,"Tekapo",2387,NA,0,"Canterbury",1010,24.8,13.65,6.4
"25907","20180914:0000",-44.00173,170.44319,"Tekapo",2387,NA,0,"Canterbury",1010,11.5,12.8,11
"25908","20180915:0000",-44.00173,170.44319,"Tekapo",2387,NA,0,"Canterbury",1010,8.3,10.95,10.7
"25909","20180916:0000",-44.00173,170.44319,"Tekapo",2387,NA,0,"Canterbury",1010,14.8,10.5,9.1
"25910","20180917:0000",-44.00173,170.44319,"Tekapo",2387,NA,0,"Canterbury",1010,14,7.75,0.5
"25911","20180918:0000",-44.00173,170.44319,"Tekapo",2387,NA,0,"Canterbury",1010,16.6,5.75,11.1
"25912","20180919:0000",-44.00173,170.44319,"Tekapo",2387,NA,0,"Canterbury",1010,9,8.25,10.9
"25913","20180920:0000",-44.00173,170.44319,"Tekapo",2387,NA,0,"Canterbury",1010,10.8,8.85,8.5
"25914","20180921:0000",-44.00173,170.44319,"Tekapo",2387,NA,0,"Canterbury",1010,4.3,9.55,4.9
"25915","20180922:0000",-44.00173,170.44319,"Tekapo",2387,NA,0,"Canterbury",1010,9.4,8.65,11.4
"25916","20180923:0000",-44.00173,170.44319,"Tekapo",2387,NA,0,"Canterbury",1010,6.8,9.8,9.3
"25917","20180924:0000",-44.00173,170.44319,"Tekapo",2387,NA,0,"Canterbury",1010,6.1,4.6,2.9
"25918","20180925:0000",-44.00173,170.44319,"Tekapo",2387,NA,0,"Canterbury",1010,7.2,5.4,10.8
"25919","20180926:0000",-44.00173,170.44319,"Tekapo",2387,NA,0,"Canterbury",1010,9,5.65,11.6
"25920","20180927:0000",-44.00173,170.44319,"Tekapo",2387,NA,0,"Canterbury",1010,11.2,4.45,10.9
"25921","20180928:0000",-44.00173,170.44319,"Tekapo",2387,NA,0,"Canterbury",1010,9.7,5.35,10.8
"25922","20180929:0000",-44.00173,170.44319,"Tekapo",2387,NA,0,"Canterbury",1010,11.5,8.9,5.5
"25923","20180930:0000",-44.00173,170.44319,"Tekapo",2387,NA,0,"Canterbury",1010,6.1,11,4.2
"25924","20181001:0000",-44.00173,170.44319,"Tekapo",2387,NA,0,"Canterbury",1010,6.5,9,10.8
"25925","20181002:0000",-44.00173,170.44319,"Tekapo",2387,NA,0,"Canterbury",1010,9.4,8.8,5.9
"25926","20181003:0000",-44.00173,170.44319,"Tekapo",2387,NA,0,"Canterbury",1010,5.4,7.2,11.8
"25927","20181004:0000",-44.00173,170.44319,"Tekapo",2387,NA,0,"Canterbury",1010,13,8.25,1.6
"25928","20181005:0000",-44.00173,170.44319,"Tekapo",2387,NA,0,"Canterbury",1010,11.9,7.8,7.7
"25929","20181006:0000",-44.00173,170.44319,"Tekapo",2387,NA,0,"Canterbury",1010,6.8,8.85,10.9
"25930","20181007:0000",-44.00173,170.44319,"Tekapo",2387,NA,0,"Canterbury",1010,6.1,6.95,11.8
"25931","20181008:0000",-44.00173,170.44319,"Tekapo",2387,NA,0,"Canterbury",1010,4.3,6.65,11.9
"25932","20181009:0000",-44.00173,170.44319,"Tekapo",2387,NA,0,"Canterbury",1010,5.4,8.9,10.2
"25933","20181010:0000",-44.00173,170.44319,"Tekapo",2387,NA,0,"Canterbury",1010,21.6,11.1,5.6
"25934","20181011:0000",-44.00173,170.44319,"Tekapo",2387,NA,0,"Canterbury",1010,5,5.8,1.9
"25935","20181012:0000",-44.00173,170.44319,"Tekapo",2387,NA,0,"Canterbury",1010,11.2,1.4,1.2
"25936","20181013:0000",-44.00173,170.44319,"Tekapo",2387,NA,0,"Canterbury",1010,10.4,2.95,10.3
"25937","20181014:0000",-44.00173,170.44319,"Tekapo",2387,NA,0,"Canterbury",1010,8.3,5.25,9.9
"25938","20181015:0000",-44.00173,170.44319,"Tekapo",2387,NA,0,"Canterbury",1010,6.8,8.15,12.5
"25939","20181016:0000",-44.00173,170.44319,"Tekapo",2387,NA,0,"Canterbury",1010,8.3,10.15,12.4
"25940","20181017:0000",-44.00173,170.44319,"Tekapo",2387,NA,0,"Canterbury",1010,11.9,12.65,3.5
"25941","20181018:0000",-44.00173,170.44319,"Tekapo",2387,NA,0,"Canterbury",1010,9,13.35,8.4
"25942","20181019:0000",-44.00173,170.44319,"Tekapo",2387,NA,0,"Canterbury",1010,6.5,13.1,11.2
"25943","20181020:0000",-44.00173,170.44319,"Tekapo",2387,NA,0,"Canterbury",1010,4.7,14.05,2.9
"25944","20181021:0000",-44.00173,170.44319,"Tekapo",2387,NA,0,"Canterbury",1010,9.4,15.1,10.7
"25945","20181022:0000",-44.00173,170.44319,"Tekapo",2387,NA,0,"Canterbury",1010,7.9,14.8,12.6
"25946","20181023:0000",-44.00173,170.44319,"Tekapo",2387,NA,0,"Canterbury",1010,9.4,16.25,12.1
"25947","20181024:0000",-44.00173,170.44319,"Tekapo",2387,NA,0,"Canterbury",1010,10.4,16.25,9.1
"25948","20181025:0000",-44.00173,170.44319,"Tekapo",2387,NA,0,"Canterbury",1010,28.1,9.75,0
"25949","20181026:0000",-44.00173,170.44319,"Tekapo",2387,NA,0,"Canterbury",1010,5.4,7.4,4
"25950","20181027:0000",-44.00173,170.44319,"Tekapo",2387,NA,0,"Canterbury",1010,2.5,9.85,7.8
"25951","20181028:0000",-44.00173,170.44319,"Tekapo",2387,NA,0,"Canterbury",1010,7.2,7.45,1.7
"25952","20181029:0000",-44.00173,170.44319,"Tekapo",2387,NA,0,"Canterbury",1010,6.8,8.05,1.3
"25953","20181030:0000",-44.00173,170.44319,"Tekapo",2387,NA,0,"Canterbury",1010,13.7,6.2,0.3
"25954","20181031:0000",-44.00173,170.44319,"Tekapo",2387,NA,0,"Canterbury",1010,7.6,7.7,6.9
"25955","20181101:0000",-44.00173,170.44319,"Tekapo",2387,NA,0,"Canterbury",1010,16.9,7.85,10.5
"25956","20181102:0000",-44.00173,170.44319,"Tekapo",2387,NA,0,"Canterbury",1010,4.3,9.2,7.3
"25957","20181103:0000",-44.00173,170.44319,"Tekapo",2387,NA,0,"Canterbury",1010,16.9,15.7,5.2
"25958","20181104:0000",-44.00173,170.44319,"Tekapo",2387,NA,0,"Canterbury",1010,36,7.75,10.5
"25959","20181105:0000",-44.00173,170.44319,"Tekapo",2387,NA,0,"Canterbury",1010,11.5,12.5,12.6
"25960","20181106:0000",-44.00173,170.44319,"Tekapo",2387,NA,0,"Canterbury",1010,8.3,13.05,12.9
"25961","20181107:0000",-44.00173,170.44319,"Tekapo",2387,NA,0,"Canterbury",1010,14.4,14.75,6.6
"25962","20181108:0000",-44.00173,170.44319,"Tekapo",2387,NA,0,"Canterbury",1010,25.2,13.85,0
"25963","20181109:0000",-44.00173,170.44319,"Tekapo",2387,NA,0,"Canterbury",1010,6.1,1.85,0
"25964","20181110:0000",-44.00173,170.44319,"Tekapo",2387,NA,0,"Canterbury",1010,4.3,5.7,8.8
"25965","20181111:0000",-44.00173,170.44319,"Tekapo",2387,NA,0,"Canterbury",1010,9.7,10.1,12.4
"25966","20181112:0000",-44.00173,170.44319,"Tekapo",2387,NA,0,"Canterbury",1010,6.5,10.3,7.7
"25967","20181113:0000",-44.00173,170.44319,"Tekapo",2387,NA,0,"Canterbury",1010,5.4,10.65,13.8
"25968","20181114:0000",-44.00173,170.44319,"Tekapo",2387,NA,0,"Canterbury",1010,5,12.45,12.3
"25969","20181115:0000",-44.00173,170.44319,"Tekapo",2387,NA,0,"Canterbury",1010,6.8,15.4,9.9
"25970","20181116:0000",-44.00173,170.44319,"Tekapo",2387,NA,0,"Canterbury",1010,15.8,14.15,1
"25971","20181117:0000",-44.00173,170.44319,"Tekapo",2387,NA,0,"Canterbury",1010,6.8,11.95,8.5
"25972","20181118:0000",-44.00173,170.44319,"Tekapo",2387,NA,0,"Canterbury",1010,27.7,11.05,11.8
"25973","20181119:0000",-44.00173,170.44319,"Tekapo",2387,NA,0,"Canterbury",1010,15.8,3.05,1.2
"25974","20181120:0000",-44.00173,170.44319,"Tekapo",2387,NA,0,"Canterbury",1010,17.6,2.05,0
"25975","20181121:0000",-44.00173,170.44319,"Tekapo",2387,NA,0,"Canterbury",1010,7.2,4.6,5.7
"25976","20181122:0000",-44.00173,170.44319,"Tekapo",2387,NA,0,"Canterbury",1010,12.2,8.9,11.8
"25977","20181123:0000",-44.00173,170.44319,"Tekapo",2387,NA,0,"Canterbury",1010,4.3,9.9,6.7
"25978","20181124:0000",-44.00173,170.44319,"Tekapo",2387,NA,0,"Canterbury",1010,4,11.25,0
"25979","20181125:0000",-44.00173,170.44319,"Tekapo",2387,NA,0,"Canterbury",1010,13.3,12.2,0.8
"25980","20181126:0000",-44.00173,170.44319,"Tekapo",2387,NA,0,"Canterbury",1010,16.2,10,0.7
"25981","20181127:0000",-44.00173,170.44319,"Tekapo",2387,NA,0,"Canterbury",1010,6.1,11,10.3
"25982","20181128:0000",-44.00173,170.44319,"Tekapo",2387,NA,0,"Canterbury",1010,4.7,11.9,5.4
"25983","20181129:0000",-44.00173,170.44319,"Tekapo",2387,NA,0,"Canterbury",1010,5.8,13.2,9
"25984","20181130:0000",-44.00173,170.44319,"Tekapo",2387,NA,0,"Canterbury",1010,7.6,12.8,7.1
"25985","20181201:0000",-44.00173,170.44319,"Tekapo",2387,NA,0,"Canterbury",1010,6.8,13.65,3.8
"25986","20181202:0000",-44.00173,170.44319,"Tekapo",2387,NA,0,"Canterbury",1010,4.3,14.65,6.2
"25987","20181203:0000",-44.00173,170.44319,"Tekapo",2387,NA,0,"Canterbury",1010,8.3,15.05,6.4
"25988","20181204:0000",-44.00173,170.44319,"Tekapo",2387,NA,0,"Canterbury",1010,5,15.05,6.1
"25989","20181205:0000",-44.00173,170.44319,"Tekapo",2387,NA,0,"Canterbury",1010,10.4,9.75,2.5
"25990","20181206:0000",-44.00173,170.44319,"Tekapo",2387,NA,0,"Canterbury",1010,10.1,8.55,11.7
"25991","20181207:0000",-44.00173,170.44319,"Tekapo",2387,NA,0,"Canterbury",1010,16.6,13.7,10.4
"25992","20181208:0000",-44.00173,170.44319,"Tekapo",2387,NA,0,"Canterbury",1010,8.6,16.65,4.2
"25993","20181209:0000",-44.00173,170.44319,"Tekapo",2387,NA,0,"Canterbury",1010,10.1,18.35,0.1
"25994","20181210:0000",-44.00173,170.44319,"Tekapo",2387,NA,0,"Canterbury",1010,5,13.25,10.8
"25995","20181211:0000",-44.00173,170.44319,"Tekapo",2387,NA,0,"Canterbury",1010,7.9,10.6,0
"25996","20181212:0000",-44.00173,170.44319,"Tekapo",2387,NA,0,"Canterbury",1010,5,13.1,3.3
"25997","20181213:0000",-44.00173,170.44319,"Tekapo",2387,NA,0,"Canterbury",1010,5,13.7,9.2
"25998","20181214:0000",-44.00173,170.44319,"Tekapo",2387,NA,0,"Canterbury",1010,5.4,14.85,6.8
"25999","20181215:0000",-44.00173,170.44319,"Tekapo",2387,NA,0,"Canterbury",1010,8.3,16.95,14.3
"26000","20181216:0000",-44.00173,170.44319,"Tekapo",2387,NA,0,"Canterbury",1010,10.1,16.95,12.6
"26001","20181217:0000",-44.00173,170.44319,"Tekapo",2387,NA,0,"Canterbury",1010,15.1,17.15,12.6
"26002","20181218:0000",-44.00173,170.44319,"Tekapo",2387,NA,0,"Canterbury",1010,19.4,19.8,2.4
"26003","20181219:0000",-44.00173,170.44319,"Tekapo",2387,NA,0,"Canterbury",1010,9.7,11.75,0
"26004","20181220:0000",-44.00173,170.44319,"Tekapo",2387,NA,0,"Canterbury",1010,4.7,9.35,0.9
"26005","20181221:0000",-44.00173,170.44319,"Tekapo",2387,NA,0,"Canterbury",1010,3.6,10.65,3.1
"26006","20181222:0000",-44.00173,170.44319,"Tekapo",2387,NA,0,"Canterbury",1010,4,10.7,10.6
"26007","20181223:0000",-44.00173,170.44319,"Tekapo",2387,NA,0,"Canterbury",1010,5,9.9,11.5
"26008","20181224:0000",-44.00173,170.44319,"Tekapo",2387,NA,0,"Canterbury",1010,6.1,14.2,14.6
"26009","20181225:0000",-44.00173,170.44319,"Tekapo",2387,NA,0,"Canterbury",1010,6.1,NA,NA
"26010","20181226:0000",-44.00173,170.44319,"Tekapo",2387,NA,0,"Canterbury",1010,9,NA,8.1
"26011","20181227:0000",-44.00173,170.44319,"Tekapo",2387,NA,0,"Canterbury",1010,4,12.45,10.9
"26012","20181228:0000",-44.00173,170.44319,"Tekapo",2387,NA,0,"Canterbury",1010,4,13.5,12
"26013","20181229:0000",-44.00173,170.44319,"Tekapo",2387,NA,0,"Canterbury",1010,8.6,19.15,11.1
"26014","20181230:0000",-44.00173,170.44319,"Tekapo",2387,NA,0,"Canterbury",1010,21.6,22.3,5.2
"26015","20181231:0000",-44.00173,170.44319,"Tekapo",2387,NA,0,"Canterbury",1010,11.9,20.55,10.8
"26016","20190101:0000",-44.00173,170.44319,"Tekapo",2387,NA,0,"Canterbury",1010,4.3,15.85,4.7
"26017","20190102:0000",-44.00173,170.44319,"Tekapo",2387,NA,0,"Canterbury",1010,23,20.85,7.8
"26018","20190103:0000",-44.00173,170.44319,"Tekapo",2387,NA,0,"Canterbury",1010,27.4,20.3,14
"26019","20190104:0000",-44.00173,170.44319,"Tekapo",2387,NA,0,"Canterbury",1010,7.9,17.05,11.6
"26020","20190105:0000",-44.00173,170.44319,"Tekapo",2387,NA,0,"Canterbury",1010,7.6,18.3,12.7
"26021","20190106:0000",-44.00173,170.44319,"Tekapo",2387,NA,0,"Canterbury",1010,NA,NA,3.2
"26022","20190107:0000",-44.00173,170.44319,"Tekapo",2387,NA,0,"Canterbury",1010,NA,NA,11.8
"26023","20190108:0000",-44.00173,170.44319,"Tekapo",2387,NA,0,"Canterbury",1010,NA,NA,14.4
"26024","20190109:0000",-44.00173,170.44319,"Tekapo",2387,NA,0,"Canterbury",1010,NA,NA,3.2
"26025","20190110:0000",-44.00173,170.44319,"Tekapo",2387,NA,0,"Canterbury",1010,NA,NA,11.9
"26026","20190111:0000",-44.00173,170.44319,"Tekapo",2387,NA,0,"Canterbury",1010,NA,NA,13.9
"26027","20190112:0000",-44.00173,170.44319,"Tekapo",2387,NA,0,"Canterbury",1010,NA,NA,11.7
"26028","20190113:0000",-44.00173,170.44319,"Tekapo",2387,NA,0,"Canterbury",1010,NA,NA,NA
"26029","20190114:0000",-44.00173,170.44319,"Tekapo",2387,NA,0,"Canterbury",1010,NA,NA,5.7
"26030","20190115:0000",-44.00173,170.44319,"Tekapo",2387,NA,0,"Canterbury",1010,5,NA,NA
"26031","20190116:0000",-44.00173,170.44319,"Tekapo",2387,NA,0,"Canterbury",1010,NA,NA,NA
"26032","20190117:0000",-44.00173,170.44319,"Tekapo",2387,NA,0,"Canterbury",1010,NA,NA,NA
"26033","20190118:0000",-44.00173,170.44319,"Tekapo",2387,NA,0,"Canterbury",1010,NA,NA,NA
"26034","20190119:0000",-44.00173,170.44319,"Tekapo",2387,NA,0,"Canterbury",1010,NA,NA,NA
"26035","20190120:0000",-44.00173,170.44319,"Tekapo",2387,NA,0,"Canterbury",1010,NA,NA,NA
"26036","20190121:0000",-44.00173,170.44319,"Tekapo",2387,NA,0,"Canterbury",1010,NA,NA,NA
"26037","20190122:0000",-44.00173,170.44319,"Tekapo",2387,NA,0,"Canterbury",1010,NA,NA,NA
"26038","20190123:0000",-44.00173,170.44319,"Tekapo",2387,NA,0,"Canterbury",1010,NA,NA,NA
"26039","20190124:0000",-44.00173,170.44319,"Tekapo",2387,NA,0,"Canterbury",1010,1.4,NA,12.9
"26040","20190125:0000",-44.00173,170.44319,"Tekapo",2387,NA,0,"Canterbury",1010,6.1,14.05,1.8
"26041","20190126:0000",-44.00173,170.44319,"Tekapo",2387,NA,0,"Canterbury",1010,5.8,19.6,2.4
"26042","20190127:0000",-44.00173,170.44319,"Tekapo",2387,NA,0,"Canterbury",1010,21.6,23.15,11.3
"26043","20190128:0000",-44.00173,170.44319,"Tekapo",2387,NA,0,"Canterbury",1010,17.3,23.6,11.1
"26044","20190129:0000",-44.00173,170.44319,"Tekapo",2387,NA,0,"Canterbury",1010,6.5,18.95,4.6
"26045","20190130:0000",-44.00173,170.44319,"Tekapo",2387,NA,0,"Canterbury",1010,7.9,23.9,9.7
"26046","20190131:0000",-44.00173,170.44319,"Tekapo",2387,NA,0,"Canterbury",1010,6.8,23.55,10.6
"26047","20190201:0000",-44.00173,170.44319,"Tekapo",2387,NA,0,"Canterbury",1010,44.3,23.05,9.3
"26048","20190202:0000",-44.00173,170.44319,"Tekapo",2387,NA,0,"Canterbury",1010,3.2,12.95,13.1
"26049","20190203:0000",-44.00173,170.44319,"Tekapo",2387,NA,0,"Canterbury",1010,5,15.2,12.3
"26050","20190204:0000",-44.00173,170.44319,"Tekapo",2387,NA,0,"Canterbury",1010,8.6,20.05,13.8
"26051","20190205:0000",-44.00173,170.44319,"Tekapo",2387,NA,0,"Canterbury",1010,15.1,17.1,3.6
"26052","20190206:0000",-44.00173,170.44319,"Tekapo",2387,NA,0,"Canterbury",1010,14.4,11.35,3.5
"26053","20190207:0000",-44.00173,170.44319,"Tekapo",2387,NA,0,"Canterbury",1010,7.2,12.75,8.1
"26054","20190208:0000",-44.00173,170.44319,"Tekapo",2387,NA,0,"Canterbury",1010,6.5,15.35,13.2
"26055","20190209:0000",-44.00173,170.44319,"Tekapo",2387,NA,0,"Canterbury",1010,9.7,17.4,13.1
"26056","20190210:0000",-44.00173,170.44319,"Tekapo",2387,NA,0,"Canterbury",1010,15.5,19.1,13.4
"26057","20190211:0000",-44.00173,170.44319,"Tekapo",2387,NA,0,"Canterbury",1010,8.3,18.3,10.1
"26058","20190212:0000",-44.00173,170.44319,"Tekapo",2387,NA,0,"Canterbury",1010,7.9,19,10.3
"26059","20190213:0000",-44.00173,170.44319,"Tekapo",2387,NA,0,"Canterbury",1010,8.6,19.15,13.3
"26060","20190214:0000",-44.00173,170.44319,"Tekapo",2387,NA,0,"Canterbury",1010,20.5,20.5,4.2
"26061","20190215:0000",-44.00173,170.44319,"Tekapo",2387,NA,0,"Canterbury",1010,5,15.6,9.9
"26062","20190216:0000",-44.00173,170.44319,"Tekapo",2387,NA,0,"Canterbury",1010,4,12.6,10.3
"26063","20190217:0000",-44.00173,170.44319,"Tekapo",2387,NA,0,"Canterbury",1010,3.6,13.45,8.8
"26064","20190218:0000",-44.00173,170.44319,"Tekapo",2387,NA,0,"Canterbury",1010,9,14.4,5.8
"26065","20190219:0000",-44.00173,170.44319,"Tekapo",2387,NA,0,"Canterbury",1010,18.4,20.2,10.7
"26066","20190220:0000",-44.00173,170.44319,"Tekapo",2387,NA,0,"Canterbury",1010,22.7,21.65,12.4
"26067","20190221:0000",-44.00173,170.44319,"Tekapo",2387,NA,0,"Canterbury",1010,4,17.05,6.7
"26068","20190222:0000",-44.00173,170.44319,"Tekapo",2387,NA,0,"Canterbury",1010,22.7,18.95,12.8
"26069","20190223:0000",-44.00173,170.44319,"Tekapo",2387,NA,0,"Canterbury",1010,7.6,9.65,8.7
"26070","20190224:0000",-44.00173,170.44319,"Tekapo",2387,NA,0,"Canterbury",1010,14,8.6,2.2
"26071","20190225:0000",-44.00173,170.44319,"Tekapo",2387,NA,0,"Canterbury",1010,5.8,9.3,11.8
"26072","20190226:0000",-44.00173,170.44319,"Tekapo",2387,NA,0,"Canterbury",1010,2.9,15.4,10.5
"26073","20190227:0000",-44.00173,170.44319,"Tekapo",2387,NA,0,"Canterbury",1010,28.8,16.4,9.3
"26074","20190228:0000",-44.00173,170.44319,"Tekapo",2387,NA,0,"Canterbury",1010,9,7.05,8.5
"26075","20190301:0000",-44.00173,170.44319,"Tekapo",2387,NA,0,"Canterbury",1010,6.5,11.1,12.4
"26076","20190302:0000",-44.00173,170.44319,"Tekapo",2387,NA,0,"Canterbury",1010,6.1,14.2,12.3
"26077","20190303:0000",-44.00173,170.44319,"Tekapo",2387,NA,0,"Canterbury",1010,3.2,16.3,12.3
"26078","20190304:0000",-44.00173,170.44319,"Tekapo",2387,NA,0,"Canterbury",1010,11.9,16.9,11.8
"26079","20190305:0000",-44.00173,170.44319,"Tekapo",2387,NA,0,"Canterbury",1010,18.7,20.1,9.6
"26080","20190306:0000",-44.00173,170.44319,"Tekapo",2387,NA,0,"Canterbury",1010,11.5,20.85,10.9
"26081","20190307:0000",-44.00173,170.44319,"Tekapo",2387,NA,0,"Canterbury",1010,8.6,17.05,3.3
"26082","20190308:0000",-44.00173,170.44319,"Tekapo",2387,NA,0,"Canterbury",1010,7.2,11.5,10.4
"26083","20190309:0000",-44.00173,170.44319,"Tekapo",2387,NA,0,"Canterbury",1010,5,13,8.8
"26084","20190310:0000",-44.00173,170.44319,"Tekapo",2387,NA,0,"Canterbury",1010,6.1,13.1,5
"26085","20190311:0000",-44.00173,170.44319,"Tekapo",2387,NA,0,"Canterbury",1010,5.8,13.45,6.4
"26086","20190312:0000",-44.00173,170.44319,"Tekapo",2387,NA,0,"Canterbury",1010,3.6,17.85,11.4
"26087","20190313:0000",-44.00173,170.44319,"Tekapo",2387,NA,0,"Canterbury",1010,8.3,17.6,7
"26088","20190314:0000",-44.00173,170.44319,"Tekapo",2387,NA,0,"Canterbury",1010,6.8,10.75,6.1
"26089","20190315:0000",-44.00173,170.44319,"Tekapo",2387,NA,0,"Canterbury",1010,2.9,10.4,0
"26090","20190316:0000",-44.00173,170.44319,"Tekapo",2387,NA,0,"Canterbury",1010,11.5,15.45,9.1
"26091","20190317:0000",-44.00173,170.44319,"Tekapo",2387,NA,0,"Canterbury",1010,2.2,15.6,7.7
"26092","20190318:0000",-44.00173,170.44319,"Tekapo",2387,NA,0,"Canterbury",1010,4.7,17.9,10.4
"26093","20190319:0000",-44.00173,170.44319,"Tekapo",2387,NA,0,"Canterbury",1010,8.3,18,11.3
"26094","20190320:0000",-44.00173,170.44319,"Tekapo",2387,NA,0,"Canterbury",1010,2.9,16.25,11.1
"26095","20190321:0000",-44.00173,170.44319,"Tekapo",2387,NA,0,"Canterbury",1010,1.8,16.6,6.8
"26096","20190322:0000",-44.00173,170.44319,"Tekapo",2387,NA,0,"Canterbury",1010,7.6,17.35,10
"26097","20190323:0000",-44.00173,170.44319,"Tekapo",2387,NA,0,"Canterbury",1010,7.6,16.9,11
"26098","20190324:0000",-44.00173,170.44319,"Tekapo",2387,NA,0,"Canterbury",1010,8.3,17.5,10.3
"26099","20190325:0000",-44.00173,170.44319,"Tekapo",2387,NA,0,"Canterbury",1010,20.2,17.2,0.8
"26100","20190326:0000",-44.00173,170.44319,"Tekapo",2387,NA,0,"Canterbury",1010,8.6,19.45,0.7
"26101","20190327:0000",-44.00173,170.44319,"Tekapo",2387,NA,0,"Canterbury",1010,28.1,15.9,8.1
"26102","20190328:0000",-44.00173,170.44319,"Tekapo",2387,NA,0,"Canterbury",1010,3.2,11,8.3
"26103","20190329:0000",-44.00173,170.44319,"Tekapo",2387,NA,0,"Canterbury",1010,7.6,11.15,7.9
"26104","20190330:0000",-44.00173,170.44319,"Tekapo",2387,NA,0,"Canterbury",1010,7.9,13.4,10.7
"26105","20190331:0000",-44.00173,170.44319,"Tekapo",2387,NA,0,"Canterbury",1010,12.6,15.8,9.2
"26106","20190401:0000",-44.00173,170.44319,"Tekapo",2387,NA,0,"Canterbury",1010,34.6,15,10.5
"26107","20190402:0000",-44.00173,170.44319,"Tekapo",2387,NA,0,"Canterbury",1010,9,7.15,9.7
"26108","20190403:0000",-44.00173,170.44319,"Tekapo",2387,NA,0,"Canterbury",1010,7.9,7.3,10.2
"26109","20190404:0000",-44.00173,170.44319,"Tekapo",2387,NA,0,"Canterbury",1010,8.6,10.1,9.6
"26110","20190405:0000",-44.00173,170.44319,"Tekapo",2387,NA,0,"Canterbury",1010,4.7,6,3.4
"26111","20190406:0000",-44.00173,170.44319,"Tekapo",2387,NA,0,"Canterbury",1010,5.4,4.15,10.7
"26112","20190407:0000",-44.00173,170.44319,"Tekapo",2387,NA,0,"Canterbury",1010,2.2,6.35,10.7
"26113","20190408:0000",-44.00173,170.44319,"Tekapo",2387,NA,0,"Canterbury",1010,2.9,8.85,10.7
"26114","20190409:0000",-44.00173,170.44319,"Tekapo",2387,NA,0,"Canterbury",1010,6.5,12.25,9
"26115","20190410:0000",-44.00173,170.44319,"Tekapo",2387,NA,0,"Canterbury",1010,14.4,14.45,3.1
"26116","20190411:0000",-44.00173,170.44319,"Tekapo",2387,NA,0,"Canterbury",1010,10.1,10.4,1.1
"26117","20190412:0000",-44.00173,170.44319,"Tekapo",2387,NA,0,"Canterbury",1010,11.5,8.8,7.3
"26118","20190413:0000",-44.00173,170.44319,"Tekapo",2387,NA,0,"Canterbury",1010,9,6.65,10.3
"26119","20190414:0000",-44.00173,170.44319,"Tekapo",2387,NA,0,"Canterbury",1010,11.2,7.75,8.5
"26120","20190415:0000",-44.00173,170.44319,"Tekapo",2387,NA,0,"Canterbury",1010,9.4,9,9.9
"26121","20190416:0000",-44.00173,170.44319,"Tekapo",2387,NA,0,"Canterbury",1010,4,7.75,10.1
"26122","20190417:0000",-44.00173,170.44319,"Tekapo",2387,NA,0,"Canterbury",1010,6.1,8.55,10.1
"26123","20190418:0000",-44.00173,170.44319,"Tekapo",2387,NA,0,"Canterbury",1010,5.4,9.35,10
"26124","20190419:0000",-44.00173,170.44319,"Tekapo",2387,NA,0,"Canterbury",1010,5.4,10,9.5
"26125","20190420:0000",-44.00173,170.44319,"Tekapo",2387,NA,0,"Canterbury",1010,15.8,13.4,5.8
"26126","20190421:0000",-44.00173,170.44319,"Tekapo",2387,NA,0,"Canterbury",1010,6.5,6.65,0
"26127","20190422:0000",-44.00173,170.44319,"Tekapo",2387,NA,0,"Canterbury",1010,3.6,8.7,6.2
"26128","20190423:0000",-44.00173,170.44319,"Tekapo",2387,NA,0,"Canterbury",1010,2.5,8.3,5.8
"26129","20190424:0000",-44.00173,170.44319,"Tekapo",2387,NA,0,"Canterbury",1010,2.5,8.75,9.7
"26130","20190425:0000",-44.00173,170.44319,"Tekapo",2387,NA,0,"Canterbury",1010,3.2,10.9,5.3
"26131","20190426:0000",-44.00173,170.44319,"Tekapo",2387,NA,0,"Canterbury",1010,5.4,13.5,8.8
"26132","20190427:0000",-44.00173,170.44319,"Tekapo",2387,NA,0,"Canterbury",1010,18.4,9.5,0.2
"26133","20190428:0000",-44.00173,170.44319,"Tekapo",2387,NA,0,"Canterbury",1010,13.3,8.15,2.1
"26134","20190429:0000",-44.00173,170.44319,"Tekapo",2387,NA,0,"Canterbury",1010,7.2,6,0.3
"26135","20190430:0000",-44.00173,170.44319,"Tekapo",2387,NA,0,"Canterbury",1010,10.8,4.75,9.4
"26136","20190501:0000",-44.00173,170.44319,"Tekapo",2387,NA,0,"Canterbury",1010,6.8,7.25,9.4
"26137","20190502:0000",-44.00173,170.44319,"Tekapo",2387,NA,0,"Canterbury",1010,16.6,10.45,8.3
"26138","20190503:0000",-44.00173,170.44319,"Tekapo",2387,NA,0,"Canterbury",1010,10.1,11,9.2
"26139","20190504:0000",-44.00173,170.44319,"Tekapo",2387,NA,0,"Canterbury",1010,5.4,9.75,1.8
"26140","20190505:0000",-44.00173,170.44319,"Tekapo",2387,NA,0,"Canterbury",1010,5.8,11.75,0
"26141","20190506:0000",-44.00173,170.44319,"Tekapo",2387,NA,0,"Canterbury",1010,5.4,7.4,4.7
"26142","20190507:0000",-44.00173,170.44319,"Tekapo",2387,NA,0,"Canterbury",1010,2.9,8.15,6.1
"26143","20190508:0000",-44.00173,170.44319,"Tekapo",2387,NA,0,"Canterbury",1010,2.9,7.95,1
"26144","20190509:0000",-44.00173,170.44319,"Tekapo",2387,NA,0,"Canterbury",1010,4.3,9.7,0.9
"26145","20190510:0000",-44.00173,170.44319,"Tekapo",2387,NA,0,"Canterbury",1010,11.5,10.45,9
"26146","20190511:0000",-44.00173,170.44319,"Tekapo",2387,NA,0,"Canterbury",1010,9,10.15,4.6
"26147","20190512:0000",-44.00173,170.44319,"Tekapo",2387,NA,0,"Canterbury",1010,5.4,8.55,1.5
"26148","20190513:0000",-44.00173,170.44319,"Tekapo",2387,NA,0,"Canterbury",1010,11.9,6.05,8.7
"26149","20190514:0000",-44.00173,170.44319,"Tekapo",2387,NA,0,"Canterbury",1010,19.1,7.3,1.2
"26150","20190515:0000",-44.00173,170.44319,"Tekapo",2387,NA,0,"Canterbury",1010,23.8,10.35,6.3
"26151","20190516:0000",-44.00173,170.44319,"Tekapo",2387,NA,0,"Canterbury",1010,29.2,10.3,4.5
"26152","20190517:0000",-44.00173,170.44319,"Tekapo",2387,NA,0,"Canterbury",1010,7.2,4,8.6
"26153","20190518:0000",-44.00173,170.44319,"Tekapo",2387,NA,0,"Canterbury",1010,14.8,7.7,3.8
"26154","20190519:0000",-44.00173,170.44319,"Tekapo",2387,NA,0,"Canterbury",1010,6.1,8.55,8.6
"26155","20190520:0000",-44.00173,170.44319,"Tekapo",2387,NA,0,"Canterbury",1010,11.5,9.45,8.6
"26156","20190521:0000",-44.00173,170.44319,"Tekapo",2387,NA,0,"Canterbury",1010,8.3,7.3,8.5
"26157","20190522:0000",-44.00173,170.44319,"Tekapo",2387,NA,0,"Canterbury",1010,7.2,8.95,0.9
"26158","20190523:0000",-44.00173,170.44319,"Tekapo",2387,NA,0,"Canterbury",1010,11.2,8.15,7.5
"26159","20190524:0000",-44.00173,170.44319,"Tekapo",2387,NA,0,"Canterbury",1010,9.7,6.65,8.5
"26160","20190525:0000",-44.00173,170.44319,"Tekapo",2387,NA,0,"Canterbury",1010,10.8,6.2,2.9
"26161","20190526:0000",-44.00173,170.44319,"Tekapo",2387,NA,0,"Canterbury",1010,18,10.85,3.9
"26162","20190527:0000",-44.00173,170.44319,"Tekapo",2387,NA,0,"Canterbury",1010,7.6,11.95,0.5
"26163","20190528:0000",-44.00173,170.44319,"Tekapo",2387,NA,0,"Canterbury",1010,17.6,8.9,2.2
"26164","20190529:0000",-44.00173,170.44319,"Tekapo",2387,NA,0,"Canterbury",1010,16.9,8.5,2.3
"26165","20190530:0000",-44.00173,170.44319,"Tekapo",2387,NA,0,"Canterbury",1010,14,8.2,0.1
"26166","20190531:0000",-44.00173,170.44319,"Tekapo",2387,NA,0,"Canterbury",1010,11.2,3.95,2.2
"26167","20190601:0000",-44.00173,170.44319,"Tekapo",2387,NA,0,"Canterbury",1010,8.3,0.95,1.1
"26168","20190602:0000",-44.00173,170.44319,"Tekapo",2387,NA,0,"Canterbury",1010,9.4,-2.9,6.4
"26169","20190603:0000",-44.00173,170.44319,"Tekapo",2387,NA,0,"Canterbury",1010,6.5,-1.2,8
"26170","20190604:0000",-44.00173,170.44319,"Tekapo",2387,NA,0,"Canterbury",1010,16.6,0,5.6
"26171","20190605:0000",-44.00173,170.44319,"Tekapo",2387,NA,0,"Canterbury",1010,8.6,-0.95,8
"26172","20190606:0000",-44.00173,170.44319,"Tekapo",2387,NA,0,"Canterbury",1010,20.5,-0.65,4.3
"26173","20190607:0000",-44.00173,170.44319,"Tekapo",2387,NA,0,"Canterbury",1010,14,4.25,2.3
"26174","20190608:0000",-44.00173,170.44319,"Tekapo",2387,NA,0,"Canterbury",1010,7.9,4.75,7.7
"26175","20190609:0000",-44.00173,170.44319,"Tekapo",2387,NA,0,"Canterbury",1010,7.6,7.05,2.1
"26176","20190610:0000",-44.00173,170.44319,"Tekapo",2387,NA,0,"Canterbury",1010,8.6,7.45,5.7
"26177","20190611:0000",-44.00173,170.44319,"Tekapo",2387,NA,0,"Canterbury",1010,11.9,6.2,0.2
"26178","20190612:0000",-44.00173,170.44319,"Tekapo",2387,NA,0,"Canterbury",1010,2.9,5.75,0
"26179","20190613:0000",-44.00173,170.44319,"Tekapo",2387,NA,0,"Canterbury",1010,5.4,5.25,0
"26180","20190614:0000",-44.00173,170.44319,"Tekapo",2387,NA,0,"Canterbury",1010,8.6,3.75,2.8
"26181","20190615:0000",-44.00173,170.44319,"Tekapo",2387,NA,0,"Canterbury",1010,5.8,5.8,1.7
"26182","20190616:0000",-44.00173,170.44319,"Tekapo",2387,NA,0,"Canterbury",1010,19.1,4.5,5.9
"26183","20190617:0000",-44.00173,170.44319,"Tekapo",2387,NA,0,"Canterbury",1010,7.2,3.15,4.9
"26184","20190618:0000",-44.00173,170.44319,"Tekapo",2387,NA,0,"Canterbury",1010,7.2,2.75,7.8
"26185","20190619:0000",-44.00173,170.44319,"Tekapo",2387,NA,0,"Canterbury",1010,8.6,1.3,7.8
"26186","20190620:0000",-44.00173,170.44319,"Tekapo",2387,NA,0,"Canterbury",1010,7.2,2.95,1.5
"26187","20190621:0000",-44.00173,170.44319,"Tekapo",2387,NA,0,"Canterbury",1010,33.5,5.25,7.6
"26188","20190622:0000",-44.00173,170.44319,"Tekapo",2387,NA,0,"Canterbury",1010,10.8,5.45,2.9
"26189","20190623:0000",-44.00173,170.44319,"Tekapo",2387,NA,0,"Canterbury",1010,6.8,2.75,5.3
"26190","20190624:0000",-44.00173,170.44319,"Tekapo",2387,NA,0,"Canterbury",1010,4.7,1.8,7.7
"26191","20190625:0000",-44.00173,170.44319,"Tekapo",2387,NA,0,"Canterbury",1010,7.2,2.45,7.8
"26192","20190626:0000",-44.00173,170.44319,"Tekapo",2387,NA,0,"Canterbury",1010,4.7,1.95,7.9
"26193","20190627:0000",-44.00173,170.44319,"Tekapo",2387,NA,0,"Canterbury",1010,7.6,2.8,7.8
"26194","20190628:0000",-44.00173,170.44319,"Tekapo",2387,NA,0,"Canterbury",1010,2.9,2.6,7.8
"26195","20190629:0000",-44.00173,170.44319,"Tekapo",2387,NA,0,"Canterbury",1010,8.6,4.6,5.6
"26196","20190630:0000",-44.00173,170.44319,"Tekapo",2387,NA,0,"Canterbury",1010,11.5,3.7,6.2
"26197","20190701:0000",-44.00173,170.44319,"Tekapo",2387,NA,0,"Canterbury",1010,12.2,6.65,5
"26198","20190702:0000",-44.00173,170.44319,"Tekapo",2387,NA,0,"Canterbury",1010,9.4,6.4,0.7
"26199","20190703:0000",-44.00173,170.44319,"Tekapo",2387,NA,0,"Canterbury",1010,23,9.95,5.5
"26200","20190704:0000",-44.00173,170.44319,"Tekapo",2387,NA,0,"Canterbury",1010,7.6,4.95,5.3
"26201","20190705:0000",-44.00173,170.44319,"Tekapo",2387,NA,0,"Canterbury",1010,6.5,1.75,7.9
"26202","20190706:0000",-44.00173,170.44319,"Tekapo",2387,NA,0,"Canterbury",1010,9.7,2.95,5.1
"26203","20190707:0000",-44.00173,170.44319,"Tekapo",2387,NA,0,"Canterbury",1010,6.1,4.55,6.9
"26204","20190708:0000",-44.00173,170.44319,"Tekapo",2387,NA,0,"Canterbury",1010,4,3.3,7.9
"26205","20190709:0000",-44.00173,170.44319,"Tekapo",2387,NA,0,"Canterbury",1010,19.8,5.9,4.4
"26206","20190710:0000",-44.00173,170.44319,"Tekapo",2387,NA,0,"Canterbury",1010,15.5,6.65,1.8
"26207","20190711:0000",-44.00173,170.44319,"Tekapo",2387,NA,0,"Canterbury",1010,7.9,6.45,1.2
"26208","20190712:0000",-44.00173,170.44319,"Tekapo",2387,NA,0,"Canterbury",1010,5.4,5.75,1.7
"26209","20190713:0000",-44.00173,170.44319,"Tekapo",2387,NA,0,"Canterbury",1010,13.7,7.15,3.2
"26210","20190714:0000",-44.00173,170.44319,"Tekapo",2387,NA,0,"Canterbury",1010,13,7.8,6.1
"26211","20190715:0000",-44.00173,170.44319,"Tekapo",2387,NA,0,"Canterbury",1010,13,3.25,2.8
"26212","20190716:0000",-44.00173,170.44319,"Tekapo",2387,NA,0,"Canterbury",1010,0,2.25,4.4
"26213","20190717:0000",-44.00173,170.44319,"Tekapo",2387,NA,0,"Canterbury",1010,4,2.05,2.1
"26214","20190718:0000",-44.00173,170.44319,"Tekapo",2387,NA,0,"Canterbury",1010,7.6,4.05,4.2
"26215","20190719:0000",-44.00173,170.44319,"Tekapo",2387,NA,0,"Canterbury",1010,6.1,2.9,0
"26216","20190720:0000",-44.00173,170.44319,"Tekapo",2387,NA,0,"Canterbury",1010,10.4,2.8,0
"26217","20190721:0000",-44.00173,170.44319,"Tekapo",2387,NA,0,"Canterbury",1010,11.5,4.1,0
"26218","20190722:0000",-44.00173,170.44319,"Tekapo",2387,NA,0,"Canterbury",1010,7.2,4.45,8.1
"26219","20190723:0000",-44.00173,170.44319,"Tekapo",2387,NA,0,"Canterbury",1010,4.7,3.4,1.6
"26220","20190724:0000",-44.00173,170.44319,"Tekapo",2387,NA,0,"Canterbury",1010,7.2,4.05,3.7
"26221","20190725:0000",-44.00173,170.44319,"Tekapo",2387,NA,0,"Canterbury",1010,7.9,3.25,4.8
"26222","20190726:0000",-44.00173,170.44319,"Tekapo",2387,NA,0,"Canterbury",1010,8.3,3.6,8.6
"26223","20190727:0000",-44.00173,170.44319,"Tekapo",2387,NA,0,"Canterbury",1010,10.8,6.3,2.5
"26224","20190728:0000",-44.00173,170.44319,"Tekapo",2387,NA,0,"Canterbury",1010,5.4,5.05,0
"26225","20190729:0000",-44.00173,170.44319,"Tekapo",2387,NA,0,"Canterbury",1010,6.1,4.95,0
"26226","20190730:0000",-44.00173,170.44319,"Tekapo",2387,NA,0,"Canterbury",1010,10.1,6.15,5.1
"26227","20190731:0000",-44.00173,170.44319,"Tekapo",2387,NA,0,"Canterbury",1010,14.4,1.5,1.6
"26228","20190801:0000",-44.00173,170.44319,"Tekapo",2387,NA,0,"Canterbury",1010,16.9,2,8
"26229","20190802:0000",-44.00173,170.44319,"Tekapo",2387,NA,0,"Canterbury",1010,27,2.8,3.2
"26230","20190803:0000",-44.00173,170.44319,"Tekapo",2387,NA,0,"Canterbury",1010,23,5.05,4.7
"26231","20190804:0000",-44.00173,170.44319,"Tekapo",2387,NA,0,"Canterbury",1010,27.7,3.25,5.2
"26232","20190805:0000",-44.00173,170.44319,"Tekapo",2387,NA,0,"Canterbury",1010,16.6,1.35,8.4
"26233","20190806:0000",-44.00173,170.44319,"Tekapo",2387,NA,0,"Canterbury",1010,10.4,4.2,8.7
"26234","20190807:0000",-44.00173,170.44319,"Tekapo",2387,NA,0,"Canterbury",1010,10.1,6.6,7
"26235","20190808:0000",-44.00173,170.44319,"Tekapo",2387,NA,0,"Canterbury",1010,20.5,6.55,0.7
"26236","20190809:0000",-44.00173,170.44319,"Tekapo",2387,NA,0,"Canterbury",1010,14.4,7,8.8
"26237","20190810:0000",-44.00173,170.44319,"Tekapo",2387,NA,0,"Canterbury",1010,13.7,2.85,0
"26238","20190811:0000",-44.00173,170.44319,"Tekapo",2387,NA,0,"Canterbury",1010,0,-0.45,2
"26239","20190812:0000",-44.00173,170.44319,"Tekapo",2387,NA,0,"Canterbury",1010,0,2.1,8.1
"26240","20190813:0000",-44.00173,170.44319,"Tekapo",2387,NA,0,"Canterbury",1010,28.4,4.5,8.1
"26241","20190814:0000",-44.00173,170.44319,"Tekapo",2387,NA,0,"Canterbury",1010,10.1,2.6,9.4
"26242","20190815:0000",-44.00173,170.44319,"Tekapo",2387,NA,0,"Canterbury",1010,10.4,3.7,8.9
"26243","20190816:0000",-44.00173,170.44319,"Tekapo",2387,NA,0,"Canterbury",1010,13,7.6,6
"26244","20190817:0000",-44.00173,170.44319,"Tekapo",2387,NA,0,"Canterbury",1010,5,3.85,1.8
"26245","20190818:0000",-44.00173,170.44319,"Tekapo",2387,NA,0,"Canterbury",1010,12.6,0.8,9.6
"26246","20190819:0000",-44.00173,170.44319,"Tekapo",2387,NA,0,"Canterbury",1010,9.4,3.65,9.7
"26247","20190820:0000",-44.00173,170.44319,"Tekapo",2387,NA,0,"Canterbury",1010,52.2,4.75,2.7
"26248","20190821:0000",-44.00173,170.44319,"Tekapo",2387,NA,0,"Canterbury",1010,3.2,4.35,7.8
"26249","20190822:0000",-44.00173,170.44319,"Tekapo",2387,NA,0,"Canterbury",1010,7.2,4.3,7
"26250","20190823:0000",-44.00173,170.44319,"Tekapo",2387,NA,0,"Canterbury",1010,4,5.65,5.3
"26251","20190824:0000",-44.00173,170.44319,"Tekapo",2387,NA,0,"Canterbury",1010,5.8,7.2,9.8
"26252","20190825:0000",-44.00173,170.44319,"Tekapo",2387,NA,0,"Canterbury",1010,19.1,8.95,2.6
"26253","20190826:0000",-44.00173,170.44319,"Tekapo",2387,NA,0,"Canterbury",1010,5,5.1,1.8
"26254","20190827:0000",-44.00173,170.44319,"Tekapo",2387,NA,0,"Canterbury",1010,5.8,5.55,9
"26255","20190828:0000",-44.00173,170.44319,"Tekapo",2387,NA,0,"Canterbury",1010,13.7,7.85,9.2
"26256","20190829:0000",-44.00173,170.44319,"Tekapo",2387,NA,0,"Canterbury",1010,32,7.85,5.2
"26257","20190830:0000",-44.00173,170.44319,"Tekapo",2387,NA,0,"Canterbury",1010,7.2,5.25,9.8
"26258","20190831:0000",-44.00173,170.44319,"Tekapo",2387,NA,0,"Canterbury",1010,7.9,7.7,10.3
"26259","20190901:0000",-44.00173,170.44319,"Tekapo",2387,NA,0,"Canterbury",1010,7.9,10.55,10.3
"26260","20190902:0000",-44.00173,170.44319,"Tekapo",2387,NA,0,"Canterbury",1010,6.5,8.25,10.5
"26261","20190903:0000",-44.00173,170.44319,"Tekapo",2387,NA,0,"Canterbury",1010,7.6,6.2,10.2
"26262","20190904:0000",-44.00173,170.44319,"Tekapo",2387,NA,0,"Canterbury",1010,1.8,4.15,1.1
"26263","20190905:0000",-44.00173,170.44319,"Tekapo",2387,NA,0,"Canterbury",1010,11.5,5.5,0
"26264","20190906:0000",-44.00173,170.44319,"Tekapo",2387,NA,0,"Canterbury",1010,8.3,5.35,0
"26265","20190907:0000",-44.00173,170.44319,"Tekapo",2387,NA,0,"Canterbury",1010,6.8,4.25,8.6
"26266","20190908:0000",-44.00173,170.44319,"Tekapo",2387,NA,0,"Canterbury",1010,7.2,2.1,3
"26267","20190909:0000",-44.00173,170.44319,"Tekapo",2387,NA,0,"Canterbury",1010,4.7,1.9,7.6
"26268","20190910:0000",-44.00173,170.44319,"Tekapo",2387,NA,0,"Canterbury",1010,4,2.35,10.5
"26269","20190911:0000",-44.00173,170.44319,"Tekapo",2387,NA,0,"Canterbury",1010,10.1,4.55,8.4
"26270","20190912:0000",-44.00173,170.44319,"Tekapo",2387,NA,0,"Canterbury",1010,24.5,8.95,3.5
"26271","20190913:0000",-44.00173,170.44319,"Tekapo",2387,NA,0,"Canterbury",1010,29.9,9.35,0.4
"26272","20190914:0000",-44.00173,170.44319,"Tekapo",2387,NA,0,"Canterbury",1010,5.4,3.05,3
"26273","20190915:0000",-44.00173,170.44319,"Tekapo",2387,NA,0,"Canterbury",1010,8.3,6,10.3
"26274","20190916:0000",-44.00173,170.44319,"Tekapo",2387,NA,0,"Canterbury",1010,10.4,9.4,3.8
"26275","20190917:0000",-44.00173,170.44319,"Tekapo",2387,NA,0,"Canterbury",1010,32,6.55,10.4
"26276","20190918:0000",-44.00173,170.44319,"Tekapo",2387,NA,0,"Canterbury",1010,10.4,4.85,10
"26277","20190919:0000",-44.00173,170.44319,"Tekapo",2387,NA,0,"Canterbury",1010,5,6.9,11.1
"26278","20190920:0000",-44.00173,170.44319,"Tekapo",2387,NA,0,"Canterbury",1010,8.3,7.1,11.2
"26279","20190921:0000",-44.00173,170.44319,"Tekapo",2387,NA,0,"Canterbury",1010,4.7,8.7,11.3
"26280","20190922:0000",-44.00173,170.44319,"Tekapo",2387,NA,0,"Canterbury",1010,11.5,10.65,11.3
"26281","20190923:0000",-44.00173,170.44319,"Tekapo",2387,NA,0,"Canterbury",1010,23.4,12.75,8.4
"26282","20190924:0000",-44.00173,170.44319,"Tekapo",2387,NA,0,"Canterbury",1010,19.4,7,10.1
"26283","20190925:0000",-44.00173,170.44319,"Tekapo",2387,NA,0,"Canterbury",1010,19.4,6.6,9.1
"26284","20190926:0000",-44.00173,170.44319,"Tekapo",2387,NA,0,"Canterbury",1010,15.8,4,NA
"26285","20190927:0000",-44.00173,170.44319,"Tekapo",2387,NA,0,"Canterbury",1010,NA,10.05,7.1
"26286","20190928:0000",-44.00173,170.44319,"Tekapo",2387,NA,0,"Canterbury",1010,31.3,11.25,5.5
"26287","20190929:0000",-44.00173,170.44319,"Tekapo",2387,NA,0,"Canterbury",1010,7.2,13.05,5.6
"26288","20190930:0000",-44.00173,170.44319,"Tekapo",2387,NA,0,"Canterbury",1010,19.4,11.15,7.1
"26289","20191001:0000",-44.00173,170.44319,"Tekapo",2387,NA,0,"Canterbury",1010,5.4,4.1,7.3
"26290","20191002:0000",-44.00173,170.44319,"Tekapo",2387,NA,0,"Canterbury",1010,28.4,5.15,5.9
"26291","20191003:0000",-44.00173,170.44319,"Tekapo",2387,NA,0,"Canterbury",1010,5.4,4.55,8.7
"26292","20191004:0000",-44.00173,170.44319,"Tekapo",2387,NA,0,"Canterbury",1010,5.8,8.9,9.5
"26293","20191005:0000",-44.00173,170.44319,"Tekapo",2387,NA,0,"Canterbury",1010,30.2,7.45,2.3
"26294","20191006:0000",-44.00173,170.44319,"Tekapo",2387,NA,0,"Canterbury",1010,5.8,6.8,12
"26295","20191007:0000",-44.00173,170.44319,"Tekapo",2387,NA,0,"Canterbury",1010,5,10.3,8.1
"26296","20191008:0000",-44.00173,170.44319,"Tekapo",2387,NA,0,"Canterbury",1010,23.8,13.8,1.2
"26297","20191009:0000",-44.00173,170.44319,"Tekapo",2387,NA,0,"Canterbury",1010,8.6,11.6,2.4
"26298","20191010:0000",-44.00173,170.44319,"Tekapo",2387,NA,0,"Canterbury",1010,6.8,12.05,7.5
"26299","20191011:0000",-44.00173,170.44319,"Tekapo",2387,NA,0,"Canterbury",1010,7.6,6.3,0.1
"26300","20191012:0000",-44.00173,170.44319,"Tekapo",2387,NA,0,"Canterbury",1010,5,8,1.8
"26301","20191013:0000",-44.00173,170.44319,"Tekapo",2387,NA,0,"Canterbury",1010,1.8,7.55,5.7
"26302","20191014:0000",-44.00173,170.44319,"Tekapo",2387,NA,0,"Canterbury",1010,2.9,7,2.9
"26303","20191015:0000",-44.00173,170.44319,"Tekapo",2387,NA,0,"Canterbury",1010,1.4,8.65,7.7
"26304","20191016:0000",-44.00173,170.44319,"Tekapo",2387,NA,0,"Canterbury",1010,5.4,8.65,11.9
"26305","20191017:0000",-44.00173,170.44319,"Tekapo",2387,NA,0,"Canterbury",1010,9.7,10.6,4.5
"26306","20191018:0000",-44.00173,170.44319,"Tekapo",2387,NA,0,"Canterbury",1010,6.8,4.6,0
"26307","20191019:0000",-44.00173,170.44319,"Tekapo",2387,NA,0,"Canterbury",1010,5.4,9.4,10.5
"26308","20191020:0000",-44.00173,170.44319,"Tekapo",2387,NA,0,"Canterbury",1010,18.7,10.45,10
"26309","20191021:0000",-44.00173,170.44319,"Tekapo",2387,NA,0,"Canterbury",1010,30.2,8.95,6
"26310","20191022:0000",-44.00173,170.44319,"Tekapo",2387,NA,0,"Canterbury",1010,15.5,5.55,3.4
"26311","20191023:0000",-44.00173,170.44319,"Tekapo",2387,NA,0,"Canterbury",1010,7.6,2.65,8.4
"26312","20191024:0000",-44.00173,170.44319,"Tekapo",2387,NA,0,"Canterbury",1010,27.7,6.75,7.3
"26313","20191025:0000",-44.00173,170.44319,"Tekapo",2387,NA,0,"Canterbury",1010,8.3,9.95,7.1
"26314","20191026:0000",-44.00173,170.44319,"Tekapo",2387,NA,0,"Canterbury",1010,23.4,16.05,11.5
"26315","20191027:0000",-44.00173,170.44319,"Tekapo",2387,NA,0,"Canterbury",1010,39.2,17.2,6.5
"26316","20191028:0000",-44.00173,170.44319,"Tekapo",2387,NA,0,"Canterbury",1010,8.3,9.65,12.4
"26317","20191029:0000",-44.00173,170.44319,"Tekapo",2387,NA,0,"Canterbury",1010,15.1,7.7,7
"26318","20191030:0000",-44.00173,170.44319,"Tekapo",2387,NA,0,"Canterbury",1010,18.7,10.75,6.2
"26319","20191031:0000",-44.00173,170.44319,"Tekapo",2387,NA,0,"Canterbury",1010,8.3,8.15,8.8
"26320","20191101:0000",-44.00173,170.44319,"Tekapo",2387,NA,0,"Canterbury",1010,7.9,9.6,8.3
"26321","20191102:0000",-44.00173,170.44319,"Tekapo",2387,NA,0,"Canterbury",1010,24.8,17.65,12.1
"26322","20191103:0000",-44.00173,170.44319,"Tekapo",2387,NA,0,"Canterbury",1010,16.9,20.85,12.9
"26323","20191104:0000",-44.00173,170.44319,"Tekapo",2387,NA,0,"Canterbury",1010,12.2,18.1,12.6
"26324","20191105:0000",-44.00173,170.44319,"Tekapo",2387,NA,0,"Canterbury",1010,16.2,14.4,1.7
"26325","20191106:0000",-44.00173,170.44319,"Tekapo",2387,NA,0,"Canterbury",1010,5.8,11.95,0.3
"26326","20191107:0000",-44.00173,170.44319,"Tekapo",2387,NA,0,"Canterbury",1010,3.6,14.3,8
"26327","20191108:0000",-44.00173,170.44319,"Tekapo",2387,NA,0,"Canterbury",1010,12.2,15.85,11.3
"26328","20191109:0000",-44.00173,170.44319,"Tekapo",2387,NA,0,"Canterbury",1010,42.5,17.85,7
"26329","20191110:0000",-44.00173,170.44319,"Tekapo",2387,NA,0,"Canterbury",1010,13.7,NA,NA
"26330","20191111:0000",-44.00173,170.44319,"Tekapo",2387,NA,0,"Canterbury",1010,NA,NA,NA
"26331","20191112:0000",-44.00173,170.44319,"Tekapo",2387,NA,0,"Canterbury",1010,NA,NA,NA
"26332","20191113:0000",-44.00173,170.44319,"Tekapo",2387,NA,0,"Canterbury",1010,NA,NA,NA
"26333","20191114:0000",-44.00173,170.44319,"Tekapo",2387,NA,0,"Canterbury",1010,NA,NA,NA
"26334","20191115:0000",-44.00173,170.44319,"Tekapo",2387,NA,0,"Canterbury",1010,NA,NA,NA
"26335","20191116:0000",-44.00173,170.44319,"Tekapo",2387,NA,0,"Canterbury",1010,NA,NA,NA
"26336","20191117:0000",-44.00173,170.44319,"Tekapo",2387,NA,0,"Canterbury",1010,21.2,NA,13.2
"26337","20191118:0000",-44.00173,170.44319,"Tekapo",2387,NA,0,"Canterbury",1010,19.4,7.95,12.8
"26338","20191119:0000",-44.00173,170.44319,"Tekapo",2387,NA,0,"Canterbury",1010,39.6,9.9,6.1
"26339","20191120:0000",-44.00173,170.44319,"Tekapo",2387,NA,0,"Canterbury",1010,18.7,8.95,10.6
"26340","20191121:0000",-44.00173,170.44319,"Tekapo",2387,NA,0,"Canterbury",1010,17.6,13.2,5
"26341","20191122:0000",-44.00173,170.44319,"Tekapo",2387,NA,0,"Canterbury",1010,27.4,17.65,3.5
"26342","20191123:0000",-44.00173,170.44319,"Tekapo",2387,NA,0,"Canterbury",1010,22.3,18.9,8.8
"26343","20191124:0000",-44.00173,170.44319,"Tekapo",2387,NA,0,"Canterbury",1010,15.8,20.6,12.8
"26344","20191125:0000",-44.00173,170.44319,"Tekapo",2387,NA,0,"Canterbury",1010,9.7,12.95,13.9
"26345","20191126:0000",-44.00173,170.44319,"Tekapo",2387,NA,0,"Canterbury",1010,18.4,15.85,4
"26346","20191127:0000",-44.00173,170.44319,"Tekapo",2387,NA,0,"Canterbury",1010,13.7,19.25,6.2
"26347","20191128:0000",-44.00173,170.44319,"Tekapo",2387,NA,0,"Canterbury",1010,23,19.65,12.5
"26348","20191129:0000",-44.00173,170.44319,"Tekapo",2387,NA,0,"Canterbury",1010,16.6,16.2,14
"26349","20191130:0000",-44.00173,170.44319,"Tekapo",2387,NA,0,"Canterbury",1010,4,15.3,10.9
"26350","20191201:0000",-44.00173,170.44319,"Tekapo",2387,NA,0,"Canterbury",1010,9.4,14.2,2.7
"26351","20191202:0000",-44.00173,170.44319,"Tekapo",2387,NA,0,"Canterbury",1010,6.1,12.75,4.3
"26352","20191203:0000",-44.00173,170.44319,"Tekapo",2387,NA,0,"Canterbury",1010,15.5,13.55,3.6
"26353","20191204:0000",-44.00173,170.44319,"Tekapo",2387,NA,0,"Canterbury",1010,38.9,8.2,0.5
"26354","20191205:0000",-44.00173,170.44319,"Tekapo",2387,NA,0,"Canterbury",1010,NA,NA,8.4
"26355","20191206:0000",-44.00173,170.44319,"Tekapo",2387,NA,0,"Canterbury",1010,8.6,10.55,0.4
"26356","20191207:0000",-44.00173,170.44319,"Tekapo",2387,NA,0,"Canterbury",1010,13.7,13.35,8.4
"26357","20191208:0000",-44.00173,170.44319,"Tekapo",2387,NA,0,"Canterbury",1010,29.5,10.9,6.3
"26358","20191209:0000",-44.00173,170.44319,"Tekapo",2387,NA,0,"Canterbury",1010,9.7,9.3,11.8
"26359","20191210:0000",-44.00173,170.44319,"Tekapo",2387,NA,0,"Canterbury",1010,4,12.4,6.7
"26360","20191211:0000",-44.00173,170.44319,"Tekapo",2387,NA,0,"Canterbury",1010,9,15.35,5.3
"26361","20191212:0000",-44.00173,170.44319,"Tekapo",2387,NA,0,"Canterbury",1010,4,15.3,9.8
"26362","20191213:0000",-44.00173,170.44319,"Tekapo",2387,NA,0,"Canterbury",1010,24.8,17.4,6.3
"26363","20191214:0000",-44.00173,170.44319,"Tekapo",2387,NA,0,"Canterbury",1010,17.6,13.25,6.3
"26364","20191215:0000",-44.00173,170.44319,"Tekapo",2387,NA,0,"Canterbury",1010,34.2,13.8,6.6
"26365","20191216:0000",-44.00173,170.44319,"Tekapo",2387,NA,0,"Canterbury",1010,5.8,9.85,1.7
"26366","20191217:0000",-44.00173,170.44319,"Tekapo",2387,NA,0,"Canterbury",1010,13.3,9.8,0
"26367","20191218:0000",-44.00173,170.44319,"Tekapo",2387,NA,0,"Canterbury",1010,13.3,9.65,10.2
"26368","20191219:0000",-44.00173,170.44319,"Tekapo",2387,NA,0,"Canterbury",1010,14.4,10.9,1.4
"26369","20191220:0000",-44.00173,170.44319,"Tekapo",2387,NA,0,"Canterbury",1010,31.3,10.1,3.9
"26370","20191221:0000",-44.00173,170.44319,"Tekapo",2387,NA,0,"Canterbury",1010,5.8,10.4,11
"26371","20191222:0000",-44.00173,170.44319,"Tekapo",2387,NA,0,"Canterbury",1010,11.9,15.7,10.5
"26372","20191223:0000",-44.00173,170.44319,"Tekapo",2387,NA,0,"Canterbury",1010,8.6,11.55,13.1
"26373","20191224:0000",-44.00173,170.44319,"Tekapo",2387,NA,0,"Canterbury",1010,3.2,12.2,10.1
"26374","20191225:0000",-44.00173,170.44319,"Tekapo",2387,NA,0,"Canterbury",1010,6.8,13.1,5.6
"26375","20191226:0000",-44.00173,170.44319,"Tekapo",2387,NA,0,"Canterbury",1010,4.3,13.6,7.9
"26376","20191227:0000",-44.00173,170.44319,"Tekapo",2387,NA,0,"Canterbury",1010,8.6,13.7,7.9
"26377","20191228:0000",-44.00173,170.44319,"Tekapo",2387,NA,0,"Canterbury",1010,5.8,11.3,10.2
"26378","20191229:0000",-44.00173,170.44319,"Tekapo",2387,NA,0,"Canterbury",1010,9,14.85,10.2
"26379","20191230:0000",-44.00173,170.44319,"Tekapo",2387,NA,0,"Canterbury",1010,6.8,16.5,11.1
"26380","20191231:0000",-44.00173,170.44319,"Tekapo",2387,NA,0,"Canterbury",1010,5,17.5,14.2
"26381","20200101:0000",-44.00173,170.44319,"Tekapo",2387,NA,0,"Canterbury",1010,29.5,19,0
"26382","20200102:0000",-44.00173,170.44319,"Tekapo",2387,NA,0,"Canterbury",1010,9.7,19.05,9.9
"26383","20200103:0000",-44.00173,170.44319,"Tekapo",2387,NA,0,"Canterbury",1010,5.8,14,12.4
"26384","20200104:0000",-44.00173,170.44319,"Tekapo",2387,NA,0,"Canterbury",1010,9.4,9.7,8.1
"26385","20200105:0000",-44.00173,170.44319,"Tekapo",2387,NA,0,"Canterbury",1010,20.2,15.35,4.5
"26386","20200106:0000",-44.00173,170.44319,"Tekapo",2387,NA,0,"Canterbury",1010,34.2,12.25,11.5
"26387","20200107:0000",-44.00173,170.44319,"Tekapo",2387,NA,0,"Canterbury",1010,5.4,10.9,3.8
"26388","20200108:0000",-44.00173,170.44319,"Tekapo",2387,NA,0,"Canterbury",1010,5.8,12.05,3.7
"26389","20200109:0000",-44.00173,170.44319,"Tekapo",2387,NA,0,"Canterbury",1010,20.2,14.8,13.1
"26390","20200110:0000",-44.00173,170.44319,"Tekapo",2387,NA,0,"Canterbury",1010,3.6,12.6,3.9
"26391","20200111:0000",-44.00173,170.44319,"Tekapo",2387,NA,0,"Canterbury",1010,6.1,15.1,3.1
"26392","20200112:0000",-44.00173,170.44319,"Tekapo",2387,NA,0,"Canterbury",1010,20.2,18.6,11.7
"26393","20200113:0000",-44.00173,170.44319,"Tekapo",2387,NA,0,"Canterbury",1010,7.9,12.1,13.2
"26394","20200114:0000",-44.00173,170.44319,"Tekapo",2387,NA,0,"Canterbury",1010,5,12.15,13.6
"26395","20200115:0000",-44.00173,170.44319,"Tekapo",2387,NA,0,"Canterbury",1010,4.3,13.7,13.5
"26396","20200116:0000",-44.00173,170.44319,"Tekapo",2387,NA,0,"Canterbury",1010,5.8,14.3,14
"26397","20200117:0000",-44.00173,170.44319,"Tekapo",2387,NA,0,"Canterbury",1010,6.5,16.45,14
"26398","20200118:0000",-44.00173,170.44319,"Tekapo",2387,NA,0,"Canterbury",1010,8.3,18.25,12.5
"26399","20200119:0000",-44.00173,170.44319,"Tekapo",2387,NA,0,"Canterbury",1010,6.5,17.8,10.9
"26400","20200120:0000",-44.00173,170.44319,"Tekapo",2387,NA,0,"Canterbury",1010,4.3,19.15,12.9
"26401","20200121:0000",-44.00173,170.44319,"Tekapo",2387,NA,0,"Canterbury",1010,8.3,18.6,11.3
"26402","20200122:0000",-44.00173,170.44319,"Tekapo",2387,NA,0,"Canterbury",1010,4.7,21.5,8.5
"26403","20200123:0000",-44.00173,170.44319,"Tekapo",2387,NA,0,"Canterbury",1010,12.2,20.5,13.4
"26404","20200124:0000",-44.00173,170.44319,"Tekapo",2387,NA,0,"Canterbury",1010,4.3,20.6,13
"26405","20200125:0000",-44.00173,170.44319,"Tekapo",2387,NA,0,"Canterbury",1010,18,22.35,3.6
"26406","20200126:0000",-44.00173,170.44319,"Tekapo",2387,NA,0,"Canterbury",1010,9,20.55,13.2
"26407","20200127:0000",-44.00173,170.44319,"Tekapo",2387,NA,0,"Canterbury",1010,4.7,21.8,1.8
"26408","20200128:0000",-44.00173,170.44319,"Tekapo",2387,NA,0,"Canterbury",1010,4,19.55,2.3
"26409","20200129:0000",-44.00173,170.44319,"Tekapo",2387,NA,0,"Canterbury",1010,7.6,19.6,1.6
"26410","20200130:0000",-44.00173,170.44319,"Tekapo",2387,NA,0,"Canterbury",1010,9.4,16.4,10.4
"26411","20200131:0000",-44.00173,170.44319,"Tekapo",2387,NA,0,"Canterbury",1010,40.7,22.2,3.4
"26412","20200201:0000",-44.00173,170.44319,"Tekapo",2387,NA,0,"Canterbury",1010,10.4,19.25,1.5
"26413","20200202:0000",-44.00173,170.44319,"Tekapo",2387,NA,0,"Canterbury",1010,25.2,24.55,6.3
"26414","20200203:0000",-44.00173,170.44319,"Tekapo",2387,NA,0,"Canterbury",1010,41.8,26.6,13.6
"26415","20200204:0000",-44.00173,170.44319,"Tekapo",2387,NA,0,"Canterbury",1010,27.7,19.15,2.3
"26416","20200205:0000",-44.00173,170.44319,"Tekapo",2387,NA,0,"Canterbury",1010,10.4,13.1,12.7
"26417","20200206:0000",-44.00173,170.44319,"Tekapo",2387,NA,0,"Canterbury",1010,16.2,14.65,12.6
"26418","20200207:0000",-44.00173,170.44319,"Tekapo",2387,NA,0,"Canterbury",1010,4.7,14.5,10.1
"26419","20200208:0000",-44.00173,170.44319,"Tekapo",2387,NA,0,"Canterbury",1010,13.7,14.1,7.9
"26420","20200209:0000",-44.00173,170.44319,"Tekapo",2387,NA,0,"Canterbury",1010,12.2,12.4,13.4
"26421","20200210:0000",-44.00173,170.44319,"Tekapo",2387,NA,0,"Canterbury",1010,14,17.75,13.4
"26422","20200211:0000",-44.00173,170.44319,"Tekapo",2387,NA,0,"Canterbury",1010,11.9,18.95,12.7
"26423","20200212:0000",-44.00173,170.44319,"Tekapo",2387,NA,0,"Canterbury",1010,3.6,20.4,8.8
"26424","20200213:0000",-44.00173,170.44319,"Tekapo",2387,NA,0,"Canterbury",1010,9.4,20.45,10
"26425","20200214:0000",-44.00173,170.44319,"Tekapo",2387,NA,0,"Canterbury",1010,9.7,15.1,6.9
"26426","20200215:0000",-44.00173,170.44319,"Tekapo",2387,NA,0,"Canterbury",1010,6.8,16,7.4
"26427","20200216:0000",-44.00173,170.44319,"Tekapo",2387,NA,0,"Canterbury",1010,24.5,18.4,2.4
"26428","20200217:0000",-44.00173,170.44319,"Tekapo",2387,NA,0,"Canterbury",1010,12.2,23.45,6
"26429","20200218:0000",-44.00173,170.44319,"Tekapo",2387,NA,0,"Canterbury",1010,3.6,19.95,6.7
"26430","20200219:0000",-44.00173,170.44319,"Tekapo",2387,NA,0,"Canterbury",1010,10.4,18.8,12.6
"26431",NA,-44.002,170.441,"Tekapo",2387,NA,0,"Canterbury",1010,NA,NA,NA
"26432","20180101:0000",-43.72154,170.06493,"Aoraki Mount Cook National Park",2328,NA,0,"Canterbury",1010,6.5,8.35,NA
"26433","20180102:0000",-43.72154,170.06493,"Aoraki Mount Cook National Park",2328,NA,0,"Canterbury",1010,5,11.75,NA
"26434","20180103:0000",-43.72154,170.06493,"Aoraki Mount Cook National Park",2328,NA,0,"Canterbury",1010,4,11.3,NA
"26435","20180104:0000",-43.72154,170.06493,"Aoraki Mount Cook National Park",2328,NA,0,"Canterbury",1010,2.9,12.9,NA
"26436","20180105:0000",-43.72154,170.06493,"Aoraki Mount Cook National Park",2328,NA,0,"Canterbury",1010,5,6.8,NA
"26437","20180106:0000",-43.72154,170.06493,"Aoraki Mount Cook National Park",2328,NA,0,"Canterbury",1010,5.8,5.1,NA
"26438","20180107:0000",-43.72154,170.06493,"Aoraki Mount Cook National Park",2328,NA,0,"Canterbury",1010,10.1,6.15,NA
"26439","20180108:0000",-43.72154,170.06493,"Aoraki Mount Cook National Park",2328,NA,0,"Canterbury",1010,9.4,9.65,NA
"26440","20180109:0000",-43.72154,170.06493,"Aoraki Mount Cook National Park",2328,NA,0,"Canterbury",1010,26.3,11.1,NA
"26441","20180110:0000",-43.72154,170.06493,"Aoraki Mount Cook National Park",2328,NA,0,"Canterbury",1010,0.4,7.8,NA
"26442","20180111:0000",-43.72154,170.06493,"Aoraki Mount Cook National Park",2328,NA,0,"Canterbury",1010,0.7,4.15,NA
"26443","20180112:0000",-43.72154,170.06493,"Aoraki Mount Cook National Park",2328,NA,0,"Canterbury",1010,3.2,5.1,NA
"26444","20180113:0000",-43.72154,170.06493,"Aoraki Mount Cook National Park",2328,NA,0,"Canterbury",1010,4.3,7.8,NA
"26445","20180114:0000",-43.72154,170.06493,"Aoraki Mount Cook National Park",2328,NA,0,"Canterbury",1010,10.1,9.65,NA
"26446","20180115:0000",-43.72154,170.06493,"Aoraki Mount Cook National Park",2328,NA,0,"Canterbury",1010,9.4,12.45,NA
"26447","20180116:0000",-43.72154,170.06493,"Aoraki Mount Cook National Park",2328,NA,0,"Canterbury",1010,4.7,12.35,NA
"26448","20180117:0000",-43.72154,170.06493,"Aoraki Mount Cook National Park",2328,NA,0,"Canterbury",1010,4.3,10.3,NA
"26449","20180118:0000",-43.72154,170.06493,"Aoraki Mount Cook National Park",2328,NA,0,"Canterbury",1010,6.5,9.7,NA
"26450","20180119:0000",-43.72154,170.06493,"Aoraki Mount Cook National Park",2328,NA,0,"Canterbury",1010,1.1,9.25,NA
"26451","20180120:0000",-43.72154,170.06493,"Aoraki Mount Cook National Park",2328,NA,0,"Canterbury",1010,29.5,11.65,NA
"26452","20180121:0000",-43.72154,170.06493,"Aoraki Mount Cook National Park",2328,NA,0,"Canterbury",1010,14,14.3,NA
"26453","20180122:0000",-43.72154,170.06493,"Aoraki Mount Cook National Park",2328,NA,0,"Canterbury",1010,12.2,11.2,NA
"26454","20180123:0000",-43.72154,170.06493,"Aoraki Mount Cook National Park",2328,NA,0,"Canterbury",1010,22.3,12.25,NA
"26455","20180124:0000",-43.72154,170.06493,"Aoraki Mount Cook National Park",2328,NA,0,"Canterbury",1010,23,12.9,NA
"26456","20180125:0000",-43.72154,170.06493,"Aoraki Mount Cook National Park",2328,NA,0,"Canterbury",1010,7.6,13.4,NA
"26457","20180126:0000",-43.72154,170.06493,"Aoraki Mount Cook National Park",2328,NA,0,"Canterbury",1010,3.6,12.8,NA
"26458","20180127:0000",-43.72154,170.06493,"Aoraki Mount Cook National Park",2328,NA,0,"Canterbury",1010,4.7,14.35,NA
"26459","20180128:0000",-43.72154,170.06493,"Aoraki Mount Cook National Park",2328,NA,0,"Canterbury",1010,0.7,16.6,NA
"26460","20180129:0000",-43.72154,170.06493,"Aoraki Mount Cook National Park",2328,NA,0,"Canterbury",1010,9.7,15.8,NA
"26461","20180130:0000",-43.72154,170.06493,"Aoraki Mount Cook National Park",2328,NA,0,"Canterbury",1010,17.3,15.8,NA
"26462","20180131:0000",-43.72154,170.06493,"Aoraki Mount Cook National Park",2328,NA,0,"Canterbury",1010,32.8,11.3,NA
"26463","20180201:0000",-43.72154,170.06493,"Aoraki Mount Cook National Park",2328,NA,0,"Canterbury",1010,11.2,10.25,NA
"26464","20180202:0000",-43.72154,170.06493,"Aoraki Mount Cook National Park",2328,NA,0,"Canterbury",1010,0,0.15,NA
"26465","20180203:0000",-43.72154,170.06493,"Aoraki Mount Cook National Park",2328,NA,0,"Canterbury",1010,2.2,4.15,NA
"26466","20180204:0000",-43.72154,170.06493,"Aoraki Mount Cook National Park",2328,NA,0,"Canterbury",1010,28.8,3.45,NA
"26467","20180205:0000",-43.72154,170.06493,"Aoraki Mount Cook National Park",2328,NA,0,"Canterbury",1010,36,3.25,NA
"26468","20180206:0000",-43.72154,170.06493,"Aoraki Mount Cook National Park",2328,NA,0,"Canterbury",1010,18.7,4.85,NA
"26469","20180207:0000",-43.72154,170.06493,"Aoraki Mount Cook National Park",2328,NA,0,"Canterbury",1010,4.3,6.8,NA
"26470","20180208:0000",-43.72154,170.06493,"Aoraki Mount Cook National Park",2328,NA,0,"Canterbury",1010,2.5,9.75,NA
"26471","20180209:0000",-43.72154,170.06493,"Aoraki Mount Cook National Park",2328,NA,0,"Canterbury",1010,2.5,10.9,NA
"26472","20180210:0000",-43.72154,170.06493,"Aoraki Mount Cook National Park",2328,NA,0,"Canterbury",1010,1.8,9.8,NA
"26473","20180211:0000",-43.72154,170.06493,"Aoraki Mount Cook National Park",2328,NA,0,"Canterbury",1010,2.2,9.55,NA
"26474","20180212:0000",-43.72154,170.06493,"Aoraki Mount Cook National Park",2328,NA,0,"Canterbury",1010,32.4,9.15,NA
"26475","20180213:0000",-43.72154,170.06493,"Aoraki Mount Cook National Park",2328,NA,0,"Canterbury",1010,19.1,10.8,NA
"26476","20180214:0000",-43.72154,170.06493,"Aoraki Mount Cook National Park",2328,NA,0,"Canterbury",1010,2.5,9.4,NA
"26477","20180215:0000",-43.72154,170.06493,"Aoraki Mount Cook National Park",2328,NA,0,"Canterbury",1010,45.4,7.75,NA
"26478","20180216:0000",-43.72154,170.06493,"Aoraki Mount Cook National Park",2328,NA,0,"Canterbury",1010,41.4,8,NA
"26479","20180217:0000",-43.72154,170.06493,"Aoraki Mount Cook National Park",2328,NA,0,"Canterbury",1010,14.4,7.75,NA
"26480","20180218:0000",-43.72154,170.06493,"Aoraki Mount Cook National Park",2328,NA,0,"Canterbury",1010,29.5,7.25,NA
"26481","20180219:0000",-43.72154,170.06493,"Aoraki Mount Cook National Park",2328,NA,0,"Canterbury",1010,25.6,6.25,NA
"26482","20180220:0000",-43.72154,170.06493,"Aoraki Mount Cook National Park",2328,NA,0,"Canterbury",1010,7.6,1.4,NA
"26483","20180221:0000",-43.72154,170.06493,"Aoraki Mount Cook National Park",2328,NA,0,"Canterbury",1010,0,-1.35,NA
"26484","20180222:0000",-43.72154,170.06493,"Aoraki Mount Cook National Park",2328,NA,0,"Canterbury",1010,0,3.75,NA
"26485","20180223:0000",-43.72154,170.06493,"Aoraki Mount Cook National Park",2328,NA,0,"Canterbury",1010,8.6,3.65,NA
"26486","20180224:0000",-43.72154,170.06493,"Aoraki Mount Cook National Park",2328,NA,0,"Canterbury",1010,6.1,8.6,NA
"26487","20180225:0000",-43.72154,170.06493,"Aoraki Mount Cook National Park",2328,NA,0,"Canterbury",1010,45.4,7.35,NA
"26488","20180226:0000",-43.72154,170.06493,"Aoraki Mount Cook National Park",2328,NA,0,"Canterbury",1010,15.1,5.4,NA
"26489","20180227:0000",-43.72154,170.06493,"Aoraki Mount Cook National Park",2328,NA,0,"Canterbury",1010,4.3,5.6,NA
"26490","20180228:0000",-43.72154,170.06493,"Aoraki Mount Cook National Park",2328,NA,0,"Canterbury",1010,5.4,7.9,NA
"26491","20180301:0000",-43.72154,170.06493,"Aoraki Mount Cook National Park",2328,NA,0,"Canterbury",1010,5.4,9.55,NA
"26492","20180302:0000",-43.72154,170.06493,"Aoraki Mount Cook National Park",2328,NA,0,"Canterbury",1010,3.6,11,NA
"26493","20180303:0000",-43.72154,170.06493,"Aoraki Mount Cook National Park",2328,NA,0,"Canterbury",1010,3.6,11.4,NA
"26494","20180304:0000",-43.72154,170.06493,"Aoraki Mount Cook National Park",2328,NA,0,"Canterbury",1010,6.1,10.4,NA
"26495","20180305:0000",-43.72154,170.06493,"Aoraki Mount Cook National Park",2328,NA,0,"Canterbury",1010,1.8,10.5,NA
"26496","20180306:0000",-43.72154,170.06493,"Aoraki Mount Cook National Park",2328,NA,0,"Canterbury",1010,0.7,6.25,NA
"26497","20180307:0000",-43.72154,170.06493,"Aoraki Mount Cook National Park",2328,NA,0,"Canterbury",1010,4.3,4.75,NA
"26498","20180308:0000",-43.72154,170.06493,"Aoraki Mount Cook National Park",2328,NA,0,"Canterbury",1010,1.8,7,NA
"26499","20180309:0000",-43.72154,170.06493,"Aoraki Mount Cook National Park",2328,NA,0,"Canterbury",1010,4.3,5.15,NA
"26500","20180310:0000",-43.72154,170.06493,"Aoraki Mount Cook National Park",2328,NA,0,"Canterbury",1010,10.1,6,NA
"26501","20180311:0000",-43.72154,170.06493,"Aoraki Mount Cook National Park",2328,NA,0,"Canterbury",1010,11.9,9.65,NA
"26502","20180312:0000",-43.72154,170.06493,"Aoraki Mount Cook National Park",2328,NA,0,"Canterbury",1010,10.4,9.65,NA
"26503","20180313:0000",-43.72154,170.06493,"Aoraki Mount Cook National Park",2328,NA,0,"Canterbury",1010,22,3.7,NA
"26504","20180314:0000",-43.72154,170.06493,"Aoraki Mount Cook National Park",2328,NA,0,"Canterbury",1010,17.6,2.65,NA
"26505","20180315:0000",-43.72154,170.06493,"Aoraki Mount Cook National Park",2328,NA,0,"Canterbury",1010,28.1,4.6,NA
"26506","20180316:0000",-43.72154,170.06493,"Aoraki Mount Cook National Park",2328,NA,0,"Canterbury",1010,29.5,7.25,NA
"26507","20180317:0000",-43.72154,170.06493,"Aoraki Mount Cook National Park",2328,NA,0,"Canterbury",1010,1.8,4.65,NA
"26508","20180318:0000",-43.72154,170.06493,"Aoraki Mount Cook National Park",2328,NA,0,"Canterbury",1010,14.8,6.05,NA
"26509","20180319:0000",-43.72154,170.06493,"Aoraki Mount Cook National Park",2328,NA,0,"Canterbury",1010,45.7,7.8,NA
"26510","20180320:0000",-43.72154,170.06493,"Aoraki Mount Cook National Park",2328,NA,0,"Canterbury",1010,31,8.85,NA
"26511","20180321:0000",-43.72154,170.06493,"Aoraki Mount Cook National Park",2328,NA,0,"Canterbury",1010,6.5,8.85,NA
"26512","20180322:0000",-43.72154,170.06493,"Aoraki Mount Cook National Park",2328,NA,0,"Canterbury",1010,10.8,-2.3,NA
"26513","20180323:0000",-43.72154,170.06493,"Aoraki Mount Cook National Park",2328,NA,0,"Canterbury",1010,0,-2.05,NA
"26514","20180324:0000",-43.72154,170.06493,"Aoraki Mount Cook National Park",2328,NA,0,"Canterbury",1010,1.1,0.05,NA
"26515","20180325:0000",-43.72154,170.06493,"Aoraki Mount Cook National Park",2328,NA,0,"Canterbury",1010,11.9,3.25,NA
"26516","20180326:0000",-43.72154,170.06493,"Aoraki Mount Cook National Park",2328,NA,0,"Canterbury",1010,25.6,6.15,NA
"26517","20180327:0000",-43.72154,170.06493,"Aoraki Mount Cook National Park",2328,NA,0,"Canterbury",1010,38.5,8.15,NA
"26518","20180328:0000",-43.72154,170.06493,"Aoraki Mount Cook National Park",2328,NA,0,"Canterbury",1010,18.7,7.1,NA
"26519","20180329:0000",-43.72154,170.06493,"Aoraki Mount Cook National Park",2328,NA,0,"Canterbury",1010,11.5,6.9,NA
"26520","20180330:0000",-43.72154,170.06493,"Aoraki Mount Cook National Park",2328,NA,0,"Canterbury",1010,15.5,8.2,NA
"26521","20180331:0000",-43.72154,170.06493,"Aoraki Mount Cook National Park",2328,NA,0,"Canterbury",1010,19.4,6.7,NA
"26522","20180401:0000",-43.72154,170.06493,"Aoraki Mount Cook National Park",2328,NA,0,"Canterbury",1010,16.6,5.75,NA
"26523","20180402:0000",-43.72154,170.06493,"Aoraki Mount Cook National Park",2328,NA,0,"Canterbury",1010,27.4,5.6,NA
"26524","20180403:0000",-43.72154,170.06493,"Aoraki Mount Cook National Park",2328,NA,0,"Canterbury",1010,31.3,5.85,NA
"26525","20180404:0000",-43.72154,170.06493,"Aoraki Mount Cook National Park",2328,NA,0,"Canterbury",1010,37.8,4.15,NA
"26526","20180405:0000",-43.72154,170.06493,"Aoraki Mount Cook National Park",2328,NA,0,"Canterbury",1010,9.4,5.9,NA
"26527","20180406:0000",-43.72154,170.06493,"Aoraki Mount Cook National Park",2328,NA,0,"Canterbury",1010,44.3,4.85,NA
"26528","20180407:0000",-43.72154,170.06493,"Aoraki Mount Cook National Park",2328,NA,0,"Canterbury",1010,2.5,3.4,NA
"26529","20180408:0000",-43.72154,170.06493,"Aoraki Mount Cook National Park",2328,NA,0,"Canterbury",1010,23.4,1.6,NA
"26530","20180409:0000",-43.72154,170.06493,"Aoraki Mount Cook National Park",2328,NA,0,"Canterbury",1010,10.1,1.4,NA
"26531","20180410:0000",-43.72154,170.06493,"Aoraki Mount Cook National Park",2328,NA,0,"Canterbury",1010,10.1,-7.45,NA
"26532","20180411:0000",-43.72154,170.06493,"Aoraki Mount Cook National Park",2328,NA,0,"Canterbury",1010,7.9,-3.15,NA
"26533","20180412:0000",-43.72154,170.06493,"Aoraki Mount Cook National Park",2328,NA,0,"Canterbury",1010,36.4,-4.15,NA
"26534","20180413:0000",-43.72154,170.06493,"Aoraki Mount Cook National Park",2328,NA,0,"Canterbury",1010,0.7,-2.25,NA
"26535","20180414:0000",-43.72154,170.06493,"Aoraki Mount Cook National Park",2328,NA,0,"Canterbury",1010,0.7,0.0499999999999998,NA
"26536","20180415:0000",-43.72154,170.06493,"Aoraki Mount Cook National Park",2328,NA,0,"Canterbury",1010,10.1,2.2,NA
"26537","20180416:0000",-43.72154,170.06493,"Aoraki Mount Cook National Park",2328,NA,0,"Canterbury",1010,20.5,2.95,NA
"26538","20180417:0000",-43.72154,170.06493,"Aoraki Mount Cook National Park",2328,NA,0,"Canterbury",1010,0,-1.6,NA
"26539","20180418:0000",-43.72154,170.06493,"Aoraki Mount Cook National Park",2328,NA,0,"Canterbury",1010,29.2,-1.25,NA
"26540","20180419:0000",-43.72154,170.06493,"Aoraki Mount Cook National Park",2328,NA,0,"Canterbury",1010,49,-1,NA
"26541","20180420:0000",-43.72154,170.06493,"Aoraki Mount Cook National Park",2328,NA,0,"Canterbury",1010,45.7,1.15,NA
"26542","20180421:0000",-43.72154,170.06493,"Aoraki Mount Cook National Park",2328,NA,0,"Canterbury",1010,34.2,1.3,NA
"26543","20180422:0000",-43.72154,170.06493,"Aoraki Mount Cook National Park",2328,NA,0,"Canterbury",1010,1.8,2.45,NA
"26544","20180423:0000",-43.72154,170.06493,"Aoraki Mount Cook National Park",2328,NA,0,"Canterbury",1010,1.8,4.85,NA
"26545","20180424:0000",-43.72154,170.06493,"Aoraki Mount Cook National Park",2328,NA,0,"Canterbury",1010,27.4,2.15,NA
"26546","20180425:0000",-43.72154,170.06493,"Aoraki Mount Cook National Park",2328,NA,0,"Canterbury",1010,20.9,4.95,NA
"26547","20180426:0000",-43.72154,170.06493,"Aoraki Mount Cook National Park",2328,NA,0,"Canterbury",1010,13.7,7.6,NA
"26548","20180427:0000",-43.72154,170.06493,"Aoraki Mount Cook National Park",2328,NA,0,"Canterbury",1010,25.9,4.55,NA
"26549","20180428:0000",-43.72154,170.06493,"Aoraki Mount Cook National Park",2328,NA,0,"Canterbury",1010,0,-1.55,NA
"26550","20180429:0000",-43.72154,170.06493,"Aoraki Mount Cook National Park",2328,NA,0,"Canterbury",1010,0,-1.35,NA
"26551","20180430:0000",-43.72154,170.06493,"Aoraki Mount Cook National Park",2328,NA,0,"Canterbury",1010,1.8,3.6,NA
"26552","20180501:0000",-43.72154,170.06493,"Aoraki Mount Cook National Park",2328,NA,0,"Canterbury",1010,6.5,6,NA
"26553","20180502:0000",-43.72154,170.06493,"Aoraki Mount Cook National Park",2328,NA,0,"Canterbury",1010,7.6,6.65,NA
"26554","20180503:0000",-43.72154,170.06493,"Aoraki Mount Cook National Park",2328,NA,0,"Canterbury",1010,12.2,9.4,NA
"26555","20180504:0000",-43.72154,170.06493,"Aoraki Mount Cook National Park",2328,NA,0,"Canterbury",1010,4.3,10.25,NA
"26556","20180505:0000",-43.72154,170.06493,"Aoraki Mount Cook National Park",2328,NA,0,"Canterbury",1010,32,5.1,NA
"26557","20180506:0000",-43.72154,170.06493,"Aoraki Mount Cook National Park",2328,NA,0,"Canterbury",1010,37.1,0.55,NA
"26558","20180507:0000",-43.72154,170.06493,"Aoraki Mount Cook National Park",2328,NA,0,"Canterbury",1010,20.9,-0.15,NA
"26559","20180508:0000",-43.72154,170.06493,"Aoraki Mount Cook National Park",2328,NA,0,"Canterbury",1010,34.9,2.15,NA
"26560","20180509:0000",-43.72154,170.06493,"Aoraki Mount Cook National Park",2328,NA,0,"Canterbury",1010,41.8,4.3,NA
"26561","20180510:0000",-43.72154,170.06493,"Aoraki Mount Cook National Park",2328,NA,0,"Canterbury",1010,11.5,2.8,NA
"26562","20180511:0000",-43.72154,170.06493,"Aoraki Mount Cook National Park",2328,NA,0,"Canterbury",1010,6.5,4,NA
"26563","20180512:0000",-43.72154,170.06493,"Aoraki Mount Cook National Park",2328,NA,0,"Canterbury",1010,1.4,4.3,NA
"26564","20180513:0000",-43.72154,170.06493,"Aoraki Mount Cook National Park",2328,NA,0,"Canterbury",1010,1.1,1.4,NA
"26565","20180514:0000",-43.72154,170.06493,"Aoraki Mount Cook National Park",2328,NA,0,"Canterbury",1010,3.2,1.4,NA
"26566","20180515:0000",-43.72154,170.06493,"Aoraki Mount Cook National Park",2328,NA,0,"Canterbury",1010,1.4,2.7,NA
"26567","20180516:0000",-43.72154,170.06493,"Aoraki Mount Cook National Park",2328,NA,0,"Canterbury",1010,3.6,2.55,NA
"26568","20180517:0000",-43.72154,170.06493,"Aoraki Mount Cook National Park",2328,NA,0,"Canterbury",1010,11.9,-2.55,NA
"26569","20180518:0000",-43.72154,170.06493,"Aoraki Mount Cook National Park",2328,NA,0,"Canterbury",1010,31.3,-1.15,NA
"26570","20180519:0000",-43.72154,170.06493,"Aoraki Mount Cook National Park",2328,NA,0,"Canterbury",1010,23.8,-1.3,NA
"26571","20180520:0000",-43.72154,170.06493,"Aoraki Mount Cook National Park",2328,NA,0,"Canterbury",1010,24.1,-0.8,NA
"26572","20180521:0000",-43.72154,170.06493,"Aoraki Mount Cook National Park",2328,NA,0,"Canterbury",1010,20.5,-3.25,NA
"26573","20180522:0000",-43.72154,170.06493,"Aoraki Mount Cook National Park",2328,NA,0,"Canterbury",1010,42.5,-2.8,NA
"26574","20180523:0000",-43.72154,170.06493,"Aoraki Mount Cook National Park",2328,NA,0,"Canterbury",1010,6.5,-3.55,NA
"26575","20180524:0000",-43.72154,170.06493,"Aoraki Mount Cook National Park",2328,NA,0,"Canterbury",1010,11.9,-6.1,NA
"26576","20180525:0000",-43.72154,170.06493,"Aoraki Mount Cook National Park",2328,NA,0,"Canterbury",1010,1.1,-3.45,NA
"26577","20180526:0000",-43.72154,170.06493,"Aoraki Mount Cook National Park",2328,NA,0,"Canterbury",1010,23,-3.5,NA
"26578","20180527:0000",-43.72154,170.06493,"Aoraki Mount Cook National Park",2328,NA,0,"Canterbury",1010,4,-3.35,NA
"26579","20180528:0000",-43.72154,170.06493,"Aoraki Mount Cook National Park",2328,NA,0,"Canterbury",1010,6.1,-3.05,NA
"26580","20180529:0000",-43.72154,170.06493,"Aoraki Mount Cook National Park",2328,NA,0,"Canterbury",1010,0.7,-1.6,NA
"26581","20180530:0000",-43.72154,170.06493,"Aoraki Mount Cook National Park",2328,NA,0,"Canterbury",1010,2.2,3.6,NA
"26582","20180531:0000",-43.72154,170.06493,"Aoraki Mount Cook National Park",2328,NA,0,"Canterbury",1010,0.4,3.95,NA
"26583","20180601:0000",-43.72154,170.06493,"Aoraki Mount Cook National Park",2328,NA,0,"Canterbury",1010,0,3.1,NA
"26584","20180602:0000",-43.72154,170.06493,"Aoraki Mount Cook National Park",2328,NA,0,"Canterbury",1010,0,1.4,NA
"26585","20180603:0000",-43.72154,170.06493,"Aoraki Mount Cook National Park",2328,NA,0,"Canterbury",1010,2.2,2.3,NA
"26586","20180604:0000",-43.72154,170.06493,"Aoraki Mount Cook National Park",2328,NA,0,"Canterbury",1010,0,-0.15,NA
"26587","20180605:0000",-43.72154,170.06493,"Aoraki Mount Cook National Park",2328,NA,0,"Canterbury",1010,5.8,0.2,NA
"26588","20180606:0000",-43.72154,170.06493,"Aoraki Mount Cook National Park",2328,NA,0,"Canterbury",1010,11.2,-5.5,NA
"26589","20180607:0000",-43.72154,170.06493,"Aoraki Mount Cook National Park",2328,NA,0,"Canterbury",1010,2.2,-2,NA
"26590","20180608:0000",-43.72154,170.06493,"Aoraki Mount Cook National Park",2328,NA,0,"Canterbury",1010,2.2,1.85,NA
"26591","20180609:0000",-43.72154,170.06493,"Aoraki Mount Cook National Park",2328,NA,0,"Canterbury",1010,32,0.85,NA
"26592","20180610:0000",-43.72154,170.06493,"Aoraki Mount Cook National Park",2328,NA,0,"Canterbury",1010,30.6,0.95,NA
"26593","20180611:0000",-43.72154,170.06493,"Aoraki Mount Cook National Park",2328,NA,0,"Canterbury",1010,0,-2,NA
"26594","20180612:0000",-43.72154,170.06493,"Aoraki Mount Cook National Park",2328,NA,0,"Canterbury",1010,0,-2.4,NA
"26595","20180613:0000",-43.72154,170.06493,"Aoraki Mount Cook National Park",2328,NA,0,"Canterbury",1010,0,1,NA
"26596","20180614:0000",-43.72154,170.06493,"Aoraki Mount Cook National Park",2328,NA,0,"Canterbury",1010,5,2.15,NA
"26597","20180615:0000",-43.72154,170.06493,"Aoraki Mount Cook National Park",2328,NA,0,"Canterbury",1010,1.8,2.3,NA
"26598","20180616:0000",-43.72154,170.06493,"Aoraki Mount Cook National Park",2328,NA,0,"Canterbury",1010,30.6,0.85,NA
"26599","20180617:0000",-43.72154,170.06493,"Aoraki Mount Cook National Park",2328,NA,0,"Canterbury",1010,20.9,-1.25,NA
"26600","20180618:0000",-43.72154,170.06493,"Aoraki Mount Cook National Park",2328,NA,0,"Canterbury",1010,0,-0.95,NA
"26601","20180619:0000",-43.72154,170.06493,"Aoraki Mount Cook National Park",2328,NA,0,"Canterbury",1010,2.2,-3.35,NA
"26602","20180620:0000",-43.72154,170.06493,"Aoraki Mount Cook National Park",2328,NA,0,"Canterbury",1010,0.4,-2.6,NA
"26603","20180621:0000",-43.72154,170.06493,"Aoraki Mount Cook National Park",2328,NA,0,"Canterbury",1010,2.5,-0.95,NA
"26604","20180622:0000",-43.72154,170.06493,"Aoraki Mount Cook National Park",2328,NA,0,"Canterbury",1010,0.4,2.3,NA
"26605","20180623:0000",-43.72154,170.06493,"Aoraki Mount Cook National Park",2328,NA,0,"Canterbury",1010,15.5,-2.1,NA
"26606","20180624:0000",-43.72154,170.06493,"Aoraki Mount Cook National Park",2328,NA,0,"Canterbury",1010,18.4,-1.85,NA
"26607","20180625:0000",-43.72154,170.06493,"Aoraki Mount Cook National Park",2328,NA,0,"Canterbury",1010,30.6,-5.95,NA
"26608","20180626:0000",-43.72154,170.06493,"Aoraki Mount Cook National Park",2328,NA,0,"Canterbury",1010,4.3,-4.75,NA
"26609","20180627:0000",-43.72154,170.06493,"Aoraki Mount Cook National Park",2328,NA,0,"Canterbury",1010,1.1,-2.4,NA
"26610","20180628:0000",-43.72154,170.06493,"Aoraki Mount Cook National Park",2328,NA,0,"Canterbury",1010,5.8,-1.85,NA
"26611","20180629:0000",-43.72154,170.06493,"Aoraki Mount Cook National Park",2328,NA,0,"Canterbury",1010,0.4,-0.85,NA
"26612","20180630:0000",-43.72154,170.06493,"Aoraki Mount Cook National Park",2328,NA,0,"Canterbury",1010,0,-0.65,NA
"26613","20180701:0000",-43.72154,170.06493,"Aoraki Mount Cook National Park",2328,NA,0,"Canterbury",1010,35.6,-0.05,NA
"26614","20180702:0000",-43.72154,170.06493,"Aoraki Mount Cook National Park",2328,NA,0,"Canterbury",1010,0,-0.25,NA
"26615","20180703:0000",-43.72154,170.06493,"Aoraki Mount Cook National Park",2328,NA,0,"Canterbury",1010,2.5,0.5,NA
"26616","20180704:0000",-43.72154,170.06493,"Aoraki Mount Cook National Park",2328,NA,0,"Canterbury",1010,28.1,4.2,NA
"26617","20180705:0000",-43.72154,170.06493,"Aoraki Mount Cook National Park",2328,NA,0,"Canterbury",1010,11.5,1.85,NA
"26618","20180706:0000",-43.72154,170.06493,"Aoraki Mount Cook National Park",2328,NA,0,"Canterbury",1010,26.3,1,NA
"26619","20180707:0000",-43.72154,170.06493,"Aoraki Mount Cook National Park",2328,NA,0,"Canterbury",1010,23.4,1.05,NA
"26620","20180708:0000",-43.72154,170.06493,"Aoraki Mount Cook National Park",2328,NA,0,"Canterbury",1010,11.2,1.3,NA
"26621","20180709:0000",-43.72154,170.06493,"Aoraki Mount Cook National Park",2328,NA,0,"Canterbury",1010,9.7,-3.25,NA
"26622","20180710:0000",-43.72154,170.06493,"Aoraki Mount Cook National Park",2328,NA,0,"Canterbury",1010,9,-3.4,NA
"26623","20180711:0000",-43.72154,170.06493,"Aoraki Mount Cook National Park",2328,NA,0,"Canterbury",1010,22.7,-4.05,NA
"26624","20180712:0000",-43.72154,170.06493,"Aoraki Mount Cook National Park",2328,NA,0,"Canterbury",1010,0.7,-2.75,NA
"26625","20180713:0000",-43.72154,170.06493,"Aoraki Mount Cook National Park",2328,NA,0,"Canterbury",1010,26.6,-1.9,NA
"26626","20180714:0000",-43.72154,170.06493,"Aoraki Mount Cook National Park",2328,NA,0,"Canterbury",1010,7.2,0.2,NA
"26627","20180715:0000",-43.72154,170.06493,"Aoraki Mount Cook National Park",2328,NA,0,"Canterbury",1010,0.4,-2,NA
"26628","20180716:0000",-43.72154,170.06493,"Aoraki Mount Cook National Park",2328,NA,0,"Canterbury",1010,0,-1.85,NA
"26629","20180717:0000",-43.72154,170.06493,"Aoraki Mount Cook National Park",2328,NA,0,"Canterbury",1010,23.8,-0.5,NA
"26630","20180718:0000",-43.72154,170.06493,"Aoraki Mount Cook National Park",2328,NA,0,"Canterbury",1010,2.5,-0.65,NA
"26631","20180719:0000",-43.72154,170.06493,"Aoraki Mount Cook National Park",2328,NA,0,"Canterbury",1010,1.1,0.65,NA
"26632","20180720:0000",-43.72154,170.06493,"Aoraki Mount Cook National Park",2328,NA,0,"Canterbury",1010,32.8,0.1,NA
"26633","20180721:0000",-43.72154,170.06493,"Aoraki Mount Cook National Park",2328,NA,0,"Canterbury",1010,19.4,0.5,NA
"26634","20180722:0000",-43.72154,170.06493,"Aoraki Mount Cook National Park",2328,NA,0,"Canterbury",1010,23.8,-4.3,NA
"26635","20180723:0000",-43.72154,170.06493,"Aoraki Mount Cook National Park",2328,NA,0,"Canterbury",1010,15.8,-4.75,NA
"26636","20180724:0000",-43.72154,170.06493,"Aoraki Mount Cook National Park",2328,NA,0,"Canterbury",1010,0.7,-4.5,NA
"26637","20180725:0000",-43.72154,170.06493,"Aoraki Mount Cook National Park",2328,NA,0,"Canterbury",1010,0.7,-4,NA
"26638","20180726:0000",-43.72154,170.06493,"Aoraki Mount Cook National Park",2328,NA,0,"Canterbury",1010,30.2,-3.55,NA
"26639","20180727:0000",-43.72154,170.06493,"Aoraki Mount Cook National Park",2328,NA,0,"Canterbury",1010,16.6,-3.15,NA
"26640","20180728:0000",-43.72154,170.06493,"Aoraki Mount Cook National Park",2328,NA,0,"Canterbury",1010,28.8,-2.4,NA
"26641","20180729:0000",-43.72154,170.06493,"Aoraki Mount Cook National Park",2328,NA,0,"Canterbury",1010,28.8,-1.5,NA
"26642","20180730:0000",-43.72154,170.06493,"Aoraki Mount Cook National Park",2328,NA,0,"Canterbury",1010,13,-1.9,NA
"26643","20180731:0000",-43.72154,170.06493,"Aoraki Mount Cook National Park",2328,NA,0,"Canterbury",1010,16.2,-0.25,NA
"26644","20180801:0000",-43.72154,170.06493,"Aoraki Mount Cook National Park",2328,NA,0,"Canterbury",1010,41,-0.5,NA
"26645","20180802:0000",-43.72154,170.06493,"Aoraki Mount Cook National Park",2328,NA,0,"Canterbury",1010,9.7,-0.8,NA
"26646","20180803:0000",-43.72154,170.06493,"Aoraki Mount Cook National Park",2328,NA,0,"Canterbury",1010,0,-3.1,NA
"26647","20180804:0000",-43.72154,170.06493,"Aoraki Mount Cook National Park",2328,NA,0,"Canterbury",1010,0,-2.65,NA
"26648","20180805:0000",-43.72154,170.06493,"Aoraki Mount Cook National Park",2328,NA,0,"Canterbury",1010,0,-1.35,NA
"26649","20180806:0000",-43.72154,170.06493,"Aoraki Mount Cook National Park",2328,NA,0,"Canterbury",1010,0.7,2.75,NA
"26650","20180807:0000",-43.72154,170.06493,"Aoraki Mount Cook National Park",2328,NA,0,"Canterbury",1010,5.4,0.7,NA
"26651","20180808:0000",-43.72154,170.06493,"Aoraki Mount Cook National Park",2328,NA,0,"Canterbury",1010,0,0,NA
"26652","20180809:0000",-43.72154,170.06493,"Aoraki Mount Cook National Park",2328,NA,0,"Canterbury",1010,24.8,-0.25,NA
"26653","20180810:0000",-43.72154,170.06493,"Aoraki Mount Cook National Park",2328,NA,0,"Canterbury",1010,1.1,1.85,NA
"26654","20180811:0000",-43.72154,170.06493,"Aoraki Mount Cook National Park",2328,NA,0,"Canterbury",1010,0.4,5.8,NA
"26655","20180812:0000",-43.72154,170.06493,"Aoraki Mount Cook National Park",2328,NA,0,"Canterbury",1010,12.2,5,NA
"26656","20180813:0000",-43.72154,170.06493,"Aoraki Mount Cook National Park",2328,NA,0,"Canterbury",1010,26.6,1.05,NA
"26657","20180814:0000",-43.72154,170.06493,"Aoraki Mount Cook National Park",2328,NA,0,"Canterbury",1010,0,1.25,NA
"26658","20180815:0000",-43.72154,170.06493,"Aoraki Mount Cook National Park",2328,NA,0,"Canterbury",1010,0.4,-0.05,NA
"26659","20180816:0000",-43.72154,170.06493,"Aoraki Mount Cook National Park",2328,NA,0,"Canterbury",1010,11.9,-1.2,NA
"26660","20180817:0000",-43.72154,170.06493,"Aoraki Mount Cook National Park",2328,NA,0,"Canterbury",1010,2.2,-1.6,NA
"26661","20180818:0000",-43.72154,170.06493,"Aoraki Mount Cook National Park",2328,NA,0,"Canterbury",1010,0,-2.35,NA
"26662","20180819:0000",-43.72154,170.06493,"Aoraki Mount Cook National Park",2328,NA,0,"Canterbury",1010,6.5,-1,NA
"26663","20180820:0000",-43.72154,170.06493,"Aoraki Mount Cook National Park",2328,NA,0,"Canterbury",1010,6.1,-1.2,NA
"26664","20180821:0000",-43.72154,170.06493,"Aoraki Mount Cook National Park",2328,NA,0,"Canterbury",1010,1.1,-0.55,NA
"26665","20180822:0000",-43.72154,170.06493,"Aoraki Mount Cook National Park",2328,NA,0,"Canterbury",1010,17.3,-4.35,NA
"26666","20180823:0000",-43.72154,170.06493,"Aoraki Mount Cook National Park",2328,NA,0,"Canterbury",1010,0,-0.6,NA
"26667","20180824:0000",-43.72154,170.06493,"Aoraki Mount Cook National Park",2328,NA,0,"Canterbury",1010,0.7,-2.35,NA
"26668","20180825:0000",-43.72154,170.06493,"Aoraki Mount Cook National Park",2328,NA,0,"Canterbury",1010,0.7,0.35,NA
"26669","20180826:0000",-43.72154,170.06493,"Aoraki Mount Cook National Park",2328,NA,0,"Canterbury",1010,45,1.05,NA
"26670","20180827:0000",-43.72154,170.06493,"Aoraki Mount Cook National Park",2328,NA,0,"Canterbury",1010,35.6,-0.1,NA
"26671","20180828:0000",-43.72154,170.06493,"Aoraki Mount Cook National Park",2328,NA,0,"Canterbury",1010,2.2,-0.55,NA
"26672","20180829:0000",-43.72154,170.06493,"Aoraki Mount Cook National Park",2328,NA,0,"Canterbury",1010,0,-2.8,NA
"26673","20180830:0000",-43.72154,170.06493,"Aoraki Mount Cook National Park",2328,NA,0,"Canterbury",1010,10.8,0.85,NA
"26674","20180831:0000",-43.72154,170.06493,"Aoraki Mount Cook National Park",2328,NA,0,"Canterbury",1010,2.5,0.9,NA
"26675","20180901:0000",-43.72154,170.06493,"Aoraki Mount Cook National Park",2328,NA,0,"Canterbury",1010,19.4,-0.45,NA
"26676","20180902:0000",-43.72154,170.06493,"Aoraki Mount Cook National Park",2328,NA,0,"Canterbury",1010,0.4,0.75,NA
"26677","20180903:0000",-43.72154,170.06493,"Aoraki Mount Cook National Park",2328,NA,0,"Canterbury",1010,10.1,-4.3,NA
"26678","20180904:0000",-43.72154,170.06493,"Aoraki Mount Cook National Park",2328,NA,0,"Canterbury",1010,5,-3.6,NA
"26679","20180905:0000",-43.72154,170.06493,"Aoraki Mount Cook National Park",2328,NA,0,"Canterbury",1010,0.7,0.7,NA
"26680","20180906:0000",-43.72154,170.06493,"Aoraki Mount Cook National Park",2328,NA,0,"Canterbury",1010,1.1,2.95,NA
"26681","20180907:0000",-43.72154,170.06493,"Aoraki Mount Cook National Park",2328,NA,0,"Canterbury",1010,0,2.45,NA
"26682","20180908:0000",-43.72154,170.06493,"Aoraki Mount Cook National Park",2328,NA,0,"Canterbury",1010,1.8,3.7,NA
"26683","20180909:0000",-43.72154,170.06493,"Aoraki Mount Cook National Park",2328,NA,0,"Canterbury",1010,9.4,4.5,NA
"26684","20180910:0000",-43.72154,170.06493,"Aoraki Mount Cook National Park",2328,NA,0,"Canterbury",1010,0,4.25,NA
"26685","20180911:0000",-43.72154,170.06493,"Aoraki Mount Cook National Park",2328,NA,0,"Canterbury",1010,3.2,3.1,NA
"26686","20180912:0000",-43.72154,170.06493,"Aoraki Mount Cook National Park",2328,NA,0,"Canterbury",1010,31.7,3.25,NA
"26687","20180913:0000",-43.72154,170.06493,"Aoraki Mount Cook National Park",2328,NA,0,"Canterbury",1010,47.9,1.3,NA
"26688","20180914:0000",-43.72154,170.06493,"Aoraki Mount Cook National Park",2328,NA,0,"Canterbury",1010,45,2.65,NA
"26689","20180915:0000",-43.72154,170.06493,"Aoraki Mount Cook National Park",2328,NA,0,"Canterbury",1010,33.1,4.6,NA
"26690","20180916:0000",-43.72154,170.06493,"Aoraki Mount Cook National Park",2328,NA,0,"Canterbury",1010,48.2,0.7,NA
"26691","20180917:0000",-43.72154,170.06493,"Aoraki Mount Cook National Park",2328,NA,0,"Canterbury",1010,9.7,-0.35,NA
"26692","20180918:0000",-43.72154,170.06493,"Aoraki Mount Cook National Park",2328,NA,0,"Canterbury",1010,5.8,-1.5,NA
"26693","20180919:0000",-43.72154,170.06493,"Aoraki Mount Cook National Park",2328,NA,0,"Canterbury",1010,37.1,0.9,NA
"26694","20180920:0000",-43.72154,170.06493,"Aoraki Mount Cook National Park",2328,NA,0,"Canterbury",1010,14.4,3.1,NA
"26695","20180921:0000",-43.72154,170.06493,"Aoraki Mount Cook National Park",2328,NA,0,"Canterbury",1010,1.1,1.6,NA
"26696","20180922:0000",-43.72154,170.06493,"Aoraki Mount Cook National Park",2328,NA,0,"Canterbury",1010,4.7,4.85,NA
"26697","20180923:0000",-43.72154,170.06493,"Aoraki Mount Cook National Park",2328,NA,0,"Canterbury",1010,48.2,2.35,NA
"26698","20180924:0000",-43.72154,170.06493,"Aoraki Mount Cook National Park",2328,NA,0,"Canterbury",1010,5.8,-2.1,NA
"26699","20180925:0000",-43.72154,170.06493,"Aoraki Mount Cook National Park",2328,NA,0,"Canterbury",1010,2.2,-4.35,NA
"26700","20180926:0000",-43.72154,170.06493,"Aoraki Mount Cook National Park",2328,NA,0,"Canterbury",1010,4.3,-1.7,NA
"26701","20180927:0000",-43.72154,170.06493,"Aoraki Mount Cook National Park",2328,NA,0,"Canterbury",1010,1.8,-2.3,NA
"26702","20180928:0000",-43.72154,170.06493,"Aoraki Mount Cook National Park",2328,NA,0,"Canterbury",1010,12.2,-2.4,NA
"26703","20180929:0000",-43.72154,170.06493,"Aoraki Mount Cook National Park",2328,NA,0,"Canterbury",1010,52.2,-1.1,NA
"26704","20180930:0000",-43.72154,170.06493,"Aoraki Mount Cook National Park",2328,NA,0,"Canterbury",1010,35.3,1.5,NA
"26705","20181001:0000",-43.72154,170.06493,"Aoraki Mount Cook National Park",2328,NA,0,"Canterbury",1010,2.2,2.2,NA
"26706","20181002:0000",-43.72154,170.06493,"Aoraki Mount Cook National Park",2328,NA,0,"Canterbury",1010,37.8,1.2,NA
"26707","20181003:0000",-43.72154,170.06493,"Aoraki Mount Cook National Park",2328,NA,0,"Canterbury",1010,5,1.3,NA
"26708","20181004:0000",-43.72154,170.06493,"Aoraki Mount Cook National Park",2328,NA,0,"Canterbury",1010,51.5,-0.7,NA
"26709","20181005:0000",-43.72154,170.06493,"Aoraki Mount Cook National Park",2328,NA,0,"Canterbury",1010,2.9,2.15,NA
"26710","20181006:0000",-43.72154,170.06493,"Aoraki Mount Cook National Park",2328,NA,0,"Canterbury",1010,10.4,0.3,NA
"26711","20181007:0000",-43.72154,170.06493,"Aoraki Mount Cook National Park",2328,NA,0,"Canterbury",1010,5.8,2.9,NA
"26712","20181008:0000",-43.72154,170.06493,"Aoraki Mount Cook National Park",2328,NA,0,"Canterbury",1010,37.1,0.3,NA
"26713","20181009:0000",-43.72154,170.06493,"Aoraki Mount Cook National Park",2328,NA,0,"Canterbury",1010,25.2,0.3,NA
"26714","20181010:0000",-43.72154,170.06493,"Aoraki Mount Cook National Park",2328,NA,0,"Canterbury",1010,62.3,0.15,NA
"26715","20181011:0000",-43.72154,170.06493,"Aoraki Mount Cook National Park",2328,NA,0,"Canterbury",1010,1.1,1.45,NA
"26716","20181012:0000",-43.72154,170.06493,"Aoraki Mount Cook National Park",2328,NA,0,"Canterbury",1010,11.2,-5.75,NA
"26717","20181013:0000",-43.72154,170.06493,"Aoraki Mount Cook National Park",2328,NA,0,"Canterbury",1010,14.4,-5.7,NA
"26718","20181014:0000",-43.72154,170.06493,"Aoraki Mount Cook National Park",2328,NA,0,"Canterbury",1010,0.4,-0.75,NA
"26719","20181015:0000",-43.72154,170.06493,"Aoraki Mount Cook National Park",2328,NA,0,"Canterbury",1010,20.2,3.75,NA
"26720","20181016:0000",-43.72154,170.06493,"Aoraki Mount Cook National Park",2328,NA,0,"Canterbury",1010,20.2,3.55,NA
"26721","20181017:0000",-43.72154,170.06493,"Aoraki Mount Cook National Park",2328,NA,0,"Canterbury",1010,9.4,4.6,NA
"26722","20181018:0000",-43.72154,170.06493,"Aoraki Mount Cook National Park",2328,NA,0,"Canterbury",1010,1.1,5.9,NA
"26723","20181019:0000",-43.72154,170.06493,"Aoraki Mount Cook National Park",2328,NA,0,"Canterbury",1010,27.4,5.15,NA
"26724","20181020:0000",-43.72154,170.06493,"Aoraki Mount Cook National Park",2328,NA,0,"Canterbury",1010,46.4,5.6,NA
"26725","20181021:0000",-43.72154,170.06493,"Aoraki Mount Cook National Park",2328,NA,0,"Canterbury",1010,6.8,7.3,NA
"26726","20181022:0000",-43.72154,170.06493,"Aoraki Mount Cook National Park",2328,NA,0,"Canterbury",1010,10.1,9.35,NA
"26727","20181023:0000",-43.72154,170.06493,"Aoraki Mount Cook National Park",2328,NA,0,"Canterbury",1010,19.4,9.35,NA
"26728","20181024:0000",-43.72154,170.06493,"Aoraki Mount Cook National Park",2328,NA,0,"Canterbury",1010,33.8,7.7,NA
"26729","20181025:0000",-43.72154,170.06493,"Aoraki Mount Cook National Park",2328,NA,0,"Canterbury",1010,2.5,2.55,NA
"26730","20181026:0000",-43.72154,170.06493,"Aoraki Mount Cook National Park",2328,NA,0,"Canterbury",1010,7.9,-0.45,NA
"26731","20181027:0000",-43.72154,170.06493,"Aoraki Mount Cook National Park",2328,NA,0,"Canterbury",1010,6.5,0.9,NA
"26732","20181028:0000",-43.72154,170.06493,"Aoraki Mount Cook National Park",2328,NA,0,"Canterbury",1010,3.6,0.55,NA
"26733","20181029:0000",-43.72154,170.06493,"Aoraki Mount Cook National Park",2328,NA,0,"Canterbury",1010,0,0.25,NA
"26734","20181030:0000",-43.72154,170.06493,"Aoraki Mount Cook National Park",2328,NA,0,"Canterbury",1010,0,-0.15,NA
"26735","20181031:0000",-43.72154,170.06493,"Aoraki Mount Cook National Park",2328,NA,0,"Canterbury",1010,17.6,-2.05,NA
"26736","20181101:0000",-43.72154,170.06493,"Aoraki Mount Cook National Park",2328,NA,0,"Canterbury",1010,8.6,-1.05,NA
"26737","20181102:0000",-43.72154,170.06493,"Aoraki Mount Cook National Park",2328,NA,0,"Canterbury",1010,18.7,0.25,NA
"26738","20181103:0000",-43.72154,170.06493,"Aoraki Mount Cook National Park",2328,NA,0,"Canterbury",1010,20.2,3.05,NA
"26739","20181104:0000",-43.72154,170.06493,"Aoraki Mount Cook National Park",2328,NA,0,"Canterbury",1010,28.1,-0.6,NA
"26740","20181105:0000",-43.72154,170.06493,"Aoraki Mount Cook National Park",2328,NA,0,"Canterbury",1010,42.8,2.5,NA
"26741","20181106:0000",-43.72154,170.06493,"Aoraki Mount Cook National Park",2328,NA,0,"Canterbury",1010,11.2,6.1,NA
"26742","20181107:0000",-43.72154,170.06493,"Aoraki Mount Cook National Park",2328,NA,0,"Canterbury",1010,16.6,6.95,NA
"26743","20181108:0000",-43.72154,170.06493,"Aoraki Mount Cook National Park",2328,NA,0,"Canterbury",1010,40,6.55,NA
"26744","20181109:0000",-43.72154,170.06493,"Aoraki Mount Cook National Park",2328,NA,0,"Canterbury",1010,0,-1.7,NA
"26745","20181110:0000",-43.72154,170.06493,"Aoraki Mount Cook National Park",2328,NA,0,"Canterbury",1010,2.5,0.7,NA
"26746","20181111:0000",-43.72154,170.06493,"Aoraki Mount Cook National Park",2328,NA,0,"Canterbury",1010,1.4,1.45,NA
"26747","20181112:0000",-43.72154,170.06493,"Aoraki Mount Cook National Park",2328,NA,0,"Canterbury",1010,18.7,4,NA
"26748","20181113:0000",-43.72154,170.06493,"Aoraki Mount Cook National Park",2328,NA,0,"Canterbury",1010,2.5,7.05,NA
"26749","20181114:0000",-43.72154,170.06493,"Aoraki Mount Cook National Park",2328,NA,0,"Canterbury",1010,9.4,6.95,NA
"26750","20181115:0000",-43.72154,170.06493,"Aoraki Mount Cook National Park",2328,NA,0,"Canterbury",1010,15.5,8.3,NA
"26751","20181116:0000",-43.72154,170.06493,"Aoraki Mount Cook National Park",2328,NA,0,"Canterbury",1010,13,4.2,NA
"26752","20181117:0000",-43.72154,170.06493,"Aoraki Mount Cook National Park",2328,NA,0,"Canterbury",1010,9.4,4.55,NA
"26753","20181118:0000",-43.72154,170.06493,"Aoraki Mount Cook National Park",2328,NA,0,"Canterbury",1010,29.2,-0.15,NA
"26754","20181119:0000",-43.72154,170.06493,"Aoraki Mount Cook National Park",2328,NA,0,"Canterbury",1010,10.1,-5.55,NA
"26755","20181120:0000",-43.72154,170.06493,"Aoraki Mount Cook National Park",2328,NA,0,"Canterbury",1010,7.2,-3.6,NA
"26756","20181121:0000",-43.72154,170.06493,"Aoraki Mount Cook National Park",2328,NA,0,"Canterbury",1010,1.8,-0.9,NA
"26757","20181122:0000",-43.72154,170.06493,"Aoraki Mount Cook National Park",2328,NA,0,"Canterbury",1010,2.2,3.8,NA
"26758","20181123:0000",-43.72154,170.06493,"Aoraki Mount Cook National Park",2328,NA,0,"Canterbury",1010,0.4,3.65,NA
"26759","20181124:0000",-43.72154,170.06493,"Aoraki Mount Cook National Park",2328,NA,0,"Canterbury",1010,0.4,3.55,NA
"26760","20181125:0000",-43.72154,170.06493,"Aoraki Mount Cook National Park",2328,NA,0,"Canterbury",1010,2.2,4.15,NA
"26761","20181126:0000",-43.72154,170.06493,"Aoraki Mount Cook National Park",2328,NA,0,"Canterbury",1010,5,2,NA
"26762","20181127:0000",-43.72154,170.06493,"Aoraki Mount Cook National Park",2328,NA,0,"Canterbury",1010,2.2,2.8,NA
"26763","20181128:0000",-43.72154,170.06493,"Aoraki Mount Cook National Park",2328,NA,0,"Canterbury",1010,0,3.7,NA
"26764","20181129:0000",-43.72154,170.06493,"Aoraki Mount Cook National Park",2328,NA,0,"Canterbury",1010,1.1,6.6,NA
"26765","20181130:0000",-43.72154,170.06493,"Aoraki Mount Cook National Park",2328,NA,0,"Canterbury",1010,0.4,6.7,NA
"26766","20181201:0000",-43.72154,170.06493,"Aoraki Mount Cook National Park",2328,NA,0,"Canterbury",1010,0,7.35,NA
"26767","20181202:0000",-43.72154,170.06493,"Aoraki Mount Cook National Park",2328,NA,0,"Canterbury",1010,0.7,9.05,NA
"26768","20181203:0000",-43.72154,170.06493,"Aoraki Mount Cook National Park",2328,NA,0,"Canterbury",1010,4.3,8.3,NA
"26769","20181204:0000",-43.72154,170.06493,"Aoraki Mount Cook National Park",2328,NA,0,"Canterbury",1010,22.7,4,NA
"26770","20181205:0000",-43.72154,170.06493,"Aoraki Mount Cook National Park",2328,NA,0,"Canterbury",1010,5.8,2.2,NA
"26771","20181206:0000",-43.72154,170.06493,"Aoraki Mount Cook National Park",2328,NA,0,"Canterbury",1010,1.4,2.8,NA
"26772","20181207:0000",-43.72154,170.06493,"Aoraki Mount Cook National Park",2328,NA,0,"Canterbury",1010,6.5,5.95,NA
"26773","20181208:0000",-43.72154,170.06493,"Aoraki Mount Cook National Park",2328,NA,0,"Canterbury",1010,14.4,10.3,NA
"26774","20181209:0000",-43.72154,170.06493,"Aoraki Mount Cook National Park",2328,NA,0,"Canterbury",1010,29.2,10.25,NA
"26775","20181210:0000",-43.72154,170.06493,"Aoraki Mount Cook National Park",2328,NA,0,"Canterbury",1010,1.4,8.55,NA
"26776","20181211:0000",-43.72154,170.06493,"Aoraki Mount Cook National Park",2328,NA,0,"Canterbury",1010,9.7,6.45,NA
"26777","20181212:0000",-43.72154,170.06493,"Aoraki Mount Cook National Park",2328,NA,0,"Canterbury",1010,4.7,4.6,NA
"26778","20181213:0000",-43.72154,170.06493,"Aoraki Mount Cook National Park",2328,NA,0,"Canterbury",1010,0.7,5.6,NA
"26779","20181214:0000",-43.72154,170.06493,"Aoraki Mount Cook National Park",2328,NA,0,"Canterbury",1010,0,7.45,NA
"26780","20181215:0000",-43.72154,170.06493,"Aoraki Mount Cook National Park",2328,NA,0,"Canterbury",1010,0.7,11.15,NA
"26781","20181216:0000",-43.72154,170.06493,"Aoraki Mount Cook National Park",2328,NA,0,"Canterbury",1010,7.6,11.5,NA
"26782","20181217:0000",-43.72154,170.06493,"Aoraki Mount Cook National Park",2328,NA,0,"Canterbury",1010,27.7,8.8,NA
"26783","20181218:0000",-43.72154,170.06493,"Aoraki Mount Cook National Park",2328,NA,0,"Canterbury",1010,49.3,6.8,NA
"26784","20181219:0000",-43.72154,170.06493,"Aoraki Mount Cook National Park",2328,NA,0,"Canterbury",1010,0,5.2,NA
"26785","20181220:0000",-43.72154,170.06493,"Aoraki Mount Cook National Park",2328,NA,0,"Canterbury",1010,0.7,1.85,NA
"26786","20181221:0000",-43.72154,170.06493,"Aoraki Mount Cook National Park",2328,NA,0,"Canterbury",1010,5.8,3.1,NA
"26787","20181222:0000",-43.72154,170.06493,"Aoraki Mount Cook National Park",2328,NA,0,"Canterbury",1010,6.8,3.45,NA
"26788","20181223:0000",-43.72154,170.06493,"Aoraki Mount Cook National Park",2328,NA,0,"Canterbury",1010,0.4,4.6,NA
"26789","20181224:0000",-43.72154,170.06493,"Aoraki Mount Cook National Park",2328,NA,0,"Canterbury",1010,0.4,7.65,NA
"26790","20181225:0000",-43.72154,170.06493,"Aoraki Mount Cook National Park",2328,NA,0,"Canterbury",1010,0,12.55,NA
"26791","20181226:0000",-43.72154,170.06493,"Aoraki Mount Cook National Park",2328,NA,0,"Canterbury",1010,1.8,7.65,NA
"26792","20181227:0000",-43.72154,170.06493,"Aoraki Mount Cook National Park",2328,NA,0,"Canterbury",1010,2.9,4.15,NA
"26793","20181228:0000",-43.72154,170.06493,"Aoraki Mount Cook National Park",2328,NA,0,"Canterbury",1010,2.9,5.9,NA
"26794","20181229:0000",-43.72154,170.06493,"Aoraki Mount Cook National Park",2328,NA,0,"Canterbury",1010,18,8.6,NA
"26795","20181230:0000",-43.72154,170.06493,"Aoraki Mount Cook National Park",2328,NA,0,"Canterbury",1010,20.2,8.85,NA
"26796","20181231:0000",-43.72154,170.06493,"Aoraki Mount Cook National Park",2328,NA,0,"Canterbury",1010,13.3,9.15,NA
"26797","20190101:0000",-43.72154,170.06493,"Aoraki Mount Cook National Park",2328,NA,0,"Canterbury",1010,13,9.65,NA
"26798","20190102:0000",-43.72154,170.06493,"Aoraki Mount Cook National Park",2328,NA,0,"Canterbury",1010,18.7,8.85,NA
"26799","20190103:0000",-43.72154,170.06493,"Aoraki Mount Cook National Park",2328,NA,0,"Canterbury",1010,33.1,6.4,NA
"26800","20190104:0000",-43.72154,170.06493,"Aoraki Mount Cook National Park",2328,NA,0,"Canterbury",1010,13.7,6.65,NA
"26801","20190105:0000",-43.72154,170.06493,"Aoraki Mount Cook National Park",2328,NA,0,"Canterbury",1010,46.8,8.7,NA
"26802","20190106:0000",-43.72154,170.06493,"Aoraki Mount Cook National Park",2328,NA,0,"Canterbury",1010,41.8,10.15,NA
"26803","20190107:0000",-43.72154,170.06493,"Aoraki Mount Cook National Park",2328,NA,0,"Canterbury",1010,9.4,8.85,NA
"26804","20190108:0000",-43.72154,170.06493,"Aoraki Mount Cook National Park",2328,NA,0,"Canterbury",1010,13,10.35,NA
"26805","20190109:0000",-43.72154,170.06493,"Aoraki Mount Cook National Park",2328,NA,0,"Canterbury",1010,11.5,9.7,NA
"26806","20190110:0000",-43.72154,170.06493,"Aoraki Mount Cook National Park",2328,NA,0,"Canterbury",1010,32.4,8.15,NA
"26807","20190111:0000",-43.72154,170.06493,"Aoraki Mount Cook National Park",2328,NA,0,"Canterbury",1010,18.4,6.45,NA
"26808","20190112:0000",-43.72154,170.06493,"Aoraki Mount Cook National Park",2328,NA,0,"Canterbury",1010,2.2,8.5,NA
"26809","20190113:0000",-43.72154,170.06493,"Aoraki Mount Cook National Park",2328,NA,0,"Canterbury",1010,9,7.75,NA
"26810","20190114:0000",-43.72154,170.06493,"Aoraki Mount Cook National Park",2328,NA,0,"Canterbury",1010,4.7,4.55,NA
"26811","20190115:0000",-43.72154,170.06493,"Aoraki Mount Cook National Park",2328,NA,0,"Canterbury",1010,1.4,6.8,NA
"26812","20190116:0000",-43.72154,170.06493,"Aoraki Mount Cook National Park",2328,NA,0,"Canterbury",1010,5.4,10.95,NA
"26813","20190117:0000",-43.72154,170.06493,"Aoraki Mount Cook National Park",2328,NA,0,"Canterbury",1010,7.9,12.7,NA
"26814","20190118:0000",-43.72154,170.06493,"Aoraki Mount Cook National Park",2328,NA,0,"Canterbury",1010,15.8,11.85,NA
"26815","20190119:0000",-43.72154,170.06493,"Aoraki Mount Cook National Park",2328,NA,0,"Canterbury",1010,8.6,9.5,NA
"26816","20190120:0000",-43.72154,170.06493,"Aoraki Mount Cook National Park",2328,NA,0,"Canterbury",1010,32.4,2.4,NA
"26817","20190121:0000",-43.72154,170.06493,"Aoraki Mount Cook National Park",2328,NA,0,"Canterbury",1010,32,3.45,NA
"26818","20190122:0000",-43.72154,170.06493,"Aoraki Mount Cook National Park",2328,NA,0,"Canterbury",1010,28.4,5.5,NA
"26819","20190123:0000",-43.72154,170.06493,"Aoraki Mount Cook National Park",2328,NA,0,"Canterbury",1010,25.2,7.7,NA
"26820","20190124:0000",-43.72154,170.06493,"Aoraki Mount Cook National Park",2328,NA,0,"Canterbury",1010,2.5,3.3,NA
"26821","20190125:0000",-43.72154,170.06493,"Aoraki Mount Cook National Park",2328,NA,0,"Canterbury",1010,3.6,6.55,NA
"26822","20190126:0000",-43.72154,170.06493,"Aoraki Mount Cook National Park",2328,NA,0,"Canterbury",1010,26.6,9.9,NA
"26823","20190127:0000",-43.72154,170.06493,"Aoraki Mount Cook National Park",2328,NA,0,"Canterbury",1010,44.6,11.05,NA
"26824","20190128:0000",-43.72154,170.06493,"Aoraki Mount Cook National Park",2328,NA,0,"Canterbury",1010,13,13.9,NA
"26825","20190129:0000",-43.72154,170.06493,"Aoraki Mount Cook National Park",2328,NA,0,"Canterbury",1010,11.2,14.75,NA
"26826","20190130:0000",-43.72154,170.06493,"Aoraki Mount Cook National Park",2328,NA,0,"Canterbury",1010,23,15.35,NA
"26827","20190131:0000",-43.72154,170.06493,"Aoraki Mount Cook National Park",2328,NA,0,"Canterbury",1010,9.7,16.2,NA
"26828","20190201:0000",-43.72154,170.06493,"Aoraki Mount Cook National Park",2328,NA,0,"Canterbury",1010,39.2,9.25,NA
"26829","20190202:0000",-43.72154,170.06493,"Aoraki Mount Cook National Park",2328,NA,0,"Canterbury",1010,2.2,6.3,NA
"26830","20190203:0000",-43.72154,170.06493,"Aoraki Mount Cook National Park",2328,NA,0,"Canterbury",1010,4,8.75,NA
"26831","20190204:0000",-43.72154,170.06493,"Aoraki Mount Cook National Park",2328,NA,0,"Canterbury",1010,33.8,12.8,NA
"26832","20190205:0000",-43.72154,170.06493,"Aoraki Mount Cook National Park",2328,NA,0,"Canterbury",1010,33.5,7.4,NA
"26833","20190206:0000",-43.72154,170.06493,"Aoraki Mount Cook National Park",2328,NA,0,"Canterbury",1010,1.8,3.05,NA
"26834","20190207:0000",-43.72154,170.06493,"Aoraki Mount Cook National Park",2328,NA,0,"Canterbury",1010,2.9,5.15,NA
"26835","20190208:0000",-43.72154,170.06493,"Aoraki Mount Cook National Park",2328,NA,0,"Canterbury",1010,15.1,7.35,NA
"26836","20190209:0000",-43.72154,170.06493,"Aoraki Mount Cook National Park",2328,NA,0,"Canterbury",1010,28.1,8.7,NA
"26837","20190210:0000",-43.72154,170.06493,"Aoraki Mount Cook National Park",2328,NA,0,"Canterbury",1010,22.7,9.85,NA
"26838","20190211:0000",-43.72154,170.06493,"Aoraki Mount Cook National Park",2328,NA,0,"Canterbury",1010,3.2,11.35,NA
"26839","20190212:0000",-43.72154,170.06493,"Aoraki Mount Cook National Park",2328,NA,0,"Canterbury",1010,18,8.85,NA
"26840","20190213:0000",-43.72154,170.06493,"Aoraki Mount Cook National Park",2328,NA,0,"Canterbury",1010,8.3,10.65,NA
"26841","20190214:0000",-43.72154,170.06493,"Aoraki Mount Cook National Park",2328,NA,0,"Canterbury",1010,28.4,9.7,NA
"26842","20190215:0000",-43.72154,170.06493,"Aoraki Mount Cook National Park",2328,NA,0,"Canterbury",1010,23.4,6.7,NA
"26843","20190216:0000",-43.72154,170.06493,"Aoraki Mount Cook National Park",2328,NA,0,"Canterbury",1010,1.1,5.4,NA
"26844","20190217:0000",-43.72154,170.06493,"Aoraki Mount Cook National Park",2328,NA,0,"Canterbury",1010,10.8,6.3,NA
"26845","20190218:0000",-43.72154,170.06493,"Aoraki Mount Cook National Park",2328,NA,0,"Canterbury",1010,10.8,7.55,NA
"26846","20190219:0000",-43.72154,170.06493,"Aoraki Mount Cook National Park",2328,NA,0,"Canterbury",1010,33.5,7.95,NA
"26847","20190220:0000",-43.72154,170.06493,"Aoraki Mount Cook National Park",2328,NA,0,"Canterbury",1010,36,8.95,NA
"26848","20190221:0000",-43.72154,170.06493,"Aoraki Mount Cook National Park",2328,NA,0,"Canterbury",1010,23,8.8,NA
"26849","20190222:0000",-43.72154,170.06493,"Aoraki Mount Cook National Park",2328,NA,0,"Canterbury",1010,36.7,7.35,NA
"26850","20190223:0000",-43.72154,170.06493,"Aoraki Mount Cook National Park",2328,NA,0,"Canterbury",1010,1.4,3,NA
"26851","20190224:0000",-43.72154,170.06493,"Aoraki Mount Cook National Park",2328,NA,0,"Canterbury",1010,1.8,-1.6,NA
"26852","20190225:0000",-43.72154,170.06493,"Aoraki Mount Cook National Park",2328,NA,0,"Canterbury",1010,0,2.35,NA
"26853","20190226:0000",-43.72154,170.06493,"Aoraki Mount Cook National Park",2328,NA,0,"Canterbury",1010,11.9,5.95,NA
"26854","20190227:0000",-43.72154,170.06493,"Aoraki Mount Cook National Park",2328,NA,0,"Canterbury",1010,41.8,3.6,NA
"26855","20190228:0000",-43.72154,170.06493,"Aoraki Mount Cook National Park",2328,NA,0,"Canterbury",1010,2.9,1.3,NA
"26856","20190301:0000",-43.72154,170.06493,"Aoraki Mount Cook National Park",2328,NA,0,"Canterbury",1010,4.7,4.25,NA
"26857","20190302:0000",-43.72154,170.06493,"Aoraki Mount Cook National Park",2328,NA,0,"Canterbury",1010,0,9.8,NA
"26858","20190303:0000",-43.72154,170.06493,"Aoraki Mount Cook National Park",2328,NA,0,"Canterbury",1010,3.6,12.05,NA
"26859","20190304:0000",-43.72154,170.06493,"Aoraki Mount Cook National Park",2328,NA,0,"Canterbury",1010,24.8,10.9,NA
"26860","20190305:0000",-43.72154,170.06493,"Aoraki Mount Cook National Park",2328,NA,0,"Canterbury",1010,25.6,10.25,NA
"26861","20190306:0000",-43.72154,170.06493,"Aoraki Mount Cook National Park",2328,NA,0,"Canterbury",1010,1.4,12.85,NA
"26862","20190307:0000",-43.72154,170.06493,"Aoraki Mount Cook National Park",2328,NA,0,"Canterbury",1010,33.1,6.75,NA
"26863","20190308:0000",-43.72154,170.06493,"Aoraki Mount Cook National Park",2328,NA,0,"Canterbury",1010,2.9,4.9,NA
"26864","20190309:0000",-43.72154,170.06493,"Aoraki Mount Cook National Park",2328,NA,0,"Canterbury",1010,3.2,5.4,NA
"26865","20190310:0000",-43.72154,170.06493,"Aoraki Mount Cook National Park",2328,NA,0,"Canterbury",1010,1.4,4.95,NA
"26866","20190311:0000",-43.72154,170.06493,"Aoraki Mount Cook National Park",2328,NA,0,"Canterbury",1010,4,6.05,NA
"26867","20190312:0000",-43.72154,170.06493,"Aoraki Mount Cook National Park",2328,NA,0,"Canterbury",1010,32,9.1,NA
"26868","20190313:0000",-43.72154,170.06493,"Aoraki Mount Cook National Park",2328,NA,0,"Canterbury",1010,10.4,9.3,NA
"26869","20190314:0000",-43.72154,170.06493,"Aoraki Mount Cook National Park",2328,NA,0,"Canterbury",1010,1.1,6.05,NA
"26870","20190315:0000",-43.72154,170.06493,"Aoraki Mount Cook National Park",2328,NA,0,"Canterbury",1010,13.7,6.35,NA
"26871","20190316:0000",-43.72154,170.06493,"Aoraki Mount Cook National Park",2328,NA,0,"Canterbury",1010,2.5,9.7,NA
"26872","20190317:0000",-43.72154,170.06493,"Aoraki Mount Cook National Park",2328,NA,0,"Canterbury",1010,4,11.35,NA
"26873","20190318:0000",-43.72154,170.06493,"Aoraki Mount Cook National Park",2328,NA,0,"Canterbury",1010,2.2,12.4,NA
"26874","20190319:0000",-43.72154,170.06493,"Aoraki Mount Cook National Park",2328,NA,0,"Canterbury",1010,0,11.5,NA
"26875","20190320:0000",-43.72154,170.06493,"Aoraki Mount Cook National Park",2328,NA,0,"Canterbury",1010,0,11.55,NA
"26876","20190321:0000",-43.72154,170.06493,"Aoraki Mount Cook National Park",2328,NA,0,"Canterbury",1010,0,12.7,NA
"26877","20190322:0000",-43.72154,170.06493,"Aoraki Mount Cook National Park",2328,NA,0,"Canterbury",1010,0.4,12.75,NA
"26878","20190323:0000",-43.72154,170.06493,"Aoraki Mount Cook National Park",2328,NA,0,"Canterbury",1010,0.4,11.15,NA
"26879","20190324:0000",-43.72154,170.06493,"Aoraki Mount Cook National Park",2328,NA,0,"Canterbury",1010,7.2,11.6,NA
"26880","20190325:0000",-43.72154,170.06493,"Aoraki Mount Cook National Park",2328,NA,0,"Canterbury",1010,37.8,10.6,NA
"26881","20190326:0000",-43.72154,170.06493,"Aoraki Mount Cook National Park",2328,NA,0,"Canterbury",1010,15.5,10.55,NA
"26882","20190327:0000",-43.72154,170.06493,"Aoraki Mount Cook National Park",2328,NA,0,"Canterbury",1010,22.3,6.3,NA
"26883","20190328:0000",-43.72154,170.06493,"Aoraki Mount Cook National Park",2328,NA,0,"Canterbury",1010,0.7,5,NA
"26884","20190329:0000",-43.72154,170.06493,"Aoraki Mount Cook National Park",2328,NA,0,"Canterbury",1010,0.4,6.75,NA
"26885","20190330:0000",-43.72154,170.06493,"Aoraki Mount Cook National Park",2328,NA,0,"Canterbury",1010,1.1,8.55,NA
"26886","20190331:0000",-43.72154,170.06493,"Aoraki Mount Cook National Park",2328,NA,0,"Canterbury",1010,10.4,8.9,NA
"26887","20190401:0000",-43.72154,170.06493,"Aoraki Mount Cook National Park",2328,NA,0,"Canterbury",1010,28.1,3.9,NA
"26888","20190402:0000",-43.72154,170.06493,"Aoraki Mount Cook National Park",2328,NA,0,"Canterbury",1010,0.4,0.85,NA
"26889","20190403:0000",-43.72154,170.06493,"Aoraki Mount Cook National Park",2328,NA,0,"Canterbury",1010,4.3,2.75,NA
"26890","20190404:0000",-43.72154,170.06493,"Aoraki Mount Cook National Park",2328,NA,0,"Canterbury",1010,14,6.95,NA
"26891","20190405:0000",-43.72154,170.06493,"Aoraki Mount Cook National Park",2328,NA,0,"Canterbury",1010,5.8,-3.95,NA
"26892","20190406:0000",-43.72154,170.06493,"Aoraki Mount Cook National Park",2328,NA,0,"Canterbury",1010,1.1,-3.4,NA
"26893","20190407:0000",-43.72154,170.06493,"Aoraki Mount Cook National Park",2328,NA,0,"Canterbury",1010,2.2,-0.8,NA
"26894","20190408:0000",-43.72154,170.06493,"Aoraki Mount Cook National Park",2328,NA,0,"Canterbury",1010,2.5,3.85,NA
"26895","20190409:0000",-43.72154,170.06493,"Aoraki Mount Cook National Park",2328,NA,0,"Canterbury",1010,15.1,6.55,NA
"26896","20190410:0000",-43.72154,170.06493,"Aoraki Mount Cook National Park",2328,NA,0,"Canterbury",1010,20.5,7,NA
"26897","20190411:0000",-43.72154,170.06493,"Aoraki Mount Cook National Park",2328,NA,0,"Canterbury",1010,0,2.9,NA
"26898","20190412:0000",-43.72154,170.06493,"Aoraki Mount Cook National Park",2328,NA,0,"Canterbury",1010,2.2,2.15,NA
"26899","20190413:0000",-43.72154,170.06493,"Aoraki Mount Cook National Park",2328,NA,0,"Canterbury",1010,7.9,3.05,NA
"26900","20190414:0000",-43.72154,170.06493,"Aoraki Mount Cook National Park",2328,NA,0,"Canterbury",1010,0.4,4.15,NA
"26901","20190415:0000",-43.72154,170.06493,"Aoraki Mount Cook National Park",2328,NA,0,"Canterbury",1010,0.4,3.25,NA
"26902","20190416:0000",-43.72154,170.06493,"Aoraki Mount Cook National Park",2328,NA,0,"Canterbury",1010,5,6.7,NA
"26903","20190417:0000",-43.72154,170.06493,"Aoraki Mount Cook National Park",2328,NA,0,"Canterbury",1010,0,9.55,NA
"26904","20190418:0000",-43.72154,170.06493,"Aoraki Mount Cook National Park",2328,NA,0,"Canterbury",1010,0.4,10.35,NA
"26905","20190419:0000",-43.72154,170.06493,"Aoraki Mount Cook National Park",2328,NA,0,"Canterbury",1010,15.1,8.85,NA
"26906","20190420:0000",-43.72154,170.06493,"Aoraki Mount Cook National Park",2328,NA,0,"Canterbury",1010,14,3.4,NA
"26907","20190421:0000",-43.72154,170.06493,"Aoraki Mount Cook National Park",2328,NA,0,"Canterbury",1010,0,0.3,NA
"26908","20190422:0000",-43.72154,170.06493,"Aoraki Mount Cook National Park",2328,NA,0,"Canterbury",1010,0,3.65,NA
"26909","20190423:0000",-43.72154,170.06493,"Aoraki Mount Cook National Park",2328,NA,0,"Canterbury",1010,7.9,7.75,NA
"26910","20190424:0000",-43.72154,170.06493,"Aoraki Mount Cook National Park",2328,NA,0,"Canterbury",1010,7.2,8.6,NA
"26911","20190425:0000",-43.72154,170.06493,"Aoraki Mount Cook National Park",2328,NA,0,"Canterbury",1010,33.8,4.65,NA
"26912","20190426:0000",-43.72154,170.06493,"Aoraki Mount Cook National Park",2328,NA,0,"Canterbury",1010,28.4,5.15,NA
"26913","20190427:0000",-43.72154,170.06493,"Aoraki Mount Cook National Park",2328,NA,0,"Canterbury",1010,16.2,4,NA
"26914","20190428:0000",-43.72154,170.06493,"Aoraki Mount Cook National Park",2328,NA,0,"Canterbury",1010,0,-0.7,NA
"26915","20190429:0000",-43.72154,170.06493,"Aoraki Mount Cook National Park",2328,NA,0,"Canterbury",1010,0,-0.85,NA
"26916","20190430:0000",-43.72154,170.06493,"Aoraki Mount Cook National Park",2328,NA,0,"Canterbury",1010,0,0.3,NA
"26917","20190501:0000",-43.72154,170.06493,"Aoraki Mount Cook National Park",2328,NA,0,"Canterbury",1010,0,4.3,NA
"26918","20190502:0000",-43.72154,170.06493,"Aoraki Mount Cook National Park",2328,NA,0,"Canterbury",1010,7.2,8.15,NA
"26919","20190503:0000",-43.72154,170.06493,"Aoraki Mount Cook National Park",2328,NA,0,"Canterbury",1010,0,10,NA
"26920","20190504:0000",-43.72154,170.06493,"Aoraki Mount Cook National Park",2328,NA,0,"Canterbury",1010,41.8,6.95,NA
"26921","20190505:0000",-43.72154,170.06493,"Aoraki Mount Cook National Park",2328,NA,0,"Canterbury",1010,3.2,6.2,NA
"26922","20190506:0000",-43.72154,170.06493,"Aoraki Mount Cook National Park",2328,NA,0,"Canterbury",1010,0.7,7.1,NA
"26923","20190507:0000",-43.72154,170.06493,"Aoraki Mount Cook National Park",2328,NA,0,"Canterbury",1010,0,8.4,NA
"26924","20190508:0000",-43.72154,170.06493,"Aoraki Mount Cook National Park",2328,NA,0,"Canterbury",1010,5.8,6.6,NA
"26925","20190509:0000",-43.72154,170.06493,"Aoraki Mount Cook National Park",2328,NA,0,"Canterbury",1010,4.3,5.55,NA
"26926","20190510:0000",-43.72154,170.06493,"Aoraki Mount Cook National Park",2328,NA,0,"Canterbury",1010,10.8,5.5,NA
"26927","20190511:0000",-43.72154,170.06493,"Aoraki Mount Cook National Park",2328,NA,0,"Canterbury",1010,2.5,7.05,NA
"26928","20190512:0000",-43.72154,170.06493,"Aoraki Mount Cook National Park",2328,NA,0,"Canterbury",1010,5.4,4.7,NA
"26929","20190513:0000",-43.72154,170.06493,"Aoraki Mount Cook National Park",2328,NA,0,"Canterbury",1010,0,-0.75,NA
"26930","20190514:0000",-43.72154,170.06493,"Aoraki Mount Cook National Park",2328,NA,0,"Canterbury",1010,38.5,0.35,NA
"26931","20190515:0000",-43.72154,170.06493,"Aoraki Mount Cook National Park",2328,NA,0,"Canterbury",1010,41.8,-0.15,NA
"26932","20190516:0000",-43.72154,170.06493,"Aoraki Mount Cook National Park",2328,NA,0,"Canterbury",1010,20.9,-0.75,NA
"26933","20190517:0000",-43.72154,170.06493,"Aoraki Mount Cook National Park",2328,NA,0,"Canterbury",1010,5.8,-0.9,NA
"26934","20190518:0000",-43.72154,170.06493,"Aoraki Mount Cook National Park",2328,NA,0,"Canterbury",1010,29.2,0.5,NA
"26935","20190519:0000",-43.72154,170.06493,"Aoraki Mount Cook National Park",2328,NA,0,"Canterbury",1010,6.8,3.2,NA
"26936","20190520:0000",-43.72154,170.06493,"Aoraki Mount Cook National Park",2328,NA,0,"Canterbury",1010,12.6,5.6,NA
"26937","20190521:0000",-43.72154,170.06493,"Aoraki Mount Cook National Park",2328,NA,0,"Canterbury",1010,16.6,7.05,NA
"26938","20190522:0000",-43.72154,170.06493,"Aoraki Mount Cook National Park",2328,NA,0,"Canterbury",1010,31.7,3.1,NA
"26939","20190523:0000",-43.72154,170.06493,"Aoraki Mount Cook National Park",2328,NA,0,"Canterbury",1010,0,4.35,NA
"26940","20190524:0000",-43.72154,170.06493,"Aoraki Mount Cook National Park",2328,NA,0,"Canterbury",1010,19.4,4.4,NA
"26941","20190525:0000",-43.72154,170.06493,"Aoraki Mount Cook National Park",2328,NA,0,"Canterbury",1010,28.1,1.7,NA
"26942","20190526:0000",-43.72154,170.06493,"Aoraki Mount Cook National Park",2328,NA,0,"Canterbury",1010,21.2,2.5,NA
"26943","20190527:0000",-43.72154,170.06493,"Aoraki Mount Cook National Park",2328,NA,0,"Canterbury",1010,15.1,3.1,NA
"26944","20190528:0000",-43.72154,170.06493,"Aoraki Mount Cook National Park",2328,NA,0,"Canterbury",1010,10.1,3.15,NA
"26945","20190529:0000",-43.72154,170.06493,"Aoraki Mount Cook National Park",2328,NA,0,"Canterbury",1010,18,1,NA
"26946","20190530:0000",-43.72154,170.06493,"Aoraki Mount Cook National Park",2328,NA,0,"Canterbury",1010,34.6,1.45,NA
"26947","20190531:0000",-43.72154,170.06493,"Aoraki Mount Cook National Park",2328,NA,0,"Canterbury",1010,5.8,-3.2,NA
"26948","20190601:0000",-43.72154,170.06493,"Aoraki Mount Cook National Park",2328,NA,0,"Canterbury",1010,11.2,-5.75,NA
"26949","20190602:0000",-43.72154,170.06493,"Aoraki Mount Cook National Park",2328,NA,0,"Canterbury",1010,7.9,-3.15,NA
"26950","20190603:0000",-43.72154,170.06493,"Aoraki Mount Cook National Park",2328,NA,0,"Canterbury",1010,4.3,-2.8,NA
"26951","20190604:0000",-43.72154,170.06493,"Aoraki Mount Cook National Park",2328,NA,0,"Canterbury",1010,10.8,-1.3,NA
"26952","20190605:0000",-43.72154,170.06493,"Aoraki Mount Cook National Park",2328,NA,0,"Canterbury",1010,1.4,-3.4,NA
"26953","20190606:0000",-43.72154,170.06493,"Aoraki Mount Cook National Park",2328,NA,0,"Canterbury",1010,17.6,-4.35,NA
"26954","20190607:0000",-43.72154,170.06493,"Aoraki Mount Cook National Park",2328,NA,0,"Canterbury",1010,3.2,-0.55,NA
"26955","20190608:0000",-43.72154,170.06493,"Aoraki Mount Cook National Park",2328,NA,0,"Canterbury",1010,10.8,0.75,NA
"26956","20190609:0000",-43.72154,170.06493,"Aoraki Mount Cook National Park",2328,NA,0,"Canterbury",1010,10.1,1.65,NA
"26957","20190610:0000",-43.72154,170.06493,"Aoraki Mount Cook National Park",2328,NA,0,"Canterbury",1010,19.8,2.2,NA
"26958","20190611:0000",-43.72154,170.06493,"Aoraki Mount Cook National Park",2328,NA,0,"Canterbury",1010,24.1,1.35,NA
"26959","20190612:0000",-43.72154,170.06493,"Aoraki Mount Cook National Park",2328,NA,0,"Canterbury",1010,0,1.8,NA
"26960","20190613:0000",-43.72154,170.06493,"Aoraki Mount Cook National Park",2328,NA,0,"Canterbury",1010,4,3.95,NA
"26961","20190614:0000",-43.72154,170.06493,"Aoraki Mount Cook National Park",2328,NA,0,"Canterbury",1010,20.9,4.45,NA
"26962","20190615:0000",-43.72154,170.06493,"Aoraki Mount Cook National Park",2328,NA,0,"Canterbury",1010,4,1.45,NA
"26963","20190616:0000",-43.72154,170.06493,"Aoraki Mount Cook National Park",2328,NA,0,"Canterbury",1010,26.3,-4.2,NA
"26964","20190617:0000",-43.72154,170.06493,"Aoraki Mount Cook National Park",2328,NA,0,"Canterbury",1010,7.2,-4.05,NA
"26965","20190618:0000",-43.72154,170.06493,"Aoraki Mount Cook National Park",2328,NA,0,"Canterbury",1010,1.1,-1.65,NA
"26966","20190619:0000",-43.72154,170.06493,"Aoraki Mount Cook National Park",2328,NA,0,"Canterbury",1010,7.9,0.1,NA
"26967","20190620:0000",-43.72154,170.06493,"Aoraki Mount Cook National Park",2328,NA,0,"Canterbury",1010,5.8,0.5,NA
"26968","20190621:0000",-43.72154,170.06493,"Aoraki Mount Cook National Park",2328,NA,0,"Canterbury",1010,39.6,-1,NA
"26969","20190622:0000",-43.72154,170.06493,"Aoraki Mount Cook National Park",2328,NA,0,"Canterbury",1010,10.4,-1.3,NA
"26970","20190623:0000",-43.72154,170.06493,"Aoraki Mount Cook National Park",2328,NA,0,"Canterbury",1010,3.6,0,NA
"26971","20190624:0000",-43.72154,170.06493,"Aoraki Mount Cook National Park",2328,NA,0,"Canterbury",1010,5.4,0,NA
"26972","20190625:0000",-43.72154,170.06493,"Aoraki Mount Cook National Park",2328,NA,0,"Canterbury",1010,14,0.6,NA
"26973","20190626:0000",-43.72154,170.06493,"Aoraki Mount Cook National Park",2328,NA,0,"Canterbury",1010,17.3,3.6,NA
"26974","20190627:0000",-43.72154,170.06493,"Aoraki Mount Cook National Park",2328,NA,0,"Canterbury",1010,0.7,2.85,NA
"26975","20190628:0000",-43.72154,170.06493,"Aoraki Mount Cook National Park",2328,NA,0,"Canterbury",1010,9,4.1,NA
"26976","20190629:0000",-43.72154,170.06493,"Aoraki Mount Cook National Park",2328,NA,0,"Canterbury",1010,17.3,3.4,NA
"26977","20190630:0000",-43.72154,170.06493,"Aoraki Mount Cook National Park",2328,NA,0,"Canterbury",1010,2.2,3.1,NA
"26978","20190701:0000",-43.72154,170.06493,"Aoraki Mount Cook National Park",2328,NA,0,"Canterbury",1010,64.8,1,NA
"26979","20190702:0000",-43.72154,170.06493,"Aoraki Mount Cook National Park",2328,NA,0,"Canterbury",1010,5.8,3.2,NA
"26980","20190703:0000",-43.72154,170.06493,"Aoraki Mount Cook National Park",2328,NA,0,"Canterbury",1010,19.4,3.2,NA
"26981","20190704:0000",-43.72154,170.06493,"Aoraki Mount Cook National Park",2328,NA,0,"Canterbury",1010,1.4,-0.65,NA
"26982","20190705:0000",-43.72154,170.06493,"Aoraki Mount Cook National Park",2328,NA,0,"Canterbury",1010,1.4,-5.3,NA
"26983","20190706:0000",-43.72154,170.06493,"Aoraki Mount Cook National Park",2328,NA,0,"Canterbury",1010,9.7,-1.2,NA
"26984","20190707:0000",-43.72154,170.06493,"Aoraki Mount Cook National Park",2328,NA,0,"Canterbury",1010,24.1,0.1,NA
"26985","20190708:0000",-43.72154,170.06493,"Aoraki Mount Cook National Park",2328,NA,0,"Canterbury",1010,9,0.9,NA
"26986","20190709:0000",-43.72154,170.06493,"Aoraki Mount Cook National Park",2328,NA,0,"Canterbury",1010,55.1,-0.3,NA
"26987","20190710:0000",-43.72154,170.06493,"Aoraki Mount Cook National Park",2328,NA,0,"Canterbury",1010,13.3,-0.8,NA
"26988","20190711:0000",-43.72154,170.06493,"Aoraki Mount Cook National Park",2328,NA,0,"Canterbury",1010,27.4,0,NA
"26989","20190712:0000",-43.72154,170.06493,"Aoraki Mount Cook National Park",2328,NA,0,"Canterbury",1010,9.4,0.6,NA
"26990","20190713:0000",-43.72154,170.06493,"Aoraki Mount Cook National Park",2328,NA,0,"Canterbury",1010,19.4,0.75,NA
"26991","20190714:0000",-43.72154,170.06493,"Aoraki Mount Cook National Park",2328,NA,0,"Canterbury",1010,0,-1.15,NA
"26992","20190715:0000",-43.72154,170.06493,"Aoraki Mount Cook National Park",2328,NA,0,"Canterbury",1010,40,-3.15,NA
"26993","20190716:0000",-43.72154,170.06493,"Aoraki Mount Cook National Park",2328,NA,0,"Canterbury",1010,25.6,-3.05,NA
"26994","20190717:0000",-43.72154,170.06493,"Aoraki Mount Cook National Park",2328,NA,0,"Canterbury",1010,7.2,-3.7,NA
"26995","20190718:0000",-43.72154,170.06493,"Aoraki Mount Cook National Park",2328,NA,0,"Canterbury",1010,39.6,-1.95,NA
"26996","20190719:0000",-43.72154,170.06493,"Aoraki Mount Cook National Park",2328,NA,0,"Canterbury",1010,0,-1.3,NA
"26997","20190720:0000",-43.72154,170.06493,"Aoraki Mount Cook National Park",2328,NA,0,"Canterbury",1010,0,-1.4,NA
"26998","20190721:0000",-43.72154,170.06493,"Aoraki Mount Cook National Park",2328,NA,0,"Canterbury",1010,11.2,-0.45,NA
"26999","20190722:0000",-43.72154,170.06493,"Aoraki Mount Cook National Park",2328,NA,0,"Canterbury",1010,16.6,0.35,NA
"27000","20190723:0000",-43.72154,170.06493,"Aoraki Mount Cook National Park",2328,NA,0,"Canterbury",1010,2.5,1.25,NA
"27001","20190724:0000",-43.72154,170.06493,"Aoraki Mount Cook National Park",2328,NA,0,"Canterbury",1010,2.2,-0.1,NA
"27002","20190725:0000",-43.72154,170.06493,"Aoraki Mount Cook National Park",2328,NA,0,"Canterbury",1010,2.2,1.7,NA
"27003","20190726:0000",-43.72154,170.06493,"Aoraki Mount Cook National Park",2328,NA,0,"Canterbury",1010,0.7,2.7,NA
"27004","20190727:0000",-43.72154,170.06493,"Aoraki Mount Cook National Park",2328,NA,0,"Canterbury",1010,26.3,1.65,NA
"27005","20190728:0000",-43.72154,170.06493,"Aoraki Mount Cook National Park",2328,NA,0,"Canterbury",1010,36.7,1.6,NA
"27006","20190729:0000",-43.72154,170.06493,"Aoraki Mount Cook National Park",2328,NA,0,"Canterbury",1010,0,0.95,NA
"27007","20190730:0000",-43.72154,170.06493,"Aoraki Mount Cook National Park",2328,NA,0,"Canterbury",1010,25.2,-0.4,NA
"27008","20190731:0000",-43.72154,170.06493,"Aoraki Mount Cook National Park",2328,NA,0,"Canterbury",1010,13.3,-4.35,NA
"27009","20190801:0000",-43.72154,170.06493,"Aoraki Mount Cook National Park",2328,NA,0,"Canterbury",1010,7.2,-4.35,NA
"27010","20190802:0000",-43.72154,170.06493,"Aoraki Mount Cook National Park",2328,NA,0,"Canterbury",1010,16.6,-4,NA
"27011","20190803:0000",-43.72154,170.06493,"Aoraki Mount Cook National Park",2328,NA,0,"Canterbury",1010,18,-3.4,NA
"27012","20190804:0000",-43.72154,170.06493,"Aoraki Mount Cook National Park",2328,NA,0,"Canterbury",1010,6.5,-8.2,NA
"27013","20190805:0000",-43.72154,170.06493,"Aoraki Mount Cook National Park",2328,NA,0,"Canterbury",1010,17.6,-5.45,NA
"27014","20190806:0000",-43.72154,170.06493,"Aoraki Mount Cook National Park",2328,NA,0,"Canterbury",1010,22,-4.35,NA
"27015","20190807:0000",-43.72154,170.06493,"Aoraki Mount Cook National Park",2328,NA,0,"Canterbury",1010,30.6,-2.4,NA
"27016","20190808:0000",-43.72154,170.06493,"Aoraki Mount Cook National Park",2328,NA,0,"Canterbury",1010,21.6,-0.5,NA
"27017","20190809:0000",-43.72154,170.06493,"Aoraki Mount Cook National Park",2328,NA,0,"Canterbury",1010,22.3,-1.9,NA
"27018","20190810:0000",-43.72154,170.06493,"Aoraki Mount Cook National Park",2328,NA,0,"Canterbury",1010,0,-4.6,NA
"27019","20190811:0000",-43.72154,170.06493,"Aoraki Mount Cook National Park",2328,NA,0,"Canterbury",1010,0,-4,NA
"27020","20190812:0000",-43.72154,170.06493,"Aoraki Mount Cook National Park",2328,NA,0,"Canterbury",1010,3.2,-0.15,NA
"27021","20190813:0000",-43.72154,170.06493,"Aoraki Mount Cook National Park",2328,NA,0,"Canterbury",1010,25.6,-2.45,NA
"27022","20190814:0000",-43.72154,170.06493,"Aoraki Mount Cook National Park",2328,NA,0,"Canterbury",1010,5.4,-1.25,NA
"27023","20190815:0000",-43.72154,170.06493,"Aoraki Mount Cook National Park",2328,NA,0,"Canterbury",1010,7.2,-0.85,NA
"27024","20190816:0000",-43.72154,170.06493,"Aoraki Mount Cook National Park",2328,NA,0,"Canterbury",1010,37.1,-1,NA
"27025","20190817:0000",-43.72154,170.06493,"Aoraki Mount Cook National Park",2328,NA,0,"Canterbury",1010,8.6,-3.55,NA
"27026","20190818:0000",-43.72154,170.06493,"Aoraki Mount Cook National Park",2328,NA,0,"Canterbury",1010,0,-3.8,NA
"27027","20190819:0000",-43.72154,170.06493,"Aoraki Mount Cook National Park",2328,NA,0,"Canterbury",1010,26.3,0.4,NA
"27028","20190820:0000",-43.72154,170.06493,"Aoraki Mount Cook National Park",2328,NA,0,"Canterbury",1010,41.8,-3.65,NA
"27029","20190821:0000",-43.72154,170.06493,"Aoraki Mount Cook National Park",2328,NA,0,"Canterbury",1010,19.8,-1.75,NA
"27030","20190822:0000",-43.72154,170.06493,"Aoraki Mount Cook National Park",2328,NA,0,"Canterbury",1010,37.4,-2.65,NA
"27031","20190823:0000",-43.72154,170.06493,"Aoraki Mount Cook National Park",2328,NA,0,"Canterbury",1010,9.4,-0.0499999999999998,NA
"27032","20190824:0000",-43.72154,170.06493,"Aoraki Mount Cook National Park",2328,NA,0,"Canterbury",1010,10.1,-0.05,NA
"27033","20190825:0000",-43.72154,170.06493,"Aoraki Mount Cook National Park",2328,NA,0,"Canterbury",1010,57.6,-0.85,NA
"27034","20190826:0000",-43.72154,170.06493,"Aoraki Mount Cook National Park",2328,NA,0,"Canterbury",1010,1.8,-1.25,NA
"27035","20190827:0000",-43.72154,170.06493,"Aoraki Mount Cook National Park",2328,NA,0,"Canterbury",1010,13,-2.45,NA
"27036","20190828:0000",-43.72154,170.06493,"Aoraki Mount Cook National Park",2328,NA,0,"Canterbury",1010,30.2,-1.65,NA
"27037","20190829:0000",-43.72154,170.06493,"Aoraki Mount Cook National Park",2328,NA,0,"Canterbury",1010,24.1,-2.7,NA
"27038","20190830:0000",-43.72154,170.06493,"Aoraki Mount Cook National Park",2328,NA,0,"Canterbury",1010,28.1,-1.6,NA
"27039","20190831:0000",-43.72154,170.06493,"Aoraki Mount Cook National Park",2328,NA,0,"Canterbury",1010,6.5,2.75,NA
"27040","20190901:0000",-43.72154,170.06493,"Aoraki Mount Cook National Park",2328,NA,0,"Canterbury",1010,38.5,3.65,NA
"27041","20190902:0000",-43.72154,170.06493,"Aoraki Mount Cook National Park",2328,NA,0,"Canterbury",1010,7.2,4.25,NA
"27042","20190903:0000",-43.72154,170.06493,"Aoraki Mount Cook National Park",2328,NA,0,"Canterbury",1010,0.7,2.15,NA
"27043","20190904:0000",-43.72154,170.06493,"Aoraki Mount Cook National Park",2328,NA,0,"Canterbury",1010,2.5,0,NA
"27044","20190905:0000",-43.72154,170.06493,"Aoraki Mount Cook National Park",2328,NA,0,"Canterbury",1010,0,1.55,NA
"27045","20190906:0000",-43.72154,170.06493,"Aoraki Mount Cook National Park",2328,NA,0,"Canterbury",1010,7.9,-3.05,NA
"27046","20190907:0000",-43.72154,170.06493,"Aoraki Mount Cook National Park",2328,NA,0,"Canterbury",1010,3.2,-1.85,NA
"27047","20190908:0000",-43.72154,170.06493,"Aoraki Mount Cook National Park",2328,NA,0,"Canterbury",1010,2.9,-4.45,NA
"27048","20190909:0000",-43.72154,170.06493,"Aoraki Mount Cook National Park",2328,NA,0,"Canterbury",1010,0.4,-3.85,NA
"27049","20190910:0000",-43.72154,170.06493,"Aoraki Mount Cook National Park",2328,NA,0,"Canterbury",1010,4.3,-0.8,NA
"27050","20190911:0000",-43.72154,170.06493,"Aoraki Mount Cook National Park",2328,NA,0,"Canterbury",1010,4,-1.9,NA
"27051","20190912:0000",-43.72154,170.06493,"Aoraki Mount Cook National Park",2328,NA,0,"Canterbury",1010,43.9,-1.3,NA
"27052","20190913:0000",-43.72154,170.06493,"Aoraki Mount Cook National Park",2328,NA,0,"Canterbury",1010,14.4,-0.0499999999999999,NA
"27053","20190914:0000",-43.72154,170.06493,"Aoraki Mount Cook National Park",2328,NA,0,"Canterbury",1010,0,-2.85,NA
"27054","20190915:0000",-43.72154,170.06493,"Aoraki Mount Cook National Park",2328,NA,0,"Canterbury",1010,7.2,-2.4,NA
"27055","20190916:0000",-43.72154,170.06493,"Aoraki Mount Cook National Park",2328,NA,0,"Canterbury",1010,15.1,0.1,NA
"27056","20190917:0000",-43.72154,170.06493,"Aoraki Mount Cook National Park",2328,NA,0,"Canterbury",1010,18.7,-3.85,NA
"27057","20190918:0000",-43.72154,170.06493,"Aoraki Mount Cook National Park",2328,NA,0,"Canterbury",1010,34.2,-1.1,NA
"27058","20190919:0000",-43.72154,170.06493,"Aoraki Mount Cook National Park",2328,NA,0,"Canterbury",1010,0,4,NA
"27059","20190920:0000",-43.72154,170.06493,"Aoraki Mount Cook National Park",2328,NA,0,"Canterbury",1010,3.2,5.6,NA
"27060","20190921:0000",-43.72154,170.06493,"Aoraki Mount Cook National Park",2328,NA,0,"Canterbury",1010,1.4,7.4,NA
"27061","20190922:0000",-43.72154,170.06493,"Aoraki Mount Cook National Park",2328,NA,0,"Canterbury",1010,15.8,5.8,NA
"27062","20190923:0000",-43.72154,170.06493,"Aoraki Mount Cook National Park",2328,NA,0,"Canterbury",1010,12.2,1.05,NA
"27063","20190924:0000",-43.72154,170.06493,"Aoraki Mount Cook National Park",2328,NA,0,"Canterbury",1010,32.4,-2.7,NA
"27064","20190925:0000",-43.72154,170.06493,"Aoraki Mount Cook National Park",2328,NA,0,"Canterbury",1010,13.7,-4.45,NA
"27065","20190926:0000",-43.72154,170.06493,"Aoraki Mount Cook National Park",2328,NA,0,"Canterbury",1010,38.5,-4.2,NA
"27066","20190927:0000",-43.72154,170.06493,"Aoraki Mount Cook National Park",2328,NA,0,"Canterbury",1010,15.1,-0.4,NA
"27067","20190928:0000",-43.72154,170.06493,"Aoraki Mount Cook National Park",2328,NA,0,"Canterbury",1010,60.8,0.15,NA
"27068","20190929:0000",-43.72154,170.06493,"Aoraki Mount Cook National Park",2328,NA,0,"Canterbury",1010,39.6,1.95,NA
"27069","20190930:0000",-43.72154,170.06493,"Aoraki Mount Cook National Park",2328,NA,0,"Canterbury",1010,23.4,0.2,NA
"27070","20191001:0000",-43.72154,170.06493,"Aoraki Mount Cook National Park",2328,NA,0,"Canterbury",1010,5,-3.15,NA
"27071","20191002:0000",-43.72154,170.06493,"Aoraki Mount Cook National Park",2328,NA,0,"Canterbury",1010,15.1,-3.7,NA
"27072","20191003:0000",-43.72154,170.06493,"Aoraki Mount Cook National Park",2328,NA,0,"Canterbury",1010,5.4,-0.4,NA
"27073","20191004:0000",-43.72154,170.06493,"Aoraki Mount Cook National Park",2328,NA,0,"Canterbury",1010,32,-0.8,NA
"27074","20191005:0000",-43.72154,170.06493,"Aoraki Mount Cook National Park",2328,NA,0,"Canterbury",1010,15.8,1,NA
"27075","20191006:0000",-43.72154,170.06493,"Aoraki Mount Cook National Park",2328,NA,0,"Canterbury",1010,5,1.85,NA
"27076","20191007:0000",-43.72154,170.06493,"Aoraki Mount Cook National Park",2328,NA,0,"Canterbury",1010,46.8,2.7,NA
"27077","20191008:0000",-43.72154,170.06493,"Aoraki Mount Cook National Park",2328,NA,0,"Canterbury",1010,21.2,4,NA
"27078","20191009:0000",-43.72154,170.06493,"Aoraki Mount Cook National Park",2328,NA,0,"Canterbury",1010,26.3,4,NA
"27079","20191010:0000",-43.72154,170.06493,"Aoraki Mount Cook National Park",2328,NA,0,"Canterbury",1010,11.9,4.25,NA
"27080","20191011:0000",-43.72154,170.06493,"Aoraki Mount Cook National Park",2328,NA,0,"Canterbury",1010,0,0.1,NA
"27081","20191012:0000",-43.72154,170.06493,"Aoraki Mount Cook National Park",2328,NA,0,"Canterbury",1010,1.4,-0.7,NA
"27082","20191013:0000",-43.72154,170.06493,"Aoraki Mount Cook National Park",2328,NA,0,"Canterbury",1010,0.7,-0.65,NA
"27083","20191014:0000",-43.72154,170.06493,"Aoraki Mount Cook National Park",2328,NA,0,"Canterbury",1010,0,0.8,NA
"27084","20191015:0000",-43.72154,170.06493,"Aoraki Mount Cook National Park",2328,NA,0,"Canterbury",1010,0.4,1.9,NA
"27085","20191016:0000",-43.72154,170.06493,"Aoraki Mount Cook National Park",2328,NA,0,"Canterbury",1010,5,4,NA
"27086","20191017:0000",-43.72154,170.06493,"Aoraki Mount Cook National Park",2328,NA,0,"Canterbury",1010,35.6,1.05,NA
"27087","20191018:0000",-43.72154,170.06493,"Aoraki Mount Cook National Park",2328,NA,0,"Canterbury",1010,0,-0.25,NA
"27088","20191019:0000",-43.72154,170.06493,"Aoraki Mount Cook National Park",2328,NA,0,"Canterbury",1010,20.2,0.65,NA
"27089","20191020:0000",-43.72154,170.06493,"Aoraki Mount Cook National Park",2328,NA,0,"Canterbury",1010,34.6,1.85,NA
"27090","20191021:0000",-43.72154,170.06493,"Aoraki Mount Cook National Park",2328,NA,0,"Canterbury",1010,15.1,-2.2,NA
"27091","20191022:0000",-43.72154,170.06493,"Aoraki Mount Cook National Park",2328,NA,0,"Canterbury",1010,33.5,-2.7,NA
"27092","20191023:0000",-43.72154,170.06493,"Aoraki Mount Cook National Park",2328,NA,0,"Canterbury",1010,4.3,-3.85,NA
"27093","20191024:0000",-43.72154,170.06493,"Aoraki Mount Cook National Park",2328,NA,0,"Canterbury",1010,29.5,-2.85,NA
"27094","20191025:0000",-43.72154,170.06493,"Aoraki Mount Cook National Park",2328,NA,0,"Canterbury",1010,5.4,2.2,NA
"27095","20191026:0000",-43.72154,170.06493,"Aoraki Mount Cook National Park",2328,NA,0,"Canterbury",1010,49,4.8,NA
"27096","20191027:0000",-43.72154,170.06493,"Aoraki Mount Cook National Park",2328,NA,0,"Canterbury",1010,74.9,4.15,NA
"27097","20191028:0000",-43.72154,170.06493,"Aoraki Mount Cook National Park",2328,NA,0,"Canterbury",1010,25.6,-0.8,NA
"27098","20191029:0000",-43.72154,170.06493,"Aoraki Mount Cook National Park",2328,NA,0,"Canterbury",1010,23.4,-1.5,NA
"27099","20191030:0000",-43.72154,170.06493,"Aoraki Mount Cook National Park",2328,NA,0,"Canterbury",1010,34.6,-1,NA
"27100","20191031:0000",-43.72154,170.06493,"Aoraki Mount Cook National Park",2328,NA,0,"Canterbury",1010,38.2,-0.0999999999999999,NA
"27101","20191101:0000",-43.72154,170.06493,"Aoraki Mount Cook National Park",2328,NA,0,"Canterbury",1010,7.9,4.55,NA
"27102","20191102:0000",-43.72154,170.06493,"Aoraki Mount Cook National Park",2328,NA,0,"Canterbury",1010,14.4,8.5,NA
"27103","20191103:0000",-43.72154,170.06493,"Aoraki Mount Cook National Park",2328,NA,0,"Canterbury",1010,22.7,11.75,NA
"27104","20191104:0000",-43.72154,170.06493,"Aoraki Mount Cook National Park",2328,NA,0,"Canterbury",1010,4.3,11.45,NA
"27105","20191105:0000",-43.72154,170.06493,"Aoraki Mount Cook National Park",2328,NA,0,"Canterbury",1010,36.7,5.7,NA
"27106","20191106:0000",-43.72154,170.06493,"Aoraki Mount Cook National Park",2328,NA,0,"Canterbury",1010,6.5,4.85,NA
"27107","20191107:0000",-43.72154,170.06493,"Aoraki Mount Cook National Park",2328,NA,0,"Canterbury",1010,23,5.05,NA
"27108","20191108:0000",-43.72154,170.06493,"Aoraki Mount Cook National Park",2328,NA,0,"Canterbury",1010,13.3,4.2,NA
"27109","20191109:0000",-43.72154,170.06493,"Aoraki Mount Cook National Park",2328,NA,0,"Canterbury",1010,13.7,5.25,NA
"27110","20191110:0000",-43.72154,170.06493,"Aoraki Mount Cook National Park",2328,NA,0,"Canterbury",1010,7.9,3.4,NA
"27111","20191111:0000",-43.72154,170.06493,"Aoraki Mount Cook National Park",2328,NA,0,"Canterbury",1010,0,-0.35,NA
"27112","20191112:0000",-43.72154,170.06493,"Aoraki Mount Cook National Park",2328,NA,0,"Canterbury",1010,5.4,0.85,NA
"27113","20191113:0000",-43.72154,170.06493,"Aoraki Mount Cook National Park",2328,NA,0,"Canterbury",1010,22.3,2.2,NA
"27114","20191114:0000",-43.72154,170.06493,"Aoraki Mount Cook National Park",2328,NA,0,"Canterbury",1010,26.6,-0.45,NA
"27115","20191115:0000",-43.72154,170.06493,"Aoraki Mount Cook National Park",2328,NA,0,"Canterbury",1010,24.8,1.2,NA
"27116","20191116:0000",-43.72154,170.06493,"Aoraki Mount Cook National Park",2328,NA,0,"Canterbury",1010,16.2,1.8,NA
"27117","20191117:0000",-43.72154,170.06493,"Aoraki Mount Cook National Park",2328,NA,0,"Canterbury",1010,33.8,-0.6,NA
"27118","20191118:0000",-43.72154,170.06493,"Aoraki Mount Cook National Park",2328,NA,0,"Canterbury",1010,11.9,-1.6,NA
"27119","20191119:0000",-43.72154,170.06493,"Aoraki Mount Cook National Park",2328,NA,0,"Canterbury",1010,15.8,-1.6,NA
"27120","20191120:0000",-43.72154,170.06493,"Aoraki Mount Cook National Park",2328,NA,0,"Canterbury",1010,22.3,-0.85,NA
"27121","20191121:0000",-43.72154,170.06493,"Aoraki Mount Cook National Park",2328,NA,0,"Canterbury",1010,27.7,4,NA
"27122","20191122:0000",-43.72154,170.06493,"Aoraki Mount Cook National Park",2328,NA,0,"Canterbury",1010,65.2,5.45,NA
"27123","20191123:0000",-43.72154,170.06493,"Aoraki Mount Cook National Park",2328,NA,0,"Canterbury",1010,19.4,8.25,NA
"27124","20191124:0000",-43.72154,170.06493,"Aoraki Mount Cook National Park",2328,NA,0,"Canterbury",1010,18.7,7.75,NA
"27125","20191125:0000",-43.72154,170.06493,"Aoraki Mount Cook National Park",2328,NA,0,"Canterbury",1010,17.3,7.7,NA
"27126","20191126:0000",-43.72154,170.06493,"Aoraki Mount Cook National Park",2328,NA,0,"Canterbury",1010,41.8,7.8,NA
"27127","20191127:0000",-43.72154,170.06493,"Aoraki Mount Cook National Park",2328,NA,0,"Canterbury",1010,42.8,7.25,NA
"27128","20191128:0000",-43.72154,170.06493,"Aoraki Mount Cook National Park",2328,NA,0,"Canterbury",1010,33.8,7.6,NA
"27129","20191129:0000",-43.72154,170.06493,"Aoraki Mount Cook National Park",2328,NA,0,"Canterbury",1010,4.7,9.05,NA
"27130","20191130:0000",-43.72154,170.06493,"Aoraki Mount Cook National Park",2328,NA,0,"Canterbury",1010,14.4,7.75,NA
"27131","20191201:0000",-43.72154,170.06493,"Aoraki Mount Cook National Park",2328,NA,0,"Canterbury",1010,42.5,6.4,NA
"27132","20191202:0000",-43.72154,170.06493,"Aoraki Mount Cook National Park",2328,NA,0,"Canterbury",1010,22.3,5.9,NA
"27133","20191203:0000",-43.72154,170.06493,"Aoraki Mount Cook National Park",2328,NA,0,"Canterbury",1010,15.1,5.85,NA
"27134","20191204:0000",-43.72154,170.06493,"Aoraki Mount Cook National Park",2328,NA,0,"Canterbury",1010,37.8,1.9,NA
"27135","20191205:0000",-43.72154,170.06493,"Aoraki Mount Cook National Park",2328,NA,0,"Canterbury",1010,13.3,1.1,NA
"27136","20191206:0000",-43.72154,170.06493,"Aoraki Mount Cook National Park",2328,NA,0,"Canterbury",1010,18.7,2.45,NA
"27137","20191207:0000",-43.72154,170.06493,"Aoraki Mount Cook National Park",2328,NA,0,"Canterbury",1010,19.4,2.65,NA
"27138","20191208:0000",-43.72154,170.06493,"Aoraki Mount Cook National Park",2328,NA,0,"Canterbury",1010,12.6,0.65,NA
"27139","20191209:0000",-43.72154,170.06493,"Aoraki Mount Cook National Park",2328,NA,0,"Canterbury",1010,15.8,1.45,NA
"27140","20191210:0000",-43.72154,170.06493,"Aoraki Mount Cook National Park",2328,NA,0,"Canterbury",1010,15.5,6.1,NA
"27141","20191211:0000",-43.72154,170.06493,"Aoraki Mount Cook National Park",2328,NA,0,"Canterbury",1010,12.6,9.25,NA
"27142","20191212:0000",-43.72154,170.06493,"Aoraki Mount Cook National Park",2328,NA,0,"Canterbury",1010,2.5,9.05,NA
"27143","20191213:0000",-43.72154,170.06493,"Aoraki Mount Cook National Park",2328,NA,0,"Canterbury",1010,18.4,5.75,NA
"27144","20191214:0000",-43.72154,170.06493,"Aoraki Mount Cook National Park",2328,NA,0,"Canterbury",1010,28.1,1.6,NA
"27145","20191215:0000",-43.72154,170.06493,"Aoraki Mount Cook National Park",2328,NA,0,"Canterbury",1010,24.5,2.75,NA
"27146","20191216:0000",-43.72154,170.06493,"Aoraki Mount Cook National Park",2328,NA,0,"Canterbury",1010,4.3,3.05,NA
"27147","20191217:0000",-43.72154,170.06493,"Aoraki Mount Cook National Park",2328,NA,0,"Canterbury",1010,8.3,1.8,NA
"27148","20191218:0000",-43.72154,170.06493,"Aoraki Mount Cook National Park",2328,NA,0,"Canterbury",1010,0,1,NA
"27149","20191219:0000",-43.72154,170.06493,"Aoraki Mount Cook National Park",2328,NA,0,"Canterbury",1010,41,1.1,NA
"27150","20191220:0000",-43.72154,170.06493,"Aoraki Mount Cook National Park",2328,NA,0,"Canterbury",1010,16.6,1.1,NA
"27151","20191221:0000",-43.72154,170.06493,"Aoraki Mount Cook National Park",2328,NA,0,"Canterbury",1010,0.7,5,NA
"27152","20191222:0000",-43.72154,170.06493,"Aoraki Mount Cook National Park",2328,NA,0,"Canterbury",1010,33.1,5.3,NA
"27153","20191223:0000",-43.72154,170.06493,"Aoraki Mount Cook National Park",2328,NA,0,"Canterbury",1010,2.2,6.85,NA
"27154","20191224:0000",-43.72154,170.06493,"Aoraki Mount Cook National Park",2328,NA,0,"Canterbury",1010,2.2,5.65,NA
"27155","20191225:0000",-43.72154,170.06493,"Aoraki Mount Cook National Park",2328,NA,0,"Canterbury",1010,0.4,5.15,NA
"27156","20191226:0000",-43.72154,170.06493,"Aoraki Mount Cook National Park",2328,NA,0,"Canterbury",1010,5,4.3,NA
"27157","20191227:0000",-43.72154,170.06493,"Aoraki Mount Cook National Park",2328,NA,0,"Canterbury",1010,38.2,2.5,NA
"27158","20191228:0000",-43.72154,170.06493,"Aoraki Mount Cook National Park",2328,NA,0,"Canterbury",1010,9.4,2.5,NA
"27159","20191229:0000",-43.72154,170.06493,"Aoraki Mount Cook National Park",2328,NA,0,"Canterbury",1010,22.7,6.15,NA
"27160","20191230:0000",-43.72154,170.06493,"Aoraki Mount Cook National Park",2328,NA,0,"Canterbury",1010,28.4,10.3,NA
"27161","20191231:0000",-43.72154,170.06493,"Aoraki Mount Cook National Park",2328,NA,0,"Canterbury",1010,7.6,11.9,NA
"27162","20200101:0000",-43.72154,170.06493,"Aoraki Mount Cook National Park",2328,NA,0,"Canterbury",1010,10.8,13,NA
"27163","20200102:0000",-43.72154,170.06493,"Aoraki Mount Cook National Park",2328,NA,0,"Canterbury",1010,10.8,9.6,NA
"27164","20200103:0000",-43.72154,170.06493,"Aoraki Mount Cook National Park",2328,NA,0,"Canterbury",1010,40,4.45,NA
"27165","20200104:0000",-43.72154,170.06493,"Aoraki Mount Cook National Park",2328,NA,0,"Canterbury",1010,4.3,3.35,NA
"27166","20200105:0000",-43.72154,170.06493,"Aoraki Mount Cook National Park",2328,NA,0,"Canterbury",1010,42.1,4.3,NA
"27167","20200106:0000",-43.72154,170.06493,"Aoraki Mount Cook National Park",2328,NA,0,"Canterbury",1010,18,0.15,NA
"27168","20200107:0000",-43.72154,170.06493,"Aoraki Mount Cook National Park",2328,NA,0,"Canterbury",1010,0.7,2.35,NA
"27169","20200108:0000",-43.72154,170.06493,"Aoraki Mount Cook National Park",2328,NA,0,"Canterbury",1010,0.7,3.45,NA
"27170","20200109:0000",-43.72154,170.06493,"Aoraki Mount Cook National Park",2328,NA,0,"Canterbury",1010,22.7,4.25,NA
"27171","20200110:0000",-43.72154,170.06493,"Aoraki Mount Cook National Park",2328,NA,0,"Canterbury",1010,11.2,7.05,NA
"27172","20200111:0000",-43.72154,170.06493,"Aoraki Mount Cook National Park",2328,NA,0,"Canterbury",1010,47.2,8.2,NA
"27173","20200112:0000",-43.72154,170.06493,"Aoraki Mount Cook National Park",2328,NA,0,"Canterbury",1010,13.3,5.45,NA
"27174","20200113:0000",-43.72154,170.06493,"Aoraki Mount Cook National Park",2328,NA,0,"Canterbury",1010,5.8,4.75,NA
"27175","20200114:0000",-43.72154,170.06493,"Aoraki Mount Cook National Park",2328,NA,0,"Canterbury",1010,2.5,7.6,NA
"27176","20200115:0000",-43.72154,170.06493,"Aoraki Mount Cook National Park",2328,NA,0,"Canterbury",1010,0,7.8,NA
"27177","20200116:0000",-43.72154,170.06493,"Aoraki Mount Cook National Park",2328,NA,0,"Canterbury",1010,0,10.3,NA
"27178","20200117:0000",-43.72154,170.06493,"Aoraki Mount Cook National Park",2328,NA,0,"Canterbury",1010,0.4,12.95,NA
"27179","20200118:0000",-43.72154,170.06493,"Aoraki Mount Cook National Park",2328,NA,0,"Canterbury",1010,0.7,13.85,NA
"27180","20200119:0000",-43.72154,170.06493,"Aoraki Mount Cook National Park",2328,NA,0,"Canterbury",1010,1.1,12.3,NA
"27181","20200120:0000",-43.72154,170.06493,"Aoraki Mount Cook National Park",2328,NA,0,"Canterbury",1010,0,14,NA
"27182","20200121:0000",-43.72154,170.06493,"Aoraki Mount Cook National Park",2328,NA,0,"Canterbury",1010,3.2,13.8,NA
"27183","20200122:0000",-43.72154,170.06493,"Aoraki Mount Cook National Park",2328,NA,0,"Canterbury",1010,9.7,13.15,NA
"27184","20200123:0000",-43.72154,170.06493,"Aoraki Mount Cook National Park",2328,NA,0,"Canterbury",1010,23.8,13.25,NA
"27185","20200124:0000",-43.72154,170.06493,"Aoraki Mount Cook National Park",2328,NA,0,"Canterbury",1010,11.2,13.8,NA
"27186","20200125:0000",-43.72154,170.06493,"Aoraki Mount Cook National Park",2328,NA,0,"Canterbury",1010,28.1,11.75,NA
"27187","20200126:0000",-43.72154,170.06493,"Aoraki Mount Cook National Park",2328,NA,0,"Canterbury",1010,23.8,12,NA
"27188","20200127:0000",-43.72154,170.06493,"Aoraki Mount Cook National Park",2328,NA,0,"Canterbury",1010,23,12.2,NA
"27189","20200128:0000",-43.72154,170.06493,"Aoraki Mount Cook National Park",2328,NA,0,"Canterbury",1010,20.2,11.35,NA
"27190","20200129:0000",-43.72154,170.06493,"Aoraki Mount Cook National Park",2328,NA,0,"Canterbury",1010,27.7,8.9,NA
"27191","20200130:0000",-43.72154,170.06493,"Aoraki Mount Cook National Park",2328,NA,0,"Canterbury",1010,38.5,6.7,NA
"27192","20200131:0000",-43.72154,170.06493,"Aoraki Mount Cook National Park",2328,NA,0,"Canterbury",1010,23.4,8.6,NA
"27193","20200201:0000",-43.72154,170.06493,"Aoraki Mount Cook National Park",2328,NA,0,"Canterbury",1010,46.4,10.8,NA
"27194","20200202:0000",-43.72154,170.06493,"Aoraki Mount Cook National Park",2328,NA,0,"Canterbury",1010,24.5,10.7,NA
"27195","20200203:0000",-43.72154,170.06493,"Aoraki Mount Cook National Park",2328,NA,0,"Canterbury",1010,47.2,11.65,NA
"27196","20200204:0000",-43.72154,170.06493,"Aoraki Mount Cook National Park",2328,NA,0,"Canterbury",1010,21.2,11.05,NA
"27197","20200205:0000",-43.72154,170.06493,"Aoraki Mount Cook National Park",2328,NA,0,"Canterbury",1010,10.8,3.7,NA
"27198","20200206:0000",-43.72154,170.06493,"Aoraki Mount Cook National Park",2328,NA,0,"Canterbury",1010,23.8,5.45,NA
"27199","20200207:0000",-43.72154,170.06493,"Aoraki Mount Cook National Park",2328,NA,0,"Canterbury",1010,2.5,6.45,NA
"27200","20200208:0000",-43.72154,170.06493,"Aoraki Mount Cook National Park",2328,NA,0,"Canterbury",1010,20.9,4.3,NA
"27201","20200209:0000",-43.72154,170.06493,"Aoraki Mount Cook National Park",2328,NA,0,"Canterbury",1010,4,7.75,NA
"27202","20200210:0000",-43.72154,170.06493,"Aoraki Mount Cook National Park",2328,NA,0,"Canterbury",1010,1.8,10.9,NA
"27203","20200211:0000",-43.72154,170.06493,"Aoraki Mount Cook National Park",2328,NA,0,"Canterbury",1010,2.5,14.4,NA
"27204","20200212:0000",-43.72154,170.06493,"Aoraki Mount Cook National Park",2328,NA,0,"Canterbury",1010,13.7,13.05,NA
"27205","20200213:0000",-43.72154,170.06493,"Aoraki Mount Cook National Park",2328,NA,0,"Canterbury",1010,17.3,13.15,NA
"27206","20200214:0000",-43.72154,170.06493,"Aoraki Mount Cook National Park",2328,NA,0,"Canterbury",1010,7.9,11.3,NA
"27207","20200215:0000",-43.72154,170.06493,"Aoraki Mount Cook National Park",2328,NA,0,"Canterbury",1010,7.6,12.45,NA
"27208","20200216:0000",-43.72154,170.06493,"Aoraki Mount Cook National Park",2328,NA,0,"Canterbury",1010,17.6,11.1,NA
"27209","20200217:0000",-43.72154,170.06493,"Aoraki Mount Cook National Park",2328,NA,0,"Canterbury",1010,5.4,12.95,NA
"27210","20200218:0000",-43.72154,170.06493,"Aoraki Mount Cook National Park",2328,NA,0,"Canterbury",1010,5,11.75,NA
"27211","20200219:0000",-43.72154,170.06493,"Aoraki Mount Cook National Park",2328,NA,0,"Canterbury",1010,13,9.55,NA
"27212","20190901:0000",-44.57194,171.15889,"Otaio",1145,NA,0,"Canterbury",1010,3.2,8.7,NA
"27213","20190902:0000",-44.57194,171.15889,"Otaio",1145,NA,0,"Canterbury",1010,7.2,8.7,NA
"27214","20190903:0000",-44.57194,171.15889,"Otaio",1145,NA,0,"Canterbury",1010,7.2,7.1,NA
"27215","20190904:0000",-44.57194,171.15889,"Otaio",1145,NA,0,"Canterbury",1010,4.7,7.35,NA
"27216","20190905:0000",-44.57194,171.15889,"Otaio",1145,NA,0,"Canterbury",1010,3.6,10.05,NA
"27217","20190906:0000",-44.57194,171.15889,"Otaio",1145,NA,0,"Canterbury",1010,4.3,9.4,NA
"27218","20190907:0000",-44.57194,171.15889,"Otaio",1145,NA,0,"Canterbury",1010,7.6,5.9,NA
"27219","20190908:0000",-44.57194,171.15889,"Otaio",1145,NA,0,"Canterbury",1010,6.1,4.05,NA
"27220","20190909:0000",-44.57194,171.15889,"Otaio",1145,NA,0,"Canterbury",1010,9,5.5,NA
"27221","20190910:0000",-44.57194,171.15889,"Otaio",1145,NA,0,"Canterbury",1010,7.6,4.25,NA
"27222","20190911:0000",-44.57194,171.15889,"Otaio",1145,NA,0,"Canterbury",1010,7.9,7.75,NA
"27223","20190912:0000",-44.57194,171.15889,"Otaio",1145,NA,0,"Canterbury",1010,6.1,10.8,NA
"27224","20190913:0000",-44.57194,171.15889,"Otaio",1145,NA,0,"Canterbury",1010,16.6,9.1,NA
"27225","20190914:0000",-44.57194,171.15889,"Otaio",1145,NA,0,"Canterbury",1010,5,8,NA
"27226","20190915:0000",-44.57194,171.15889,"Otaio",1145,NA,0,"Canterbury",1010,5,7.65,NA
"27227","20190916:0000",-44.57194,171.15889,"Otaio",1145,NA,0,"Canterbury",1010,3.2,10.7,NA
"27228","20190917:0000",-44.57194,171.15889,"Otaio",1145,NA,0,"Canterbury",1010,10.1,11.85,NA
"27229","20190918:0000",-44.57194,171.15889,"Otaio",1145,NA,0,"Canterbury",1010,6.5,6.7,NA
"27230","20190919:0000",-44.57194,171.15889,"Otaio",1145,NA,0,"Canterbury",1010,4.7,8.5,NA
"27231","20190920:0000",-44.57194,171.15889,"Otaio",1145,NA,0,"Canterbury",1010,1.8,9.1,NA
"27232","20190921:0000",-44.57194,171.15889,"Otaio",1145,NA,0,"Canterbury",1010,4.3,6.05,NA
"27233","20190922:0000",-44.57194,171.15889,"Otaio",1145,NA,0,"Canterbury",1010,5,10.3,NA
"27234","20190923:0000",-44.57194,171.15889,"Otaio",1145,NA,0,"Canterbury",1010,4.7,10.05,NA
"27235","20190924:0000",-44.57194,171.15889,"Otaio",1145,NA,0,"Canterbury",1010,3.6,7,NA
"27236","20190925:0000",-44.57194,171.15889,"Otaio",1145,NA,0,"Canterbury",1010,4.3,6.4,NA
"27237","20190926:0000",-44.57194,171.15889,"Otaio",1145,NA,0,"Canterbury",1010,6.5,9.4,NA
"27238","20190927:0000",-44.57194,171.15889,"Otaio",1145,NA,0,"Canterbury",1010,6.8,12.15,NA
"27239","20190928:0000",-44.57194,171.15889,"Otaio",1145,NA,0,"Canterbury",1010,9,13.6,NA
"27240","20190929:0000",-44.57194,171.15889,"Otaio",1145,NA,0,"Canterbury",1010,5.8,9.9,NA
"27241","20190930:0000",-44.57194,171.15889,"Otaio",1145,NA,0,"Canterbury",1010,5.8,9.25,NA
"27242","20191001:0000",-44.57194,171.15889,"Otaio",1145,NA,0,"Canterbury",1010,6.1,7.4,NA
"27243","20191002:0000",-44.57194,171.15889,"Otaio",1145,NA,0,"Canterbury",1010,7.9,7.75,NA
"27244","20191003:0000",-44.57194,171.15889,"Otaio",1145,NA,0,"Canterbury",1010,7.9,7.1,NA
"27245","20191004:0000",-44.57194,171.15889,"Otaio",1145,NA,0,"Canterbury",1010,6.1,10.6,NA
"27246","20191005:0000",-44.57194,171.15889,"Otaio",1145,NA,0,"Canterbury",1010,7.2,9.65,NA
"27247","20191006:0000",-44.57194,171.15889,"Otaio",1145,NA,0,"Canterbury",1010,4.7,6.35,NA
"27248","20191007:0000",-44.57194,171.15889,"Otaio",1145,NA,0,"Canterbury",1010,5.8,8.95,NA
"27249","20191008:0000",-44.57194,171.15889,"Otaio",1145,NA,0,"Canterbury",1010,5,12.7,NA
"27250","20191009:0000",-44.57194,171.15889,"Otaio",1145,NA,0,"Canterbury",1010,5,11.25,NA
"27251","20191010:0000",-44.57194,171.15889,"Otaio",1145,NA,0,"Canterbury",1010,6.5,11.3,NA
"27252","20191011:0000",-44.57194,171.15889,"Otaio",1145,NA,0,"Canterbury",1010,7.2,11.7,NA
"27253","20191012:0000",-44.57194,171.15889,"Otaio",1145,NA,0,"Canterbury",1010,4,9.4,NA
"27254","20191013:0000",-44.57194,171.15889,"Otaio",1145,NA,0,"Canterbury",1010,8.3,10.1,NA
"27255","20191014:0000",-44.57194,171.15889,"Otaio",1145,NA,0,"Canterbury",1010,3.6,10.85,NA
"27256","20191015:0000",-44.57194,171.15889,"Otaio",1145,NA,0,"Canterbury",1010,5,11.5,NA
"27257","20191016:0000",-44.57194,171.15889,"Otaio",1145,NA,0,"Canterbury",1010,4.7,10.75,NA
"27258","20191017:0000",-44.57194,171.15889,"Otaio",1145,NA,0,"Canterbury",1010,3.6,9.9,NA
"27259","20191018:0000",-44.57194,171.15889,"Otaio",1145,NA,0,"Canterbury",1010,4,9,NA
"27260","20191019:0000",-44.57194,171.15889,"Otaio",1145,NA,0,"Canterbury",1010,2.9,10.3,NA
"27261","20191020:0000",-44.57194,171.15889,"Otaio",1145,NA,0,"Canterbury",1010,4,12.95,NA
"27262","20191021:0000",-44.57194,171.15889,"Otaio",1145,NA,0,"Canterbury",1010,4.7,11.25,NA
"27263","20191022:0000",-44.57194,171.15889,"Otaio",1145,NA,0,"Canterbury",1010,5.4,7.65,NA
"27264","20191023:0000",-44.57194,171.15889,"Otaio",1145,NA,0,"Canterbury",1010,7.2,8.95,NA
"27265","20191024:0000",-44.57194,171.15889,"Otaio",1145,NA,0,"Canterbury",1010,13,9.95,NA
"27266","20191025:0000",-44.57194,171.15889,"Otaio",1145,NA,0,"Canterbury",1010,6.8,8.9,NA
"27267","20191026:0000",-44.57194,171.15889,"Otaio",1145,NA,0,"Canterbury",1010,7.6,13.15,NA
"27268","20191027:0000",-44.57194,171.15889,"Otaio",1145,NA,0,"Canterbury",1010,10.1,16.85,NA
"27269","20191028:0000",-44.57194,171.15889,"Otaio",1145,NA,0,"Canterbury",1010,3.6,10.7,NA
"27270","20191029:0000",-44.57194,171.15889,"Otaio",1145,NA,0,"Canterbury",1010,4,10,NA
"27271","20191030:0000",-44.57194,171.15889,"Otaio",1145,NA,0,"Canterbury",1010,6.1,12.9,NA
"27272","20191031:0000",-44.57194,171.15889,"Otaio",1145,NA,0,"Canterbury",1010,4.7,9.45,NA
"27273","20191101:0000",-44.57194,171.15889,"Otaio",1145,NA,0,"Canterbury",1010,5.8,9.35,NA
"27274","20191102:0000",-44.57194,171.15889,"Otaio",1145,NA,0,"Canterbury",1010,8.3,16.7,NA
"27275","20191103:0000",-44.57194,171.15889,"Otaio",1145,NA,0,"Canterbury",1010,3.2,19.65,NA
"27276","20191104:0000",-44.57194,171.15889,"Otaio",1145,NA,0,"Canterbury",1010,4,15.05,NA
"27277","20191105:0000",-44.57194,171.15889,"Otaio",1145,NA,0,"Canterbury",1010,2.5,14.35,NA
"27278","20191106:0000",-44.57194,171.15889,"Otaio",1145,NA,0,"Canterbury",1010,2.9,11.05,NA
"27279","20191107:0000",-44.57194,171.15889,"Otaio",1145,NA,0,"Canterbury",1010,4.3,15.7,NA
"27280","20191108:0000",-44.57194,171.15889,"Otaio",1145,NA,0,"Canterbury",1010,22.3,18.25,NA
"27281","20191109:0000",-44.57194,171.15889,"Otaio",1145,NA,0,"Canterbury",1010,5,19.45,NA
"27282","20191110:0000",-44.57194,171.15889,"Otaio",1145,NA,0,"Canterbury",1010,6.8,12.85,NA
"27283","20191111:0000",-44.57194,171.15889,"Otaio",1145,NA,0,"Canterbury",1010,6.5,11.35,NA
"27284","20191112:0000",-44.57194,171.15889,"Otaio",1145,NA,0,"Canterbury",1010,3.6,10.15,NA
"27285","20191113:0000",-44.57194,171.15889,"Otaio",1145,NA,0,"Canterbury",1010,5,13.2,NA
"27286","20191114:0000",-44.57194,171.15889,"Otaio",1145,NA,0,"Canterbury",1010,5,11.65,NA
"27287","20191115:0000",-44.57194,171.15889,"Otaio",1145,NA,0,"Canterbury",1010,4.3,12.55,NA
"27288","20191116:0000",-44.57194,171.15889,"Otaio",1145,NA,0,"Canterbury",1010,15.5,17.05,NA
"27289","20191117:0000",-44.57194,171.15889,"Otaio",1145,NA,0,"Canterbury",1010,6.5,11.8,NA
"27290","20191118:0000",-44.57194,171.15889,"Otaio",1145,NA,0,"Canterbury",1010,13,11.1,NA
"27291","20191119:0000",-44.57194,171.15889,"Otaio",1145,NA,0,"Canterbury",1010,7.9,12.5,NA
"27292","20191120:0000",-44.57194,171.15889,"Otaio",1145,NA,0,"Canterbury",1010,3.6,10.8,NA
"27293","20191121:0000",-44.57194,171.15889,"Otaio",1145,NA,0,"Canterbury",1010,5,10.45,NA
"27294","20191122:0000",-44.57194,171.15889,"Otaio",1145,NA,0,"Canterbury",1010,4.3,18.6,NA
"27295","20191123:0000",-44.57194,171.15889,"Otaio",1145,NA,0,"Canterbury",1010,4.3,13.85,NA
"27296","20191124:0000",-44.57194,171.15889,"Otaio",1145,NA,0,"Canterbury",1010,4.7,16.5,NA
"27297","20191125:0000",-44.57194,171.15889,"Otaio",1145,NA,0,"Canterbury",1010,4,12.4,NA
"27298","20191126:0000",-44.57194,171.15889,"Otaio",1145,NA,0,"Canterbury",1010,4.7,16.55,NA
"27299","20191127:0000",-44.57194,171.15889,"Otaio",1145,NA,0,"Canterbury",1010,5.8,19.8,NA
"27300","20191128:0000",-44.57194,171.15889,"Otaio",1145,NA,0,"Canterbury",1010,6.5,19.35,NA
"27301","20191129:0000",-44.57194,171.15889,"Otaio",1145,NA,0,"Canterbury",1010,11.5,12.8,NA
"27302","20191130:0000",-44.57194,171.15889,"Otaio",1145,NA,0,"Canterbury",1010,5,14.45,NA
"27303","20191201:0000",-44.57194,171.15889,"Otaio",1145,NA,0,"Canterbury",1010,5.8,17.45,NA
"27304","20191202:0000",-44.57194,171.15889,"Otaio",1145,NA,0,"Canterbury",1010,4.7,14,NA
"27305","20191203:0000",-44.57194,171.15889,"Otaio",1145,NA,0,"Canterbury",1010,5.8,19.3,NA
"27306","20191204:0000",-44.57194,171.15889,"Otaio",1145,NA,0,"Canterbury",1010,5.4,15.45,NA
"27307","20191205:0000",-44.57194,171.15889,"Otaio",1145,NA,0,"Canterbury",1010,8.3,14.1,NA
"27308","20191206:0000",-44.57194,171.15889,"Otaio",1145,NA,0,"Canterbury",1010,13,16.05,NA
"27309","20191207:0000",-44.57194,171.15889,"Otaio",1145,NA,0,"Canterbury",1010,9.7,18.35,NA
"27310","20191208:0000",-44.57194,171.15889,"Otaio",1145,NA,0,"Canterbury",1010,8.6,15.3,NA
"27311","20191209:0000",-44.57194,171.15889,"Otaio",1145,NA,0,"Canterbury",1010,5.8,10.85,NA
"27312","20191210:0000",-44.57194,171.15889,"Otaio",1145,NA,0,"Canterbury",1010,3.2,13.2,NA
"27313","20191211:0000",-44.57194,171.15889,"Otaio",1145,NA,0,"Canterbury",1010,5,15.55,NA
"27314","20191212:0000",-44.57194,171.15889,"Otaio",1145,NA,0,"Canterbury",1010,7.6,16.25,NA
"27315","20191213:0000",-44.57194,171.15889,"Otaio",1145,NA,0,"Canterbury",1010,2.5,16.45,NA
"27316","20191214:0000",-44.57194,171.15889,"Otaio",1145,NA,0,"Canterbury",1010,6.1,15.1,NA
"27317","20191215:0000",-44.57194,171.15889,"Otaio",1145,NA,0,"Canterbury",1010,2.9,14.65,NA
"27318","20191216:0000",-44.57194,171.15889,"Otaio",1145,NA,0,"Canterbury",1010,2.9,13.35,NA
"27319","20191217:0000",-44.57194,171.15889,"Otaio",1145,NA,0,"Canterbury",1010,6.8,12.3,NA
"27320","20191218:0000",-44.57194,171.15889,"Otaio",1145,NA,0,"Canterbury",1010,12.2,14.15,NA
"27321","20191219:0000",-44.57194,171.15889,"Otaio",1145,NA,0,"Canterbury",1010,5,13.9,NA
"27322","20191220:0000",-44.57194,171.15889,"Otaio",1145,NA,0,"Canterbury",1010,13,12.15,NA
"27323","20191221:0000",-44.57194,171.15889,"Otaio",1145,NA,0,"Canterbury",1010,9,11.25,NA
"27324","20191222:0000",-44.57194,171.15889,"Otaio",1145,NA,0,"Canterbury",1010,3.6,15.9,NA
"27325","20191223:0000",-44.57194,171.15889,"Otaio",1145,NA,0,"Canterbury",1010,5,14.15,NA
"27326","20191224:0000",-44.57194,171.15889,"Otaio",1145,NA,0,"Canterbury",1010,7.6,14.3,NA
"27327","20191225:0000",-44.57194,171.15889,"Otaio",1145,NA,0,"Canterbury",1010,4.3,14.6,NA
"27328","20191226:0000",-44.57194,171.15889,"Otaio",1145,NA,0,"Canterbury",1010,6.8,13.05,NA
"27329","20191227:0000",-44.57194,171.15889,"Otaio",1145,NA,0,"Canterbury",1010,5,16.4,NA
"27330","20191228:0000",-44.57194,171.15889,"Otaio",1145,NA,0,"Canterbury",1010,6.5,11.7,NA
"27331","20191229:0000",-44.57194,171.15889,"Otaio",1145,NA,0,"Canterbury",1010,7.9,13.6,NA
"27332","20191230:0000",-44.57194,171.15889,"Otaio",1145,NA,0,"Canterbury",1010,3.6,15.3,NA
"27333","20191231:0000",-44.57194,171.15889,"Otaio",1145,NA,0,"Canterbury",1010,7.2,16.7,NA
"27334","20200101:0000",-44.57194,171.15889,"Otaio",1145,NA,0,"Canterbury",1010,4.7,19.25,NA
"27335","20200102:0000",-44.57194,171.15889,"Otaio",1145,NA,0,"Canterbury",1010,8.3,18.1,NA
"27336","20200103:0000",-44.57194,171.15889,"Otaio",1145,NA,0,"Canterbury",1010,15.5,12.65,NA
"27337","20200104:0000",-44.57194,171.15889,"Otaio",1145,NA,0,"Canterbury",1010,6.1,13.05,NA
"27338","20200105:0000",-44.57194,171.15889,"Otaio",1145,NA,0,"Canterbury",1010,7.6,16.1,NA
"27339","20200106:0000",-44.57194,171.15889,"Otaio",1145,NA,0,"Canterbury",1010,6.1,15.3,NA
"27340","20200107:0000",-44.57194,171.15889,"Otaio",1145,NA,0,"Canterbury",1010,9.7,14.1,NA
"27341","20200108:0000",-44.57194,171.15889,"Otaio",1145,NA,0,"Canterbury",1010,4.7,12.65,NA
"27342","20200109:0000",-44.57194,171.15889,"Otaio",1145,NA,0,"Canterbury",1010,7.9,12.3,NA
"27343","20200110:0000",-44.57194,171.15889,"Otaio",1145,NA,0,"Canterbury",1010,4.7,13.1,NA
"27344","20200111:0000",-44.57194,171.15889,"Otaio",1145,NA,0,"Canterbury",1010,2.9,17.7,NA
"27345","20200112:0000",-44.57194,171.15889,"Otaio",1145,NA,0,"Canterbury",1010,14,17.55,NA
"27346","20200113:0000",-44.57194,171.15889,"Otaio",1145,NA,0,"Canterbury",1010,7.9,13.4,NA
"27347","20200114:0000",-44.57194,171.15889,"Otaio",1145,NA,0,"Canterbury",1010,5.8,14.4,NA
"27348","20200115:0000",-44.57194,171.15889,"Otaio",1145,NA,0,"Canterbury",1010,3.6,12.3,NA
"27349","20200116:0000",-44.57194,171.15889,"Otaio",1145,NA,0,"Canterbury",1010,4.7,15,NA
"27350","20200117:0000",-44.57194,171.15889,"Otaio",1145,NA,0,"Canterbury",1010,7.6,13.1,NA
"27351","20200118:0000",-44.57194,171.15889,"Otaio",1145,NA,0,"Canterbury",1010,8.3,14.3,NA
"27352","20200119:0000",-44.57194,171.15889,"Otaio",1145,NA,0,"Canterbury",1010,3.2,14.5,NA
"27353","20200120:0000",-44.57194,171.15889,"Otaio",1145,NA,0,"Canterbury",1010,2.9,16.05,NA
"27354","20200121:0000",-44.57194,171.15889,"Otaio",1145,NA,0,"Canterbury",1010,4,16.95,NA
"27355","20200122:0000",-44.57194,171.15889,"Otaio",1145,NA,0,"Canterbury",1010,2.9,17.4,NA
"27356","20200123:0000",-44.57194,171.15889,"Otaio",1145,NA,0,"Canterbury",1010,13.7,15.4,NA
"27357","20200124:0000",-44.57194,171.15889,"Otaio",1145,NA,0,"Canterbury",1010,5.8,17.3,NA
"27358","20200125:0000",-44.57194,171.15889,"Otaio",1145,NA,0,"Canterbury",1010,3.6,18.95,NA
"27359","20200126:0000",-44.57194,171.15889,"Otaio",1145,NA,0,"Canterbury",1010,3.2,15.3,NA
"27360","20200127:0000",-44.57194,171.15889,"Otaio",1145,NA,0,"Canterbury",1010,6.8,17.65,NA
"27361","20200128:0000",-44.57194,171.15889,"Otaio",1145,NA,0,"Canterbury",1010,4.3,15.3,NA
"27362","20200129:0000",-44.57194,171.15889,"Otaio",1145,NA,0,"Canterbury",1010,1.8,18.85,NA
"27363","20200130:0000",-44.57194,171.15889,"Otaio",1145,NA,0,"Canterbury",1010,9.4,20.7,NA
"27364","20200131:0000",-44.57194,171.15889,"Otaio",1145,NA,0,"Canterbury",1010,7.2,16.85,NA
"27365","20200201:0000",-44.57194,171.15889,"Otaio",1145,NA,0,"Canterbury",1010,6.1,18.8,NA
"27366","20200202:0000",-44.57194,171.15889,"Otaio",1145,NA,0,"Canterbury",1010,7.6,20.6,NA
"27367","20200203:0000",-44.57194,171.15889,"Otaio",1145,NA,0,"Canterbury",1010,4.7,18.3,NA
"27368","20200204:0000",-44.57194,171.15889,"Otaio",1145,NA,0,"Canterbury",1010,5,15.15,NA
"27369","20200205:0000",-44.57194,171.15889,"Otaio",1145,NA,0,"Canterbury",1010,4,12.8,NA
"27370","20200206:0000",-44.57194,171.15889,"Otaio",1145,NA,0,"Canterbury",1010,11.9,11.85,NA
"27371","20200207:0000",-44.57194,171.15889,"Otaio",1145,NA,0,"Canterbury",1010,3.2,13.7,NA
"27372","20200208:0000",-44.57194,171.15889,"Otaio",1145,NA,0,"Canterbury",1010,5.8,14.8,NA
"27373","20200209:0000",-44.57194,171.15889,"Otaio",1145,NA,0,"Canterbury",1010,5.8,12.75,NA
"27374","20200210:0000",-44.57194,171.15889,"Otaio",1145,NA,0,"Canterbury",1010,14,12.8,NA
"27375","20200211:0000",-44.57194,171.15889,"Otaio",1145,NA,0,"Canterbury",1010,3.6,12.9,NA
"27376","20200212:0000",-44.57194,171.15889,"Otaio",1145,NA,0,"Canterbury",1010,6.5,16.35,NA
"27377","20200213:0000",-44.57194,171.15889,"Otaio",1145,NA,0,"Canterbury",1010,4,15.95,NA
"27378","20200214:0000",-44.57194,171.15889,"Otaio",1145,NA,0,"Canterbury",1010,4,13.2,NA
"27379","20200215:0000",-44.57194,171.15889,"Otaio",1145,NA,0,"Canterbury",1010,4.3,16.3,NA
"27380","20200216:0000",-44.57194,171.15889,"Otaio",1145,NA,0,"Canterbury",1010,2.9,19.3,NA
"27381","20200217:0000",-44.57194,171.15889,"Otaio",1145,NA,0,"Canterbury",1010,5.4,22.65,NA
"27382","20200218:0000",-44.57194,171.15889,"Otaio",1145,NA,0,"Canterbury",1010,4.7,16.6,NA
"27383","20200219:0000",-44.57194,171.15889,"Otaio",1145,NA,0,"Canterbury",1010,5,16.8,NA
"27384","20200220:0000",-44.57194,171.15889,"Otaio",1145,NA,0,"Canterbury",1010,5,16.55,NA
"27385","20200221:0000",-44.57194,171.15889,"Otaio",1145,NA,0,"Canterbury",1010,4.7,19.35,NA
"27386","20200222:0000",-44.57194,171.15889,"Otaio",1145,NA,0,"Canterbury",1010,2.9,13.7,NA
"27387","20200223:0000",-44.57194,171.15889,"Otaio",1145,NA,0,"Canterbury",1010,6.5,13.4,NA
"27388","20200224:0000",-44.57194,171.15889,"Otaio",1145,NA,0,"Canterbury",1010,6.5,12.95,NA
"27389","20200225:0000",-44.57194,171.15889,"Otaio",1145,NA,0,"Canterbury",1010,3.2,14.65,NA
"27390","20200226:0000",-44.57194,171.15889,"Otaio",1145,NA,0,"Canterbury",1010,3.6,15.6,NA
"27391","20200227:0000",-44.57194,171.15889,"Otaio",1145,NA,0,"Canterbury",1010,3.2,17.4,NA
"27392","20200228:0000",-44.57194,171.15889,"Otaio",1145,NA,0,"Canterbury",1010,5.4,21.5,NA
"27393","20200229:0000",-44.57194,171.15889,"Otaio",1145,NA,0,"Canterbury",1010,3.6,14.8,NA
"27394","20200301:0000",-44.57194,171.15889,"Otaio",1145,NA,0,"Canterbury",1010,4,12.2,NA
"27395","20200302:0000",-44.57194,171.15889,"Otaio",1145,NA,0,"Canterbury",1010,3.6,16.2,NA
"27396","20200303:0000",-44.57194,171.15889,"Otaio",1145,NA,0,"Canterbury",1010,2.9,18,NA
"27397","20200304:0000",-44.57194,171.15889,"Otaio",1145,NA,0,"Canterbury",1010,6.1,12.4,NA
"27398","20200305:0000",-44.57194,171.15889,"Otaio",1145,NA,0,"Canterbury",1010,5.4,11.3,NA
"27399","20200306:0000",-44.57194,171.15889,"Otaio",1145,NA,0,"Canterbury",1010,5.4,11.75,NA
"27400","20200307:0000",-44.57194,171.15889,"Otaio",1145,NA,0,"Canterbury",1010,5,14.1,NA
"27401","20200308:0000",-44.57194,171.15889,"Otaio",1145,NA,0,"Canterbury",1010,2.9,14.9,NA
"27402","20200309:0000",-44.57194,171.15889,"Otaio",1145,NA,0,"Canterbury",1010,4.3,15.75,NA
"27403","20200310:0000",-44.57194,171.15889,"Otaio",1145,NA,0,"Canterbury",1010,2.5,14.95,NA
"27404","20200311:0000",-44.57194,171.15889,"Otaio",1145,NA,0,"Canterbury",1010,5.8,12.15,NA
"27405","20200312:0000",-44.57194,171.15889,"Otaio",1145,NA,0,"Canterbury",1010,6.8,13.2,NA
"27406","20200313:0000",-44.57194,171.15889,"Otaio",1145,NA,0,"Canterbury",1010,4.3,13.7,NA
"27407","20200314:0000",-44.57194,171.15889,"Otaio",1145,NA,0,"Canterbury",1010,3.2,15.3,NA
"27408","20200315:0000",-44.57194,171.15889,"Otaio",1145,NA,0,"Canterbury",1010,4.3,15.25,NA
"27409","20200316:0000",-44.57194,171.15889,"Otaio",1145,NA,0,"Canterbury",1010,5.8,16.35,NA
"27410","20200317:0000",-44.57194,171.15889,"Otaio",1145,NA,0,"Canterbury",1010,6.1,9.6,NA
"27411","20200318:0000",-44.57194,171.15889,"Otaio",1145,NA,0,"Canterbury",1010,7.2,9.85,NA
"27412","20200319:0000",-44.57194,171.15889,"Otaio",1145,NA,0,"Canterbury",1010,6.5,14.8,NA
"27413","20200320:0000",-44.57194,171.15889,"Otaio",1145,NA,0,"Canterbury",1010,5.8,12.3,NA
"27414","20200321:0000",-44.57194,171.15889,"Otaio",1145,NA,0,"Canterbury",1010,9.7,11.9,NA
"27415","20200322:0000",-44.57194,171.15889,"Otaio",1145,NA,0,"Canterbury",1010,7.9,13.35,NA
"27416","20200323:0000",-44.57194,171.15889,"Otaio",1145,NA,0,"Canterbury",1010,4.3,13.8,NA
"27417","20200324:0000",-44.57194,171.15889,"Otaio",1145,NA,0,"Canterbury",1010,2.5,9.95,NA
"27418","20200325:0000",-44.57194,171.15889,"Otaio",1145,NA,0,"Canterbury",1010,10.1,10,NA
"27419","20200326:0000",-44.57194,171.15889,"Otaio",1145,NA,0,"Canterbury",1010,7.2,11.9,NA
"27420","20200327:0000",-44.57194,171.15889,"Otaio",1145,NA,0,"Canterbury",1010,4.3,11,NA
"27421","20200328:0000",-44.57194,171.15889,"Otaio",1145,NA,0,"Canterbury",1010,6.1,11.55,NA
"27422","20200329:0000",-44.57194,171.15889,"Otaio",1145,NA,0,"Canterbury",1010,2.9,9.8,NA
"27423","20200330:0000",-44.57194,171.15889,"Otaio",1145,NA,0,"Canterbury",1010,4,12.8,NA
"27424","20200331:0000",-44.57194,171.15889,"Otaio",1145,NA,0,"Canterbury",1010,9,14.55,NA
"27425","20200401:0000",-44.57194,171.15889,"Otaio",1145,NA,0,"Canterbury",1010,6.5,11.4,NA
"27426","20200402:0000",-44.57194,171.15889,"Otaio",1145,NA,0,"Canterbury",1010,4.7,12.75,NA
"27427","20200403:0000",-44.57194,171.15889,"Otaio",1145,NA,0,"Canterbury",1010,7.9,11.65,NA
"27428","20200404:0000",-44.57194,171.15889,"Otaio",1145,NA,0,"Canterbury",1010,8.3,13.5,NA
"27429","20200405:0000",-44.57194,171.15889,"Otaio",1145,NA,0,"Canterbury",1010,4,14.7,NA
"27430","20200406:0000",-44.57194,171.15889,"Otaio",1145,NA,0,"Canterbury",1010,4.7,14.9,NA
"27431","20200407:0000",-44.57194,171.15889,"Otaio",1145,NA,0,"Canterbury",1010,2.2,14.25,NA
"27432","20200408:0000",-44.57194,171.15889,"Otaio",1145,NA,0,"Canterbury",1010,4.3,12.85,NA
"27433","20200409:0000",-44.57194,171.15889,"Otaio",1145,NA,0,"Canterbury",1010,4.3,10.9,NA
"27434","20200410:0000",-44.57194,171.15889,"Otaio",1145,NA,0,"Canterbury",1010,4,11.5,NA
"27435","20200411:0000",-44.57194,171.15889,"Otaio",1145,NA,0,"Canterbury",1010,6.5,10.1,NA
"27436","20200412:0000",-44.57194,171.15889,"Otaio",1145,NA,0,"Canterbury",1010,2.9,15.5,NA
"27437","20200413:0000",-44.57194,171.15889,"Otaio",1145,NA,0,"Canterbury",1010,6.5,11.2,NA
"27438","20200414:0000",-44.57194,171.15889,"Otaio",1145,NA,0,"Canterbury",1010,11.2,8.35,NA
"27439","20200415:0000",-44.57194,171.15889,"Otaio",1145,NA,0,"Canterbury",1010,3.2,8.2,NA
"27440","20200416:0000",-44.57194,171.15889,"Otaio",1145,NA,0,"Canterbury",1010,5.8,10.75,NA
"27441","20200417:0000",-44.57194,171.15889,"Otaio",1145,NA,0,"Canterbury",1010,1.8,11.4,NA
"27442","20200418:0000",-44.57194,171.15889,"Otaio",1145,NA,0,"Canterbury",1010,13.3,13.4,NA
"27443","20200419:0000",-44.57194,171.15889,"Otaio",1145,NA,0,"Canterbury",1010,6.5,12.25,NA
"27444","20200420:0000",-44.57194,171.15889,"Otaio",1145,NA,0,"Canterbury",1010,4.7,11.45,NA
"27445","20200421:0000",-44.57194,171.15889,"Otaio",1145,NA,0,"Canterbury",1010,6.5,9.15,NA
"27446","20200422:0000",-44.57194,171.15889,"Otaio",1145,NA,0,"Canterbury",1010,4.3,10.5,NA
"27447","20200423:0000",-44.57194,171.15889,"Otaio",1145,NA,0,"Canterbury",1010,5,9,NA
"27448","20200424:0000",-44.57194,171.15889,"Otaio",1145,NA,0,"Canterbury",1010,3.6,10.65,NA
"27449","20200425:0000",-44.57194,171.15889,"Otaio",1145,NA,0,"Canterbury",1010,5,12.6,NA
"27450","20200426:0000",-44.57194,171.15889,"Otaio",1145,NA,0,"Canterbury",1010,4.3,9.45,NA
"27451","20200427:0000",-44.57194,171.15889,"Otaio",1145,NA,0,"Canterbury",1010,6.8,11.8,NA
"27452","20200428:0000",-44.57194,171.15889,"Otaio",1145,NA,0,"Canterbury",1010,6.5,9.95,NA
"27453","20200429:0000",-44.57194,171.15889,"Otaio",1145,NA,0,"Canterbury",1010,5.4,9.1,NA
"27454","20200430:0000",-44.57194,171.15889,"Otaio",1145,NA,0,"Canterbury",1010,6.8,10.4,NA
"27455","20200501:0000",-44.57194,171.15889,"Otaio",1145,NA,0,"Canterbury",1010,8.3,12.15,NA
"27456","20200502:0000",-44.57194,171.15889,"Otaio",1145,NA,0,"Canterbury",1010,5.4,11.55,NA
"27457","20200503:0000",-44.57194,171.15889,"Otaio",1145,NA,0,"Canterbury",1010,6.8,14.85,NA
"27458","20200504:0000",-44.57194,171.15889,"Otaio",1145,NA,0,"Canterbury",1010,5.4,13.35,NA
"27459","20200505:0000",-44.57194,171.15889,"Otaio",1145,NA,0,"Canterbury",1010,4.3,9.05,NA
"27460","20200506:0000",-44.57194,171.15889,"Otaio",1145,NA,0,"Canterbury",1010,6.8,9.3,NA
"27461","20200507:0000",-44.57194,171.15889,"Otaio",1145,NA,0,"Canterbury",1010,7.6,13.05,NA
"27462","20200508:0000",-44.57194,171.15889,"Otaio",1145,NA,0,"Canterbury",1010,3.6,10.75,NA
"27463","20200509:0000",-44.57194,171.15889,"Otaio",1145,NA,0,"Canterbury",1010,9.4,11,NA
"27464","20200510:0000",-44.57194,171.15889,"Otaio",1145,NA,0,"Canterbury",1010,4.7,7.65,NA
"27465","20200511:0000",-44.57194,171.15889,"Otaio",1145,NA,0,"Canterbury",1010,2.5,9.1,NA
"27466","20200512:0000",-44.57194,171.15889,"Otaio",1145,NA,0,"Canterbury",1010,4.3,10.8,NA
"27467","20200513:0000",-44.57194,171.15889,"Otaio",1145,NA,0,"Canterbury",1010,4,11.25,NA
"27468","20200514:0000",-44.57194,171.15889,"Otaio",1145,NA,0,"Canterbury",1010,4,6.9,NA
"27469","20200515:0000",-44.57194,171.15889,"Otaio",1145,NA,0,"Canterbury",1010,4.7,8.25,NA
"27470","20200516:0000",-44.57194,171.15889,"Otaio",1145,NA,0,"Canterbury",1010,9,9.15,NA
"27471","20200517:0000",-44.57194,171.15889,"Otaio",1145,NA,0,"Canterbury",1010,6.5,5.95,NA
"27472","20200518:0000",-44.57194,171.15889,"Otaio",1145,NA,0,"Canterbury",1010,7.2,7.85,NA
"27473","20200519:0000",-44.57194,171.15889,"Otaio",1145,NA,0,"Canterbury",1010,3.2,8.5,NA
"27474","20200520:0000",-44.57194,171.15889,"Otaio",1145,NA,0,"Canterbury",1010,4.3,6.45,NA
"27475","20200521:0000",-44.57194,171.15889,"Otaio",1145,NA,0,"Canterbury",1010,6.1,5.65,NA
"27476","20200522:0000",-44.57194,171.15889,"Otaio",1145,NA,0,"Canterbury",1010,6.8,13.15,NA
"27477","20200523:0000",-44.57194,171.15889,"Otaio",1145,NA,0,"Canterbury",1010,6.1,9.05,NA
"27478","20200524:0000",-44.57194,171.15889,"Otaio",1145,NA,0,"Canterbury",1010,4.3,9.75,NA
"27479","20200525:0000",-44.57194,171.15889,"Otaio",1145,NA,0,"Canterbury",1010,2.5,9.35,NA
"27480","20200526:0000",-44.57194,171.15889,"Otaio",1145,NA,0,"Canterbury",1010,5.8,9.7,NA
"27481","20200527:0000",-44.57194,171.15889,"Otaio",1145,NA,0,"Canterbury",1010,5,6.3,NA
"27482","20200528:0000",-44.57194,171.15889,"Otaio",1145,NA,0,"Canterbury",1010,9.4,6.45,NA
"27483","20200529:0000",-44.57194,171.15889,"Otaio",1145,NA,0,"Canterbury",1010,2.9,9.3,NA
"27484","20200530:0000",-44.57194,171.15889,"Otaio",1145,NA,0,"Canterbury",1010,7.6,7.1,NA
"27485","20200531:0000",-44.57194,171.15889,"Otaio",1145,NA,0,"Canterbury",1010,4,6.15,NA
"27486","20200601:0000",-44.57194,171.15889,"Otaio",1145,NA,0,"Canterbury",1010,4,6.75,NA
"27487","20200602:0000",-44.57194,171.15889,"Otaio",1145,NA,0,"Canterbury",1010,7.2,6.25,NA
"27488","20200603:0000",-44.57194,171.15889,"Otaio",1145,NA,0,"Canterbury",1010,5,7,NA
"27489","20200604:0000",-44.57194,171.15889,"Otaio",1145,NA,0,"Canterbury",1010,6.5,6.95,NA
"27490","20200605:0000",-44.57194,171.15889,"Otaio",1145,NA,0,"Canterbury",1010,6.5,6.4,NA
"27491","20200606:0000",-44.57194,171.15889,"Otaio",1145,NA,0,"Canterbury",1010,6.8,3.8,NA
"27492","20200607:0000",-44.57194,171.15889,"Otaio",1145,NA,0,"Canterbury",1010,5,7.05,NA
"27493","20200608:0000",-44.57194,171.15889,"Otaio",1145,NA,0,"Canterbury",1010,6.1,9.1,NA
"27494","20200609:0000",-44.57194,171.15889,"Otaio",1145,NA,0,"Canterbury",1010,6.5,8.25,NA
"27495","20200610:0000",-44.57194,171.15889,"Otaio",1145,NA,0,"Canterbury",1010,7.9,8.7,NA
"27496","20200611:0000",-44.57194,171.15889,"Otaio",1145,NA,0,"Canterbury",1010,2.9,10.7,NA
"27497","20200612:0000",-44.57194,171.15889,"Otaio",1145,NA,0,"Canterbury",1010,4,8.1,NA
"27498","20200613:0000",-44.57194,171.15889,"Otaio",1145,NA,0,"Canterbury",1010,7.9,3.75,NA
"27499","20200614:0000",-44.57194,171.15889,"Otaio",1145,NA,0,"Canterbury",1010,9.7,3.35,NA
"27500","20200615:0000",-44.57194,171.15889,"Otaio",1145,NA,0,"Canterbury",1010,6.1,4.75,NA
"27501","20200616:0000",-44.57194,171.15889,"Otaio",1145,NA,0,"Canterbury",1010,6.5,9.55,NA
"27502","20200617:0000",-44.57194,171.15889,"Otaio",1145,NA,0,"Canterbury",1010,5.8,9.25,NA
"27503","20200618:0000",-44.57194,171.15889,"Otaio",1145,NA,0,"Canterbury",1010,7.9,7,NA
"27504","20200619:0000",-44.57194,171.15889,"Otaio",1145,NA,0,"Canterbury",1010,4.3,8.6,NA
"27505","20200620:0000",-44.57194,171.15889,"Otaio",1145,NA,0,"Canterbury",1010,8.3,6.15,NA
"27506","20200621:0000",-44.57194,171.15889,"Otaio",1145,NA,0,"Canterbury",1010,4.7,6.95,NA
"27507","20200622:0000",-44.57194,171.15889,"Otaio",1145,NA,0,"Canterbury",1010,8.3,4.6,NA
"27508","20200623:0000",-44.57194,171.15889,"Otaio",1145,NA,0,"Canterbury",1010,7.6,4.65,NA
"27509","20200624:0000",-44.57194,171.15889,"Otaio",1145,NA,0,"Canterbury",1010,8.6,5.9,NA
"27510","20200625:0000",-44.57194,171.15889,"Otaio",1145,NA,0,"Canterbury",1010,5,5.65,NA
"27511","20200626:0000",-44.57194,171.15889,"Otaio",1145,NA,0,"Canterbury",1010,6.5,7.9,NA
"27512","20200627:0000",-44.57194,171.15889,"Otaio",1145,NA,0,"Canterbury",1010,1.8,8.65,NA
"27513","20200628:0000",-44.57194,171.15889,"Otaio",1145,NA,0,"Canterbury",1010,4.3,9.9,NA
"27514","20200629:0000",-44.57194,171.15889,"Otaio",1145,NA,0,"Canterbury",1010,3.6,8.15,NA
"27515","20200630:0000",-44.57194,171.15889,"Otaio",1145,NA,0,"Canterbury",1010,9.4,7,NA
"27516","20200701:0000",-44.57194,171.15889,"Otaio",1145,NA,0,"Canterbury",1010,7.6,6.45,NA
"27517","20200702:0000",-44.57194,171.15889,"Otaio",1145,NA,0,"Canterbury",1010,6.1,7.05,NA
"27518","20200703:0000",-44.57194,171.15889,"Otaio",1145,NA,0,"Canterbury",1010,5.8,4.35,NA
"27519","20200704:0000",-44.57194,171.15889,"Otaio",1145,NA,0,"Canterbury",1010,5.8,4.25,NA
"27520","20200705:0000",-44.57194,171.15889,"Otaio",1145,NA,0,"Canterbury",1010,9,6.15,NA
"27521","20200706:0000",-44.57194,171.15889,"Otaio",1145,NA,0,"Canterbury",1010,4.7,7.9,NA
"27522","20200707:0000",-44.57194,171.15889,"Otaio",1145,NA,0,"Canterbury",1010,5,9.95,NA
"27523","20200708:0000",-44.57194,171.15889,"Otaio",1145,NA,0,"Canterbury",1010,4.7,7.75,NA
"27524","20200709:0000",-44.57194,171.15889,"Otaio",1145,NA,0,"Canterbury",1010,6.5,7.2,NA
"27525","20200710:0000",-44.57194,171.15889,"Otaio",1145,NA,0,"Canterbury",1010,5.8,6.15,NA
"27526","20200711:0000",-44.57194,171.15889,"Otaio",1145,NA,0,"Canterbury",1010,4,7.8,NA
"27527","20200712:0000",-44.57194,171.15889,"Otaio",1145,NA,0,"Canterbury",1010,10.1,8.8,NA
"27528","20200713:0000",-44.57194,171.15889,"Otaio",1145,NA,0,"Canterbury",1010,7.2,5.9,NA
"27529","20200714:0000",-44.57194,171.15889,"Otaio",1145,NA,0,"Canterbury",1010,7.6,4.85,NA
"27530","20200715:0000",-44.57194,171.15889,"Otaio",1145,NA,0,"Canterbury",1010,6.5,4.8,NA
"27531","20200716:0000",-44.57194,171.15889,"Otaio",1145,NA,0,"Canterbury",1010,7.2,3.65,NA
"27532","20200717:0000",-44.57194,171.15889,"Otaio",1145,NA,0,"Canterbury",1010,7.2,3.05,NA
"27533","20200718:0000",-44.57194,171.15889,"Otaio",1145,NA,0,"Canterbury",1010,4.3,4.8,NA
"27534","20200719:0000",-44.57194,171.15889,"Otaio",1145,NA,0,"Canterbury",1010,6.5,8.1,NA
"27535","20200720:0000",-44.57194,171.15889,"Otaio",1145,NA,0,"Canterbury",1010,5,5.8,NA
"27536","20200721:0000",-44.57194,171.15889,"Otaio",1145,NA,0,"Canterbury",1010,4,9.9,NA
"27537","20200722:0000",-44.57194,171.15889,"Otaio",1145,NA,0,"Canterbury",1010,7.6,9.05,NA
"27538","20200723:0000",-44.57194,171.15889,"Otaio",1145,NA,0,"Canterbury",1010,7.6,7.55,NA
"27539","20200724:0000",-44.57194,171.15889,"Otaio",1145,NA,0,"Canterbury",1010,5.8,4.35,NA
"27540","20200725:0000",-44.57194,171.15889,"Otaio",1145,NA,0,"Canterbury",1010,7.9,6.5,NA
"27541","20200726:0000",-44.57194,171.15889,"Otaio",1145,NA,0,"Canterbury",1010,10.1,6.55,NA
"27542","20200727:0000",-44.57194,171.15889,"Otaio",1145,NA,0,"Canterbury",1010,7.6,5.8,NA
"27543","20200728:0000",-44.57194,171.15889,"Otaio",1145,NA,0,"Canterbury",1010,4.7,6.45,NA
"27544","20200729:0000",-44.57194,171.15889,"Otaio",1145,NA,0,"Canterbury",1010,2.2,6.05,NA
"27545","20200730:0000",-44.57194,171.15889,"Otaio",1145,NA,0,"Canterbury",1010,5,7.5,NA
"27546","20200731:0000",-44.57194,171.15889,"Otaio",1145,NA,0,"Canterbury",1010,5.8,9.05,NA
"27547","20200801:0000",-44.57194,171.15889,"Otaio",1145,NA,0,"Canterbury",1010,2.5,11.25,NA
"27548","20200802:0000",-44.57194,171.15889,"Otaio",1145,NA,0,"Canterbury",1010,3.6,9.85,NA
"27549","20200803:0000",-44.57194,171.15889,"Otaio",1145,NA,0,"Canterbury",1010,4,9.65,NA
"27550","20200804:0000",-44.57194,171.15889,"Otaio",1145,NA,0,"Canterbury",1010,2.9,8.75,NA
"27551","20200805:0000",-44.57194,171.15889,"Otaio",1145,NA,0,"Canterbury",1010,3.6,8.05,NA
"27552","20200806:0000",-44.57194,171.15889,"Otaio",1145,NA,0,"Canterbury",1010,5.8,6,NA
"27553","20200807:0000",-44.57194,171.15889,"Otaio",1145,NA,0,"Canterbury",1010,7.9,8.7,NA
"27554","20200808:0000",-44.57194,171.15889,"Otaio",1145,NA,0,"Canterbury",1010,7.6,7.5,NA
"27555","20200809:0000",-44.57194,171.15889,"Otaio",1145,NA,0,"Canterbury",1010,6.1,8.2,NA
"27556","20200810:0000",-44.57194,171.15889,"Otaio",1145,NA,0,"Canterbury",1010,5.8,11.2,NA
"27557","20200811:0000",-44.57194,171.15889,"Otaio",1145,NA,0,"Canterbury",1010,8.6,7.4,NA
"27558","20200812:0000",-44.57194,171.15889,"Otaio",1145,NA,0,"Canterbury",1010,4.3,5.25,NA
"27559","20200813:0000",-44.57194,171.15889,"Otaio",1145,NA,0,"Canterbury",1010,7.9,5.5,NA
"27560","20200814:0000",-44.57194,171.15889,"Otaio",1145,NA,0,"Canterbury",1010,4,7.35,NA
"27561","20200815:0000",-44.57194,171.15889,"Otaio",1145,NA,0,"Canterbury",1010,7.6,3.85,NA
"27562","20200816:0000",-44.57194,171.15889,"Otaio",1145,NA,0,"Canterbury",1010,7.9,7.35,NA
"27563","20200817:0000",-44.57194,171.15889,"Otaio",1145,NA,0,"Canterbury",1010,6.5,4.2,NA
"27564","20200818:0000",-44.57194,171.15889,"Otaio",1145,NA,0,"Canterbury",1010,6.5,6.95,NA
"27565","20200819:0000",-44.57194,171.15889,"Otaio",1145,NA,0,"Canterbury",1010,2.2,9.05,NA
"27566","20200820:0000",-44.57194,171.15889,"Otaio",1145,NA,0,"Canterbury",1010,3.6,8,NA
"27567","20200821:0000",-44.57194,171.15889,"Otaio",1145,NA,0,"Canterbury",1010,4.7,9.35,NA
"27568","20200822:0000",-44.57194,171.15889,"Otaio",1145,NA,0,"Canterbury",1010,5.8,9.95,NA
"27569","20200823:0000",-44.57194,171.15889,"Otaio",1145,NA,0,"Canterbury",1010,2.9,9.9,NA
"27570","20200824:0000",-44.57194,171.15889,"Otaio",1145,NA,0,"Canterbury",1010,6.1,10.85,NA
"27571","20200825:0000",-44.57194,171.15889,"Otaio",1145,NA,0,"Canterbury",1010,5,10.1,NA
"27572","20200826:0000",-44.57194,171.15889,"Otaio",1145,NA,0,"Canterbury",1010,7.9,5.75,NA
"27573","20200827:0000",-44.57194,171.15889,"Otaio",1145,NA,0,"Canterbury",1010,2.9,7.55,NA
"27574","20200828:0000",-44.57194,171.15889,"Otaio",1145,NA,0,"Canterbury",1010,3.6,8.05,NA
"27575","20200829:0000",-44.57194,171.15889,"Otaio",1145,NA,0,"Canterbury",1010,9,12.25,NA
"27576","20200830:0000",-44.57194,171.15889,"Otaio",1145,NA,0,"Canterbury",1010,4.3,16.15,NA
"27577","20200831:0000",-44.57194,171.15889,"Otaio",1145,NA,0,"Canterbury",1010,6.5,14.8,NA
"27578","20200901:0000",-44.57194,171.15889,"Otaio",1145,NA,0,"Canterbury",1010,6.5,6.15,NA
"27579","20200902:0000",-44.57194,171.15889,"Otaio",1145,NA,0,"Canterbury",1010,7.2,5.65,NA
"27580","20200903:0000",-44.57194,171.15889,"Otaio",1145,NA,0,"Canterbury",1010,11.2,7.55,NA
"27581","20200904:0000",-44.57194,171.15889,"Otaio",1145,NA,0,"Canterbury",1010,6.1,7.25,NA
"27582","20200905:0000",-44.57194,171.15889,"Otaio",1145,NA,0,"Canterbury",1010,6.5,11.3,NA
"27583","20200906:0000",-44.57194,171.15889,"Otaio",1145,NA,0,"Canterbury",1010,4.3,11.35,NA
"27584","20200907:0000",-44.57194,171.15889,"Otaio",1145,NA,0,"Canterbury",1010,4.7,7.4,NA
"27585","20200908:0000",-44.57194,171.15889,"Otaio",1145,NA,0,"Canterbury",1010,4.7,5.65,NA
"27586","20200909:0000",-44.57194,171.15889,"Otaio",1145,NA,0,"Canterbury",1010,4.3,9.8,NA
"27587","20200910:0000",-44.57194,171.15889,"Otaio",1145,NA,0,"Canterbury",1010,3.6,8.75,NA
"27588","20200911:0000",-44.57194,171.15889,"Otaio",1145,NA,0,"Canterbury",1010,9,7.55,NA
"27589","20200912:0000",-44.57194,171.15889,"Otaio",1145,NA,0,"Canterbury",1010,5,5.75,NA
"27590","20200913:0000",-44.57194,171.15889,"Otaio",1145,NA,0,"Canterbury",1010,6.8,12.35,NA
"27591","20200914:0000",-44.57194,171.15889,"Otaio",1145,NA,0,"Canterbury",1010,3.6,12.45,NA
"27592","20200915:0000",-44.57194,171.15889,"Otaio",1145,NA,0,"Canterbury",1010,7.9,9.6,NA
"27593","20200916:0000",-44.57194,171.15889,"Otaio",1145,NA,0,"Canterbury",1010,6.1,10.55,NA
"27594","20200917:0000",-44.57194,171.15889,"Otaio",1145,NA,0,"Canterbury",1010,13.7,12.05,NA
"27595","20200918:0000",-44.57194,171.15889,"Otaio",1145,NA,0,"Canterbury",1010,11.5,9.75,NA
"27596","20200919:0000",-44.57194,171.15889,"Otaio",1145,NA,0,"Canterbury",1010,5,9.9,NA
"27597","20200920:0000",-44.57194,171.15889,"Otaio",1145,NA,0,"Canterbury",1010,5.8,6.6,NA
"27598","20200921:0000",-44.57194,171.15889,"Otaio",1145,NA,0,"Canterbury",1010,3.2,9,NA
"27599","20200922:0000",-44.57194,171.15889,"Otaio",1145,NA,0,"Canterbury",1010,5.8,11.1,NA
"27600","20200923:0000",-44.57194,171.15889,"Otaio",1145,NA,0,"Canterbury",1010,6.5,14.55,NA
"27601","20200924:0000",-44.57194,171.15889,"Otaio",1145,NA,0,"Canterbury",1010,4.7,10.15,NA
"27602","20200925:0000",-44.57194,171.15889,"Otaio",1145,NA,0,"Canterbury",1010,3.2,10.3,NA
"27603","20200926:0000",-44.57194,171.15889,"Otaio",1145,NA,0,"Canterbury",1010,4.7,11.75,NA
"27604","20200927:0000",-44.57194,171.15889,"Otaio",1145,NA,0,"Canterbury",1010,15.5,14.15,NA
"27605","20200928:0000",-44.57194,171.15889,"Otaio",1145,NA,0,"Canterbury",1010,10.8,8.4,NA
"27606","20200929:0000",-44.57194,171.15889,"Otaio",1145,NA,0,"Canterbury",1010,15.5,4.1,NA
"27607","20200930:0000",-44.57194,171.15889,"Otaio",1145,NA,0,"Canterbury",1010,4.3,6.9,NA
"27608","20201001:0000",-44.57194,171.15889,"Otaio",1145,NA,0,"Canterbury",1010,9.7,7.85,NA
"27609","20201002:0000",-44.57194,171.15889,"Otaio",1145,NA,0,"Canterbury",1010,2.9,9.85,NA
"27610","20201003:0000",-44.57194,171.15889,"Otaio",1145,NA,0,"Canterbury",1010,5.4,16.15,NA
"27611","20201004:0000",-44.57194,171.15889,"Otaio",1145,NA,0,"Canterbury",1010,10.8,18.05,NA
"27612","20201005:0000",-44.57194,171.15889,"Otaio",1145,NA,0,"Canterbury",1010,5,13.35,NA
"27613","20201006:0000",-44.57194,171.15889,"Otaio",1145,NA,0,"Canterbury",1010,19.4,11.15,NA
"27614","20201007:0000",-44.57194,171.15889,"Otaio",1145,NA,0,"Canterbury",1010,9,10.55,NA
"27615","20201008:0000",-44.57194,171.15889,"Otaio",1145,NA,0,"Canterbury",1010,4.3,7.1,NA
"27616","20201009:0000",-44.57194,171.15889,"Otaio",1145,NA,0,"Canterbury",1010,3.6,6.6,NA
"27617","20201010:0000",-44.57194,171.15889,"Otaio",1145,NA,0,"Canterbury",1010,4,6.9,NA
"27618","20201011:0000",-44.57194,171.15889,"Otaio",1145,NA,0,"Canterbury",1010,6.5,14.2,NA
"27619","20201012:0000",-44.57194,171.15889,"Otaio",1145,NA,0,"Canterbury",1010,6.8,11.85,NA
"27620","20201013:0000",-44.57194,171.15889,"Otaio",1145,NA,0,"Canterbury",1010,7.2,11.05,NA
"27621","20201014:0000",-44.57194,171.15889,"Otaio",1145,NA,0,"Canterbury",1010,7.2,11.7,NA
"27622","20201015:0000",-44.57194,171.15889,"Otaio",1145,NA,0,"Canterbury",1010,5.4,5.9,NA
"27623","20201016:0000",-44.57194,171.15889,"Otaio",1145,NA,0,"Canterbury",1010,7.2,8,NA
"27624","20201017:0000",-44.57194,171.15889,"Otaio",1145,NA,0,"Canterbury",1010,3.6,8.4,NA
"27625","20201018:0000",-44.57194,171.15889,"Otaio",1145,NA,0,"Canterbury",1010,3.6,7.5,NA
"27626","20201019:0000",-44.57194,171.15889,"Otaio",1145,NA,0,"Canterbury",1010,1.8,11.35,NA
"27627","20201020:0000",-44.57194,171.15889,"Otaio",1145,NA,0,"Canterbury",1010,10.1,NA,NA
"27628","20201021:0000",-44.57194,171.15889,"Otaio",1145,NA,0,"Canterbury",1010,NA,NA,NA
"27629","20201022:0000",-44.57194,171.15889,"Otaio",1145,NA,0,"Canterbury",1010,4.3,NA,NA
"27630","20201023:0000",-44.57194,171.15889,"Otaio",1145,NA,0,"Canterbury",1010,NA,NA,NA
"27631","20201024:0000",-44.57194,171.15889,"Otaio",1145,NA,0,"Canterbury",1010,NA,NA,NA
"27632","20201025:0000",-44.57194,171.15889,"Otaio",1145,NA,0,"Canterbury",1010,NA,NA,NA
"27633","20201026:0000",-44.57194,171.15889,"Otaio",1145,NA,0,"Canterbury",1010,NA,NA,NA
"27634","20201027:0000",-44.57194,171.15889,"Otaio",1145,NA,0,"Canterbury",1010,4.7,10.35,NA
"27635","20201028:0000",-44.57194,171.15889,"Otaio",1145,NA,0,"Canterbury",1010,4.3,9,NA
"27636","20201029:0000",-44.57194,171.15889,"Otaio",1145,NA,0,"Canterbury",1010,1.8,12.25,NA
"27637","20201030:0000",-44.57194,171.15889,"Otaio",1145,NA,0,"Canterbury",1010,5,16.9,NA
"27638","20201031:0000",-44.57194,171.15889,"Otaio",1145,NA,0,"Canterbury",1010,4,19.6,NA
"27639","20201101:0000",-44.57194,171.15889,"Otaio",1145,NA,0,"Canterbury",1010,6.8,14.15,NA
"27640","20201102:0000",-44.57194,171.15889,"Otaio",1145,NA,0,"Canterbury",1010,5.8,11.6,NA
"27641","20201103:0000",-44.57194,171.15889,"Otaio",1145,NA,0,"Canterbury",1010,6.1,12.3,NA
"27642","20201104:0000",-44.57194,171.15889,"Otaio",1145,NA,0,"Canterbury",1010,4.3,12.9,NA
"27643","20201105:0000",-44.57194,171.15889,"Otaio",1145,NA,0,"Canterbury",1010,5,17.05,NA
"27644","20201106:0000",-44.57194,171.15889,"Otaio",1145,NA,0,"Canterbury",1010,4.3,11.1,NA
"27645","20201107:0000",-44.57194,171.15889,"Otaio",1145,NA,0,"Canterbury",1010,6.5,10.55,NA
"27646","20201108:0000",-44.57194,171.15889,"Otaio",1145,NA,0,"Canterbury",1010,7.9,9.2,NA
"27647","20201109:0000",-44.57194,171.15889,"Otaio",1145,NA,0,"Canterbury",1010,3.2,8.6,NA
"27648","20201110:0000",-44.57194,171.15889,"Otaio",1145,NA,0,"Canterbury",1010,2.9,10.95,NA
"27649","20201111:0000",-44.57194,171.15889,"Otaio",1145,NA,0,"Canterbury",1010,6.5,11.85,NA
"27650","20201112:0000",-44.57194,171.15889,"Otaio",1145,NA,0,"Canterbury",1010,5.4,10.35,NA
"27651","20201113:0000",-44.57194,171.15889,"Otaio",1145,NA,0,"Canterbury",1010,8.6,NA,NA
"27652","20201114:0000",-44.57194,171.15889,"Otaio",1145,NA,0,"Canterbury",1010,NA,NA,NA
"27653","20201115:0000",-44.57194,171.15889,"Otaio",1145,NA,0,"Canterbury",1010,NA,NA,NA
"27654","20201116:0000",-44.57194,171.15889,"Otaio",1145,NA,0,"Canterbury",1010,NA,NA,NA
"27655","20201117:0000",-44.57194,171.15889,"Otaio",1145,NA,0,"Canterbury",1010,NA,NA,NA
"27656","20201118:0000",-44.57194,171.15889,"Otaio",1145,NA,0,"Canterbury",1010,NA,NA,NA
"27657","20201119:0000",-44.57194,171.15889,"Otaio",1145,NA,0,"Canterbury",1010,7.2,NA,NA
"27658","20201120:0000",-44.57194,171.15889,"Otaio",1145,NA,0,"Canterbury",1010,2.9,13.15,NA
"27659","20201121:0000",-44.57194,171.15889,"Otaio",1145,NA,0,"Canterbury",1010,2.9,18.5,NA
"27660","20201122:0000",-44.57194,171.15889,"Otaio",1145,NA,0,"Canterbury",1010,10.1,12.95,NA
"27661","20201123:0000",-44.57194,171.15889,"Otaio",1145,NA,0,"Canterbury",1010,5.8,9.85,NA
"27662","20201124:0000",-44.57194,171.15889,"Otaio",1145,NA,0,"Canterbury",1010,9,11.1,NA
"27663","20201125:0000",-44.57194,171.15889,"Otaio",1145,NA,0,"Canterbury",1010,3.6,12.55,NA
"27664","20201126:0000",-44.57194,171.15889,"Otaio",1145,NA,0,"Canterbury",1010,7.2,13.7,NA
"27665","20201127:0000",-44.57194,171.15889,"Otaio",1145,NA,0,"Canterbury",1010,24.1,13.45,NA
"27666","20201128:0000",-44.57194,171.15889,"Otaio",1145,NA,0,"Canterbury",1010,6.8,8.75,NA
"27667","20201129:0000",-44.57194,171.15889,"Otaio",1145,NA,0,"Canterbury",1010,9.4,11.6,NA
"27668","20201130:0000",-44.57194,171.15889,"Otaio",1145,NA,0,"Canterbury",1010,4,12.6,NA
"27669","20201201:0000",-44.57194,171.15889,"Otaio",1145,NA,0,"Canterbury",1010,4.3,9.3,NA
"27670","20201202:0000",-44.57194,171.15889,"Otaio",1145,NA,0,"Canterbury",1010,5,17.7,NA
"27671","20201203:0000",-44.57194,171.15889,"Otaio",1145,NA,0,"Canterbury",1010,15.8,17.15,NA
"27672","20201204:0000",-44.57194,171.15889,"Otaio",1145,NA,0,"Canterbury",1010,11.5,14.35,NA
"27673","20201205:0000",-44.57194,171.15889,"Otaio",1145,NA,0,"Canterbury",1010,5.4,12.2,NA
"27674","20201206:0000",-44.57194,171.15889,"Otaio",1145,NA,0,"Canterbury",1010,3.6,12,NA
"27675","20201207:0000",-44.57194,171.15889,"Otaio",1145,NA,0,"Canterbury",1010,4.7,16.95,NA
"27676","20201208:0000",-44.57194,171.15889,"Otaio",1145,NA,0,"Canterbury",1010,NA,NA,NA
"27677","20201209:0000",-44.57194,171.15889,"Otaio",1145,NA,0,"Canterbury",1010,6.1,NA,NA
"27678","20201210:0000",-44.57194,171.15889,"Otaio",1145,NA,0,"Canterbury",1010,NA,NA,NA
"27679","20201211:0000",-44.57194,171.15889,"Otaio",1145,NA,0,"Canterbury",1010,9,NA,NA
"27680","20201212:0000",-44.57194,171.15889,"Otaio",1145,NA,0,"Canterbury",1010,NA,NA,NA
"27681","20201213:0000",-44.57194,171.15889,"Otaio",1145,NA,0,"Canterbury",1010,NA,NA,NA
"27682","20201214:0000",-44.57194,171.15889,"Otaio",1145,NA,0,"Canterbury",1010,NA,NA,NA
"27683","20201215:0000",-44.57194,171.15889,"Otaio",1145,NA,0,"Canterbury",1010,4,13.25,NA
"27684","20201216:0000",-44.57194,171.15889,"Otaio",1145,NA,0,"Canterbury",1010,9,15.4,NA
"27685","20201217:0000",-44.57194,171.15889,"Otaio",1145,NA,0,"Canterbury",1010,9.4,12.9,NA
"27686","20201218:0000",-44.57194,171.15889,"Otaio",1145,NA,0,"Canterbury",1010,8.6,17.1,NA
"27687","20201219:0000",-44.57194,171.15889,"Otaio",1145,NA,0,"Canterbury",1010,4,19.1,NA
"27688","20201220:0000",-44.57194,171.15889,"Otaio",1145,NA,0,"Canterbury",1010,12.2,14.1,NA
"27689","20201221:0000",-44.57194,171.15889,"Otaio",1145,NA,0,"Canterbury",1010,4.7,13.05,NA
"27690","20201222:0000",-44.57194,171.15889,"Otaio",1145,NA,0,"Canterbury",1010,2.2,15.35,NA
"27691","20201223:0000",-44.57194,171.15889,"Otaio",1145,NA,0,"Canterbury",1010,6.5,15,NA
"27692","20201224:0000",-44.57194,171.15889,"Otaio",1145,NA,0,"Canterbury",1010,11.2,15.65,NA
"27693","20201225:0000",-44.57194,171.15889,"Otaio",1145,NA,0,"Canterbury",1010,8.6,12.9,NA
"27694","20201226:0000",-44.57194,171.15889,"Otaio",1145,NA,0,"Canterbury",1010,5.4,11.4,NA
"27695","20201227:0000",-44.57194,171.15889,"Otaio",1145,NA,0,"Canterbury",1010,2.5,9.75,NA
"27696","20201228:0000",-44.57194,171.15889,"Otaio",1145,NA,0,"Canterbury",1010,4.7,10.5,NA
"27697","20201229:0000",-44.57194,171.15889,"Otaio",1145,NA,0,"Canterbury",1010,7.9,11.4,NA
"27698","20201230:0000",-44.57194,171.15889,"Otaio",1145,NA,0,"Canterbury",1010,1.8,13.1,NA
"27699","20201231:0000",-44.57194,171.15889,"Otaio",1145,NA,0,"Canterbury",1010,5.8,16.15,NA
"27700","20210101:0000",-44.57194,171.15889,"Otaio",1145,NA,0,"Canterbury",1010,3.2,16.1,NA
"27701","20210102:0000",-44.57194,171.15889,"Otaio",1145,NA,0,"Canterbury",1010,15.1,15.8,NA
"27702","20210103:0000",-44.57194,171.15889,"Otaio",1145,NA,0,"Canterbury",1010,2.9,16.4,NA
"27703","20210104:0000",-44.57194,171.15889,"Otaio",1145,NA,0,"Canterbury",1010,2.9,15.65,NA
"27704","20210105:0000",-44.57194,171.15889,"Otaio",1145,NA,0,"Canterbury",1010,3.6,14.85,NA
"27705","20210106:0000",-44.57194,171.15889,"Otaio",1145,NA,0,"Canterbury",1010,5.8,14.85,NA
"27706","20210107:0000",-44.57194,171.15889,"Otaio",1145,NA,0,"Canterbury",1010,3.6,NA,NA
"27707","20210108:0000",-44.57194,171.15889,"Otaio",1145,NA,0,"Canterbury",1010,NA,NA,NA
"27708","20210109:0000",-44.57194,171.15889,"Otaio",1145,NA,0,"Canterbury",1010,NA,NA,NA
"27709","20210110:0000",-44.57194,171.15889,"Otaio",1145,NA,0,"Canterbury",1010,NA,NA,NA
"27710","20210111:0000",-44.57194,171.15889,"Otaio",1145,NA,0,"Canterbury",1010,4,NA,NA
"27711","20210112:0000",-44.57194,171.15889,"Otaio",1145,NA,0,"Canterbury",1010,5,16.25,NA
"27712","20210113:0000",-44.57194,171.15889,"Otaio",1145,NA,0,"Canterbury",1010,4.3,15.25,NA
"27713","20210114:0000",-44.57194,171.15889,"Otaio",1145,NA,0,"Canterbury",1010,2.9,17.95,NA
"27714","20210115:0000",-44.57194,171.15889,"Otaio",1145,NA,0,"Canterbury",1010,1.4,17.45,NA
"27715","20210116:0000",-44.57194,171.15889,"Otaio",1145,NA,0,"Canterbury",1010,5,18.85,NA
"27716","20210117:0000",-44.57194,171.15889,"Otaio",1145,NA,0,"Canterbury",1010,3.2,20.3,NA
"27717","20210118:0000",-44.57194,171.15889,"Otaio",1145,NA,0,"Canterbury",1010,4.3,14.15,NA
"27718","20210119:0000",-44.57194,171.15889,"Otaio",1145,NA,0,"Canterbury",1010,9.4,15.7,NA
"27719","20210120:0000",-44.57194,171.15889,"Otaio",1145,NA,0,"Canterbury",1010,14.4,15.3,NA
"27720","20210121:0000",-44.57194,171.15889,"Otaio",1145,NA,0,"Canterbury",1010,1.8,14.85,NA
"27721","20210122:0000",-44.57194,171.15889,"Otaio",1145,NA,0,"Canterbury",1010,7.6,14.15,NA
"27722","20210123:0000",-44.57194,171.15889,"Otaio",1145,NA,0,"Canterbury",1010,3.2,17.55,NA
"27723","20210124:0000",-44.57194,171.15889,"Otaio",1145,NA,0,"Canterbury",1010,2.9,17.6,NA
"27724","20210125:0000",-44.57194,171.15889,"Otaio",1145,NA,0,"Canterbury",1010,6.5,20.2,NA
"27725","20210126:0000",-44.57194,171.15889,"Otaio",1145,NA,0,"Canterbury",1010,6.5,22.95,NA
"27726","20210127:0000",-44.57194,171.15889,"Otaio",1145,NA,0,"Canterbury",1010,27.4,23.25,NA
"27727","20210128:0000",-44.57194,171.15889,"Otaio",1145,NA,0,"Canterbury",1010,6.8,16.5,NA
"27728","20210129:0000",-44.57194,171.15889,"Otaio",1145,NA,0,"Canterbury",1010,4.7,11.15,NA
"27729","20210130:0000",-44.57194,171.15889,"Otaio",1145,NA,0,"Canterbury",1010,6.5,12.9,NA
"27730","20210131:0000",-44.57194,171.15889,"Otaio",1145,NA,0,"Canterbury",1010,7.2,13.15,NA
"27731","20210201:0000",-44.57194,171.15889,"Otaio",1145,NA,0,"Canterbury",1010,5.8,16.25,NA
"27732","20210202:0000",-44.57194,171.15889,"Otaio",1145,NA,0,"Canterbury",1010,6.1,17.15,NA
"27733","20210203:0000",-44.57194,171.15889,"Otaio",1145,NA,0,"Canterbury",1010,2.9,14.8,NA
"27734","20210204:0000",-44.57194,171.15889,"Otaio",1145,NA,0,"Canterbury",1010,5.4,14,NA
"27735","20210205:0000",-44.57194,171.15889,"Otaio",1145,NA,0,"Canterbury",1010,7.2,13.4,NA
"27736","20210206:0000",-44.57194,171.15889,"Otaio",1145,NA,0,"Canterbury",1010,7.2,13.6,NA
"27737","20210207:0000",-44.57194,171.15889,"Otaio",1145,NA,0,"Canterbury",1010,6.1,15.05,NA
"27738","20210208:0000",-44.57194,171.15889,"Otaio",1145,NA,0,"Canterbury",1010,4.3,14.95,NA
"27739","20210209:0000",-44.57194,171.15889,"Otaio",1145,NA,0,"Canterbury",1010,4,17.8,NA
"27740","20210210:0000",-44.57194,171.15889,"Otaio",1145,NA,0,"Canterbury",1010,3.2,NA,NA
"27741","20210211:0000",-44.57194,171.15889,"Otaio",1145,NA,0,"Canterbury",1010,NA,NA,NA
"27742","20210212:0000",-44.57194,171.15889,"Otaio",1145,NA,0,"Canterbury",1010,NA,NA,NA
"27743","20210213:0000",-44.57194,171.15889,"Otaio",1145,NA,0,"Canterbury",1010,NA,NA,NA
"27744","20210214:0000",-44.57194,171.15889,"Otaio",1145,NA,0,"Canterbury",1010,NA,NA,NA
"27745","20210215:0000",-44.57194,171.15889,"Otaio",1145,NA,0,"Canterbury",1010,NA,NA,NA
"27746","20210216:0000",-44.57194,171.15889,"Otaio",1145,NA,0,"Canterbury",1010,NA,NA,NA
"27747","20210217:0000",-44.57194,171.15889,"Otaio",1145,NA,0,"Canterbury",1010,NA,NA,NA
"27748","20210218:0000",-44.57194,171.15889,"Otaio",1145,NA,0,"Canterbury",1010,NA,NA,NA
"27749","20210219:0000",-44.57194,171.15889,"Otaio",1145,NA,0,"Canterbury",1010,NA,NA,NA
"27750","20210220:0000",-44.57194,171.15889,"Otaio",1145,NA,0,"Canterbury",1010,NA,NA,NA
"27751","20210221:0000",-44.57194,171.15889,"Otaio",1145,NA,0,"Canterbury",1010,NA,NA,NA
"27752","20210222:0000",-44.57194,171.15889,"Otaio",1145,NA,0,"Canterbury",1010,NA,NA,NA
"27753","20210223:0000",-44.57194,171.15889,"Otaio",1145,NA,0,"Canterbury",1010,NA,NA,NA
"27754","20210224:0000",-44.57194,171.15889,"Otaio",1145,NA,0,"Canterbury",1010,NA,NA,NA
"27755","20210225:0000",-44.57194,171.15889,"Otaio",1145,NA,0,"Canterbury",1010,NA,NA,NA
"27756","20210226:0000",-44.57194,171.15889,"Otaio",1145,NA,0,"Canterbury",1010,1.8,NA,NA
"27757","20210227:0000",-44.57194,171.15889,"Otaio",1145,NA,0,"Canterbury",1010,3.6,16.1,NA
"27758","20210228:0000",-44.57194,171.15889,"Otaio",1145,NA,0,"Canterbury",1010,2.9,17.4,NA
"27759","20210301:0000",-44.57194,171.15889,"Otaio",1145,NA,0,"Canterbury",1010,2.2,18,NA
"27760","20210302:0000",-44.57194,171.15889,"Otaio",1145,NA,0,"Canterbury",1010,3.6,18.5,NA
"27761","20210303:0000",-44.57194,171.15889,"Otaio",1145,NA,0,"Canterbury",1010,5.8,20.45,NA
"27762","20210304:0000",-44.57194,171.15889,"Otaio",1145,NA,0,"Canterbury",1010,8.3,14.2,NA
"27763","20210305:0000",-44.57194,171.15889,"Otaio",1145,NA,0,"Canterbury",1010,5.4,13.85,NA
"27764","20210306:0000",-44.57194,171.15889,"Otaio",1145,NA,0,"Canterbury",1010,9,16.25,NA
"27765","20210307:0000",-44.57194,171.15889,"Otaio",1145,NA,0,"Canterbury",1010,6.1,12.5,NA
"27766","20210308:0000",-44.57194,171.15889,"Otaio",1145,NA,0,"Canterbury",1010,7.9,11.05,NA
"27767","20210309:0000",-44.57194,171.15889,"Otaio",1145,NA,0,"Canterbury",1010,4.7,12,NA
"27768","20210310:0000",-44.57194,171.15889,"Otaio",1145,NA,0,"Canterbury",1010,5.8,14.4,NA
"27769","20210311:0000",-44.57194,171.15889,"Otaio",1145,NA,0,"Canterbury",1010,3.6,13.15,NA
"27770","20210312:0000",-44.57194,171.15889,"Otaio",1145,NA,0,"Canterbury",1010,4.3,14.15,NA
"27771","20210313:0000",-44.57194,171.15889,"Otaio",1145,NA,0,"Canterbury",1010,6.8,13.9,NA
"27772","20210314:0000",-44.57194,171.15889,"Otaio",1145,NA,0,"Canterbury",1010,5.8,12.9,NA
"27773","20210315:0000",-44.57194,171.15889,"Otaio",1145,NA,0,"Canterbury",1010,5,17.55,NA
"27774","20210316:0000",-44.57194,171.15889,"Otaio",1145,NA,0,"Canterbury",1010,5.4,15.65,NA
"27775","20210317:0000",-44.57194,171.15889,"Otaio",1145,NA,0,"Canterbury",1010,5.8,14,NA
"27776","20210318:0000",-44.57194,171.15889,"Otaio",1145,NA,0,"Canterbury",1010,7.2,13.25,NA
"27777","20210319:0000",-44.57194,171.15889,"Otaio",1145,NA,0,"Canterbury",1010,7.2,11.15,NA
"27778","20210320:0000",-44.57194,171.15889,"Otaio",1145,NA,0,"Canterbury",1010,5,14.65,NA
"27779","20210321:0000",-44.57194,171.15889,"Otaio",1145,NA,0,"Canterbury",1010,5.4,11.3,NA
"27780","20210322:0000",-44.57194,171.15889,"Otaio",1145,NA,0,"Canterbury",1010,2.5,14.3,NA
"27781","20210323:0000",-44.57194,171.15889,"Otaio",1145,NA,0,"Canterbury",1010,4.3,13.25,NA
"27782","20210324:0000",-44.57194,171.15889,"Otaio",1145,NA,0,"Canterbury",1010,4,14.45,NA
"27783","20210325:0000",-44.57194,171.15889,"Otaio",1145,NA,0,"Canterbury",1010,2.2,14.55,NA
"27784","20210326:0000",-44.57194,171.15889,"Otaio",1145,NA,0,"Canterbury",1010,7.2,13.45,NA
"27785","20210327:0000",-44.57194,171.15889,"Otaio",1145,NA,0,"Canterbury",1010,6.1,15.45,NA
"27786","20210328:0000",-44.57194,171.15889,"Otaio",1145,NA,0,"Canterbury",1010,5.8,16.25,NA
"27787","20210329:0000",-44.57194,171.15889,"Otaio",1145,NA,0,"Canterbury",1010,4.7,13.4,NA
"27788","20210330:0000",-44.57194,171.15889,"Otaio",1145,NA,0,"Canterbury",1010,2.9,13.75,NA
"27789","20210331:0000",-44.57194,171.15889,"Otaio",1145,NA,0,"Canterbury",1010,5,13.7,NA
"27790","20210401:0000",-44.57194,171.15889,"Otaio",1145,NA,0,"Canterbury",1010,5.4,11.95,NA
"27791","20210402:0000",-44.57194,171.15889,"Otaio",1145,NA,0,"Canterbury",1010,3.2,12.95,NA
"27792","20210403:0000",-44.57194,171.15889,"Otaio",1145,NA,0,"Canterbury",1010,7.9,13.9,NA
"27793","20210404:0000",-44.57194,171.15889,"Otaio",1145,NA,0,"Canterbury",1010,5,17.75,NA
"27794","20210405:0000",-44.57194,171.15889,"Otaio",1145,NA,0,"Canterbury",1010,8.6,18.7,NA
"27795","20210406:0000",-44.57194,171.15889,"Otaio",1145,NA,0,"Canterbury",1010,6.1,11.95,NA
"27796","20210407:0000",-44.57194,171.15889,"Otaio",1145,NA,0,"Canterbury",1010,5,12.3,NA
"27797","20210408:0000",-44.57194,171.15889,"Otaio",1145,NA,0,"Canterbury",1010,3.2,10.95,NA
"27798","20210409:0000",-44.57194,171.15889,"Otaio",1145,NA,0,"Canterbury",1010,5.8,12.25,NA
"27799","20210410:0000",-44.57194,171.15889,"Otaio",1145,NA,0,"Canterbury",1010,1.8,14.1,NA
"27800","20210411:0000",-44.57194,171.15889,"Otaio",1145,NA,0,"Canterbury",1010,4.7,15.05,NA
"27801","20210412:0000",-44.57194,171.15889,"Otaio",1145,NA,0,"Canterbury",1010,5,13.45,NA
"27802","20210413:0000",-44.57194,171.15889,"Otaio",1145,NA,0,"Canterbury",1010,4,11.8,NA
"27803","20210414:0000",-44.57194,171.15889,"Otaio",1145,NA,0,"Canterbury",1010,5.4,12.4,NA
"27804","20210415:0000",-44.57194,171.15889,"Otaio",1145,NA,0,"Canterbury",1010,4,13.5,NA
"27805","20210416:0000",-44.57194,171.15889,"Otaio",1145,NA,0,"Canterbury",1010,5,13.9,NA
"27806","20210417:0000",-44.57194,171.15889,"Otaio",1145,NA,0,"Canterbury",1010,3.2,9.75,NA
"27807","20210418:0000",-44.57194,171.15889,"Otaio",1145,NA,0,"Canterbury",1010,5.4,12.1,NA
"27808","20210419:0000",-44.57194,171.15889,"Otaio",1145,NA,0,"Canterbury",1010,5.4,14,NA
"27809","20210420:0000",-44.57194,171.15889,"Otaio",1145,NA,0,"Canterbury",1010,7.2,11.4,NA
"27810","20210421:0000",-44.57194,171.15889,"Otaio",1145,NA,0,"Canterbury",1010,7.9,13.15,NA
"27811","20210422:0000",-44.57194,171.15889,"Otaio",1145,NA,0,"Canterbury",1010,5,11.3,NA
"27812","20210423:0000",-44.57194,171.15889,"Otaio",1145,NA,0,"Canterbury",1010,4.7,13.3,NA
"27813","20210424:0000",-44.57194,171.15889,"Otaio",1145,NA,0,"Canterbury",1010,6.5,10.9,NA
"27814","20210425:0000",-44.57194,171.15889,"Otaio",1145,NA,0,"Canterbury",1010,12.2,12.45,NA
"27815","20210426:0000",-44.57194,171.15889,"Otaio",1145,NA,0,"Canterbury",1010,4.7,11.05,NA
"27816","20210427:0000",-44.57194,171.15889,"Otaio",1145,NA,0,"Canterbury",1010,4.3,7.5,NA
"27817","20210428:0000",-44.57194,171.15889,"Otaio",1145,NA,0,"Canterbury",1010,7.6,7.9,NA
"27818","20210429:0000",-44.57194,171.15889,"Otaio",1145,NA,0,"Canterbury",1010,7.9,10.9,NA
"27819","20210430:0000",-44.57194,171.15889,"Otaio",1145,NA,0,"Canterbury",1010,4.3,11.55,NA
"27820","20210501:0000",-44.57194,171.15889,"Otaio",1145,NA,0,"Canterbury",1010,7.2,10.25,NA
"27821","20210502:0000",-44.57194,171.15889,"Otaio",1145,NA,0,"Canterbury",1010,6.1,10.8,NA
"27822","20210503:0000",-44.57194,171.15889,"Otaio",1145,NA,0,"Canterbury",1010,5,8.7,NA
"27823","20210504:0000",-44.57194,171.15889,"Otaio",1145,NA,0,"Canterbury",1010,7.9,9.6,NA
"27824","20210505:0000",-44.57194,171.15889,"Otaio",1145,NA,0,"Canterbury",1010,5.4,10.85,NA
"27825","20210506:0000",-44.57194,171.15889,"Otaio",1145,NA,0,"Canterbury",1010,8.3,10,NA
"27826","20210507:0000",-44.57194,171.15889,"Otaio",1145,NA,0,"Canterbury",1010,6.1,10.5,NA
"27827","20210508:0000",-44.57194,171.15889,"Otaio",1145,NA,0,"Canterbury",1010,5,9.8,NA
"27828","20210509:0000",-44.57194,171.15889,"Otaio",1145,NA,0,"Canterbury",1010,5.8,13.7,NA
"27829","20210510:0000",-44.57194,171.15889,"Otaio",1145,NA,0,"Canterbury",1010,5,13.1,NA
"27830","20210511:0000",-44.57194,171.15889,"Otaio",1145,NA,0,"Canterbury",1010,2.2,14.15,NA
"27831","20210512:0000",-44.57194,171.15889,"Otaio",1145,NA,0,"Canterbury",1010,9.7,8.25,NA
"27832","20210513:0000",-44.57194,171.15889,"Otaio",1145,NA,0,"Canterbury",1010,6.8,5.4,NA
"27833","20210514:0000",-44.57194,171.15889,"Otaio",1145,NA,0,"Canterbury",1010,4,6.35,NA
"27834","20210515:0000",-44.57194,171.15889,"Otaio",1145,NA,0,"Canterbury",1010,13,9,NA
"27835","20210516:0000",-44.57194,171.15889,"Otaio",1145,NA,0,"Canterbury",1010,7.9,10.7,NA
"27836","20210517:0000",-44.57194,171.15889,"Otaio",1145,NA,0,"Canterbury",1010,8.6,7.9,NA
"27837","20210518:0000",-44.57194,171.15889,"Otaio",1145,NA,0,"Canterbury",1010,13.3,8.9,NA
"27838","20210519:0000",-44.57194,171.15889,"Otaio",1145,NA,0,"Canterbury",1010,13,8.35,NA
"27839","20210520:0000",-44.57194,171.15889,"Otaio",1145,NA,0,"Canterbury",1010,7.2,9.35,NA
"27840","20210521:0000",-44.57194,171.15889,"Otaio",1145,NA,0,"Canterbury",1010,7.2,7.8,NA
"27841","20210522:0000",-44.57194,171.15889,"Otaio",1145,NA,0,"Canterbury",1010,6.8,8.35,NA
"27842","20210523:0000",-44.57194,171.15889,"Otaio",1145,NA,0,"Canterbury",1010,5.8,5.9,NA
"27843","20210524:0000",-44.57194,171.15889,"Otaio",1145,NA,0,"Canterbury",1010,6.1,7.15,NA
"27844","20210525:0000",-44.57194,171.15889,"Otaio",1145,NA,0,"Canterbury",1010,8.6,5.25,NA
"27845","20210526:0000",-44.57194,171.15889,"Otaio",1145,NA,0,"Canterbury",1010,8.3,2.65,NA
"27846","20210527:0000",-44.57194,171.15889,"Otaio",1145,NA,0,"Canterbury",1010,7.2,3.1,NA
"27847","20210528:0000",-44.57194,171.15889,"Otaio",1145,NA,0,"Canterbury",1010,5,5,NA
"27848","20210529:0000",-44.57194,171.15889,"Otaio",1145,NA,0,"Canterbury",1010,9.7,9.7,NA
"27849","20210530:0000",-44.57194,171.15889,"Otaio",1145,NA,0,"Canterbury",1010,10.4,10.1,NA
"27850","20210531:0000",-44.57194,171.15889,"Otaio",1145,NA,0,"Canterbury",1010,7.2,10.85,NA
"27851","20210601:0000",-44.57194,171.15889,"Otaio",1145,NA,0,"Canterbury",1010,3.6,8.45,NA
"27852","20210602:0000",-44.57194,171.15889,"Otaio",1145,NA,0,"Canterbury",1010,6.5,9.3,NA
"27853","20210603:0000",-44.57194,171.15889,"Otaio",1145,NA,0,"Canterbury",1010,6.5,8.6,NA
"27854","20210604:0000",-44.57194,171.15889,"Otaio",1145,NA,0,"Canterbury",1010,5.4,7.45,NA
"27855","20210605:0000",-44.57194,171.15889,"Otaio",1145,NA,0,"Canterbury",1010,6.8,9.2,NA
"27856","20210606:0000",-44.57194,171.15889,"Otaio",1145,NA,0,"Canterbury",1010,5,8.55,NA
"27857","20210607:0000",-44.57194,171.15889,"Otaio",1145,NA,0,"Canterbury",1010,4,8.2,NA
"27858","20210608:0000",-44.57194,171.15889,"Otaio",1145,NA,0,"Canterbury",1010,7.2,7.9,NA
"27859","20210609:0000",-44.57194,171.15889,"Otaio",1145,NA,0,"Canterbury",1010,4.3,5.25,NA
"27860","20210610:0000",-44.57194,171.15889,"Otaio",1145,NA,0,"Canterbury",1010,9.4,9.7,NA
"27861","20210611:0000",-44.57194,171.15889,"Otaio",1145,NA,0,"Canterbury",1010,6.5,6.9,NA
"27862","20210612:0000",-44.57194,171.15889,"Otaio",1145,NA,0,"Canterbury",1010,7.2,6.4,NA
"27863","20210613:0000",-44.57194,171.15889,"Otaio",1145,NA,0,"Canterbury",1010,4.7,8.05,NA
"27864","20210614:0000",-44.57194,171.15889,"Otaio",1145,NA,0,"Canterbury",1010,3.2,9.4,NA
"27865","20210615:0000",-44.57194,171.15889,"Otaio",1145,NA,0,"Canterbury",1010,4.7,8.7,NA
"27866","20210616:0000",-44.57194,171.15889,"Otaio",1145,NA,0,"Canterbury",1010,3.6,9.65,NA
"27867","20210617:0000",-44.57194,171.15889,"Otaio",1145,NA,0,"Canterbury",1010,4.7,8.6,NA
"27868","20210618:0000",-44.57194,171.15889,"Otaio",1145,NA,0,"Canterbury",1010,5,6.5,NA
"27869","20210619:0000",-44.57194,171.15889,"Otaio",1145,NA,0,"Canterbury",1010,7.6,4.5,NA
"27870","20210620:0000",-44.57194,171.15889,"Otaio",1145,NA,0,"Canterbury",1010,2.9,5.65,NA
"27871","20210621:0000",-44.57194,171.15889,"Otaio",1145,NA,0,"Canterbury",1010,5.8,8.1,NA
"27872","20210622:0000",-44.57194,171.15889,"Otaio",1145,NA,0,"Canterbury",1010,2.5,6.2,NA
"27873","20210623:0000",-44.57194,171.15889,"Otaio",1145,NA,0,"Canterbury",1010,3.2,6.2,NA
"27874","20210624:0000",-44.57194,171.15889,"Otaio",1145,NA,0,"Canterbury",1010,5.8,6.9,NA
"27875","20210625:0000",-44.57194,171.15889,"Otaio",1145,NA,0,"Canterbury",1010,5,11.8,NA
"27876","20210626:0000",-44.57194,171.15889,"Otaio",1145,NA,0,"Canterbury",1010,5.8,10.3,NA
"27877","20210627:0000",-44.57194,171.15889,"Otaio",1145,NA,0,"Canterbury",1010,3.6,8.3,NA
"27878","20210628:0000",-44.57194,171.15889,"Otaio",1145,NA,0,"Canterbury",1010,3.6,7.05,NA
"27879","20210629:0000",-44.57194,171.15889,"Otaio",1145,NA,0,"Canterbury",1010,16.6,6.8,NA
"27880","20210630:0000",-44.57194,171.15889,"Otaio",1145,NA,0,"Canterbury",1010,4.7,8.95,NA
"27881","20210701:0000",-44.57194,171.15889,"Otaio",1145,NA,0,"Canterbury",1010,5.4,5.35,NA
"27882","20210702:0000",-44.57194,171.15889,"Otaio",1145,NA,0,"Canterbury",1010,7.9,5.55,NA
"27883","20210703:0000",-44.57194,171.15889,"Otaio",1145,NA,0,"Canterbury",1010,4.3,2.9,NA
"27884","20210704:0000",-44.57194,171.15889,"Otaio",1145,NA,0,"Canterbury",1010,5.4,4,NA
"27885","20210705:0000",-44.57194,171.15889,"Otaio",1145,NA,0,"Canterbury",1010,7.2,4.4,NA
"27886","20210706:0000",-44.57194,171.15889,"Otaio",1145,NA,0,"Canterbury",1010,6.1,9.35,NA
"27887","20210707:0000",-44.57194,171.15889,"Otaio",1145,NA,0,"Canterbury",1010,9,7.15,NA
"27888","20210708:0000",-44.57194,171.15889,"Otaio",1145,NA,0,"Canterbury",1010,7.9,4.45,NA
"27889","20210709:0000",-44.57194,171.15889,"Otaio",1145,NA,0,"Canterbury",1010,10.1,6.35,NA
"27890","20210710:0000",-44.57194,171.15889,"Otaio",1145,NA,0,"Canterbury",1010,6.1,5,NA
"27891","20210711:0000",-44.57194,171.15889,"Otaio",1145,NA,0,"Canterbury",1010,8.3,5.2,NA
"27892","20210712:0000",-44.57194,171.15889,"Otaio",1145,NA,0,"Canterbury",1010,5.8,2.7,NA
"27893","20210713:0000",-44.57194,171.15889,"Otaio",1145,NA,0,"Canterbury",1010,7.9,3.85,NA
"27894","20210714:0000",-44.57194,171.15889,"Otaio",1145,NA,0,"Canterbury",1010,5.8,6.05,NA
"27895","20210715:0000",-44.57194,171.15889,"Otaio",1145,NA,0,"Canterbury",1010,5,4.5,NA
"27896","20210716:0000",-44.57194,171.15889,"Otaio",1145,NA,0,"Canterbury",1010,2.5,8.1,NA
"27897","20210717:0000",-44.57194,171.15889,"Otaio",1145,NA,0,"Canterbury",1010,4.7,6.55,NA
"27898","20210718:0000",-44.57194,171.15889,"Otaio",1145,NA,0,"Canterbury",1010,3.6,7.05,NA
"27899","20210719:0000",-44.57194,171.15889,"Otaio",1145,NA,0,"Canterbury",1010,4.7,8.15,NA
"27900","20210720:0000",-44.57194,171.15889,"Otaio",1145,NA,0,"Canterbury",1010,4,6.55,NA
"27901","20210721:0000",-44.57194,171.15889,"Otaio",1145,NA,0,"Canterbury",1010,5.8,4.65,NA
"27902","20210722:0000",-44.57194,171.15889,"Otaio",1145,NA,0,"Canterbury",1010,8.3,7.4,NA
"27903","20210723:0000",-44.57194,171.15889,"Otaio",1145,NA,0,"Canterbury",1010,7.9,6,NA
"27904","20210724:0000",-44.57194,171.15889,"Otaio",1145,NA,0,"Canterbury",1010,6.5,4.6,NA
"27905","20210725:0000",-44.57194,171.15889,"Otaio",1145,NA,0,"Canterbury",1010,7.6,5.4,NA
"27906","20210726:0000",-44.57194,171.15889,"Otaio",1145,NA,0,"Canterbury",1010,3.6,6.4,NA
"27907","20210727:0000",-44.57194,171.15889,"Otaio",1145,NA,0,"Canterbury",1010,3.2,9.8,NA
"27908","20210728:0000",-44.57194,171.15889,"Otaio",1145,NA,0,"Canterbury",1010,5,6.25,NA
"27909","20210729:0000",-44.57194,171.15889,"Otaio",1145,NA,0,"Canterbury",1010,4.3,5.9,NA
"27910","20210730:0000",-44.57194,171.15889,"Otaio",1145,NA,0,"Canterbury",1010,6.1,4.9,NA
"27911","20210731:0000",-44.57194,171.15889,"Otaio",1145,NA,0,"Canterbury",1010,6.5,7.05,NA
"27912","20210801:0000",-44.57194,171.15889,"Otaio",1145,NA,0,"Canterbury",1010,1.8,7.7,NA
"27913","20210802:0000",-44.57194,171.15889,"Otaio",1145,NA,0,"Canterbury",1010,3.6,9.25,NA
"27914","20210803:0000",-44.57194,171.15889,"Otaio",1145,NA,0,"Canterbury",1010,7.9,9.4,NA
"27915","20210804:0000",-44.57194,171.15889,"Otaio",1145,NA,0,"Canterbury",1010,8.6,5.1,NA
"27916","20210805:0000",-44.57194,171.15889,"Otaio",1145,NA,0,"Canterbury",1010,5,6.7,NA
"27917","20210806:0000",-44.57194,171.15889,"Otaio",1145,NA,0,"Canterbury",1010,7.6,6.45,NA
"27918","20210807:0000",-44.57194,171.15889,"Otaio",1145,NA,0,"Canterbury",1010,5,6.25,NA
"27919","20210808:0000",-44.57194,171.15889,"Otaio",1145,NA,0,"Canterbury",1010,6.8,5.2,NA
"27920","20210809:0000",-44.57194,171.15889,"Otaio",1145,NA,0,"Canterbury",1010,9,4.9,NA
"27921","20210810:0000",-44.57194,171.15889,"Otaio",1145,NA,0,"Canterbury",1010,5,8.55,NA
"27922","20210811:0000",-44.57194,171.15889,"Otaio",1145,NA,0,"Canterbury",1010,4.7,7.95,NA
"27923","20210812:0000",-44.57194,171.15889,"Otaio",1145,NA,0,"Canterbury",1010,4.3,9.5,NA
"27924","20210813:0000",-44.57194,171.15889,"Otaio",1145,NA,0,"Canterbury",1010,6.8,9.45,NA
"27925","20210814:0000",-44.57194,171.15889,"Otaio",1145,NA,0,"Canterbury",1010,6.5,7.8,NA
"27926","20210815:0000",-44.57194,171.15889,"Otaio",1145,NA,0,"Canterbury",1010,7.9,8.4,NA
"27927","20210816:0000",-44.57194,171.15889,"Otaio",1145,NA,0,"Canterbury",1010,5.8,10.45,NA
"27928","20210817:0000",-44.57194,171.15889,"Otaio",1145,NA,0,"Canterbury",1010,4,9.85,NA
"27929","20210818:0000",-44.57194,171.15889,"Otaio",1145,NA,0,"Canterbury",1010,6.1,7.05,NA
"27930","20210819:0000",-44.57194,171.15889,"Otaio",1145,NA,0,"Canterbury",1010,3.6,8.95,NA
"27931","20210820:0000",-44.57194,171.15889,"Otaio",1145,NA,0,"Canterbury",1010,10.1,7.5,NA
"27932","20210821:0000",-44.57194,171.15889,"Otaio",1145,NA,0,"Canterbury",1010,9,4.65,NA
"27933","20210822:0000",-44.57194,171.15889,"Otaio",1145,NA,0,"Canterbury",1010,5,4.85,NA
"27934","20210823:0000",-44.57194,171.15889,"Otaio",1145,NA,0,"Canterbury",1010,7.2,9.3,NA
"27935","20210824:0000",-44.57194,171.15889,"Otaio",1145,NA,0,"Canterbury",1010,5,14.6,NA
"27936","20210825:0000",-44.57194,171.15889,"Otaio",1145,NA,0,"Canterbury",1010,5.8,12.7,NA
"27937","20210826:0000",-44.57194,171.15889,"Otaio",1145,NA,0,"Canterbury",1010,2.2,11.7,NA
"27938","20210827:0000",-44.57194,171.15889,"Otaio",1145,NA,0,"Canterbury",1010,6.1,8.85,NA
"27939","20210828:0000",-44.57194,171.15889,"Otaio",1145,NA,0,"Canterbury",1010,4.3,8.7,NA
"27940","20210829:0000",-44.57194,171.15889,"Otaio",1145,NA,0,"Canterbury",1010,2.5,8.5,NA
"27941","20210830:0000",-44.57194,171.15889,"Otaio",1145,NA,0,"Canterbury",1010,5.4,7.1,NA
"27942","20210831:0000",-44.57194,171.15889,"Otaio",1145,NA,0,"Canterbury",1010,4,4.9,NA
"27943","20210901:0000",-44.57194,171.15889,"Otaio",1145,NA,0,"Canterbury",1010,4,5.05,NA
"27944","20210902:0000",-44.57194,171.15889,"Otaio",1145,NA,0,"Canterbury",1010,4.3,8.55,NA
"27945","20210903:0000",-44.57194,171.15889,"Otaio",1145,NA,0,"Canterbury",1010,3.6,7.2,NA
"27946","20210904:0000",-44.57194,171.15889,"Otaio",1145,NA,0,"Canterbury",1010,5,9.6,NA
"27947","20210905:0000",-44.57194,171.15889,"Otaio",1145,NA,0,"Canterbury",1010,6.8,11.5,NA
"27948","20210906:0000",-44.57194,171.15889,"Otaio",1145,NA,0,"Canterbury",1010,4.3,9.65,NA
"27949","20210907:0000",-44.57194,171.15889,"Otaio",1145,NA,0,"Canterbury",1010,5.8,12.15,NA
"27950","20210908:0000",-44.57194,171.15889,"Otaio",1145,NA,0,"Canterbury",1010,8.3,9.3,NA
"27951","20210909:0000",-44.57194,171.15889,"Otaio",1145,NA,0,"Canterbury",1010,5,11.75,NA
"27952","20210910:0000",-44.57194,171.15889,"Otaio",1145,NA,0,"Canterbury",1010,5.8,11.05,NA
"27953","20210911:0000",-44.57194,171.15889,"Otaio",1145,NA,0,"Canterbury",1010,3.2,8.15,NA
"27954","20210912:0000",-44.57194,171.15889,"Otaio",1145,NA,0,"Canterbury",1010,4,10.8,NA
"27955","20210913:0000",-44.57194,171.15889,"Otaio",1145,NA,0,"Canterbury",1010,5.8,10.1,NA
"27956","20210914:0000",-44.57194,171.15889,"Otaio",1145,NA,0,"Canterbury",1010,4.3,5.65,NA
"27957","20210915:0000",-44.57194,171.15889,"Otaio",1145,NA,0,"Canterbury",1010,6.1,5.05,NA
"27958","20210916:0000",-44.57194,171.15889,"Otaio",1145,NA,0,"Canterbury",1010,3.2,6.4,NA
"27959","20210917:0000",-44.57194,171.15889,"Otaio",1145,NA,0,"Canterbury",1010,4.7,6.9,NA
"27960","20210918:0000",-44.57194,171.15889,"Otaio",1145,NA,0,"Canterbury",1010,7.2,5.45,NA
"27961","20210919:0000",-44.57194,171.15889,"Otaio",1145,NA,0,"Canterbury",1010,2.9,6.8,NA
"27962","20210920:0000",-44.57194,171.15889,"Otaio",1145,NA,0,"Canterbury",1010,10.1,9.4,NA
"27963","20210921:0000",-44.57194,171.15889,"Otaio",1145,NA,0,"Canterbury",1010,6.1,12.55,NA
"27964","20210922:0000",-44.57194,171.15889,"Otaio",1145,NA,0,"Canterbury",1010,8.3,9,NA
"27965","20210923:0000",-44.57194,171.15889,"Otaio",1145,NA,0,"Canterbury",1010,4.3,8,NA
"27966","20210924:0000",-44.57194,171.15889,"Otaio",1145,NA,0,"Canterbury",1010,7.6,11.35,NA
"27967","20210925:0000",-44.57194,171.15889,"Otaio",1145,NA,0,"Canterbury",1010,28.1,13.6,NA
"27968","20210926:0000",-44.57194,171.15889,"Otaio",1145,NA,0,"Canterbury",1010,10.4,7.7,NA
"27969","20210927:0000",-44.57194,171.15889,"Otaio",1145,NA,0,"Canterbury",1010,7.9,5.8,NA
"27970","20210928:0000",-44.57194,171.15889,"Otaio",1145,NA,0,"Canterbury",1010,3.2,6,NA
"27971","20210929:0000",-44.57194,171.15889,"Otaio",1145,NA,0,"Canterbury",1010,6.1,11.6,NA
"27972","20210930:0000",-44.57194,171.15889,"Otaio",1145,NA,0,"Canterbury",1010,11.5,9.1,NA
"27973","20211001:0000",-44.57194,171.15889,"Otaio",1145,NA,0,"Canterbury",1010,6.8,7.85,NA
"27974","20211002:0000",-44.57194,171.15889,"Otaio",1145,NA,0,"Canterbury",1010,4,9.55,NA
"27975","20211003:0000",-44.57194,171.15889,"Otaio",1145,NA,0,"Canterbury",1010,3.6,10.35,NA
"27976","20211004:0000",-44.57194,171.15889,"Otaio",1145,NA,0,"Canterbury",1010,7.9,10.6,NA
"27977","20211005:0000",-44.57194,171.15889,"Otaio",1145,NA,0,"Canterbury",1010,1.4,11.8,NA
"27978","20211006:0000",-44.57194,171.15889,"Otaio",1145,NA,0,"Canterbury",1010,6.5,12.15,NA
"27979","20211007:0000",-44.57194,171.15889,"Otaio",1145,NA,0,"Canterbury",1010,4.7,16.45,NA
"27980","20211008:0000",-44.57194,171.15889,"Otaio",1145,NA,0,"Canterbury",1010,2.5,13.25,NA
"27981","20211009:0000",-44.57194,171.15889,"Otaio",1145,NA,0,"Canterbury",1010,3.6,11.85,NA
"27982","20211010:0000",-44.57194,171.15889,"Otaio",1145,NA,0,"Canterbury",1010,2.9,10.8,NA
"27983","20211011:0000",-44.57194,171.15889,"Otaio",1145,NA,0,"Canterbury",1010,4,11.1,NA
"27984","20211012:0000",-44.57194,171.15889,"Otaio",1145,NA,0,"Canterbury",1010,8.3,8.55,NA
"27985","20211013:0000",-44.57194,171.15889,"Otaio",1145,NA,0,"Canterbury",1010,11.5,9.15,NA
"27986","20211014:0000",-44.57194,171.15889,"Otaio",1145,NA,0,"Canterbury",1010,6.1,6.8,NA
"27987","20211015:0000",-44.57194,171.15889,"Otaio",1145,NA,0,"Canterbury",1010,5.8,8.05,NA
"27988","20211016:0000",-44.57194,171.15889,"Otaio",1145,NA,0,"Canterbury",1010,6.1,9.05,NA
"27989","20211017:0000",-44.57194,171.15889,"Otaio",1145,NA,0,"Canterbury",1010,7.2,13.6,NA
"27990","20211018:0000",-44.57194,171.15889,"Otaio",1145,NA,0,"Canterbury",1010,4.7,13.75,NA
"27991","20211019:0000",-44.57194,171.15889,"Otaio",1145,NA,0,"Canterbury",1010,4.7,12.5,NA
"27992","20211020:0000",-44.57194,171.15889,"Otaio",1145,NA,0,"Canterbury",1010,4.7,8.85,NA
"27993","20211021:0000",-44.57194,171.15889,"Otaio",1145,NA,0,"Canterbury",1010,7.6,8.7,NA
"27994","20211022:0000",-44.57194,171.15889,"Otaio",1145,NA,0,"Canterbury",1010,3.2,9.6,NA
"27995","20211023:0000",-44.57194,171.15889,"Otaio",1145,NA,0,"Canterbury",1010,8.3,10.55,NA
"27996","20211024:0000",-44.57194,171.15889,"Otaio",1145,NA,0,"Canterbury",1010,2.9,11.9,NA
"27997","20211025:0000",-44.57194,171.15889,"Otaio",1145,NA,0,"Canterbury",1010,1.4,12.3,NA
"27998","20211026:0000",-44.57194,171.15889,"Otaio",1145,NA,0,"Canterbury",1010,2.2,12.45,NA
"27999","20211027:0000",-44.57194,171.15889,"Otaio",1145,NA,0,"Canterbury",1010,6.5,13.8,NA
"28000","20211028:0000",-44.57194,171.15889,"Otaio",1145,NA,0,"Canterbury",1010,5.8,14.4,NA
"28001","20211029:0000",-44.57194,171.15889,"Otaio",1145,NA,0,"Canterbury",1010,1.4,13.6,NA
"28002","20211030:0000",-44.57194,171.15889,"Otaio",1145,NA,0,"Canterbury",1010,5,13.6,NA
"28003","20180101:0000",-44.74127,171.0631,"Waimate",1807,"Waimate",100120,"Canterbury",1010,3.2,15.7,NA
"28004","20180102:0000",-44.74127,171.0631,"Waimate",1807,"Waimate",100120,"Canterbury",1010,2.2,17.15,NA
"28005","20180103:0000",-44.74127,171.0631,"Waimate",1807,"Waimate",100120,"Canterbury",1010,1.4,17.65,NA
"28006","20180104:0000",-44.74127,171.0631,"Waimate",1807,"Waimate",100120,"Canterbury",1010,5,19.35,NA
"28007","20180105:0000",-44.74127,171.0631,"Waimate",1807,"Waimate",100120,"Canterbury",1010,10.1,14.95,NA
"28008","20180106:0000",-44.74127,171.0631,"Waimate",1807,"Waimate",100120,"Canterbury",1010,11.9,14.15,NA
"28009","20180107:0000",-44.74127,171.0631,"Waimate",1807,"Waimate",100120,"Canterbury",1010,3.6,10.95,NA
"28010","20180108:0000",-44.74127,171.0631,"Waimate",1807,"Waimate",100120,"Canterbury",1010,4.3,14.75,NA
"28011","20180109:0000",-44.74127,171.0631,"Waimate",1807,"Waimate",100120,"Canterbury",1010,5.8,16.3,NA
"28012","20180110:0000",-44.74127,171.0631,"Waimate",1807,"Waimate",100120,"Canterbury",1010,3.2,15.45,NA
"28013","20180111:0000",-44.74127,171.0631,"Waimate",1807,"Waimate",100120,"Canterbury",1010,5,13.55,NA
"28014","20180112:0000",-44.74127,171.0631,"Waimate",1807,"Waimate",100120,"Canterbury",1010,5,14.15,NA
"28015","20180113:0000",-44.74127,171.0631,"Waimate",1807,"Waimate",100120,"Canterbury",1010,5.4,14.8,NA
"28016","20180114:0000",-44.74127,171.0631,"Waimate",1807,"Waimate",100120,"Canterbury",1010,2.2,19.15,NA
"28017","20180115:0000",-44.74127,171.0631,"Waimate",1807,"Waimate",100120,"Canterbury",1010,2.9,19.3,NA
"28018","20180116:0000",-44.74127,171.0631,"Waimate",1807,"Waimate",100120,"Canterbury",1010,3.2,20.8,NA
"28019","20180117:0000",-44.74127,171.0631,"Waimate",1807,"Waimate",100120,"Canterbury",1010,3.6,20.7,NA
"28020","20180118:0000",-44.74127,171.0631,"Waimate",1807,"Waimate",100120,"Canterbury",1010,7.9,19.5,NA
"28021","20180119:0000",-44.74127,171.0631,"Waimate",1807,"Waimate",100120,"Canterbury",1010,5.4,19.75,NA
"28022","20180120:0000",-44.74127,171.0631,"Waimate",1807,"Waimate",100120,"Canterbury",1010,9.4,19.1,NA
"28023","20180121:0000",-44.74127,171.0631,"Waimate",1807,"Waimate",100120,"Canterbury",1010,3.6,17.85,NA
"28024","20180122:0000",-44.74127,171.0631,"Waimate",1807,"Waimate",100120,"Canterbury",1010,2.5,18.85,NA
"28025","20180123:0000",-44.74127,171.0631,"Waimate",1807,"Waimate",100120,"Canterbury",1010,6.8,22.1,NA
"28026","20180124:0000",-44.74127,171.0631,"Waimate",1807,"Waimate",100120,"Canterbury",1010,4.3,19.45,NA
"28027","20180125:0000",-44.74127,171.0631,"Waimate",1807,"Waimate",100120,"Canterbury",1010,2.5,20.5,NA
"28028","20180126:0000",-44.74127,171.0631,"Waimate",1807,"Waimate",100120,"Canterbury",1010,4.3,17.7,NA
"28029","20180127:0000",-44.74127,171.0631,"Waimate",1807,"Waimate",100120,"Canterbury",1010,2.9,20.6,NA
"28030","20180128:0000",-44.74127,171.0631,"Waimate",1807,"Waimate",100120,"Canterbury",1010,1.8,19.6,NA
"28031","20180129:0000",-44.74127,171.0631,"Waimate",1807,"Waimate",100120,"Canterbury",1010,5,21.35,NA
"28032","20180130:0000",-44.74127,171.0631,"Waimate",1807,"Waimate",100120,"Canterbury",1010,1.4,21,NA
"28033","20180131:0000",-44.74127,171.0631,"Waimate",1807,"Waimate",100120,"Canterbury",1010,3.6,24.95,NA
"28034","20180201:0000",-44.74127,171.0631,"Waimate",1807,"Waimate",100120,"Canterbury",1010,9.7,17.75,NA
"28035","20180202:0000",-44.74127,171.0631,"Waimate",1807,"Waimate",100120,"Canterbury",1010,11.5,13.45,NA
"28036","20180203:0000",-44.74127,171.0631,"Waimate",1807,"Waimate",100120,"Canterbury",1010,8.6,13,NA
"28037","20180204:0000",-44.74127,171.0631,"Waimate",1807,"Waimate",100120,"Canterbury",1010,4.7,13.75,NA
"28038","20180205:0000",-44.74127,171.0631,"Waimate",1807,"Waimate",100120,"Canterbury",1010,2.9,15.1,NA
"28039","20180206:0000",-44.74127,171.0631,"Waimate",1807,"Waimate",100120,"Canterbury",1010,10.8,13.1,NA
"28040","20180207:0000",-44.74127,171.0631,"Waimate",1807,"Waimate",100120,"Canterbury",1010,3.2,13.15,NA
"28041","20180208:0000",-44.74127,171.0631,"Waimate",1807,"Waimate",100120,"Canterbury",1010,3.6,14.6,NA
"28042","20180209:0000",-44.74127,171.0631,"Waimate",1807,"Waimate",100120,"Canterbury",1010,3.2,14.5,NA
"28043","20180210:0000",-44.74127,171.0631,"Waimate",1807,"Waimate",100120,"Canterbury",1010,2.9,17.6,NA
"28044","20180211:0000",-44.74127,171.0631,"Waimate",1807,"Waimate",100120,"Canterbury",1010,4,17.5,NA
"28045","20180212:0000",-44.74127,171.0631,"Waimate",1807,"Waimate",100120,"Canterbury",1010,3.2,18.35,NA
"28046","20180213:0000",-44.74127,171.0631,"Waimate",1807,"Waimate",100120,"Canterbury",1010,2.9,18.6,NA
"28047","20180214:0000",-44.74127,171.0631,"Waimate",1807,"Waimate",100120,"Canterbury",1010,7.2,16.9,NA
"28048","20180215:0000",-44.74127,171.0631,"Waimate",1807,"Waimate",100120,"Canterbury",1010,5.4,17.05,NA
"28049","20180216:0000",-44.74127,171.0631,"Waimate",1807,"Waimate",100120,"Canterbury",1010,1.4,17.05,NA
"28050","20180217:0000",-44.74127,171.0631,"Waimate",1807,"Waimate",100120,"Canterbury",1010,5,18.15,NA
"28051","20180218:0000",-44.74127,171.0631,"Waimate",1807,"Waimate",100120,"Canterbury",1010,3.2,18,NA
"28052","20180219:0000",-44.74127,171.0631,"Waimate",1807,"Waimate",100120,"Canterbury",1010,5.4,14.45,NA
"28053","20180220:0000",-44.74127,171.0631,"Waimate",1807,"Waimate",100120,"Canterbury",1010,8.6,10.7,NA
"28054","20180221:0000",-44.74127,171.0631,"Waimate",1807,"Waimate",100120,"Canterbury",1010,10.1,10.65,NA
"28055","20180222:0000",-44.74127,171.0631,"Waimate",1807,"Waimate",100120,"Canterbury",1010,13,13.95,NA
"28056","20180223:0000",-44.74127,171.0631,"Waimate",1807,"Waimate",100120,"Canterbury",1010,2.2,15.2,NA
"28057","20180224:0000",-44.74127,171.0631,"Waimate",1807,"Waimate",100120,"Canterbury",1010,1.1,13.9,NA
"28058","20180225:0000",-44.74127,171.0631,"Waimate",1807,"Waimate",100120,"Canterbury",1010,2.2,20.45,NA
"28059","20180226:0000",-44.74127,171.0631,"Waimate",1807,"Waimate",100120,"Canterbury",1010,4.3,14.5,NA
"28060","20180227:0000",-44.74127,171.0631,"Waimate",1807,"Waimate",100120,"Canterbury",1010,2.5,13.65,NA
"28061","20180228:0000",-44.74127,171.0631,"Waimate",1807,"Waimate",100120,"Canterbury",1010,2.2,15.2,NA
"28062","20180301:0000",-44.74127,171.0631,"Waimate",1807,"Waimate",100120,"Canterbury",1010,1.8,18.25,NA
"28063","20180302:0000",-44.74127,171.0631,"Waimate",1807,"Waimate",100120,"Canterbury",1010,2.2,19.65,NA
"28064","20180303:0000",-44.74127,171.0631,"Waimate",1807,"Waimate",100120,"Canterbury",1010,1.4,17.7,NA
"28065","20180304:0000",-44.74127,171.0631,"Waimate",1807,"Waimate",100120,"Canterbury",1010,3.6,20,NA
"28066","20180305:0000",-44.74127,171.0631,"Waimate",1807,"Waimate",100120,"Canterbury",1010,4.3,17,NA
"28067","20180306:0000",-44.74127,171.0631,"Waimate",1807,"Waimate",100120,"Canterbury",1010,4.3,14.65,NA
"28068","20180307:0000",-44.74127,171.0631,"Waimate",1807,"Waimate",100120,"Canterbury",1010,2.2,11.85,NA
"28069","20180308:0000",-44.74127,171.0631,"Waimate",1807,"Waimate",100120,"Canterbury",1010,1.1,14.35,NA
"28070","20180309:0000",-44.74127,171.0631,"Waimate",1807,"Waimate",100120,"Canterbury",1010,7.9,12.9,NA
"28071","20180310:0000",-44.74127,171.0631,"Waimate",1807,"Waimate",100120,"Canterbury",1010,4.3,11.75,NA
"28072","20180311:0000",-44.74127,171.0631,"Waimate",1807,"Waimate",100120,"Canterbury",1010,1.4,13.3,NA
"28073","20180312:0000",-44.74127,171.0631,"Waimate",1807,"Waimate",100120,"Canterbury",1010,3.2,16.4,NA
"28074","20180313:0000",-44.74127,171.0631,"Waimate",1807,"Waimate",100120,"Canterbury",1010,9.4,13.5,NA
"28075","20180314:0000",-44.74127,171.0631,"Waimate",1807,"Waimate",100120,"Canterbury",1010,3.6,11.4,NA
"28076","20180315:0000",-44.74127,171.0631,"Waimate",1807,"Waimate",100120,"Canterbury",1010,2.2,15.65,NA
"28077","20180316:0000",-44.74127,171.0631,"Waimate",1807,"Waimate",100120,"Canterbury",1010,3.2,14.7,NA
"28078","20180317:0000",-44.74127,171.0631,"Waimate",1807,"Waimate",100120,"Canterbury",1010,2.5,11.45,NA
"28079","20180318:0000",-44.74127,171.0631,"Waimate",1807,"Waimate",100120,"Canterbury",1010,1.1,14.15,NA
"28080","20180319:0000",-44.74127,171.0631,"Waimate",1807,"Waimate",100120,"Canterbury",1010,2.2,15.2,NA
"28081","20180320:0000",-44.74127,171.0631,"Waimate",1807,"Waimate",100120,"Canterbury",1010,2.5,17.35,NA
"28082","20180321:0000",-44.74127,171.0631,"Waimate",1807,"Waimate",100120,"Canterbury",1010,7.9,15.75,NA
"28083","20180322:0000",-44.74127,171.0631,"Waimate",1807,"Waimate",100120,"Canterbury",1010,15.5,9.45,NA
"28084","20180323:0000",-44.74127,171.0631,"Waimate",1807,"Waimate",100120,"Canterbury",1010,1.8,9.85,NA
"28085","20180324:0000",-44.74127,171.0631,"Waimate",1807,"Waimate",100120,"Canterbury",1010,2.2,11.8,NA
"28086","20180325:0000",-44.74127,171.0631,"Waimate",1807,"Waimate",100120,"Canterbury",1010,2.2,13.75,NA
"28087","20180326:0000",-44.74127,171.0631,"Waimate",1807,"Waimate",100120,"Canterbury",1010,1.8,16.45,NA
"28088","20180327:0000",-44.74127,171.0631,"Waimate",1807,"Waimate",100120,"Canterbury",1010,4.3,16.65,NA
"28089","20180328:0000",-44.74127,171.0631,"Waimate",1807,"Waimate",100120,"Canterbury",1010,4,15.3,NA
"28090","20180329:0000",-44.74127,171.0631,"Waimate",1807,"Waimate",100120,"Canterbury",1010,7.2,15.75,NA
"28091","20180330:0000",-44.74127,171.0631,"Waimate",1807,"Waimate",100120,"Canterbury",1010,2.2,14.4,NA
"28092","20180331:0000",-44.74127,171.0631,"Waimate",1807,"Waimate",100120,"Canterbury",1010,5,15.3,NA
"28093","20180401:0000",-44.74127,171.0631,"Waimate",1807,"Waimate",100120,"Canterbury",1010,1.4,10.6,NA
"28094","20180402:0000",-44.74127,171.0631,"Waimate",1807,"Waimate",100120,"Canterbury",1010,2.9,14.25,NA
"28095","20180403:0000",-44.74127,171.0631,"Waimate",1807,"Waimate",100120,"Canterbury",1010,13.7,14.4,NA
"28096","20180404:0000",-44.74127,171.0631,"Waimate",1807,"Waimate",100120,"Canterbury",1010,4.3,17.2,NA
"28097","20180405:0000",-44.74127,171.0631,"Waimate",1807,"Waimate",100120,"Canterbury",1010,6.8,15.55,NA
"28098","20180406:0000",-44.74127,171.0631,"Waimate",1807,"Waimate",100120,"Canterbury",1010,5,16.45,NA
"28099","20180407:0000",-44.74127,171.0631,"Waimate",1807,"Waimate",100120,"Canterbury",1010,1.8,13.1,NA
"28100","20180408:0000",-44.74127,171.0631,"Waimate",1807,"Waimate",100120,"Canterbury",1010,2.9,12.7,NA
"28101","20180409:0000",-44.74127,171.0631,"Waimate",1807,"Waimate",100120,"Canterbury",1010,2.2,10.65,NA
"28102","20180410:0000",-44.74127,171.0631,"Waimate",1807,"Waimate",100120,"Canterbury",1010,13,7.65,NA
"28103","20180411:0000",-44.74127,171.0631,"Waimate",1807,"Waimate",100120,"Canterbury",1010,19.1,8.3,NA
"28104","20180412:0000",-44.74127,171.0631,"Waimate",1807,"Waimate",100120,"Canterbury",1010,4.3,5.25,NA
"28105","20180413:0000",-44.74127,171.0631,"Waimate",1807,"Waimate",100120,"Canterbury",1010,4.3,9.85,NA
"28106","20180414:0000",-44.74127,171.0631,"Waimate",1807,"Waimate",100120,"Canterbury",1010,1.1,7.25,NA
"28107","20180415:0000",-44.74127,171.0631,"Waimate",1807,"Waimate",100120,"Canterbury",1010,6.8,8.35,NA
"28108","20180416:0000",-44.74127,171.0631,"Waimate",1807,"Waimate",100120,"Canterbury",1010,2.9,13.9,NA
"28109","20180417:0000",-44.74127,171.0631,"Waimate",1807,"Waimate",100120,"Canterbury",1010,2.9,12,NA
"28110","20180418:0000",-44.74127,171.0631,"Waimate",1807,"Waimate",100120,"Canterbury",1010,3.2,9.25,NA
"28111","20180419:0000",-44.74127,171.0631,"Waimate",1807,"Waimate",100120,"Canterbury",1010,3.6,NA,NA
"28112","20180420:0000",-44.74127,171.0631,"Waimate",1807,"Waimate",100120,"Canterbury",1010,NA,NA,NA
"28113","20180421:0000",-44.74127,171.0631,"Waimate",1807,"Waimate",100120,"Canterbury",1010,7.6,11.75,NA
"28114","20180422:0000",-44.74127,171.0631,"Waimate",1807,"Waimate",100120,"Canterbury",1010,5.4,10.2,NA
"28115","20180423:0000",-44.74127,171.0631,"Waimate",1807,"Waimate",100120,"Canterbury",1010,1.8,9.6,NA
"28116","20180424:0000",-44.74127,171.0631,"Waimate",1807,"Waimate",100120,"Canterbury",1010,10.8,12.5,NA
"28117","20180425:0000",-44.74127,171.0631,"Waimate",1807,"Waimate",100120,"Canterbury",1010,1.4,10.4,NA
"28118","20180426:0000",-44.74127,171.0631,"Waimate",1807,"Waimate",100120,"Canterbury",1010,3.2,14,NA
"28119","20180427:0000",-44.74127,171.0631,"Waimate",1807,"Waimate",100120,"Canterbury",1010,2.2,9.7,NA
"28120","20180428:0000",-44.74127,171.0631,"Waimate",1807,"Waimate",100120,"Canterbury",1010,10.8,9.85,NA
"28121","20180429:0000",-44.74127,171.0631,"Waimate",1807,"Waimate",100120,"Canterbury",1010,11.9,11.45,NA
"28122","20180430:0000",-44.74127,171.0631,"Waimate",1807,"Waimate",100120,"Canterbury",1010,6.1,12.15,NA
"28123","20180501:0000",-44.74127,171.0631,"Waimate",1807,"Waimate",100120,"Canterbury",1010,2.9,9.2,NA
"28124","20180502:0000",-44.74127,171.0631,"Waimate",1807,"Waimate",100120,"Canterbury",1010,2.5,10.45,NA
"28125","20180503:0000",-44.74127,171.0631,"Waimate",1807,"Waimate",100120,"Canterbury",1010,2.5,10.2,NA
"28126","20180504:0000",-44.74127,171.0631,"Waimate",1807,"Waimate",100120,"Canterbury",1010,2.2,9.9,NA
"28127","20180505:0000",-44.74127,171.0631,"Waimate",1807,"Waimate",100120,"Canterbury",1010,5,11.15,NA
"28128","20180506:0000",-44.74127,171.0631,"Waimate",1807,"Waimate",100120,"Canterbury",1010,3.2,11.5,NA
"28129","20180507:0000",-44.74127,171.0631,"Waimate",1807,"Waimate",100120,"Canterbury",1010,3.2,13.5,NA
"28130","20180508:0000",-44.74127,171.0631,"Waimate",1807,"Waimate",100120,"Canterbury",1010,4.3,NA,NA
"28131","20180509:0000",-44.74127,171.0631,"Waimate",1807,"Waimate",100120,"Canterbury",1010,3.6,13.4,NA
"28132","20180510:0000",-44.74127,171.0631,"Waimate",1807,"Waimate",100120,"Canterbury",1010,3.2,10,NA
"28133","20180511:0000",-44.74127,171.0631,"Waimate",1807,"Waimate",100120,"Canterbury",1010,3.2,10.25,NA
"28134","20180512:0000",-44.74127,171.0631,"Waimate",1807,"Waimate",100120,"Canterbury",1010,5.8,10.85,NA
"28135","20180513:0000",-44.74127,171.0631,"Waimate",1807,"Waimate",100120,"Canterbury",1010,2.2,7.35,NA
"28136","20180514:0000",-44.74127,171.0631,"Waimate",1807,"Waimate",100120,"Canterbury",1010,3.6,6.85,NA
"28137","20180515:0000",-44.74127,171.0631,"Waimate",1807,"Waimate",100120,"Canterbury",1010,4.7,9.2,NA
"28138","20180516:0000",-44.74127,171.0631,"Waimate",1807,"Waimate",100120,"Canterbury",1010,7.6,7.65,NA
"28139","20180517:0000",-44.74127,171.0631,"Waimate",1807,"Waimate",100120,"Canterbury",1010,3.6,7.75,NA
"28140","20180518:0000",-44.74127,171.0631,"Waimate",1807,"Waimate",100120,"Canterbury",1010,3.6,7.2,NA
"28141","20180519:0000",-44.74127,171.0631,"Waimate",1807,"Waimate",100120,"Canterbury",1010,4,9.6,NA
"28142","20180520:0000",-44.74127,171.0631,"Waimate",1807,"Waimate",100120,"Canterbury",1010,6.1,10.3,NA
"28143","20180521:0000",-44.74127,171.0631,"Waimate",1807,"Waimate",100120,"Canterbury",1010,2.2,8.05,NA
"28144","20180522:0000",-44.74127,171.0631,"Waimate",1807,"Waimate",100120,"Canterbury",1010,4.7,8.3,NA
"28145","20180523:0000",-44.74127,171.0631,"Waimate",1807,"Waimate",100120,"Canterbury",1010,5,4.55,NA
"28146","20180524:0000",-44.74127,171.0631,"Waimate",1807,"Waimate",100120,"Canterbury",1010,4.3,5.7,NA
"28147","20180525:0000",-44.74127,171.0631,"Waimate",1807,"Waimate",100120,"Canterbury",1010,2.2,4.95,NA
"28148","20180526:0000",-44.74127,171.0631,"Waimate",1807,"Waimate",100120,"Canterbury",1010,3.6,5.1,NA
"28149","20180527:0000",-44.74127,171.0631,"Waimate",1807,"Waimate",100120,"Canterbury",1010,15.1,5.7,NA
"28150","20180528:0000",-44.74127,171.0631,"Waimate",1807,"Waimate",100120,"Canterbury",1010,10.8,6.5,NA
"28151","20180529:0000",-44.74127,171.0631,"Waimate",1807,"Waimate",100120,"Canterbury",1010,3.2,3.7,NA
"28152","20180530:0000",-44.74127,171.0631,"Waimate",1807,"Waimate",100120,"Canterbury",1010,2.9,3.6,NA
"28153","20180531:0000",-44.74127,171.0631,"Waimate",1807,"Waimate",100120,"Canterbury",1010,3.2,4,NA
"28154","20180601:0000",-44.74127,171.0631,"Waimate",1807,"Waimate",100120,"Canterbury",1010,3.6,4.35,NA
"28155","20180602:0000",-44.74127,171.0631,"Waimate",1807,"Waimate",100120,"Canterbury",1010,2.2,4.7,NA
"28156","20180603:0000",-44.74127,171.0631,"Waimate",1807,"Waimate",100120,"Canterbury",1010,1.4,5.15,NA
"28157","20180604:0000",-44.74127,171.0631,"Waimate",1807,"Waimate",100120,"Canterbury",1010,2.5,6.85,NA
"28158","20180605:0000",-44.74127,171.0631,"Waimate",1807,"Waimate",100120,"Canterbury",1010,1.1,6.65,NA
"28159","20180606:0000",-44.74127,171.0631,"Waimate",1807,"Waimate",100120,"Canterbury",1010,16.6,7.85,NA
"28160","20180607:0000",-44.74127,171.0631,"Waimate",1807,"Waimate",100120,"Canterbury",1010,16.9,10.2,NA
"28161","20180608:0000",-44.74127,171.0631,"Waimate",1807,"Waimate",100120,"Canterbury",1010,2.2,5.6,NA
"28162","20180609:0000",-44.74127,171.0631,"Waimate",1807,"Waimate",100120,"Canterbury",1010,4,7.3,NA
"28163","20180610:0000",-44.74127,171.0631,"Waimate",1807,"Waimate",100120,"Canterbury",1010,2.5,7,NA
"28164","20180611:0000",-44.74127,171.0631,"Waimate",1807,"Waimate",100120,"Canterbury",1010,1.4,8.3,NA
"28165","20180612:0000",-44.74127,171.0631,"Waimate",1807,"Waimate",100120,"Canterbury",1010,1.4,5.6,NA
"28166","20180613:0000",-44.74127,171.0631,"Waimate",1807,"Waimate",100120,"Canterbury",1010,1.4,8.1,NA
"28167","20180614:0000",-44.74127,171.0631,"Waimate",1807,"Waimate",100120,"Canterbury",1010,2.2,9.35,NA
"28168","20180615:0000",-44.74127,171.0631,"Waimate",1807,"Waimate",100120,"Canterbury",1010,2.5,7.65,NA
"28169","20180616:0000",-44.74127,171.0631,"Waimate",1807,"Waimate",100120,"Canterbury",1010,4,5.6,NA
"28170","20180617:0000",-44.74127,171.0631,"Waimate",1807,"Waimate",100120,"Canterbury",1010,4,6,NA
"28171","20180618:0000",-44.74127,171.0631,"Waimate",1807,"Waimate",100120,"Canterbury",1010,4,6.6,NA
"28172","20180619:0000",-44.74127,171.0631,"Waimate",1807,"Waimate",100120,"Canterbury",1010,2.5,6.4,NA
"28173","20180620:0000",-44.74127,171.0631,"Waimate",1807,"Waimate",100120,"Canterbury",1010,2.9,5.75,NA
"28174","20180621:0000",-44.74127,171.0631,"Waimate",1807,"Waimate",100120,"Canterbury",1010,4,4.15,NA
"28175","20180622:0000",-44.74127,171.0631,"Waimate",1807,"Waimate",100120,"Canterbury",1010,4.3,2.8,NA
"28176","20180623:0000",-44.74127,171.0631,"Waimate",1807,"Waimate",100120,"Canterbury",1010,2.5,1.8,NA
"28177","20180624:0000",-44.74127,171.0631,"Waimate",1807,"Waimate",100120,"Canterbury",1010,5,5.9,NA
"28178","20180625:0000",-44.74127,171.0631,"Waimate",1807,"Waimate",100120,"Canterbury",1010,3.6,6.15,NA
"28179","20180626:0000",-44.74127,171.0631,"Waimate",1807,"Waimate",100120,"Canterbury",1010,13.3,5.5,NA
"28180","20180627:0000",-44.74127,171.0631,"Waimate",1807,"Waimate",100120,"Canterbury",1010,3.2,9.35,NA
"28181","20180628:0000",-44.74127,171.0631,"Waimate",1807,"Waimate",100120,"Canterbury",1010,4.3,8.55,NA
"28182","20180629:0000",-44.74127,171.0631,"Waimate",1807,"Waimate",100120,"Canterbury",1010,1.4,6.1,NA
"28183","20180630:0000",-44.74127,171.0631,"Waimate",1807,"Waimate",100120,"Canterbury",1010,4,5.3,NA
"28184","20180701:0000",-44.74127,171.0631,"Waimate",1807,"Waimate",100120,"Canterbury",1010,4,5.85,NA
"28185","20180702:0000",-44.74127,171.0631,"Waimate",1807,"Waimate",100120,"Canterbury",1010,6.5,6.95,NA
"28186","20180703:0000",-44.74127,171.0631,"Waimate",1807,"Waimate",100120,"Canterbury",1010,4.3,4.85,NA
"28187","20180704:0000",-44.74127,171.0631,"Waimate",1807,"Waimate",100120,"Canterbury",1010,4,4.7,NA
"28188","20180705:0000",-44.74127,171.0631,"Waimate",1807,"Waimate",100120,"Canterbury",1010,6.1,5,NA
"28189","20180706:0000",-44.74127,171.0631,"Waimate",1807,"Waimate",100120,"Canterbury",1010,0.7,10.1,NA
"28190","20180707:0000",-44.74127,171.0631,"Waimate",1807,"Waimate",100120,"Canterbury",1010,7.9,11.5,NA
"28191","20180708:0000",-44.74127,171.0631,"Waimate",1807,"Waimate",100120,"Canterbury",1010,4.3,6.45,NA
"28192","20180709:0000",-44.74127,171.0631,"Waimate",1807,"Waimate",100120,"Canterbury",1010,7.6,6,NA
"28193","20180710:0000",-44.74127,171.0631,"Waimate",1807,"Waimate",100120,"Canterbury",1010,2.5,7.65,NA
"28194","20180711:0000",-44.74127,171.0631,"Waimate",1807,"Waimate",100120,"Canterbury",1010,3.6,7.35,NA
"28195","20180712:0000",-44.74127,171.0631,"Waimate",1807,"Waimate",100120,"Canterbury",1010,3.6,6.85,NA
"28196","20180713:0000",-44.74127,171.0631,"Waimate",1807,"Waimate",100120,"Canterbury",1010,3.2,3.85,NA
"28197","20180714:0000",-44.74127,171.0631,"Waimate",1807,"Waimate",100120,"Canterbury",1010,3.2,5.2,NA
"28198","20180715:0000",-44.74127,171.0631,"Waimate",1807,"Waimate",100120,"Canterbury",1010,2.2,4.15,NA
"28199","20180716:0000",-44.74127,171.0631,"Waimate",1807,"Waimate",100120,"Canterbury",1010,1.8,7.05,NA
"28200","20180717:0000",-44.74127,171.0631,"Waimate",1807,"Waimate",100120,"Canterbury",1010,3.6,8.75,NA
"28201","20180718:0000",-44.74127,171.0631,"Waimate",1807,"Waimate",100120,"Canterbury",1010,3.6,6.2,NA
"28202","20180719:0000",-44.74127,171.0631,"Waimate",1807,"Waimate",100120,"Canterbury",1010,4,5.05,NA
"28203","20180720:0000",-44.74127,171.0631,"Waimate",1807,"Waimate",100120,"Canterbury",1010,4.3,5.5,NA
"28204","20180721:0000",-44.74127,171.0631,"Waimate",1807,"Waimate",100120,"Canterbury",1010,3.6,7.3,NA
"28205","20180722:0000",-44.74127,171.0631,"Waimate",1807,"Waimate",100120,"Canterbury",1010,5.4,7.55,NA
"28206","20180723:0000",-44.74127,171.0631,"Waimate",1807,"Waimate",100120,"Canterbury",1010,10.1,8.05,NA
"28207","20180724:0000",-44.74127,171.0631,"Waimate",1807,"Waimate",100120,"Canterbury",1010,7.2,6.8,NA
"28208","20180725:0000",-44.74127,171.0631,"Waimate",1807,"Waimate",100120,"Canterbury",1010,4.3,3.6,NA
"28209","20180726:0000",-44.74127,171.0631,"Waimate",1807,"Waimate",100120,"Canterbury",1010,3.6,6,NA
"28210","20180727:0000",-44.74127,171.0631,"Waimate",1807,"Waimate",100120,"Canterbury",1010,3.6,6.85,NA
"28211","20180728:0000",-44.74127,171.0631,"Waimate",1807,"Waimate",100120,"Canterbury",1010,2.5,7.2,NA
"28212","20180729:0000",-44.74127,171.0631,"Waimate",1807,"Waimate",100120,"Canterbury",1010,6.5,7.2,NA
"28213","20180730:0000",-44.74127,171.0631,"Waimate",1807,"Waimate",100120,"Canterbury",1010,1.1,4.15,NA
"28214","20180731:0000",-44.74127,171.0631,"Waimate",1807,"Waimate",100120,"Canterbury",1010,2.2,6.95,NA
"28215","20180801:0000",-44.74127,171.0631,"Waimate",1807,"Waimate",100120,"Canterbury",1010,4.3,7.85,NA
"28216","20180802:0000",-44.74127,171.0631,"Waimate",1807,"Waimate",100120,"Canterbury",1010,2.2,6.85,NA
"28217","20180803:0000",-44.74127,171.0631,"Waimate",1807,"Waimate",100120,"Canterbury",1010,8.3,7.3,NA
"28218","20180804:0000",-44.74127,171.0631,"Waimate",1807,"Waimate",100120,"Canterbury",1010,2.9,9.25,NA
"28219","20180805:0000",-44.74127,171.0631,"Waimate",1807,"Waimate",100120,"Canterbury",1010,1.4,7.3,NA
"28220","20180806:0000",-44.74127,171.0631,"Waimate",1807,"Waimate",100120,"Canterbury",1010,3.2,5.25,NA
"28221","20180807:0000",-44.74127,171.0631,"Waimate",1807,"Waimate",100120,"Canterbury",1010,6.8,3.85,NA
"28222","20180808:0000",-44.74127,171.0631,"Waimate",1807,"Waimate",100120,"Canterbury",1010,4.3,6.8,NA
"28223","20180809:0000",-44.74127,171.0631,"Waimate",1807,"Waimate",100120,"Canterbury",1010,2.5,8.25,NA
"28224","20180810:0000",-44.74127,171.0631,"Waimate",1807,"Waimate",100120,"Canterbury",1010,2.9,8.3,NA
"28225","20180811:0000",-44.74127,171.0631,"Waimate",1807,"Waimate",100120,"Canterbury",1010,3.6,5.5,NA
"28226","20180812:0000",-44.74127,171.0631,"Waimate",1807,"Waimate",100120,"Canterbury",1010,5.4,5.6,NA
"28227","20180813:0000",-44.74127,171.0631,"Waimate",1807,"Waimate",100120,"Canterbury",1010,3.6,7.7,NA
"28228","20180814:0000",-44.74127,171.0631,"Waimate",1807,"Waimate",100120,"Canterbury",1010,1.8,7.4,NA
"28229","20180815:0000",-44.74127,171.0631,"Waimate",1807,"Waimate",100120,"Canterbury",1010,2.5,6.85,NA
"28230","20180816:0000",-44.74127,171.0631,"Waimate",1807,"Waimate",100120,"Canterbury",1010,4,10.85,NA
"28231","20180817:0000",-44.74127,171.0631,"Waimate",1807,"Waimate",100120,"Canterbury",1010,3.6,5.5,NA
"28232","20180818:0000",-44.74127,171.0631,"Waimate",1807,"Waimate",100120,"Canterbury",1010,2.5,5.65,NA
"28233","20180819:0000",-44.74127,171.0631,"Waimate",1807,"Waimate",100120,"Canterbury",1010,3.2,3.5,NA
"28234","20180820:0000",-44.74127,171.0631,"Waimate",1807,"Waimate",100120,"Canterbury",1010,1.1,5.75,NA
"28235","20180821:0000",-44.74127,171.0631,"Waimate",1807,"Waimate",100120,"Canterbury",1010,2.2,6.8,NA
"28236","20180822:0000",-44.74127,171.0631,"Waimate",1807,"Waimate",100120,"Canterbury",1010,2.9,6.7,NA
"28237","20180823:0000",-44.74127,171.0631,"Waimate",1807,"Waimate",100120,"Canterbury",1010,2.9,6.2,NA
"28238","20180824:0000",-44.74127,171.0631,"Waimate",1807,"Waimate",100120,"Canterbury",1010,9,9.15,NA
"28239","20180825:0000",-44.74127,171.0631,"Waimate",1807,"Waimate",100120,"Canterbury",1010,7.2,7.75,NA
"28240","20180826:0000",-44.74127,171.0631,"Waimate",1807,"Waimate",100120,"Canterbury",1010,2.9,7.25,NA
"28241","20180827:0000",-44.74127,171.0631,"Waimate",1807,"Waimate",100120,"Canterbury",1010,2.9,7.95,NA
"28242","20180828:0000",-44.74127,171.0631,"Waimate",1807,"Waimate",100120,"Canterbury",1010,13,7.45,NA
"28243","20180829:0000",-44.74127,171.0631,"Waimate",1807,"Waimate",100120,"Canterbury",1010,1.1,8.3,NA
"28244","20180830:0000",-44.74127,171.0631,"Waimate",1807,"Waimate",100120,"Canterbury",1010,3.6,7.4,NA
"28245","20180831:0000",-44.74127,171.0631,"Waimate",1807,"Waimate",100120,"Canterbury",1010,9,4.95,NA
"28246","20180901:0000",-44.74127,171.0631,"Waimate",1807,"Waimate",100120,"Canterbury",1010,1.4,6.4,NA
"28247","20180902:0000",-44.74127,171.0631,"Waimate",1807,"Waimate",100120,"Canterbury",1010,3.6,8.9,NA
"28248","20180903:0000",-44.74127,171.0631,"Waimate",1807,"Waimate",100120,"Canterbury",1010,11.5,8.7,NA
"28249","20180904:0000",-44.74127,171.0631,"Waimate",1807,"Waimate",100120,"Canterbury",1010,6.5,7.5,NA
"28250","20180905:0000",-44.74127,171.0631,"Waimate",1807,"Waimate",100120,"Canterbury",1010,5.4,7.2,NA
"28251","20180906:0000",-44.74127,171.0631,"Waimate",1807,"Waimate",100120,"Canterbury",1010,3.2,4.3,NA
"28252","20180907:0000",-44.74127,171.0631,"Waimate",1807,"Waimate",100120,"Canterbury",1010,5,4.75,NA
"28253","20180908:0000",-44.74127,171.0631,"Waimate",1807,"Waimate",100120,"Canterbury",1010,5.8,4.15,NA
"28254","20180909:0000",-44.74127,171.0631,"Waimate",1807,"Waimate",100120,"Canterbury",1010,6.1,6.65,NA
"28255","20180910:0000",-44.74127,171.0631,"Waimate",1807,"Waimate",100120,"Canterbury",1010,4,9.3,NA
"28256","20180911:0000",-44.74127,171.0631,"Waimate",1807,"Waimate",100120,"Canterbury",1010,1.8,10.6,NA
"28257","20180912:0000",-44.74127,171.0631,"Waimate",1807,"Waimate",100120,"Canterbury",1010,4.7,8.15,NA
"28258","20180913:0000",-44.74127,171.0631,"Waimate",1807,"Waimate",100120,"Canterbury",1010,4.7,12.25,NA
"28259","20180914:0000",-44.74127,171.0631,"Waimate",1807,"Waimate",100120,"Canterbury",1010,9,11.2,NA
"28260","20180915:0000",-44.74127,171.0631,"Waimate",1807,"Waimate",100120,"Canterbury",1010,2.9,11.35,NA
"28261","20180916:0000",-44.74127,171.0631,"Waimate",1807,"Waimate",100120,"Canterbury",1010,3.6,13.75,NA
"28262","20180917:0000",-44.74127,171.0631,"Waimate",1807,"Waimate",100120,"Canterbury",1010,5.8,8.55,NA
"28263","20180918:0000",-44.74127,171.0631,"Waimate",1807,"Waimate",100120,"Canterbury",1010,5.8,7.95,NA
"28264","20180919:0000",-44.74127,171.0631,"Waimate",1807,"Waimate",100120,"Canterbury",1010,1.8,7.85,NA
"28265","20180920:0000",-44.74127,171.0631,"Waimate",1807,"Waimate",100120,"Canterbury",1010,2.5,9,NA
"28266","20180921:0000",-44.74127,171.0631,"Waimate",1807,"Waimate",100120,"Canterbury",1010,4.3,9.85,NA
"28267","20180922:0000",-44.74127,171.0631,"Waimate",1807,"Waimate",100120,"Canterbury",1010,3.2,8.2,NA
"28268","20180923:0000",-44.74127,171.0631,"Waimate",1807,"Waimate",100120,"Canterbury",1010,4,7.5,NA
"28269","20180924:0000",-44.74127,171.0631,"Waimate",1807,"Waimate",100120,"Canterbury",1010,5,7.6,NA
"28270","20180925:0000",-44.74127,171.0631,"Waimate",1807,"Waimate",100120,"Canterbury",1010,13,9.6,NA
"28271","20180926:0000",-44.74127,171.0631,"Waimate",1807,"Waimate",100120,"Canterbury",1010,13,7.8,NA
"28272","20180927:0000",-44.74127,171.0631,"Waimate",1807,"Waimate",100120,"Canterbury",1010,9.7,7.45,NA
"28273","20180928:0000",-44.74127,171.0631,"Waimate",1807,"Waimate",100120,"Canterbury",1010,6.1,7.2,NA
"28274","20180929:0000",-44.74127,171.0631,"Waimate",1807,"Waimate",100120,"Canterbury",1010,3.2,8.65,NA
"28275","20180930:0000",-44.74127,171.0631,"Waimate",1807,"Waimate",100120,"Canterbury",1010,2.2,8.85,NA
"28276","20181001:0000",-44.74127,171.0631,"Waimate",1807,"Waimate",100120,"Canterbury",1010,6.5,8.9,NA
"28277","20181002:0000",-44.74127,171.0631,"Waimate",1807,"Waimate",100120,"Canterbury",1010,2.2,9.2,NA
"28278","20181003:0000",-44.74127,171.0631,"Waimate",1807,"Waimate",100120,"Canterbury",1010,2.2,6.7,NA
"28279","20181004:0000",-44.74127,171.0631,"Waimate",1807,"Waimate",100120,"Canterbury",1010,2.2,9.3,NA
"28280","20181005:0000",-44.74127,171.0631,"Waimate",1807,"Waimate",100120,"Canterbury",1010,3.2,6.35,NA
"28281","20181006:0000",-44.74127,171.0631,"Waimate",1807,"Waimate",100120,"Canterbury",1010,2.2,8.75,NA
"28282","20181007:0000",-44.74127,171.0631,"Waimate",1807,"Waimate",100120,"Canterbury",1010,2.2,10.55,NA
"28283","20181008:0000",-44.74127,171.0631,"Waimate",1807,"Waimate",100120,"Canterbury",1010,2.5,10.45,NA
"28284","20181009:0000",-44.74127,171.0631,"Waimate",1807,"Waimate",100120,"Canterbury",1010,2.2,10,NA
"28285","20181010:0000",-44.74127,171.0631,"Waimate",1807,"Waimate",100120,"Canterbury",1010,2.5,13.3,NA
"28286","20181011:0000",-44.74127,171.0631,"Waimate",1807,"Waimate",100120,"Canterbury",1010,2.9,8.55,NA
"28287","20181012:0000",-44.74127,171.0631,"Waimate",1807,"Waimate",100120,"Canterbury",1010,12.2,7.25,NA
"28288","20181013:0000",-44.74127,171.0631,"Waimate",1807,"Waimate",100120,"Canterbury",1010,4.3,7.7,NA
"28289","20181014:0000",-44.74127,171.0631,"Waimate",1807,"Waimate",100120,"Canterbury",1010,12.2,10.15,NA
"28290","20181015:0000",-44.74127,171.0631,"Waimate",1807,"Waimate",100120,"Canterbury",1010,2.2,7.05,NA
"28291","20181016:0000",-44.74127,171.0631,"Waimate",1807,"Waimate",100120,"Canterbury",1010,3.6,9.4,NA
"28292","20181017:0000",-44.74127,171.0631,"Waimate",1807,"Waimate",100120,"Canterbury",1010,1.4,14.35,NA
"28293","20181018:0000",-44.74127,171.0631,"Waimate",1807,"Waimate",100120,"Canterbury",1010,7.6,13.5,NA
"28294","20181019:0000",-44.74127,171.0631,"Waimate",1807,"Waimate",100120,"Canterbury",1010,2.2,11.55,NA
"28295","20181020:0000",-44.74127,171.0631,"Waimate",1807,"Waimate",100120,"Canterbury",1010,2.2,13.05,NA
"28296","20181021:0000",-44.74127,171.0631,"Waimate",1807,"Waimate",100120,"Canterbury",1010,2.5,14.3,NA
"28297","20181022:0000",-44.74127,171.0631,"Waimate",1807,"Waimate",100120,"Canterbury",1010,1.4,13.1,NA
"28298","20181023:0000",-44.74127,171.0631,"Waimate",1807,"Waimate",100120,"Canterbury",1010,2.9,13.6,NA
"28299","20181024:0000",-44.74127,171.0631,"Waimate",1807,"Waimate",100120,"Canterbury",1010,3.6,13.6,NA
"28300","20181025:0000",-44.74127,171.0631,"Waimate",1807,"Waimate",100120,"Canterbury",1010,6.1,9.1,NA
"28301","20181026:0000",-44.74127,171.0631,"Waimate",1807,"Waimate",100120,"Canterbury",1010,2.9,9.45,NA
"28302","20181027:0000",-44.74127,171.0631,"Waimate",1807,"Waimate",100120,"Canterbury",1010,3.6,10.5,NA
"28303","20181028:0000",-44.74127,171.0631,"Waimate",1807,"Waimate",100120,"Canterbury",1010,3.6,10.95,NA
"28304","20181029:0000",-44.74127,171.0631,"Waimate",1807,"Waimate",100120,"Canterbury",1010,3.2,11.4,NA
"28305","20181030:0000",-44.74127,171.0631,"Waimate",1807,"Waimate",100120,"Canterbury",1010,9.7,9.7,NA
"28306","20181031:0000",-44.74127,171.0631,"Waimate",1807,"Waimate",100120,"Canterbury",1010,9,8.1,NA
"28307","20181101:0000",-44.74127,171.0631,"Waimate",1807,"Waimate",100120,"Canterbury",1010,16.6,12.1,NA
"28308","20181102:0000",-44.74127,171.0631,"Waimate",1807,"Waimate",100120,"Canterbury",1010,4.7,8.65,NA
"28309","20181103:0000",-44.74127,171.0631,"Waimate",1807,"Waimate",100120,"Canterbury",1010,4.3,17,NA
"28310","20181104:0000",-44.74127,171.0631,"Waimate",1807,"Waimate",100120,"Canterbury",1010,4.7,12.75,NA
"28311","20181105:0000",-44.74127,171.0631,"Waimate",1807,"Waimate",100120,"Canterbury",1010,3.6,11.55,NA
"28312","20181106:0000",-44.74127,171.0631,"Waimate",1807,"Waimate",100120,"Canterbury",1010,6.5,11.65,NA
"28313","20181107:0000",-44.74127,171.0631,"Waimate",1807,"Waimate",100120,"Canterbury",1010,2.9,15.05,NA
"28314","20181108:0000",-44.74127,171.0631,"Waimate",1807,"Waimate",100120,"Canterbury",1010,10.8,12.6,NA
"28315","20181109:0000",-44.74127,171.0631,"Waimate",1807,"Waimate",100120,"Canterbury",1010,6.8,7.25,NA
"28316","20181110:0000",-44.74127,171.0631,"Waimate",1807,"Waimate",100120,"Canterbury",1010,2.9,7.6,NA
"28317","20181111:0000",-44.74127,171.0631,"Waimate",1807,"Waimate",100120,"Canterbury",1010,6.1,11.7,NA
"28318","20181112:0000",-44.74127,171.0631,"Waimate",1807,"Waimate",100120,"Canterbury",1010,2.5,13,NA
"28319","20181113:0000",-44.74127,171.0631,"Waimate",1807,"Waimate",100120,"Canterbury",1010,3.2,12.2,NA
"28320","20181114:0000",-44.74127,171.0631,"Waimate",1807,"Waimate",100120,"Canterbury",1010,2.9,12.1,NA
"28321","20181115:0000",-44.74127,171.0631,"Waimate",1807,"Waimate",100120,"Canterbury",1010,2.9,14.35,NA
"28322","20181116:0000",-44.74127,171.0631,"Waimate",1807,"Waimate",100120,"Canterbury",1010,5.8,13,NA
"28323","20181117:0000",-44.74127,171.0631,"Waimate",1807,"Waimate",100120,"Canterbury",1010,1.8,13.5,NA
"28324","20181118:0000",-44.74127,171.0631,"Waimate",1807,"Waimate",100120,"Canterbury",1010,5.4,12.85,NA
"28325","20181119:0000",-44.74127,171.0631,"Waimate",1807,"Waimate",100120,"Canterbury",1010,16.9,8.05,NA
"28326","20181120:0000",-44.74127,171.0631,"Waimate",1807,"Waimate",100120,"Canterbury",1010,6.1,9.15,NA
"28327","20181121:0000",-44.74127,171.0631,"Waimate",1807,"Waimate",100120,"Canterbury",1010,7.2,10.5,NA
"28328","20181122:0000",-44.74127,171.0631,"Waimate",1807,"Waimate",100120,"Canterbury",1010,5.4,12.9,NA
"28329","20181123:0000",-44.74127,171.0631,"Waimate",1807,"Waimate",100120,"Canterbury",1010,7.9,12.4,NA
"28330","20181124:0000",-44.74127,171.0631,"Waimate",1807,"Waimate",100120,"Canterbury",1010,4.7,12.8,NA
"28331","20181125:0000",-44.74127,171.0631,"Waimate",1807,"Waimate",100120,"Canterbury",1010,11.2,12.5,NA
"28332","20181126:0000",-44.74127,171.0631,"Waimate",1807,"Waimate",100120,"Canterbury",1010,8.6,12.35,NA
"28333","20181127:0000",-44.74127,171.0631,"Waimate",1807,"Waimate",100120,"Canterbury",1010,7.2,13.1,NA
"28334","20181128:0000",-44.74127,171.0631,"Waimate",1807,"Waimate",100120,"Canterbury",1010,3.2,12.05,NA
"28335","20181129:0000",-44.74127,171.0631,"Waimate",1807,"Waimate",100120,"Canterbury",1010,6.8,13.85,NA
"28336","20181130:0000",-44.74127,171.0631,"Waimate",1807,"Waimate",100120,"Canterbury",1010,8.6,13.9,NA
"28337","20181201:0000",-44.74127,171.0631,"Waimate",1807,"Waimate",100120,"Canterbury",1010,3.6,14.3,NA
"28338","20181202:0000",-44.74127,171.0631,"Waimate",1807,"Waimate",100120,"Canterbury",1010,5.8,16.25,NA
"28339","20181203:0000",-44.74127,171.0631,"Waimate",1807,"Waimate",100120,"Canterbury",1010,5.8,16.85,NA
"28340","20181204:0000",-44.74127,171.0631,"Waimate",1807,"Waimate",100120,"Canterbury",1010,2.9,16.2,NA
"28341","20181205:0000",-44.74127,171.0631,"Waimate",1807,"Waimate",100120,"Canterbury",1010,10.1,13.55,NA
"28342","20181206:0000",-44.74127,171.0631,"Waimate",1807,"Waimate",100120,"Canterbury",1010,15.8,14.25,NA
"28343","20181207:0000",-44.74127,171.0631,"Waimate",1807,"Waimate",100120,"Canterbury",1010,3.6,11.45,NA
"28344","20181208:0000",-44.74127,171.0631,"Waimate",1807,"Waimate",100120,"Canterbury",1010,9.4,15.05,NA
"28345","20181209:0000",-44.74127,171.0631,"Waimate",1807,"Waimate",100120,"Canterbury",1010,7.9,18.2,NA
"28346","20181210:0000",-44.74127,171.0631,"Waimate",1807,"Waimate",100120,"Canterbury",1010,4.7,12.35,NA
"28347","20181211:0000",-44.74127,171.0631,"Waimate",1807,"Waimate",100120,"Canterbury",1010,7.2,12.65,NA
"28348","20181212:0000",-44.74127,171.0631,"Waimate",1807,"Waimate",100120,"Canterbury",1010,8.3,13.05,NA
"28349","20181213:0000",-44.74127,171.0631,"Waimate",1807,"Waimate",100120,"Canterbury",1010,7.2,14.3,NA
"28350","20181214:0000",-44.74127,171.0631,"Waimate",1807,"Waimate",100120,"Canterbury",1010,6.8,16.45,NA
"28351","20181215:0000",-44.74127,171.0631,"Waimate",1807,"Waimate",100120,"Canterbury",1010,2.9,14.3,NA
"28352","20181216:0000",-44.74127,171.0631,"Waimate",1807,"Waimate",100120,"Canterbury",1010,2.2,15.25,NA
"28353","20181217:0000",-44.74127,171.0631,"Waimate",1807,"Waimate",100120,"Canterbury",1010,5,16.6,NA
"28354","20181218:0000",-44.74127,171.0631,"Waimate",1807,"Waimate",100120,"Canterbury",1010,4,21.75,NA
"28355","20181219:0000",-44.74127,171.0631,"Waimate",1807,"Waimate",100120,"Canterbury",1010,7.9,10.5,NA
"28356","20181220:0000",-44.74127,171.0631,"Waimate",1807,"Waimate",100120,"Canterbury",1010,9.4,11.3,NA
"28357","20181221:0000",-44.74127,171.0631,"Waimate",1807,"Waimate",100120,"Canterbury",1010,3.6,12.25,NA
"28358","20181222:0000",-44.74127,171.0631,"Waimate",1807,"Waimate",100120,"Canterbury",1010,3.2,12.1,NA
"28359","20181223:0000",-44.74127,171.0631,"Waimate",1807,"Waimate",100120,"Canterbury",1010,3.6,11.8,NA
"28360","20181224:0000",-44.74127,171.0631,"Waimate",1807,"Waimate",100120,"Canterbury",1010,5.4,12.7,NA
"28361","20181225:0000",-44.74127,171.0631,"Waimate",1807,"Waimate",100120,"Canterbury",1010,8.6,16.15,NA
"28362","20181226:0000",-44.74127,171.0631,"Waimate",1807,"Waimate",100120,"Canterbury",1010,8.6,14.35,NA
"28363","20181227:0000",-44.74127,171.0631,"Waimate",1807,"Waimate",100120,"Canterbury",1010,4.3,13.6,NA
"28364","20181228:0000",-44.74127,171.0631,"Waimate",1807,"Waimate",100120,"Canterbury",1010,7.6,15.15,NA
"28365","20181229:0000",-44.74127,171.0631,"Waimate",1807,"Waimate",100120,"Canterbury",1010,2.5,19.75,NA
"28366","20181230:0000",-44.74127,171.0631,"Waimate",1807,"Waimate",100120,"Canterbury",1010,2.5,23.55,NA
"28367","20181231:0000",-44.74127,171.0631,"Waimate",1807,"Waimate",100120,"Canterbury",1010,10.1,15.7,NA
"28368","20190101:0000",-44.74127,171.0631,"Waimate",1807,"Waimate",100120,"Canterbury",1010,5.8,20,NA
"28369","20190102:0000",-44.74127,171.0631,"Waimate",1807,"Waimate",100120,"Canterbury",1010,3.6,23.75,NA
"28370","20190103:0000",-44.74127,171.0631,"Waimate",1807,"Waimate",100120,"Canterbury",1010,7.6,16.8,NA
"28371","20190104:0000",-44.74127,171.0631,"Waimate",1807,"Waimate",100120,"Canterbury",1010,6.8,14.65,NA
"28372","20190105:0000",-44.74127,171.0631,"Waimate",1807,"Waimate",100120,"Canterbury",1010,3.6,20.15,NA
"28373","20190106:0000",-44.74127,171.0631,"Waimate",1807,"Waimate",100120,"Canterbury",1010,5.8,14.2,NA
"28374","20190107:0000",-44.74127,171.0631,"Waimate",1807,"Waimate",100120,"Canterbury",1010,7.9,16.4,NA
"28375","20190108:0000",-44.74127,171.0631,"Waimate",1807,"Waimate",100120,"Canterbury",1010,5.8,15.95,NA
"28376","20190109:0000",-44.74127,171.0631,"Waimate",1807,"Waimate",100120,"Canterbury",1010,6.8,17.2,NA
"28377","20190110:0000",-44.74127,171.0631,"Waimate",1807,"Waimate",100120,"Canterbury",1010,8.6,16.6,NA
"28378","20190111:0000",-44.74127,171.0631,"Waimate",1807,"Waimate",100120,"Canterbury",1010,7.6,12.55,NA
"28379","20190112:0000",-44.74127,171.0631,"Waimate",1807,"Waimate",100120,"Canterbury",1010,3.2,12.8,NA
"28380","20190113:0000",-44.74127,171.0631,"Waimate",1807,"Waimate",100120,"Canterbury",1010,2.9,14.2,NA
"28381","20190114:0000",-44.74127,171.0631,"Waimate",1807,"Waimate",100120,"Canterbury",1010,6.5,14.95,NA
"28382","20190115:0000",-44.74127,171.0631,"Waimate",1807,"Waimate",100120,"Canterbury",1010,2.9,14.1,NA
"28383","20190116:0000",-44.74127,171.0631,"Waimate",1807,"Waimate",100120,"Canterbury",1010,7.2,14.05,NA
"28384","20190117:0000",-44.74127,171.0631,"Waimate",1807,"Waimate",100120,"Canterbury",1010,7.2,16.3,NA
"28385","20190118:0000",-44.74127,171.0631,"Waimate",1807,"Waimate",100120,"Canterbury",1010,5,16.1,NA
"28386","20190119:0000",-44.74127,171.0631,"Waimate",1807,"Waimate",100120,"Canterbury",1010,7.2,19.85,NA
"28387","20190120:0000",-44.74127,171.0631,"Waimate",1807,"Waimate",100120,"Canterbury",1010,8.6,20.35,NA
"28388","20190121:0000",-44.74127,171.0631,"Waimate",1807,"Waimate",100120,"Canterbury",1010,7.2,15.7,NA
"28389","20190122:0000",-44.74127,171.0631,"Waimate",1807,"Waimate",100120,"Canterbury",1010,2.9,19.05,NA
"28390","20190123:0000",-44.74127,171.0631,"Waimate",1807,"Waimate",100120,"Canterbury",1010,7.6,15.85,NA
"28391","20190124:0000",-44.74127,171.0631,"Waimate",1807,"Waimate",100120,"Canterbury",1010,4,11.05,NA
"28392","20190125:0000",-44.74127,171.0631,"Waimate",1807,"Waimate",100120,"Canterbury",1010,1.4,12.3,NA
"28393","20190126:0000",-44.74127,171.0631,"Waimate",1807,"Waimate",100120,"Canterbury",1010,2.5,16.8,NA
"28394","20190127:0000",-44.74127,171.0631,"Waimate",1807,"Waimate",100120,"Canterbury",1010,6.1,16.4,NA
"28395","20190128:0000",-44.74127,171.0631,"Waimate",1807,"Waimate",100120,"Canterbury",1010,4.3,19.6,NA
"28396","20190129:0000",-44.74127,171.0631,"Waimate",1807,"Waimate",100120,"Canterbury",1010,4.3,16.8,NA
"28397","20190130:0000",-44.74127,171.0631,"Waimate",1807,"Waimate",100120,"Canterbury",1010,2.2,20.7,NA
"28398","20190131:0000",-44.74127,171.0631,"Waimate",1807,"Waimate",100120,"Canterbury",1010,2.2,21,NA
"28399","20190201:0000",-44.74127,171.0631,"Waimate",1807,"Waimate",100120,"Canterbury",1010,4,22.25,NA
"28400","20190202:0000",-44.74127,171.0631,"Waimate",1807,"Waimate",100120,"Canterbury",1010,2.5,12.85,NA
"28401","20190203:0000",-44.74127,171.0631,"Waimate",1807,"Waimate",100120,"Canterbury",1010,4.3,14.2,NA
"28402","20190204:0000",-44.74127,171.0631,"Waimate",1807,"Waimate",100120,"Canterbury",1010,3.2,18.3,NA
"28403","20190205:0000",-44.74127,171.0631,"Waimate",1807,"Waimate",100120,"Canterbury",1010,2.9,17.05,NA
"28404","20190206:0000",-44.74127,171.0631,"Waimate",1807,"Waimate",100120,"Canterbury",1010,3.6,13.45,NA
"28405","20190207:0000",-44.74127,171.0631,"Waimate",1807,"Waimate",100120,"Canterbury",1010,2.9,13.4,NA
"28406","20190208:0000",-44.74127,171.0631,"Waimate",1807,"Waimate",100120,"Canterbury",1010,2.9,13.5,NA
"28407","20190209:0000",-44.74127,171.0631,"Waimate",1807,"Waimate",100120,"Canterbury",1010,3.2,18.15,NA
"28408","20190210:0000",-44.74127,171.0631,"Waimate",1807,"Waimate",100120,"Canterbury",1010,2.2,19.75,NA
"28409","20190211:0000",-44.74127,171.0631,"Waimate",1807,"Waimate",100120,"Canterbury",1010,1.4,18.45,NA
"28410","20190212:0000",-44.74127,171.0631,"Waimate",1807,"Waimate",100120,"Canterbury",1010,4,18.1,NA
"28411","20190213:0000",-44.74127,171.0631,"Waimate",1807,"Waimate",100120,"Canterbury",1010,2.5,17.65,NA
"28412","20190214:0000",-44.74127,171.0631,"Waimate",1807,"Waimate",100120,"Canterbury",1010,2.9,19.6,NA
"28413","20190215:0000",-44.74127,171.0631,"Waimate",1807,"Waimate",100120,"Canterbury",1010,4.3,16.1,NA
"28414","20190216:0000",-44.74127,171.0631,"Waimate",1807,"Waimate",100120,"Canterbury",1010,6.1,14.65,NA
"28415","20190217:0000",-44.74127,171.0631,"Waimate",1807,"Waimate",100120,"Canterbury",1010,3.2,13.55,NA
"28416","20190218:0000",-44.74127,171.0631,"Waimate",1807,"Waimate",100120,"Canterbury",1010,2.9,17.15,NA
"28417","20190219:0000",-44.74127,171.0631,"Waimate",1807,"Waimate",100120,"Canterbury",1010,2.2,22.15,NA
"28418","20190220:0000",-44.74127,171.0631,"Waimate",1807,"Waimate",100120,"Canterbury",1010,2.9,17.15,NA
"28419","20190221:0000",-44.74127,171.0631,"Waimate",1807,"Waimate",100120,"Canterbury",1010,2.2,17.45,NA
"28420","20190222:0000",-44.74127,171.0631,"Waimate",1807,"Waimate",100120,"Canterbury",1010,14.8,13.5,NA
"28421","20190223:0000",-44.74127,171.0631,"Waimate",1807,"Waimate",100120,"Canterbury",1010,2.5,12.4,NA
"28422","20190224:0000",-44.74127,171.0631,"Waimate",1807,"Waimate",100120,"Canterbury",1010,8.6,12.15,NA
"28423","20190225:0000",-44.74127,171.0631,"Waimate",1807,"Waimate",100120,"Canterbury",1010,6.5,11.4,NA
"28424","20190226:0000",-44.74127,171.0631,"Waimate",1807,"Waimate",100120,"Canterbury",1010,1.4,12.5,NA
"28425","20190227:0000",-44.74127,171.0631,"Waimate",1807,"Waimate",100120,"Canterbury",1010,3.2,17.2,NA
"28426","20190228:0000",-44.74127,171.0631,"Waimate",1807,"Waimate",100120,"Canterbury",1010,15.1,13,NA
"28427","20190301:0000",-44.74127,171.0631,"Waimate",1807,"Waimate",100120,"Canterbury",1010,2.2,12.4,NA
"28428","20190302:0000",-44.74127,171.0631,"Waimate",1807,"Waimate",100120,"Canterbury",1010,1.4,11.85,NA
"28429","20190303:0000",-44.74127,171.0631,"Waimate",1807,"Waimate",100120,"Canterbury",1010,1.4,14,NA
"28430","20190304:0000",-44.74127,171.0631,"Waimate",1807,"Waimate",100120,"Canterbury",1010,1.8,16.85,NA
"28431","20190305:0000",-44.74127,171.0631,"Waimate",1807,"Waimate",100120,"Canterbury",1010,2.9,19.75,NA
"28432","20190306:0000",-44.74127,171.0631,"Waimate",1807,"Waimate",100120,"Canterbury",1010,7.2,21.8,NA
"28433","20190307:0000",-44.74127,171.0631,"Waimate",1807,"Waimate",100120,"Canterbury",1010,3.2,20.05,NA
"28434","20190308:0000",-44.74127,171.0631,"Waimate",1807,"Waimate",100120,"Canterbury",1010,4.3,13.15,NA
"28435","20190309:0000",-44.74127,171.0631,"Waimate",1807,"Waimate",100120,"Canterbury",1010,2.2,13.15,NA
"28436","20190310:0000",-44.74127,171.0631,"Waimate",1807,"Waimate",100120,"Canterbury",1010,4.3,12.9,NA
"28437","20190311:0000",-44.74127,171.0631,"Waimate",1807,"Waimate",100120,"Canterbury",1010,3.6,13.6,NA
"28438","20190312:0000",-44.74127,171.0631,"Waimate",1807,"Waimate",100120,"Canterbury",1010,2.2,19.25,NA
"28439","20190313:0000",-44.74127,171.0631,"Waimate",1807,"Waimate",100120,"Canterbury",1010,1.4,16.8,NA
"28440","20190314:0000",-44.74127,171.0631,"Waimate",1807,"Waimate",100120,"Canterbury",1010,2.2,13.35,NA
"28441","20190315:0000",-44.74127,171.0631,"Waimate",1807,"Waimate",100120,"Canterbury",1010,3.6,14.1,NA
"28442","20190316:0000",-44.74127,171.0631,"Waimate",1807,"Waimate",100120,"Canterbury",1010,3.6,15.8,NA
"28443","20190317:0000",-44.74127,171.0631,"Waimate",1807,"Waimate",100120,"Canterbury",1010,2.5,15,NA
"28444","20190318:0000",-44.74127,171.0631,"Waimate",1807,"Waimate",100120,"Canterbury",1010,2.5,16.6,NA
"28445","20190319:0000",-44.74127,171.0631,"Waimate",1807,"Waimate",100120,"Canterbury",1010,1.4,16.65,NA
"28446","20190320:0000",-44.74127,171.0631,"Waimate",1807,"Waimate",100120,"Canterbury",1010,2.2,14.85,NA
"28447","20190321:0000",-44.74127,171.0631,"Waimate",1807,"Waimate",100120,"Canterbury",1010,4.7,16,NA
"28448","20190322:0000",-44.74127,171.0631,"Waimate",1807,"Waimate",100120,"Canterbury",1010,1.8,16.15,NA
"28449","20190323:0000",-44.74127,171.0631,"Waimate",1807,"Waimate",100120,"Canterbury",1010,1.1,15.75,NA
"28450","20190324:0000",-44.74127,171.0631,"Waimate",1807,"Waimate",100120,"Canterbury",1010,3.6,17.75,NA
"28451","20190325:0000",-44.74127,171.0631,"Waimate",1807,"Waimate",100120,"Canterbury",1010,3.6,18.5,NA
"28452","20190326:0000",-44.74127,171.0631,"Waimate",1807,"Waimate",100120,"Canterbury",1010,3.2,21.9,NA
"28453","20190327:0000",-44.74127,171.0631,"Waimate",1807,"Waimate",100120,"Canterbury",1010,1.8,19.5,NA
"28454","20190328:0000",-44.74127,171.0631,"Waimate",1807,"Waimate",100120,"Canterbury",1010,2.5,14.35,NA
"28455","20190329:0000",-44.74127,171.0631,"Waimate",1807,"Waimate",100120,"Canterbury",1010,1.4,11.8,NA
"28456","20190330:0000",-44.74127,171.0631,"Waimate",1807,"Waimate",100120,"Canterbury",1010,2.5,12.75,NA
"28457","20190331:0000",-44.74127,171.0631,"Waimate",1807,"Waimate",100120,"Canterbury",1010,2.5,15.25,NA
"28458","20190401:0000",-44.74127,171.0631,"Waimate",1807,"Waimate",100120,"Canterbury",1010,2.9,19.3,NA
"28459","20190402:0000",-44.74127,171.0631,"Waimate",1807,"Waimate",100120,"Canterbury",1010,5.4,11.7,NA
"28460","20190403:0000",-44.74127,171.0631,"Waimate",1807,"Waimate",100120,"Canterbury",1010,2.2,9.35,NA
"28461","20190404:0000",-44.74127,171.0631,"Waimate",1807,"Waimate",100120,"Canterbury",1010,2.9,10,NA
"28462","20190405:0000",-44.74127,171.0631,"Waimate",1807,"Waimate",100120,"Canterbury",1010,11.9,9.45,NA
"28463","20190406:0000",-44.74127,171.0631,"Waimate",1807,"Waimate",100120,"Canterbury",1010,4.3,8.9,NA
"28464","20190407:0000",-44.74127,171.0631,"Waimate",1807,"Waimate",100120,"Canterbury",1010,2.5,7.5,NA
"28465","20190408:0000",-44.74127,171.0631,"Waimate",1807,"Waimate",100120,"Canterbury",1010,3.6,9.95,NA
"28466","20190409:0000",-44.74127,171.0631,"Waimate",1807,"Waimate",100120,"Canterbury",1010,2.2,11.4,NA
"28467","20190410:0000",-44.74127,171.0631,"Waimate",1807,"Waimate",100120,"Canterbury",1010,2.5,14,NA
"28468","20190411:0000",-44.74127,171.0631,"Waimate",1807,"Waimate",100120,"Canterbury",1010,4.3,11.3,NA
"28469","20190412:0000",-44.74127,171.0631,"Waimate",1807,"Waimate",100120,"Canterbury",1010,7.6,11.25,NA
"28470","20190413:0000",-44.74127,171.0631,"Waimate",1807,"Waimate",100120,"Canterbury",1010,1.4,7.5,NA
"28471","20190414:0000",-44.74127,171.0631,"Waimate",1807,"Waimate",100120,"Canterbury",1010,2.2,10.05,NA
"28472","20190415:0000",-44.74127,171.0631,"Waimate",1807,"Waimate",100120,"Canterbury",1010,2.2,9.55,NA
"28473","20190416:0000",-44.74127,171.0631,"Waimate",1807,"Waimate",100120,"Canterbury",1010,2.9,9.55,NA
"28474","20190417:0000",-44.74127,171.0631,"Waimate",1807,"Waimate",100120,"Canterbury",1010,4,10.75,NA
"28475","20190418:0000",-44.74127,171.0631,"Waimate",1807,"Waimate",100120,"Canterbury",1010,3.6,11.15,NA
"28476","20190419:0000",-44.74127,171.0631,"Waimate",1807,"Waimate",100120,"Canterbury",1010,4.3,12.25,NA
"28477","20190420:0000",-44.74127,171.0631,"Waimate",1807,"Waimate",100120,"Canterbury",1010,3.6,10.15,NA
"28478","20190421:0000",-44.74127,171.0631,"Waimate",1807,"Waimate",100120,"Canterbury",1010,7.2,11.85,NA
"28479","20190422:0000",-44.74127,171.0631,"Waimate",1807,"Waimate",100120,"Canterbury",1010,2.2,10.9,NA
"28480","20190423:0000",-44.74127,171.0631,"Waimate",1807,"Waimate",100120,"Canterbury",1010,6.8,11.6,NA
"28481","20190424:0000",-44.74127,171.0631,"Waimate",1807,"Waimate",100120,"Canterbury",1010,2.2,9,NA
"28482","20190425:0000",-44.74127,171.0631,"Waimate",1807,"Waimate",100120,"Canterbury",1010,4.3,12,NA
"28483","20190426:0000",-44.74127,171.0631,"Waimate",1807,"Waimate",100120,"Canterbury",1010,6.1,11.5,NA
"28484","20190427:0000",-44.74127,171.0631,"Waimate",1807,"Waimate",100120,"Canterbury",1010,2.5,13.65,NA
"28485","20190428:0000",-44.74127,171.0631,"Waimate",1807,"Waimate",100120,"Canterbury",1010,3.6,8.6,NA
"28486","20190429:0000",-44.74127,171.0631,"Waimate",1807,"Waimate",100120,"Canterbury",1010,11.2,9.15,NA
"28487","20190430:0000",-44.74127,171.0631,"Waimate",1807,"Waimate",100120,"Canterbury",1010,2.9,8.55,NA
"28488","20190501:0000",-44.74127,171.0631,"Waimate",1807,"Waimate",100120,"Canterbury",1010,2.9,8.75,NA
"28489","20190502:0000",-44.74127,171.0631,"Waimate",1807,"Waimate",100120,"Canterbury",1010,4,10.85,NA
"28490","20190503:0000",-44.74127,171.0631,"Waimate",1807,"Waimate",100120,"Canterbury",1010,0.7,10.4,NA
"28491","20190504:0000",-44.74127,171.0631,"Waimate",1807,"Waimate",100120,"Canterbury",1010,2.2,11.15,NA
"28492","20190505:0000",-44.74127,171.0631,"Waimate",1807,"Waimate",100120,"Canterbury",1010,6.5,10.75,NA
"28493","20190506:0000",-44.74127,171.0631,"Waimate",1807,"Waimate",100120,"Canterbury",1010,1.4,9.85,NA
"28494","20190507:0000",-44.74127,171.0631,"Waimate",1807,"Waimate",100120,"Canterbury",1010,5.4,12.05,NA
"28495","20190508:0000",-44.74127,171.0631,"Waimate",1807,"Waimate",100120,"Canterbury",1010,2.2,10.05,NA
"28496","20190509:0000",-44.74127,171.0631,"Waimate",1807,"Waimate",100120,"Canterbury",1010,1.8,10.8,NA
"28497","20190510:0000",-44.74127,171.0631,"Waimate",1807,"Waimate",100120,"Canterbury",1010,2.9,12.65,NA
"28498","20190511:0000",-44.74127,171.0631,"Waimate",1807,"Waimate",100120,"Canterbury",1010,1.8,8.65,NA
"28499","20190512:0000",-44.74127,171.0631,"Waimate",1807,"Waimate",100120,"Canterbury",1010,2.9,9.5,NA
"28500","20190513:0000",-44.74127,171.0631,"Waimate",1807,"Waimate",100120,"Canterbury",1010,18.7,11.5,NA
"28501","20190514:0000",-44.74127,171.0631,"Waimate",1807,"Waimate",100120,"Canterbury",1010,2.9,10.1,NA
"28502","20190515:0000",-44.74127,171.0631,"Waimate",1807,"Waimate",100120,"Canterbury",1010,4.3,13,NA
"28503","20190516:0000",-44.74127,171.0631,"Waimate",1807,"Waimate",100120,"Canterbury",1010,3.2,9.9,NA
"28504","20190517:0000",-44.74127,171.0631,"Waimate",1807,"Waimate",100120,"Canterbury",1010,9.4,9.85,NA
"28505","20190518:0000",-44.74127,171.0631,"Waimate",1807,"Waimate",100120,"Canterbury",1010,3.2,10.05,NA
"28506","20190519:0000",-44.74127,171.0631,"Waimate",1807,"Waimate",100120,"Canterbury",1010,9.4,10.35,NA
"28507","20190520:0000",-44.74127,171.0631,"Waimate",1807,"Waimate",100120,"Canterbury",1010,4.3,8,NA
"28508","20190521:0000",-44.74127,171.0631,"Waimate",1807,"Waimate",100120,"Canterbury",1010,1.8,7.1,NA
"28509","20190522:0000",-44.74127,171.0631,"Waimate",1807,"Waimate",100120,"Canterbury",1010,2.9,7.6,NA
"28510","20190523:0000",-44.74127,171.0631,"Waimate",1807,"Waimate",100120,"Canterbury",1010,3.6,9,NA
"28511","20190524:0000",-44.74127,171.0631,"Waimate",1807,"Waimate",100120,"Canterbury",1010,2.5,6.35,NA
"28512","20190525:0000",-44.74127,171.0631,"Waimate",1807,"Waimate",100120,"Canterbury",1010,4.7,7.6,NA
"28513","20190526:0000",-44.74127,171.0631,"Waimate",1807,"Waimate",100120,"Canterbury",1010,4.7,11.4,NA
"28514","20190527:0000",-44.74127,171.0631,"Waimate",1807,"Waimate",100120,"Canterbury",1010,4.7,13.2,NA
"28515","20190528:0000",-44.74127,171.0631,"Waimate",1807,"Waimate",100120,"Canterbury",1010,3.2,9.75,NA
"28516","20190529:0000",-44.74127,171.0631,"Waimate",1807,"Waimate",100120,"Canterbury",1010,3.2,11.8,NA
"28517","20190530:0000",-44.74127,171.0631,"Waimate",1807,"Waimate",100120,"Canterbury",1010,4.7,11.7,NA
"28518","20190531:0000",-44.74127,171.0631,"Waimate",1807,"Waimate",100120,"Canterbury",1010,5,6.95,NA
"28519","20190601:0000",-44.74127,171.0631,"Waimate",1807,"Waimate",100120,"Canterbury",1010,13.7,6.75,NA
"28520","20190602:0000",-44.74127,171.0631,"Waimate",1807,"Waimate",100120,"Canterbury",1010,15.1,7.7,NA
"28521","20190603:0000",-44.74127,171.0631,"Waimate",1807,"Waimate",100120,"Canterbury",1010,4.7,5.6,NA
"28522","20190604:0000",-44.74127,171.0631,"Waimate",1807,"Waimate",100120,"Canterbury",1010,5.4,5.5,NA
"28523","20190605:0000",-44.74127,171.0631,"Waimate",1807,"Waimate",100120,"Canterbury",1010,2.9,3.9,NA
"28524","20190606:0000",-44.74127,171.0631,"Waimate",1807,"Waimate",100120,"Canterbury",1010,3.2,6.3,NA
"28525","20190607:0000",-44.74127,171.0631,"Waimate",1807,"Waimate",100120,"Canterbury",1010,18.4,7.45,NA
"28526","20190608:0000",-44.74127,171.0631,"Waimate",1807,"Waimate",100120,"Canterbury",1010,18,9,NA
"28527","20190609:0000",-44.74127,171.0631,"Waimate",1807,"Waimate",100120,"Canterbury",1010,3.6,5.25,NA
"28528","20190610:0000",-44.74127,171.0631,"Waimate",1807,"Waimate",100120,"Canterbury",1010,3.2,7,NA
"28529","20190611:0000",-44.74127,171.0631,"Waimate",1807,"Waimate",100120,"Canterbury",1010,1.4,7.75,NA
"28530","20190612:0000",-44.74127,171.0631,"Waimate",1807,"Waimate",100120,"Canterbury",1010,6.8,8.7,NA
"28531","20190613:0000",-44.74127,171.0631,"Waimate",1807,"Waimate",100120,"Canterbury",1010,4,8.7,NA
"28532","20190614:0000",-44.74127,171.0631,"Waimate",1807,"Waimate",100120,"Canterbury",1010,4.3,8.6,NA
"28533","20190615:0000",-44.74127,171.0631,"Waimate",1807,"Waimate",100120,"Canterbury",1010,4.7,10.4,NA
"28534","20190616:0000",-44.74127,171.0631,"Waimate",1807,"Waimate",100120,"Canterbury",1010,6.5,7,NA
"28535","20190617:0000",-44.74127,171.0631,"Waimate",1807,"Waimate",100120,"Canterbury",1010,15.1,4.5,NA
"28536","20190618:0000",-44.74127,171.0631,"Waimate",1807,"Waimate",100120,"Canterbury",1010,4,6.75,NA
"28537","20190619:0000",-44.74127,171.0631,"Waimate",1807,"Waimate",100120,"Canterbury",1010,4,4.2,NA
"28538","20190620:0000",-44.74127,171.0631,"Waimate",1807,"Waimate",100120,"Canterbury",1010,2.5,4.05,NA
"28539","20190621:0000",-44.74127,171.0631,"Waimate",1807,"Waimate",100120,"Canterbury",1010,4,7.65,NA
"28540","20190622:0000",-44.74127,171.0631,"Waimate",1807,"Waimate",100120,"Canterbury",1010,3.6,6.35,NA
"28541","20190623:0000",-44.74127,171.0631,"Waimate",1807,"Waimate",100120,"Canterbury",1010,2.9,5.05,NA
"28542","20190624:0000",-44.74127,171.0631,"Waimate",1807,"Waimate",100120,"Canterbury",1010,2.2,6.4,NA
"28543","20190625:0000",-44.74127,171.0631,"Waimate",1807,"Waimate",100120,"Canterbury",1010,3.6,5.7,NA
"28544","20190626:0000",-44.74127,171.0631,"Waimate",1807,"Waimate",100120,"Canterbury",1010,5.8,4.8,NA
"28545","20190627:0000",-44.74127,171.0631,"Waimate",1807,"Waimate",100120,"Canterbury",1010,4.3,4.9,NA
"28546","20190628:0000",-44.74127,171.0631,"Waimate",1807,"Waimate",100120,"Canterbury",1010,4.3,5.25,NA
"28547","20190629:0000",-44.74127,171.0631,"Waimate",1807,"Waimate",100120,"Canterbury",1010,4.3,4.75,NA
"28548","20190630:0000",-44.74127,171.0631,"Waimate",1807,"Waimate",100120,"Canterbury",1010,4.3,4.95,NA
"28549","20190701:0000",-44.74127,171.0631,"Waimate",1807,"Waimate",100120,"Canterbury",1010,3.6,6.05,NA
"28550","20190702:0000",-44.74127,171.0631,"Waimate",1807,"Waimate",100120,"Canterbury",1010,3.6,5.1,NA
"28551","20190703:0000",-44.74127,171.0631,"Waimate",1807,"Waimate",100120,"Canterbury",1010,2.9,10.7,NA
"28552","20190704:0000",-44.74127,171.0631,"Waimate",1807,"Waimate",100120,"Canterbury",1010,5,9,NA
"28553","20190705:0000",-44.74127,171.0631,"Waimate",1807,"Waimate",100120,"Canterbury",1010,2.2,5.45,NA
"28554","20190706:0000",-44.74127,171.0631,"Waimate",1807,"Waimate",100120,"Canterbury",1010,15.1,7.8,NA
"28555","20190707:0000",-44.74127,171.0631,"Waimate",1807,"Waimate",100120,"Canterbury",1010,5,7.75,NA
"28556","20190708:0000",-44.74127,171.0631,"Waimate",1807,"Waimate",100120,"Canterbury",1010,4.7,5.8,NA
"28557","20190709:0000",-44.74127,171.0631,"Waimate",1807,"Waimate",100120,"Canterbury",1010,3.6,4.1,NA
"28558","20190710:0000",-44.74127,171.0631,"Waimate",1807,"Waimate",100120,"Canterbury",1010,2.9,5.55,NA
"28559","20190711:0000",-44.74127,171.0631,"Waimate",1807,"Waimate",100120,"Canterbury",1010,5.8,8.75,NA
"28560","20190712:0000",-44.74127,171.0631,"Waimate",1807,"Waimate",100120,"Canterbury",1010,2.5,6.85,NA
"28561","20190713:0000",-44.74127,171.0631,"Waimate",1807,"Waimate",100120,"Canterbury",1010,4.7,7,NA
"28562","20190714:0000",-44.74127,171.0631,"Waimate",1807,"Waimate",100120,"Canterbury",1010,4.3,8.8,NA
"28563","20190715:0000",-44.74127,171.0631,"Waimate",1807,"Waimate",100120,"Canterbury",1010,2.2,4.15,NA
"28564","20190716:0000",-44.74127,171.0631,"Waimate",1807,"Waimate",100120,"Canterbury",1010,3.2,5.2,NA
"28565","20190717:0000",-44.74127,171.0631,"Waimate",1807,"Waimate",100120,"Canterbury",1010,4.7,6.55,NA
"28566","20190718:0000",-44.74127,171.0631,"Waimate",1807,"Waimate",100120,"Canterbury",1010,4.3,5.95,NA
"28567","20190719:0000",-44.74127,171.0631,"Waimate",1807,"Waimate",100120,"Canterbury",1010,4.7,6.1,NA
"28568","20190720:0000",-44.74127,171.0631,"Waimate",1807,"Waimate",100120,"Canterbury",1010,13.7,8.35,NA
"28569","20190721:0000",-44.74127,171.0631,"Waimate",1807,"Waimate",100120,"Canterbury",1010,11.5,9.4,NA
"28570","20190722:0000",-44.74127,171.0631,"Waimate",1807,"Waimate",100120,"Canterbury",1010,5.8,8.2,NA
"28571","20190723:0000",-44.74127,171.0631,"Waimate",1807,"Waimate",100120,"Canterbury",1010,0.7,9,NA
"28572","20190724:0000",-44.74127,171.0631,"Waimate",1807,"Waimate",100120,"Canterbury",1010,2.9,6.15,NA
"28573","20190725:0000",-44.74127,171.0631,"Waimate",1807,"Waimate",100120,"Canterbury",1010,1.8,7.9,NA
"28574","20190726:0000",-44.74127,171.0631,"Waimate",1807,"Waimate",100120,"Canterbury",1010,2.2,5.3,NA
"28575","20190727:0000",-44.74127,171.0631,"Waimate",1807,"Waimate",100120,"Canterbury",1010,2.9,6.65,NA
"28576","20190728:0000",-44.74127,171.0631,"Waimate",1807,"Waimate",100120,"Canterbury",1010,3.2,7.3,NA
"28577","20190729:0000",-44.74127,171.0631,"Waimate",1807,"Waimate",100120,"Canterbury",1010,4,7.65,NA
"28578","20190730:0000",-44.74127,171.0631,"Waimate",1807,"Waimate",100120,"Canterbury",1010,2.5,8.55,NA
"28579","20190731:0000",-44.74127,171.0631,"Waimate",1807,"Waimate",100120,"Canterbury",1010,12.2,7.25,NA
"28580","20190801:0000",-44.74127,171.0631,"Waimate",1807,"Waimate",100120,"Canterbury",1010,10.8,8.65,NA
"28581","20190802:0000",-44.74127,171.0631,"Waimate",1807,"Waimate",100120,"Canterbury",1010,3.6,5.3,NA
"28582","20190803:0000",-44.74127,171.0631,"Waimate",1807,"Waimate",100120,"Canterbury",1010,3.6,7.9,NA
"28583","20190804:0000",-44.74127,171.0631,"Waimate",1807,"Waimate",100120,"Canterbury",1010,5.8,3.35,NA
"28584","20190805:0000",-44.74127,171.0631,"Waimate",1807,"Waimate",100120,"Canterbury",1010,13.3,5.35,NA
"28585","20190806:0000",-44.74127,171.0631,"Waimate",1807,"Waimate",100120,"Canterbury",1010,2.2,7.7,NA
"28586","20190807:0000",-44.74127,171.0631,"Waimate",1807,"Waimate",100120,"Canterbury",1010,4,7.45,NA
"28587","20190808:0000",-44.74127,171.0631,"Waimate",1807,"Waimate",100120,"Canterbury",1010,1.8,8.45,NA
"28588","20190809:0000",-44.74127,171.0631,"Waimate",1807,"Waimate",100120,"Canterbury",1010,4.3,7.8,NA
"28589","20190810:0000",-44.74127,171.0631,"Waimate",1807,"Waimate",100120,"Canterbury",1010,5,5.1,NA
"28590","20190811:0000",-44.74127,171.0631,"Waimate",1807,"Waimate",100120,"Canterbury",1010,7.9,6.45,NA
"28591","20190812:0000",-44.74127,171.0631,"Waimate",1807,"Waimate",100120,"Canterbury",1010,2.2,5.25,NA
"28592","20190813:0000",-44.74127,171.0631,"Waimate",1807,"Waimate",100120,"Canterbury",1010,4.3,8.15,NA
"28593","20190814:0000",-44.74127,171.0631,"Waimate",1807,"Waimate",100120,"Canterbury",1010,5.8,6.1,NA
"28594","20190815:0000",-44.74127,171.0631,"Waimate",1807,"Waimate",100120,"Canterbury",1010,2.2,5.45,NA
"28595","20190816:0000",-44.74127,171.0631,"Waimate",1807,"Waimate",100120,"Canterbury",1010,2.9,8.7,NA
"28596","20190817:0000",-44.74127,171.0631,"Waimate",1807,"Waimate",100120,"Canterbury",1010,8.6,6.1,NA
"28597","20190818:0000",-44.74127,171.0631,"Waimate",1807,"Waimate",100120,"Canterbury",1010,1.8,5.05,NA
"28598","20190819:0000",-44.74127,171.0631,"Waimate",1807,"Waimate",100120,"Canterbury",1010,2.9,3.05,NA
"28599","20190820:0000",-44.74127,171.0631,"Waimate",1807,"Waimate",100120,"Canterbury",1010,2.5,5.35,NA
"28600","20190821:0000",-44.74127,171.0631,"Waimate",1807,"Waimate",100120,"Canterbury",1010,5.8,6.7,NA
"28601","20190822:0000",-44.74127,171.0631,"Waimate",1807,"Waimate",100120,"Canterbury",1010,2.9,7.45,NA
"28602","20190823:0000",-44.74127,171.0631,"Waimate",1807,"Waimate",100120,"Canterbury",1010,1.8,6.5,NA
"28603","20190824:0000",-44.74127,171.0631,"Waimate",1807,"Waimate",100120,"Canterbury",1010,3.2,6,NA
"28604","20190825:0000",-44.74127,171.0631,"Waimate",1807,"Waimate",100120,"Canterbury",1010,3.2,9.1,NA
"28605","20190826:0000",-44.74127,171.0631,"Waimate",1807,"Waimate",100120,"Canterbury",1010,4.3,8.85,NA
"28606","20190827:0000",-44.74127,171.0631,"Waimate",1807,"Waimate",100120,"Canterbury",1010,2.5,6.6,NA
"28607","20190828:0000",-44.74127,171.0631,"Waimate",1807,"Waimate",100120,"Canterbury",1010,2.9,8.35,NA
"28608","20190829:0000",-44.74127,171.0631,"Waimate",1807,"Waimate",100120,"Canterbury",1010,3.6,10.15,NA
"28609","20190830:0000",-44.74127,171.0631,"Waimate",1807,"Waimate",100120,"Canterbury",1010,4,5.95,NA
"28610","20190831:0000",-44.74127,171.0631,"Waimate",1807,"Waimate",100120,"Canterbury",1010,2.9,9.2,NA
"28611","20190901:0000",-44.74127,171.0631,"Waimate",1807,"Waimate",100120,"Canterbury",1010,2.5,9.15,NA
"28612","20190902:0000",-44.74127,171.0631,"Waimate",1807,"Waimate",100120,"Canterbury",1010,1.4,8.35,NA
"28613","20190903:0000",-44.74127,171.0631,"Waimate",1807,"Waimate",100120,"Canterbury",1010,2.2,7.85,NA
"28614","20190904:0000",-44.74127,171.0631,"Waimate",1807,"Waimate",100120,"Canterbury",1010,2.2,6.5,NA
"28615","20190905:0000",-44.74127,171.0631,"Waimate",1807,"Waimate",100120,"Canterbury",1010,10.4,9.6,NA
"28616","20190906:0000",-44.74127,171.0631,"Waimate",1807,"Waimate",100120,"Canterbury",1010,9,9.35,NA
"28617","20190907:0000",-44.74127,171.0631,"Waimate",1807,"Waimate",100120,"Canterbury",1010,9.7,7.45,NA
"28618","20190908:0000",-44.74127,171.0631,"Waimate",1807,"Waimate",100120,"Canterbury",1010,6.1,3.35,NA
"28619","20190909:0000",-44.74127,171.0631,"Waimate",1807,"Waimate",100120,"Canterbury",1010,4,5.25,NA
"28620","20190910:0000",-44.74127,171.0631,"Waimate",1807,"Waimate",100120,"Canterbury",1010,3.6,4.05,NA
"28621","20190911:0000",-44.74127,171.0631,"Waimate",1807,"Waimate",100120,"Canterbury",1010,21.6,7.05,NA
"28622","20190912:0000",-44.74127,171.0631,"Waimate",1807,"Waimate",100120,"Canterbury",1010,5,10.15,NA
"28623","20190913:0000",-44.74127,171.0631,"Waimate",1807,"Waimate",100120,"Canterbury",1010,5.4,7.85,NA
"28624","20190914:0000",-44.74127,171.0631,"Waimate",1807,"Waimate",100120,"Canterbury",1010,5,7.1,NA
"28625","20190915:0000",-44.74127,171.0631,"Waimate",1807,"Waimate",100120,"Canterbury",1010,3.6,8.1,NA
"28626","20190916:0000",-44.74127,171.0631,"Waimate",1807,"Waimate",100120,"Canterbury",1010,6.5,10,NA
"28627","20190917:0000",-44.74127,171.0631,"Waimate",1807,"Waimate",100120,"Canterbury",1010,18.4,10.9,NA
"28628","20190918:0000",-44.74127,171.0631,"Waimate",1807,"Waimate",100120,"Canterbury",1010,2.9,6.75,NA
"28629","20190919:0000",-44.74127,171.0631,"Waimate",1807,"Waimate",100120,"Canterbury",1010,4,8.15,NA
"28630","20190920:0000",-44.74127,171.0631,"Waimate",1807,"Waimate",100120,"Canterbury",1010,1.8,8.6,NA
"28631","20190921:0000",-44.74127,171.0631,"Waimate",1807,"Waimate",100120,"Canterbury",1010,2.9,8,NA
"28632","20190922:0000",-44.74127,171.0631,"Waimate",1807,"Waimate",100120,"Canterbury",1010,6.5,9.7,NA
"28633","20190923:0000",-44.74127,171.0631,"Waimate",1807,"Waimate",100120,"Canterbury",1010,4,9.75,NA
"28634","20190924:0000",-44.74127,171.0631,"Waimate",1807,"Waimate",100120,"Canterbury",1010,4.3,8.65,NA
"28635","20190925:0000",-44.74127,171.0631,"Waimate",1807,"Waimate",100120,"Canterbury",1010,4.3,6.6,NA
"28636","20190926:0000",-44.74127,171.0631,"Waimate",1807,"Waimate",100120,"Canterbury",1010,10.8,9.55,NA
"28637","20190927:0000",-44.74127,171.0631,"Waimate",1807,"Waimate",100120,"Canterbury",1010,4,12.9,NA
"28638","20190928:0000",-44.74127,171.0631,"Waimate",1807,"Waimate",100120,"Canterbury",1010,4.3,13.75,NA
"28639","20190929:0000",-44.74127,171.0631,"Waimate",1807,"Waimate",100120,"Canterbury",1010,2.5,10.25,NA
"28640","20190930:0000",-44.74127,171.0631,"Waimate",1807,"Waimate",100120,"Canterbury",1010,9,8.25,NA
"28641","20191001:0000",-44.74127,171.0631,"Waimate",1807,"Waimate",100120,"Canterbury",1010,11.5,7,NA
"28642","20191002:0000",-44.74127,171.0631,"Waimate",1807,"Waimate",100120,"Canterbury",1010,15.1,6.3,NA
"28643","20191003:0000",-44.74127,171.0631,"Waimate",1807,"Waimate",100120,"Canterbury",1010,7.2,8.6,NA
"28644","20191004:0000",-44.74127,171.0631,"Waimate",1807,"Waimate",100120,"Canterbury",1010,1.1,9.25,NA
"28645","20191005:0000",-44.74127,171.0631,"Waimate",1807,"Waimate",100120,"Canterbury",1010,9.4,9.3,NA
"28646","20191006:0000",-44.74127,171.0631,"Waimate",1807,"Waimate",100120,"Canterbury",1010,1.4,6,NA
"28647","20191007:0000",-44.74127,171.0631,"Waimate",1807,"Waimate",100120,"Canterbury",1010,4,9.2,NA
"28648","20191008:0000",-44.74127,171.0631,"Waimate",1807,"Waimate",100120,"Canterbury",1010,2.9,12.45,NA
"28649","20191009:0000",-44.74127,171.0631,"Waimate",1807,"Waimate",100120,"Canterbury",1010,4.3,NA,NA
"28650","20191010:0000",-44.74127,171.0631,"Waimate",1807,"Waimate",100120,"Canterbury",1010,NA,NA,NA
"28651","20191011:0000",-44.74127,171.0631,"Waimate",1807,"Waimate",100120,"Canterbury",1010,NA,NA,NA
"28652","20191012:0000",-44.74127,171.0631,"Waimate",1807,"Waimate",100120,"Canterbury",1010,NA,NA,NA
"28653","20191013:0000",-44.74127,171.0631,"Waimate",1807,"Waimate",100120,"Canterbury",1010,NA,NA,NA
"28654","20191014:0000",-44.74127,171.0631,"Waimate",1807,"Waimate",100120,"Canterbury",1010,NA,NA,NA
"28655","20191015:0000",-44.74127,171.0631,"Waimate",1807,"Waimate",100120,"Canterbury",1010,NA,NA,NA
"28656","20191016:0000",-44.74127,171.0631,"Waimate",1807,"Waimate",100120,"Canterbury",1010,NA,NA,NA
"28657","20191017:0000",-44.74127,171.0631,"Waimate",1807,"Waimate",100120,"Canterbury",1010,NA,NA,NA
"28658","20191018:0000",-44.74127,171.0631,"Waimate",1807,"Waimate",100120,"Canterbury",1010,NA,NA,NA
"28659","20191019:0000",-44.74127,171.0631,"Waimate",1807,"Waimate",100120,"Canterbury",1010,NA,NA,NA
"28660","20191020:0000",-44.74127,171.0631,"Waimate",1807,"Waimate",100120,"Canterbury",1010,NA,NA,NA
"28661","20191021:0000",-44.74127,171.0631,"Waimate",1807,"Waimate",100120,"Canterbury",1010,NA,NA,NA
"28662","20191022:0000",-44.74127,171.0631,"Waimate",1807,"Waimate",100120,"Canterbury",1010,NA,NA,NA
"28663","20191023:0000",-44.74127,171.0631,"Waimate",1807,"Waimate",100120,"Canterbury",1010,NA,NA,NA
"28664","20191024:0000",-44.74127,171.0631,"Waimate",1807,"Waimate",100120,"Canterbury",1010,NA,NA,NA
"28665","20191025:0000",-44.74127,171.0631,"Waimate",1807,"Waimate",100120,"Canterbury",1010,NA,NA,NA
"28666","20191026:0000",-44.74127,171.0631,"Waimate",1807,"Waimate",100120,"Canterbury",1010,NA,NA,NA
"28667","20191027:0000",-44.74127,171.0631,"Waimate",1807,"Waimate",100120,"Canterbury",1010,NA,NA,NA
"28668","20191028:0000",-44.74127,171.0631,"Waimate",1807,"Waimate",100120,"Canterbury",1010,NA,NA,NA
"28669","20191029:0000",-44.74127,171.0631,"Waimate",1807,"Waimate",100120,"Canterbury",1010,NA,NA,NA
"28670","20191030:0000",-44.74127,171.0631,"Waimate",1807,"Waimate",100120,"Canterbury",1010,NA,NA,NA
"28671","20191031:0000",-44.74127,171.0631,"Waimate",1807,"Waimate",100120,"Canterbury",1010,NA,NA,NA
"28672","20191101:0000",-44.74127,171.0631,"Waimate",1807,"Waimate",100120,"Canterbury",1010,NA,NA,NA
"28673","20191102:0000",-44.74127,171.0631,"Waimate",1807,"Waimate",100120,"Canterbury",1010,NA,NA,NA
"28674","20191103:0000",-44.74127,171.0631,"Waimate",1807,"Waimate",100120,"Canterbury",1010,NA,NA,NA
"28675","20191104:0000",-44.74127,171.0631,"Waimate",1807,"Waimate",100120,"Canterbury",1010,NA,NA,NA
"28676","20191105:0000",-44.74127,171.0631,"Waimate",1807,"Waimate",100120,"Canterbury",1010,NA,NA,NA
"28677","20191106:0000",-44.74127,171.0631,"Waimate",1807,"Waimate",100120,"Canterbury",1010,NA,NA,NA
"28678","20191107:0000",-44.74127,171.0631,"Waimate",1807,"Waimate",100120,"Canterbury",1010,NA,NA,NA
"28679","20191108:0000",-44.74127,171.0631,"Waimate",1807,"Waimate",100120,"Canterbury",1010,NA,NA,NA
"28680","20191109:0000",-44.74127,171.0631,"Waimate",1807,"Waimate",100120,"Canterbury",1010,NA,NA,NA
"28681","20191110:0000",-44.74127,171.0631,"Waimate",1807,"Waimate",100120,"Canterbury",1010,NA,NA,NA
"28682","20191111:0000",-44.74127,171.0631,"Waimate",1807,"Waimate",100120,"Canterbury",1010,NA,NA,NA
"28683","20191112:0000",-44.74127,171.0631,"Waimate",1807,"Waimate",100120,"Canterbury",1010,NA,NA,NA
"28684","20191113:0000",-44.74127,171.0631,"Waimate",1807,"Waimate",100120,"Canterbury",1010,NA,NA,NA
"28685","20191114:0000",-44.74127,171.0631,"Waimate",1807,"Waimate",100120,"Canterbury",1010,NA,NA,NA
"28686","20191115:0000",-44.74127,171.0631,"Waimate",1807,"Waimate",100120,"Canterbury",1010,NA,NA,NA
"28687","20191116:0000",-44.74127,171.0631,"Waimate",1807,"Waimate",100120,"Canterbury",1010,NA,NA,NA
"28688","20191117:0000",-44.74127,171.0631,"Waimate",1807,"Waimate",100120,"Canterbury",1010,NA,NA,NA
"28689","20191118:0000",-44.74127,171.0631,"Waimate",1807,"Waimate",100120,"Canterbury",1010,NA,NA,NA
"28690","20191119:0000",-44.74127,171.0631,"Waimate",1807,"Waimate",100120,"Canterbury",1010,NA,NA,NA
"28691","20191120:0000",-44.74127,171.0631,"Waimate",1807,"Waimate",100120,"Canterbury",1010,NA,NA,NA
"28692","20191121:0000",-44.74127,171.0631,"Waimate",1807,"Waimate",100120,"Canterbury",1010,NA,NA,NA
"28693","20191122:0000",-44.74127,171.0631,"Waimate",1807,"Waimate",100120,"Canterbury",1010,NA,NA,NA
"28694","20191123:0000",-44.74127,171.0631,"Waimate",1807,"Waimate",100120,"Canterbury",1010,NA,NA,NA
"28695","20191124:0000",-44.74127,171.0631,"Waimate",1807,"Waimate",100120,"Canterbury",1010,NA,NA,NA
"28696","20191125:0000",-44.74127,171.0631,"Waimate",1807,"Waimate",100120,"Canterbury",1010,NA,NA,NA
"28697","20191126:0000",-44.74127,171.0631,"Waimate",1807,"Waimate",100120,"Canterbury",1010,NA,NA,NA
"28698","20191127:0000",-44.74127,171.0631,"Waimate",1807,"Waimate",100120,"Canterbury",1010,NA,NA,NA
"28699","20191128:0000",-44.74127,171.0631,"Waimate",1807,"Waimate",100120,"Canterbury",1010,5,NA,NA
"28700","20191129:0000",-44.74127,171.0631,"Waimate",1807,"Waimate",100120,"Canterbury",1010,9.7,12.9,NA
"28701","20191130:0000",-44.74127,171.0631,"Waimate",1807,"Waimate",100120,"Canterbury",1010,5.8,14.85,NA
"28702","20191201:0000",-44.74127,171.0631,"Waimate",1807,"Waimate",100120,"Canterbury",1010,2.2,18.1,NA
"28703","20191202:0000",-44.74127,171.0631,"Waimate",1807,"Waimate",100120,"Canterbury",1010,2.9,14.55,NA
"28704","20191203:0000",-44.74127,171.0631,"Waimate",1807,"Waimate",100120,"Canterbury",1010,4,18.5,NA
"28705","20191204:0000",-44.74127,171.0631,"Waimate",1807,"Waimate",100120,"Canterbury",1010,4.3,15.9,NA
"28706","20191205:0000",-44.74127,171.0631,"Waimate",1807,"Waimate",100120,"Canterbury",1010,5.4,15.5,NA
"28707","20191206:0000",-44.74127,171.0631,"Waimate",1807,"Waimate",100120,"Canterbury",1010,13.7,16.5,NA
"28708","20191207:0000",-44.74127,171.0631,"Waimate",1807,"Waimate",100120,"Canterbury",1010,10.8,18.4,NA
"28709","20191208:0000",-44.74127,171.0631,"Waimate",1807,"Waimate",100120,"Canterbury",1010,5.4,15.9,NA
"28710","20191209:0000",-44.74127,171.0631,"Waimate",1807,"Waimate",100120,"Canterbury",1010,2.2,11.5,NA
"28711","20191210:0000",-44.74127,171.0631,"Waimate",1807,"Waimate",100120,"Canterbury",1010,3.2,13.85,NA
"28712","20191211:0000",-44.74127,171.0631,"Waimate",1807,"Waimate",100120,"Canterbury",1010,4.3,16.25,NA
"28713","20191212:0000",-44.74127,171.0631,"Waimate",1807,"Waimate",100120,"Canterbury",1010,4.3,16.35,NA
"28714","20191213:0000",-44.74127,171.0631,"Waimate",1807,"Waimate",100120,"Canterbury",1010,1.8,18.2,NA
"28715","20191214:0000",-44.74127,171.0631,"Waimate",1807,"Waimate",100120,"Canterbury",1010,6.5,15.45,NA
"28716","20191215:0000",-44.74127,171.0631,"Waimate",1807,"Waimate",100120,"Canterbury",1010,3.2,14.35,NA
"28717","20191216:0000",-44.74127,171.0631,"Waimate",1807,"Waimate",100120,"Canterbury",1010,2.9,13.3,NA
"28718","20191217:0000",-44.74127,171.0631,"Waimate",1807,"Waimate",100120,"Canterbury",1010,12.6,11.85,NA
"28719","20191218:0000",-44.74127,171.0631,"Waimate",1807,"Waimate",100120,"Canterbury",1010,17.3,13.5,NA
"28720","20191219:0000",-44.74127,171.0631,"Waimate",1807,"Waimate",100120,"Canterbury",1010,2.9,14.45,NA
"28721","20191220:0000",-44.74127,171.0631,"Waimate",1807,"Waimate",100120,"Canterbury",1010,27,12.45,NA
"28722","20191221:0000",-44.74127,171.0631,"Waimate",1807,"Waimate",100120,"Canterbury",1010,9.4,12.25,NA
"28723","20191222:0000",-44.74127,171.0631,"Waimate",1807,"Waimate",100120,"Canterbury",1010,2.9,16.45,NA
"28724","20191223:0000",-44.74127,171.0631,"Waimate",1807,"Waimate",100120,"Canterbury",1010,4.3,14.45,NA
"28725","20191224:0000",-44.74127,171.0631,"Waimate",1807,"Waimate",100120,"Canterbury",1010,8.3,14.65,NA
"28726","20191225:0000",-44.74127,171.0631,"Waimate",1807,"Waimate",100120,"Canterbury",1010,2.9,13.85,NA
"28727","20191226:0000",-44.74127,171.0631,"Waimate",1807,"Waimate",100120,"Canterbury",1010,6.8,13.15,NA
"28728","20191227:0000",-44.74127,171.0631,"Waimate",1807,"Waimate",100120,"Canterbury",1010,3.2,16.95,NA
"28729","20191228:0000",-44.74127,171.0631,"Waimate",1807,"Waimate",100120,"Canterbury",1010,9,12.6,NA
"28730","20191229:0000",-44.74127,171.0631,"Waimate",1807,"Waimate",100120,"Canterbury",1010,6.5,13.35,NA
"28731","20191230:0000",-44.74127,171.0631,"Waimate",1807,"Waimate",100120,"Canterbury",1010,3.6,15.15,NA
"28732","20191231:0000",-44.74127,171.0631,"Waimate",1807,"Waimate",100120,"Canterbury",1010,5.8,NA,NA
"28733","20200101:0000",-44.74127,171.0631,"Waimate",1807,"Waimate",100120,"Canterbury",1010,NA,NA,NA
"28734","20200102:0000",-44.74127,171.0631,"Waimate",1807,"Waimate",100120,"Canterbury",1010,NA,NA,NA
"28735","20200103:0000",-44.74127,171.0631,"Waimate",1807,"Waimate",100120,"Canterbury",1010,NA,NA,NA
"28736","20200104:0000",-44.74127,171.0631,"Waimate",1807,"Waimate",100120,"Canterbury",1010,NA,NA,NA
"28737","20200105:0000",-44.74127,171.0631,"Waimate",1807,"Waimate",100120,"Canterbury",1010,NA,NA,NA
"28738","20200106:0000",-44.74127,171.0631,"Waimate",1807,"Waimate",100120,"Canterbury",1010,NA,NA,NA
"28739","20200107:0000",-44.74127,171.0631,"Waimate",1807,"Waimate",100120,"Canterbury",1010,14,NA,NA
"28740","20200108:0000",-44.74127,171.0631,"Waimate",1807,"Waimate",100120,"Canterbury",1010,3.6,11.6,NA
"28741","20200109:0000",-44.74127,171.0631,"Waimate",1807,"Waimate",100120,"Canterbury",1010,7.6,11.6,NA
"28742","20200110:0000",-44.74127,171.0631,"Waimate",1807,"Waimate",100120,"Canterbury",1010,1.4,13.15,NA
"28743","20200111:0000",-44.74127,171.0631,"Waimate",1807,"Waimate",100120,"Canterbury",1010,2.5,17.4,NA
"28744","20200112:0000",-44.74127,171.0631,"Waimate",1807,"Waimate",100120,"Canterbury",1010,13,18.45,NA
"28745","20200113:0000",-44.74127,171.0631,"Waimate",1807,"Waimate",100120,"Canterbury",1010,5.4,13.2,NA
"28746","20200114:0000",-44.74127,171.0631,"Waimate",1807,"Waimate",100120,"Canterbury",1010,3.6,14.7,NA
"28747","20200115:0000",-44.74127,171.0631,"Waimate",1807,"Waimate",100120,"Canterbury",1010,2.5,12.25,NA
"28748","20200116:0000",-44.74127,171.0631,"Waimate",1807,"Waimate",100120,"Canterbury",1010,6.1,14.85,NA
"28749","20200117:0000",-44.74127,171.0631,"Waimate",1807,"Waimate",100120,"Canterbury",1010,9.7,14.25,NA
"28750","20200118:0000",-44.74127,171.0631,"Waimate",1807,"Waimate",100120,"Canterbury",1010,10.1,14.85,NA
"28751","20200119:0000",-44.74127,171.0631,"Waimate",1807,"Waimate",100120,"Canterbury",1010,2.9,15.45,NA
"28752","20200120:0000",-44.74127,171.0631,"Waimate",1807,"Waimate",100120,"Canterbury",1010,2.9,17,NA
"28753","20200121:0000",-44.74127,171.0631,"Waimate",1807,"Waimate",100120,"Canterbury",1010,3.6,16.5,NA
"28754","20200122:0000",-44.74127,171.0631,"Waimate",1807,"Waimate",100120,"Canterbury",1010,4.7,18.6,NA
"28755","20200123:0000",-44.74127,171.0631,"Waimate",1807,"Waimate",100120,"Canterbury",1010,10.8,15.6,NA
"28756","20200124:0000",-44.74127,171.0631,"Waimate",1807,"Waimate",100120,"Canterbury",1010,5.8,17.1,NA
"28757","20200125:0000",-44.74127,171.0631,"Waimate",1807,"Waimate",100120,"Canterbury",1010,2.9,20.9,NA
"28758","20200126:0000",-44.74127,171.0631,"Waimate",1807,"Waimate",100120,"Canterbury",1010,4.3,15.9,NA
"28759","20200127:0000",-44.74127,171.0631,"Waimate",1807,"Waimate",100120,"Canterbury",1010,5,18.6,NA
"28760","20200128:0000",-44.74127,171.0631,"Waimate",1807,"Waimate",100120,"Canterbury",1010,3.6,16.8,NA
"28761","20200129:0000",-44.74127,171.0631,"Waimate",1807,"Waimate",100120,"Canterbury",1010,1.8,20.4,NA
"28762","20200130:0000",-44.74127,171.0631,"Waimate",1807,"Waimate",100120,"Canterbury",1010,9.4,20.5,NA
"28763","20200131:0000",-44.74127,171.0631,"Waimate",1807,"Waimate",100120,"Canterbury",1010,4.7,16.4,NA
"28764","20200201:0000",-44.74127,171.0631,"Waimate",1807,"Waimate",100120,"Canterbury",1010,7.6,18.6,NA
"28765","20200202:0000",-44.74127,171.0631,"Waimate",1807,"Waimate",100120,"Canterbury",1010,5.8,21.4,NA
"28766","20200203:0000",-44.74127,171.0631,"Waimate",1807,"Waimate",100120,"Canterbury",1010,4,20.25,NA
"28767","20200204:0000",-44.74127,171.0631,"Waimate",1807,"Waimate",100120,"Canterbury",1010,6.1,15.4,NA
"28768","20200205:0000",-44.74127,171.0631,"Waimate",1807,"Waimate",100120,"Canterbury",1010,3.6,13.05,NA
"28769","20200206:0000",-44.74127,171.0631,"Waimate",1807,"Waimate",100120,"Canterbury",1010,11.9,12.35,NA
"28770","20200207:0000",-44.74127,171.0631,"Waimate",1807,"Waimate",100120,"Canterbury",1010,8.3,12.45,NA
"28771","20200208:0000",-44.74127,171.0631,"Waimate",1807,"Waimate",100120,"Canterbury",1010,12.2,14.85,NA
"28772","20200209:0000",-44.74127,171.0631,"Waimate",1807,"Waimate",100120,"Canterbury",1010,11.5,14.3,NA
"28773","20200210:0000",-44.74127,171.0631,"Waimate",1807,"Waimate",100120,"Canterbury",1010,5,14,NA
"28774","20200211:0000",-44.74127,171.0631,"Waimate",1807,"Waimate",100120,"Canterbury",1010,4.7,13.7,NA
"28775","20200212:0000",-44.74127,171.0631,"Waimate",1807,"Waimate",100120,"Canterbury",1010,5.8,17.1,NA
"28776","20200213:0000",-44.74127,171.0631,"Waimate",1807,"Waimate",100120,"Canterbury",1010,2.9,17.5,NA
"28777","20200214:0000",-44.74127,171.0631,"Waimate",1807,"Waimate",100120,"Canterbury",1010,4,12.8,NA
"28778","20200215:0000",-44.74127,171.0631,"Waimate",1807,"Waimate",100120,"Canterbury",1010,6.8,16.05,NA
"28779","20200216:0000",-44.74127,171.0631,"Waimate",1807,"Waimate",100120,"Canterbury",1010,3.2,19.6,NA
"28780","20200217:0000",-44.74127,171.0631,"Waimate",1807,"Waimate",100120,"Canterbury",1010,2.5,22.75,NA
"28781","20200218:0000",-44.74127,171.0631,"Waimate",1807,"Waimate",100120,"Canterbury",1010,1.8,16.6,NA
"28782","20200219:0000",-44.74127,171.0631,"Waimate",1807,"Waimate",100120,"Canterbury",1010,4.3,17.65,NA
"28783","20200220:0000",-44.74127,171.0631,"Waimate",1807,"Waimate",100120,"Canterbury",1010,1.8,16.45,NA
"28784","20200221:0000",-44.74127,171.0631,"Waimate",1807,"Waimate",100120,"Canterbury",1010,2.5,21.45,NA
"28785","20200222:0000",-44.74127,171.0631,"Waimate",1807,"Waimate",100120,"Canterbury",1010,4.7,13.3,NA
"28786","20200223:0000",-44.74127,171.0631,"Waimate",1807,"Waimate",100120,"Canterbury",1010,1.4,13,NA
"28787","20200224:0000",-44.74127,171.0631,"Waimate",1807,"Waimate",100120,"Canterbury",1010,4.7,14.75,NA
"28788","20200225:0000",-44.74127,171.0631,"Waimate",1807,"Waimate",100120,"Canterbury",1010,1.8,14.9,NA
"28789","20200226:0000",-44.74127,171.0631,"Waimate",1807,"Waimate",100120,"Canterbury",1010,1.4,16.3,NA
"28790","20200227:0000",-44.74127,171.0631,"Waimate",1807,"Waimate",100120,"Canterbury",1010,2.2,18.8,NA
"28791","20200228:0000",-44.74127,171.0631,"Waimate",1807,"Waimate",100120,"Canterbury",1010,3.6,20.5,NA
"28792","20200229:0000",-44.74127,171.0631,"Waimate",1807,"Waimate",100120,"Canterbury",1010,9.7,14.75,NA
"28793","20200301:0000",-44.74127,171.0631,"Waimate",1807,"Waimate",100120,"Canterbury",1010,1.1,13.1,NA
"28794","20200302:0000",-44.74127,171.0631,"Waimate",1807,"Waimate",100120,"Canterbury",1010,2.2,17.45,NA
"28795","20200303:0000",-44.74127,171.0631,"Waimate",1807,"Waimate",100120,"Canterbury",1010,4,17.2,NA
"28796","20200304:0000",-44.74127,171.0631,"Waimate",1807,"Waimate",100120,"Canterbury",1010,5,13.4,NA
"28797","20200305:0000",-44.74127,171.0631,"Waimate",1807,"Waimate",100120,"Canterbury",1010,2.9,12.05,NA
"28798","20200306:0000",-44.74127,171.0631,"Waimate",1807,"Waimate",100120,"Canterbury",1010,3.2,12.4,NA
"28799","20200307:0000",-44.74127,171.0631,"Waimate",1807,"Waimate",100120,"Canterbury",1010,1.8,16.05,NA
"28800","20200308:0000",-44.74127,171.0631,"Waimate",1807,"Waimate",100120,"Canterbury",1010,8.6,15,NA
"28801","20200309:0000",-44.74127,171.0631,"Waimate",1807,"Waimate",100120,"Canterbury",1010,2.2,18.95,NA
"28802","20200310:0000",-44.74127,171.0631,"Waimate",1807,"Waimate",100120,"Canterbury",1010,6.5,15.35,NA
"28803","20200311:0000",-44.74127,171.0631,"Waimate",1807,"Waimate",100120,"Canterbury",1010,7.2,12.2,NA
"28804","20200312:0000",-44.74127,171.0631,"Waimate",1807,"Waimate",100120,"Canterbury",1010,1.8,13.9,NA
"28805","20200313:0000",-44.74127,171.0631,"Waimate",1807,"Waimate",100120,"Canterbury",1010,1.8,13.85,NA
"28806","20200314:0000",-44.74127,171.0631,"Waimate",1807,"Waimate",100120,"Canterbury",1010,1.4,15.7,NA
"28807","20200315:0000",-44.74127,171.0631,"Waimate",1807,"Waimate",100120,"Canterbury",1010,4.3,15.55,NA
"28808","20200316:0000",-44.74127,171.0631,"Waimate",1807,"Waimate",100120,"Canterbury",1010,6.8,16.65,NA
"28809","20200317:0000",-44.74127,171.0631,"Waimate",1807,"Waimate",100120,"Canterbury",1010,5,10.75,NA
"28810","20200318:0000",-44.74127,171.0631,"Waimate",1807,"Waimate",100120,"Canterbury",1010,2.2,9.6,NA
"28811","20200319:0000",-44.74127,171.0631,"Waimate",1807,"Waimate",100120,"Canterbury",1010,3.2,15.65,NA
"28812","20200320:0000",-44.74127,171.0631,"Waimate",1807,"Waimate",100120,"Canterbury",1010,6.5,13.55,NA
"28813","20200321:0000",-44.74127,171.0631,"Waimate",1807,"Waimate",100120,"Canterbury",1010,6.5,11.2,NA
"28814","20200322:0000",-44.74127,171.0631,"Waimate",1807,"Waimate",100120,"Canterbury",1010,4,14.7,NA
"28815","20200323:0000",-44.74127,171.0631,"Waimate",1807,"Waimate",100120,"Canterbury",1010,4,13.8,NA
"28816","20200324:0000",-44.74127,171.0631,"Waimate",1807,"Waimate",100120,"Canterbury",1010,8.3,10.95,NA
"28817","20200325:0000",-44.74127,171.0631,"Waimate",1807,"Waimate",100120,"Canterbury",1010,3.6,10.75,NA
"28818","20200326:0000",-44.74127,171.0631,"Waimate",1807,"Waimate",100120,"Canterbury",1010,2.9,12.7,NA
"28819","20200327:0000",-44.74127,171.0631,"Waimate",1807,"Waimate",100120,"Canterbury",1010,6.1,10.55,NA
"28820","20200328:0000",-44.74127,171.0631,"Waimate",1807,"Waimate",100120,"Canterbury",1010,2.9,12.05,NA
"28821","20200329:0000",-44.74127,171.0631,"Waimate",1807,"Waimate",100120,"Canterbury",1010,4.3,10.65,NA
"28822","20200330:0000",-44.74127,171.0631,"Waimate",1807,"Waimate",100120,"Canterbury",1010,7.6,12.8,NA
"28823","20200331:0000",-44.74127,171.0631,"Waimate",1807,"Waimate",100120,"Canterbury",1010,5.8,14.25,NA
"28824","20200401:0000",-44.74127,171.0631,"Waimate",1807,"Waimate",100120,"Canterbury",1010,5,12.45,NA
"28825","20200402:0000",-44.74127,171.0631,"Waimate",1807,"Waimate",100120,"Canterbury",1010,1.8,13.5,NA
"28826","20200403:0000",-44.74127,171.0631,"Waimate",1807,"Waimate",100120,"Canterbury",1010,4.3,12.05,NA
"28827","20200404:0000",-44.74127,171.0631,"Waimate",1807,"Waimate",100120,"Canterbury",1010,7.2,13.55,NA
"28828","20200405:0000",-44.74127,171.0631,"Waimate",1807,"Waimate",100120,"Canterbury",1010,2.9,15.95,NA
"28829","20200406:0000",-44.74127,171.0631,"Waimate",1807,"Waimate",100120,"Canterbury",1010,2.5,15.1,NA
"28830","20200407:0000",-44.74127,171.0631,"Waimate",1807,"Waimate",100120,"Canterbury",1010,3.6,14.35,NA
"28831","20200408:0000",-44.74127,171.0631,"Waimate",1807,"Waimate",100120,"Canterbury",1010,4.7,12.5,NA
"28832","20200409:0000",-44.74127,171.0631,"Waimate",1807,"Waimate",100120,"Canterbury",1010,1.4,12.2,NA
"28833","20200410:0000",-44.74127,171.0631,"Waimate",1807,"Waimate",100120,"Canterbury",1010,2.2,11.95,NA
"28834","20200411:0000",-44.74127,171.0631,"Waimate",1807,"Waimate",100120,"Canterbury",1010,5.8,10.65,NA
"28835","20200412:0000",-44.74127,171.0631,"Waimate",1807,"Waimate",100120,"Canterbury",1010,2.2,14.6,NA
"28836","20200413:0000",-44.74127,171.0631,"Waimate",1807,"Waimate",100120,"Canterbury",1010,5,12.1,NA
"28837","20200414:0000",-44.74127,171.0631,"Waimate",1807,"Waimate",100120,"Canterbury",1010,17.6,7.15,NA
"28838","20200415:0000",-44.74127,171.0631,"Waimate",1807,"Waimate",100120,"Canterbury",1010,7.2,10.55,NA
"28839","20200416:0000",-44.74127,171.0631,"Waimate",1807,"Waimate",100120,"Canterbury",1010,4.7,11,NA
"28840","20200417:0000",-44.74127,171.0631,"Waimate",1807,"Waimate",100120,"Canterbury",1010,2.9,11.05,NA
"28841","20200418:0000",-44.74127,171.0631,"Waimate",1807,"Waimate",100120,"Canterbury",1010,13,13.25,NA
"28842","20200419:0000",-44.74127,171.0631,"Waimate",1807,"Waimate",100120,"Canterbury",1010,3.6,11.95,NA
"28843","20200420:0000",-44.74127,171.0631,"Waimate",1807,"Waimate",100120,"Canterbury",1010,5,11.1,NA
"28844","20200421:0000",-44.74127,171.0631,"Waimate",1807,"Waimate",100120,"Canterbury",1010,2.5,9.25,NA
"28845","20200422:0000",-44.74127,171.0631,"Waimate",1807,"Waimate",100120,"Canterbury",1010,2.9,10.55,NA
"28846","20200423:0000",-44.74127,171.0631,"Waimate",1807,"Waimate",100120,"Canterbury",1010,2.2,9.55,NA
"28847","20200424:0000",-44.74127,171.0631,"Waimate",1807,"Waimate",100120,"Canterbury",1010,2.9,10.15,NA
"28848","20200425:0000",-44.74127,171.0631,"Waimate",1807,"Waimate",100120,"Canterbury",1010,3.6,14.2,NA
"28849","20200426:0000",-44.74127,171.0631,"Waimate",1807,"Waimate",100120,"Canterbury",1010,1.4,11.1,NA
"28850","20200427:0000",-44.74127,171.0631,"Waimate",1807,"Waimate",100120,"Canterbury",1010,2.9,12,NA
"28851","20200428:0000",-44.74127,171.0631,"Waimate",1807,"Waimate",100120,"Canterbury",1010,3.6,10.85,NA
"28852","20200429:0000",-44.74127,171.0631,"Waimate",1807,"Waimate",100120,"Canterbury",1010,4.3,10.15,NA
"28853","20200430:0000",-44.74127,171.0631,"Waimate",1807,"Waimate",100120,"Canterbury",1010,3.6,11.25,NA
"28854","20200501:0000",-44.74127,171.0631,"Waimate",1807,"Waimate",100120,"Canterbury",1010,5,12.35,NA
"28855","20200502:0000",-44.74127,171.0631,"Waimate",1807,"Waimate",100120,"Canterbury",1010,2.5,10.25,NA
"28856","20200503:0000",-44.74127,171.0631,"Waimate",1807,"Waimate",100120,"Canterbury",1010,2.9,12.8,NA
"28857","20200504:0000",-44.74127,171.0631,"Waimate",1807,"Waimate",100120,"Canterbury",1010,2.9,13.65,NA
"28858","20200505:0000",-44.74127,171.0631,"Waimate",1807,"Waimate",100120,"Canterbury",1010,11.9,8.85,NA
"28859","20200506:0000",-44.74127,171.0631,"Waimate",1807,"Waimate",100120,"Canterbury",1010,2.2,9.6,NA
"28860","20200507:0000",-44.74127,171.0631,"Waimate",1807,"Waimate",100120,"Canterbury",1010,3.2,12.65,NA
"28861","20200508:0000",-44.74127,171.0631,"Waimate",1807,"Waimate",100120,"Canterbury",1010,4.3,10.4,NA
"28862","20200509:0000",-44.74127,171.0631,"Waimate",1807,"Waimate",100120,"Canterbury",1010,2.5,10.55,NA
"28863","20200510:0000",-44.74127,171.0631,"Waimate",1807,"Waimate",100120,"Canterbury",1010,2.9,8,NA
"28864","20200511:0000",-44.74127,171.0631,"Waimate",1807,"Waimate",100120,"Canterbury",1010,2.2,8.2,NA
"28865","20200512:0000",-44.74127,171.0631,"Waimate",1807,"Waimate",100120,"Canterbury",1010,6.5,10,NA
"28866","20200513:0000",-44.74127,171.0631,"Waimate",1807,"Waimate",100120,"Canterbury",1010,2.9,11.9,NA
"28867","20200514:0000",-44.74127,171.0631,"Waimate",1807,"Waimate",100120,"Canterbury",1010,2.5,9,NA
"28868","20200515:0000",-44.74127,171.0631,"Waimate",1807,"Waimate",100120,"Canterbury",1010,3.6,8.6,NA
"28869","20200516:0000",-44.74127,171.0631,"Waimate",1807,"Waimate",100120,"Canterbury",1010,3.6,8.45,NA
"28870","20200517:0000",-44.74127,171.0631,"Waimate",1807,"Waimate",100120,"Canterbury",1010,3.6,6.8,NA
"28871","20200518:0000",-44.74127,171.0631,"Waimate",1807,"Waimate",100120,"Canterbury",1010,2.2,7,NA
"28872","20200519:0000",-44.74127,171.0631,"Waimate",1807,"Waimate",100120,"Canterbury",1010,1.4,7.85,NA
"28873","20200520:0000",-44.74127,171.0631,"Waimate",1807,"Waimate",100120,"Canterbury",1010,6.5,6.35,NA
"28874","20200521:0000",-44.74127,171.0631,"Waimate",1807,"Waimate",100120,"Canterbury",1010,3.6,8.5,NA
"28875","20200522:0000",-44.74127,171.0631,"Waimate",1807,"Waimate",100120,"Canterbury",1010,4,12.05,NA
"28876","20200523:0000",-44.74127,171.0631,"Waimate",1807,"Waimate",100120,"Canterbury",1010,4.3,9.65,NA
"28877","20200524:0000",-44.74127,171.0631,"Waimate",1807,"Waimate",100120,"Canterbury",1010,4.7,9.95,NA
"28878","20200525:0000",-44.74127,171.0631,"Waimate",1807,"Waimate",100120,"Canterbury",1010,4.7,10.6,NA
"28879","20200526:0000",-44.74127,171.0631,"Waimate",1807,"Waimate",100120,"Canterbury",1010,2.9,10.2,NA
"28880","20200527:0000",-44.74127,171.0631,"Waimate",1807,"Waimate",100120,"Canterbury",1010,2.5,7.25,NA
"28881","20200528:0000",-44.74127,171.0631,"Waimate",1807,"Waimate",100120,"Canterbury",1010,7.9,5.6,NA
"28882","20200529:0000",-44.74127,171.0631,"Waimate",1807,"Waimate",100120,"Canterbury",1010,3.2,8.1,NA
"28883","20200530:0000",-44.74127,171.0631,"Waimate",1807,"Waimate",100120,"Canterbury",1010,5.8,7.3,NA
"28884","20200531:0000",-44.74127,171.0631,"Waimate",1807,"Waimate",100120,"Canterbury",1010,2.9,6.05,NA
"28885","20200601:0000",-44.74127,171.0631,"Waimate",1807,"Waimate",100120,"Canterbury",1010,7.2,6.55,NA
"28886","20200602:0000",-44.74127,171.0631,"Waimate",1807,"Waimate",100120,"Canterbury",1010,3.6,7.55,NA
"28887","20200603:0000",-44.74127,171.0631,"Waimate",1807,"Waimate",100120,"Canterbury",1010,3.6,6.8,NA
"28888","20200604:0000",-44.74127,171.0631,"Waimate",1807,"Waimate",100120,"Canterbury",1010,10.8,6.65,NA
"28889","20200605:0000",-44.74127,171.0631,"Waimate",1807,"Waimate",100120,"Canterbury",1010,6.1,5.9,NA
"28890","20200606:0000",-44.74127,171.0631,"Waimate",1807,"Waimate",100120,"Canterbury",1010,9.4,3.1,NA
"28891","20200607:0000",-44.74127,171.0631,"Waimate",1807,"Waimate",100120,"Canterbury",1010,4.3,6.1,NA
"28892","20200608:0000",-44.74127,171.0631,"Waimate",1807,"Waimate",100120,"Canterbury",1010,4,7.65,NA
"28893","20200609:0000",-44.74127,171.0631,"Waimate",1807,"Waimate",100120,"Canterbury",1010,3.6,7.3,NA
"28894","20200610:0000",-44.74127,171.0631,"Waimate",1807,"Waimate",100120,"Canterbury",1010,4,9.25,NA
"28895","20200611:0000",-44.74127,171.0631,"Waimate",1807,"Waimate",100120,"Canterbury",1010,5.8,8.75,NA
"28896","20200612:0000",-44.74127,171.0631,"Waimate",1807,"Waimate",100120,"Canterbury",1010,5.8,7.15,NA
"28897","20200613:0000",-44.74127,171.0631,"Waimate",1807,"Waimate",100120,"Canterbury",1010,2.5,4.6,NA
"28898","20200614:0000",-44.74127,171.0631,"Waimate",1807,"Waimate",100120,"Canterbury",1010,3.2,3.1,NA
"28899","20200615:0000",-44.74127,171.0631,"Waimate",1807,"Waimate",100120,"Canterbury",1010,2.9,5.85,NA
"28900","20200616:0000",-44.74127,171.0631,"Waimate",1807,"Waimate",100120,"Canterbury",1010,5,8.45,NA
"28901","20200617:0000",-44.74127,171.0631,"Waimate",1807,"Waimate",100120,"Canterbury",1010,3.6,9.45,NA
"28902","20200618:0000",-44.74127,171.0631,"Waimate",1807,"Waimate",100120,"Canterbury",1010,10.1,7.15,NA
"28903","20200619:0000",-44.74127,171.0631,"Waimate",1807,"Waimate",100120,"Canterbury",1010,3.6,8.3,NA
"28904","20200620:0000",-44.74127,171.0631,"Waimate",1807,"Waimate",100120,"Canterbury",1010,4,6.05,NA
"28905","20200621:0000",-44.74127,171.0631,"Waimate",1807,"Waimate",100120,"Canterbury",1010,1.1,6.15,NA
"28906","20200622:0000",-44.74127,171.0631,"Waimate",1807,"Waimate",100120,"Canterbury",1010,3.6,4.1,NA
"28907","20200623:0000",-44.74127,171.0631,"Waimate",1807,"Waimate",100120,"Canterbury",1010,3.6,4.65,NA
"28908","20200624:0000",-44.74127,171.0631,"Waimate",1807,"Waimate",100120,"Canterbury",1010,4.3,5.65,NA
"28909","20200625:0000",-44.74127,171.0631,"Waimate",1807,"Waimate",100120,"Canterbury",1010,1.1,5.2,NA
"28910","20200626:0000",-44.74127,171.0631,"Waimate",1807,"Waimate",100120,"Canterbury",1010,5.8,7.95,NA
"28911","20200627:0000",-44.74127,171.0631,"Waimate",1807,"Waimate",100120,"Canterbury",1010,0,8.6,NA
"28912","20200628:0000",-44.74127,171.0631,"Waimate",1807,"Waimate",100120,"Canterbury",1010,5.8,9.7,NA
"28913","20200629:0000",-44.74127,171.0631,"Waimate",1807,"Waimate",100120,"Canterbury",1010,6.5,9.15,NA
"28914","20200630:0000",-44.74127,171.0631,"Waimate",1807,"Waimate",100120,"Canterbury",1010,11.9,8.65,NA
"28915","20200701:0000",-44.74127,171.0631,"Waimate",1807,"Waimate",100120,"Canterbury",1010,13.7,7.8,NA
"28916","20200702:0000",-44.74127,171.0631,"Waimate",1807,"Waimate",100120,"Canterbury",1010,4.3,7.95,NA
"28917","20200703:0000",-44.74127,171.0631,"Waimate",1807,"Waimate",100120,"Canterbury",1010,2.2,4.15,NA
"28918","20200704:0000",-44.74127,171.0631,"Waimate",1807,"Waimate",100120,"Canterbury",1010,4.7,4.45,NA
"28919","20200705:0000",-44.74127,171.0631,"Waimate",1807,"Waimate",100120,"Canterbury",1010,4.3,5.8,NA
"28920","20200706:0000",-44.74127,171.0631,"Waimate",1807,"Waimate",100120,"Canterbury",1010,4,8.25,NA
"28921","20200707:0000",-44.74127,171.0631,"Waimate",1807,"Waimate",100120,"Canterbury",1010,28.4,9.9,NA
"28922","20200708:0000",-44.74127,171.0631,"Waimate",1807,"Waimate",100120,"Canterbury",1010,17.6,8,NA
"28923","20200709:0000",-44.74127,171.0631,"Waimate",1807,"Waimate",100120,"Canterbury",1010,11.9,8.4,NA
"28924","20200710:0000",-44.74127,171.0631,"Waimate",1807,"Waimate",100120,"Canterbury",1010,3.6,6.4,NA
"28925","20200711:0000",-44.74127,171.0631,"Waimate",1807,"Waimate",100120,"Canterbury",1010,2.9,6.5,NA
"28926","20200712:0000",-44.74127,171.0631,"Waimate",1807,"Waimate",100120,"Canterbury",1010,4.3,7.35,NA
"28927","20200713:0000",-44.74127,171.0631,"Waimate",1807,"Waimate",100120,"Canterbury",1010,2.9,4.6,NA
"28928","20200714:0000",-44.74127,171.0631,"Waimate",1807,"Waimate",100120,"Canterbury",1010,6.1,5.05,NA
"28929","20200715:0000",-44.74127,171.0631,"Waimate",1807,"Waimate",100120,"Canterbury",1010,2.2,4.7,NA
"28930","20200716:0000",-44.74127,171.0631,"Waimate",1807,"Waimate",100120,"Canterbury",1010,5,3,NA
"28931","20200717:0000",-44.74127,171.0631,"Waimate",1807,"Waimate",100120,"Canterbury",1010,3.6,2.95,NA
"28932","20200718:0000",-44.74127,171.0631,"Waimate",1807,"Waimate",100120,"Canterbury",1010,1.4,5.55,NA
"28933","20200719:0000",-44.74127,171.0631,"Waimate",1807,"Waimate",100120,"Canterbury",1010,2.9,8,NA
"28934","20200720:0000",-44.74127,171.0631,"Waimate",1807,"Waimate",100120,"Canterbury",1010,7.2,4.2,NA
"28935","20200721:0000",-44.74127,171.0631,"Waimate",1807,"Waimate",100120,"Canterbury",1010,2.5,8.55,NA
"28936","20200722:0000",-44.74127,171.0631,"Waimate",1807,"Waimate",100120,"Canterbury",1010,13,9.5,NA
"28937","20200723:0000",-44.74127,171.0631,"Waimate",1807,"Waimate",100120,"Canterbury",1010,13,7.15,NA
"28938","20200724:0000",-44.74127,171.0631,"Waimate",1807,"Waimate",100120,"Canterbury",1010,2.9,3.9,NA
"28939","20200725:0000",-44.74127,171.0631,"Waimate",1807,"Waimate",100120,"Canterbury",1010,5.4,7.65,NA
"28940","20200726:0000",-44.74127,171.0631,"Waimate",1807,"Waimate",100120,"Canterbury",1010,5.4,7.65,NA
"28941","20200727:0000",-44.74127,171.0631,"Waimate",1807,"Waimate",100120,"Canterbury",1010,1.1,6.65,NA
"28942","20200728:0000",-44.74127,171.0631,"Waimate",1807,"Waimate",100120,"Canterbury",1010,2.9,6.45,NA
"28943","20200729:0000",-44.74127,171.0631,"Waimate",1807,"Waimate",100120,"Canterbury",1010,1.4,5.75,NA
"28944","20200730:0000",-44.74127,171.0631,"Waimate",1807,"Waimate",100120,"Canterbury",1010,4.3,7.75,NA
"28945","20200731:0000",-44.74127,171.0631,"Waimate",1807,"Waimate",100120,"Canterbury",1010,2.2,9.05,NA
"28946","20200801:0000",-44.74127,171.0631,"Waimate",1807,"Waimate",100120,"Canterbury",1010,3.2,10.55,NA
"28947","20200802:0000",-44.74127,171.0631,"Waimate",1807,"Waimate",100120,"Canterbury",1010,3.6,10.5,NA
"28948","20200803:0000",-44.74127,171.0631,"Waimate",1807,"Waimate",100120,"Canterbury",1010,2.2,10.05,NA
"28949","20200804:0000",-44.74127,171.0631,"Waimate",1807,"Waimate",100120,"Canterbury",1010,2.5,9.6,NA
"28950","20200805:0000",-44.74127,171.0631,"Waimate",1807,"Waimate",100120,"Canterbury",1010,2.5,8.55,NA
"28951","20200806:0000",-44.74127,171.0631,"Waimate",1807,"Waimate",100120,"Canterbury",1010,5,8.5,NA
"28952","20200807:0000",-44.74127,171.0631,"Waimate",1807,"Waimate",100120,"Canterbury",1010,5.8,9.95,NA
"28953","20200808:0000",-44.74127,171.0631,"Waimate",1807,"Waimate",100120,"Canterbury",1010,4,7.2,NA
"28954","20200809:0000",-44.74127,171.0631,"Waimate",1807,"Waimate",100120,"Canterbury",1010,3.2,8.5,NA
"28955","20200810:0000",-44.74127,171.0631,"Waimate",1807,"Waimate",100120,"Canterbury",1010,5,10.5,NA
"28956","20200811:0000",-44.74127,171.0631,"Waimate",1807,"Waimate",100120,"Canterbury",1010,3.2,8.15,NA
"28957","20200812:0000",-44.74127,171.0631,"Waimate",1807,"Waimate",100120,"Canterbury",1010,2.2,5,NA
"28958","20200813:0000",-44.74127,171.0631,"Waimate",1807,"Waimate",100120,"Canterbury",1010,3.2,NA,NA
"28959","20200814:0000",-44.74127,171.0631,"Waimate",1807,"Waimate",100120,"Canterbury",1010,NA,NA,NA
"28960","20200815:0000",-44.74127,171.0631,"Waimate",1807,"Waimate",100120,"Canterbury",1010,NA,NA,NA
"28961","20200816:0000",-44.74127,171.0631,"Waimate",1807,"Waimate",100120,"Canterbury",1010,NA,NA,NA
"28962","20200817:0000",-44.74127,171.0631,"Waimate",1807,"Waimate",100120,"Canterbury",1010,NA,NA,NA
"28963","20200818:0000",-44.74127,171.0631,"Waimate",1807,"Waimate",100120,"Canterbury",1010,5.8,NA,NA
"28964","20200819:0000",-44.74127,171.0631,"Waimate",1807,"Waimate",100120,"Canterbury",1010,2.9,10.25,NA
"28965","20200820:0000",-44.74127,171.0631,"Waimate",1807,"Waimate",100120,"Canterbury",1010,9.7,9.6,NA
"28966","20200821:0000",-44.74127,171.0631,"Waimate",1807,"Waimate",100120,"Canterbury",1010,1.8,9.95,NA
"28967","20200822:0000",-44.74127,171.0631,"Waimate",1807,"Waimate",100120,"Canterbury",1010,5.4,10.6,NA
"28968","20200823:0000",-44.74127,171.0631,"Waimate",1807,"Waimate",100120,"Canterbury",1010,1.1,9.7,NA
"28969","20200824:0000",-44.74127,171.0631,"Waimate",1807,"Waimate",100120,"Canterbury",1010,6.5,10.7,NA
"28970","20200825:0000",-44.74127,171.0631,"Waimate",1807,"Waimate",100120,"Canterbury",1010,9,10.65,NA
"28971","20200826:0000",-44.74127,171.0631,"Waimate",1807,"Waimate",100120,"Canterbury",1010,2.9,6.25,NA
"28972","20200827:0000",-44.74127,171.0631,"Waimate",1807,"Waimate",100120,"Canterbury",1010,2.2,8.95,NA
"28973","20200828:0000",-44.74127,171.0631,"Waimate",1807,"Waimate",100120,"Canterbury",1010,2.2,7.8,NA
"28974","20200829:0000",-44.74127,171.0631,"Waimate",1807,"Waimate",100120,"Canterbury",1010,8.6,11.95,NA
"28975","20200830:0000",-44.74127,171.0631,"Waimate",1807,"Waimate",100120,"Canterbury",1010,2.9,16.6,NA
"28976","20200831:0000",-44.74127,171.0631,"Waimate",1807,"Waimate",100120,"Canterbury",1010,4.7,14.85,NA
"28977","20200901:0000",-44.74127,171.0631,"Waimate",1807,"Waimate",100120,"Canterbury",1010,10.1,5.95,NA
"28978","20200902:0000",-44.74127,171.0631,"Waimate",1807,"Waimate",100120,"Canterbury",1010,2.5,5.1,NA
"28979","20200903:0000",-44.74127,171.0631,"Waimate",1807,"Waimate",100120,"Canterbury",1010,1.8,7,NA
"28980","20200904:0000",-44.74127,171.0631,"Waimate",1807,"Waimate",100120,"Canterbury",1010,2.2,7.75,NA
"28981","20200905:0000",-44.74127,171.0631,"Waimate",1807,"Waimate",100120,"Canterbury",1010,4.7,12.35,NA
"28982","20200906:0000",-44.74127,171.0631,"Waimate",1807,"Waimate",100120,"Canterbury",1010,2.9,11.55,NA
"28983","20200907:0000",-44.74127,171.0631,"Waimate",1807,"Waimate",100120,"Canterbury",1010,2.2,7.5,NA
"28984","20200908:0000",-44.74127,171.0631,"Waimate",1807,"Waimate",100120,"Canterbury",1010,2.5,7.2,NA
"28985","20200909:0000",-44.74127,171.0631,"Waimate",1807,"Waimate",100120,"Canterbury",1010,3.6,10.5,NA
"28986","20200910:0000",-44.74127,171.0631,"Waimate",1807,"Waimate",100120,"Canterbury",1010,5,9.35,NA
"28987","20200911:0000",-44.74127,171.0631,"Waimate",1807,"Waimate",100120,"Canterbury",1010,7.2,8.4,NA
"28988","20200912:0000",-44.74127,171.0631,"Waimate",1807,"Waimate",100120,"Canterbury",1010,1.1,6.55,NA
"28989","20200913:0000",-44.74127,171.0631,"Waimate",1807,"Waimate",100120,"Canterbury",1010,2.2,12.65,NA
"28990","20200914:0000",-44.74127,171.0631,"Waimate",1807,"Waimate",100120,"Canterbury",1010,5.4,12.6,NA
"28991","20200915:0000",-44.74127,171.0631,"Waimate",1807,"Waimate",100120,"Canterbury",1010,12.2,10.5,NA
"28992","20200916:0000",-44.74127,171.0631,"Waimate",1807,"Waimate",100120,"Canterbury",1010,14,12.4,NA
"28993","20200917:0000",-44.74127,171.0631,"Waimate",1807,"Waimate",100120,"Canterbury",1010,16.2,12.5,NA
"28994","20200918:0000",-44.74127,171.0631,"Waimate",1807,"Waimate",100120,"Canterbury",1010,5,8.9,NA
"28995","20200919:0000",-44.74127,171.0631,"Waimate",1807,"Waimate",100120,"Canterbury",1010,4.3,11.5,NA
"28996","20200920:0000",-44.74127,171.0631,"Waimate",1807,"Waimate",100120,"Canterbury",1010,4.7,7.9,NA
"28997","20200921:0000",-44.74127,171.0631,"Waimate",1807,"Waimate",100120,"Canterbury",1010,2.9,9.4,NA
"28998","20200922:0000",-44.74127,171.0631,"Waimate",1807,"Waimate",100120,"Canterbury",1010,2.5,11.8,NA
"28999","20200923:0000",-44.74127,171.0631,"Waimate",1807,"Waimate",100120,"Canterbury",1010,3.6,15.3,NA
"29000","20200924:0000",-44.74127,171.0631,"Waimate",1807,"Waimate",100120,"Canterbury",1010,2.2,11.65,NA
"29001","20200925:0000",-44.74127,171.0631,"Waimate",1807,"Waimate",100120,"Canterbury",1010,8.6,12.4,NA
"29002","20200926:0000",-44.74127,171.0631,"Waimate",1807,"Waimate",100120,"Canterbury",1010,4.3,11.7,NA
"29003","20200927:0000",-44.74127,171.0631,"Waimate",1807,"Waimate",100120,"Canterbury",1010,9.4,14.55,NA
"29004","20200928:0000",-44.74127,171.0631,"Waimate",1807,"Waimate",100120,"Canterbury",1010,5.8,7,NA
"29005","20200929:0000",-44.74127,171.0631,"Waimate",1807,"Waimate",100120,"Canterbury",1010,28.4,4.55,NA
"29006","20200930:0000",-44.74127,171.0631,"Waimate",1807,"Waimate",100120,"Canterbury",1010,10.8,9.3,NA
"29007","20201001:0000",-44.74127,171.0631,"Waimate",1807,"Waimate",100120,"Canterbury",1010,3.6,8.2,NA
"29008","20201002:0000",-44.74127,171.0631,"Waimate",1807,"Waimate",100120,"Canterbury",1010,3.6,10.3,NA
"29009","20201003:0000",-44.74127,171.0631,"Waimate",1807,"Waimate",100120,"Canterbury",1010,4.7,16.6,NA
"29010","20201004:0000",-44.74127,171.0631,"Waimate",1807,"Waimate",100120,"Canterbury",1010,16.9,18.15,NA
"29011","20201005:0000",-44.74127,171.0631,"Waimate",1807,"Waimate",100120,"Canterbury",1010,3.6,13,NA
"29012","20201006:0000",-44.74127,171.0631,"Waimate",1807,"Waimate",100120,"Canterbury",1010,19.8,11.1,NA
"29013","20201007:0000",-44.74127,171.0631,"Waimate",1807,"Waimate",100120,"Canterbury",1010,3.2,10.45,NA
"29014","20201008:0000",-44.74127,171.0631,"Waimate",1807,"Waimate",100120,"Canterbury",1010,3.6,5.65,NA
"29015","20201009:0000",-44.74127,171.0631,"Waimate",1807,"Waimate",100120,"Canterbury",1010,4.3,6.8,NA
"29016","20201010:0000",-44.74127,171.0631,"Waimate",1807,"Waimate",100120,"Canterbury",1010,1.4,8.1,NA
"29017","20201011:0000",-44.74127,171.0631,"Waimate",1807,"Waimate",100120,"Canterbury",1010,4,15.35,NA
"29018","20201012:0000",-44.74127,171.0631,"Waimate",1807,"Waimate",100120,"Canterbury",1010,4.7,11.7,NA
"29019","20201013:0000",-44.74127,171.0631,"Waimate",1807,"Waimate",100120,"Canterbury",1010,5.8,12.5,NA
"29020","20201014:0000",-44.74127,171.0631,"Waimate",1807,"Waimate",100120,"Canterbury",1010,7.9,10.6,NA
"29021","20201015:0000",-44.74127,171.0631,"Waimate",1807,"Waimate",100120,"Canterbury",1010,8.3,7.25,NA
"29022","20201016:0000",-44.74127,171.0631,"Waimate",1807,"Waimate",100120,"Canterbury",1010,7.2,8.15,NA
"29023","20201017:0000",-44.74127,171.0631,"Waimate",1807,"Waimate",100120,"Canterbury",1010,3.2,9.05,NA
"29024","20201018:0000",-44.74127,171.0631,"Waimate",1807,"Waimate",100120,"Canterbury",1010,1.8,8.5,NA
"29025","20201019:0000",-44.74127,171.0631,"Waimate",1807,"Waimate",100120,"Canterbury",1010,2.2,11.55,NA
"29026","20201020:0000",-44.74127,171.0631,"Waimate",1807,"Waimate",100120,"Canterbury",1010,6.1,12.75,NA
"29027","20201021:0000",-44.74127,171.0631,"Waimate",1807,"Waimate",100120,"Canterbury",1010,6.5,11.95,NA
"29028","20201022:0000",-44.74127,171.0631,"Waimate",1807,"Waimate",100120,"Canterbury",1010,2.5,12.55,NA
"29029","20201023:0000",-44.74127,171.0631,"Waimate",1807,"Waimate",100120,"Canterbury",1010,2.9,13.25,NA
"29030","20201024:0000",-44.74127,171.0631,"Waimate",1807,"Waimate",100120,"Canterbury",1010,5,14.5,NA
"29031","20201025:0000",-44.74127,171.0631,"Waimate",1807,"Waimate",100120,"Canterbury",1010,7.9,17.8,NA
"29032","20201026:0000",-44.74127,171.0631,"Waimate",1807,"Waimate",100120,"Canterbury",1010,5,9.8,NA
"29033","20201027:0000",-44.74127,171.0631,"Waimate",1807,"Waimate",100120,"Canterbury",1010,4.3,10.75,NA
"29034","20201028:0000",-44.74127,171.0631,"Waimate",1807,"Waimate",100120,"Canterbury",1010,2.2,9,NA
"29035","20201029:0000",-44.74127,171.0631,"Waimate",1807,"Waimate",100120,"Canterbury",1010,2.2,12.65,NA
"29036","20201030:0000",-44.74127,171.0631,"Waimate",1807,"Waimate",100120,"Canterbury",1010,6.1,16.05,NA
"29037","20201031:0000",-44.74127,171.0631,"Waimate",1807,"Waimate",100120,"Canterbury",1010,2.2,18.75,NA
"29038","20201101:0000",-44.74127,171.0631,"Waimate",1807,"Waimate",100120,"Canterbury",1010,6.5,15,NA
"29039","20201102:0000",-44.74127,171.0631,"Waimate",1807,"Waimate",100120,"Canterbury",1010,2.9,11.95,NA
"29040","20201103:0000",-44.74127,171.0631,"Waimate",1807,"Waimate",100120,"Canterbury",1010,8.6,12.8,NA
"29041","20201104:0000",-44.74127,171.0631,"Waimate",1807,"Waimate",100120,"Canterbury",1010,2.5,13.55,NA
"29042","20201105:0000",-44.74127,171.0631,"Waimate",1807,"Waimate",100120,"Canterbury",1010,2.9,18.7,NA
"29043","20201106:0000",-44.74127,171.0631,"Waimate",1807,"Waimate",100120,"Canterbury",1010,5,11.7,NA
"29044","20201107:0000",-44.74127,171.0631,"Waimate",1807,"Waimate",100120,"Canterbury",1010,7.9,12.8,NA
"29045","20201108:0000",-44.74127,171.0631,"Waimate",1807,"Waimate",100120,"Canterbury",1010,14.4,9.45,NA
"29046","20201109:0000",-44.74127,171.0631,"Waimate",1807,"Waimate",100120,"Canterbury",1010,3.6,8.65,NA
"29047","20201110:0000",-44.74127,171.0631,"Waimate",1807,"Waimate",100120,"Canterbury",1010,7.9,11.05,NA
"29048","20201111:0000",-44.74127,171.0631,"Waimate",1807,"Waimate",100120,"Canterbury",1010,3.2,11.3,NA
"29049","20201112:0000",-44.74127,171.0631,"Waimate",1807,"Waimate",100120,"Canterbury",1010,4.3,11.65,NA
"29050","20201113:0000",-44.74127,171.0631,"Waimate",1807,"Waimate",100120,"Canterbury",1010,7.6,14.9,NA
"29051","20201114:0000",-44.74127,171.0631,"Waimate",1807,"Waimate",100120,"Canterbury",1010,4,15.75,NA
"29052","20201115:0000",-44.74127,171.0631,"Waimate",1807,"Waimate",100120,"Canterbury",1010,2.5,17.2,NA
"29053","20201116:0000",-44.74127,171.0631,"Waimate",1807,"Waimate",100120,"Canterbury",1010,3.2,16.6,NA
"29054","20201117:0000",-44.74127,171.0631,"Waimate",1807,"Waimate",100120,"Canterbury",1010,5.8,19.7,NA
"29055","20201118:0000",-44.74127,171.0631,"Waimate",1807,"Waimate",100120,"Canterbury",1010,7.2,14.45,NA
"29056","20201119:0000",-44.74127,171.0631,"Waimate",1807,"Waimate",100120,"Canterbury",1010,9,12.35,NA
"29057","20201120:0000",-44.74127,171.0631,"Waimate",1807,"Waimate",100120,"Canterbury",1010,2.2,12.4,NA
"29058","20201121:0000",-44.74127,171.0631,"Waimate",1807,"Waimate",100120,"Canterbury",1010,4,18.4,NA
"29059","20201122:0000",-44.74127,171.0631,"Waimate",1807,"Waimate",100120,"Canterbury",1010,13.7,13.25,NA
"29060","20201123:0000",-44.74127,171.0631,"Waimate",1807,"Waimate",100120,"Canterbury",1010,5,9.4,NA
"29061","20201124:0000",-44.74127,171.0631,"Waimate",1807,"Waimate",100120,"Canterbury",1010,10.1,12.8,NA
"29062","20201125:0000",-44.74127,171.0631,"Waimate",1807,"Waimate",100120,"Canterbury",1010,2.2,12.95,NA
"29063","20201126:0000",-44.74127,171.0631,"Waimate",1807,"Waimate",100120,"Canterbury",1010,8.3,14.85,NA
"29064","20201127:0000",-44.74127,171.0631,"Waimate",1807,"Waimate",100120,"Canterbury",1010,20.9,13.1,NA
"29065","20201128:0000",-44.74127,171.0631,"Waimate",1807,"Waimate",100120,"Canterbury",1010,4.7,10.35,NA
"29066","20201129:0000",-44.74127,171.0631,"Waimate",1807,"Waimate",100120,"Canterbury",1010,9.4,13.3,NA
"29067","20201130:0000",-44.74127,171.0631,"Waimate",1807,"Waimate",100120,"Canterbury",1010,5.8,12.45,NA
"29068","20201201:0000",-44.74127,171.0631,"Waimate",1807,"Waimate",100120,"Canterbury",1010,5,10.2,NA
"29069","20201202:0000",-44.74127,171.0631,"Waimate",1807,"Waimate",100120,"Canterbury",1010,4.3,17.6,NA
"29070","20201203:0000",-44.74127,171.0631,"Waimate",1807,"Waimate",100120,"Canterbury",1010,16.2,16.5,NA
"29071","20201204:0000",-44.74127,171.0631,"Waimate",1807,"Waimate",100120,"Canterbury",1010,2.9,15.6,NA
"29072","20201205:0000",-44.74127,171.0631,"Waimate",1807,"Waimate",100120,"Canterbury",1010,5,13.3,NA
"29073","20201206:0000",-44.74127,171.0631,"Waimate",1807,"Waimate",100120,"Canterbury",1010,6.5,13.85,NA
"29074","20201207:0000",-44.74127,171.0631,"Waimate",1807,"Waimate",100120,"Canterbury",1010,4.3,17.4,NA
"29075","20201208:0000",-44.74127,171.0631,"Waimate",1807,"Waimate",100120,"Canterbury",1010,2.9,16.7,NA
"29076","20201209:0000",-44.74127,171.0631,"Waimate",1807,"Waimate",100120,"Canterbury",1010,3.6,16.15,NA
"29077","20201210:0000",-44.74127,171.0631,"Waimate",1807,"Waimate",100120,"Canterbury",1010,7.6,17.35,NA
"29078","20201211:0000",-44.74127,171.0631,"Waimate",1807,"Waimate",100120,"Canterbury",1010,14,13.25,NA
"29079","20201212:0000",-44.74127,171.0631,"Waimate",1807,"Waimate",100120,"Canterbury",1010,7.9,13.8,NA
"29080","20201213:0000",-44.74127,171.0631,"Waimate",1807,"Waimate",100120,"Canterbury",1010,10.8,14.7,NA
"29081","20201214:0000",-44.74127,171.0631,"Waimate",1807,"Waimate",100120,"Canterbury",1010,5.4,11.95,NA
"29082","20201215:0000",-44.74127,171.0631,"Waimate",1807,"Waimate",100120,"Canterbury",1010,3.2,15.6,NA
"29083","20201216:0000",-44.74127,171.0631,"Waimate",1807,"Waimate",100120,"Canterbury",1010,7.2,15.8,NA
"29084","20201217:0000",-44.74127,171.0631,"Waimate",1807,"Waimate",100120,"Canterbury",1010,10.8,13.2,NA
"29085","20201218:0000",-44.74127,171.0631,"Waimate",1807,"Waimate",100120,"Canterbury",1010,10.1,18.05,NA
"29086","20201219:0000",-44.74127,171.0631,"Waimate",1807,"Waimate",100120,"Canterbury",1010,6.8,21.2,NA
"29087","20201220:0000",-44.74127,171.0631,"Waimate",1807,"Waimate",100120,"Canterbury",1010,6.8,14.1,NA
"29088","20201221:0000",-44.74127,171.0631,"Waimate",1807,"Waimate",100120,"Canterbury",1010,7.2,13.25,NA
"29089","20201222:0000",-44.74127,171.0631,"Waimate",1807,"Waimate",100120,"Canterbury",1010,3.6,16.75,NA
"29090","20201223:0000",-44.74127,171.0631,"Waimate",1807,"Waimate",100120,"Canterbury",1010,5.4,15.9,NA
"29091","20201224:0000",-44.74127,171.0631,"Waimate",1807,"Waimate",100120,"Canterbury",1010,7.2,16.25,NA
"29092","20201225:0000",-44.74127,171.0631,"Waimate",1807,"Waimate",100120,"Canterbury",1010,4,12.5,NA
"29093","20201226:0000",-44.74127,171.0631,"Waimate",1807,"Waimate",100120,"Canterbury",1010,10.1,11.6,NA
"29094","20201227:0000",-44.74127,171.0631,"Waimate",1807,"Waimate",100120,"Canterbury",1010,10.8,11.25,NA
"29095","20201228:0000",-44.74127,171.0631,"Waimate",1807,"Waimate",100120,"Canterbury",1010,3.2,10.9,NA
"29096","20201229:0000",-44.74127,171.0631,"Waimate",1807,"Waimate",100120,"Canterbury",1010,9.4,11.85,NA
"29097","20201230:0000",-44.74127,171.0631,"Waimate",1807,"Waimate",100120,"Canterbury",1010,6.8,14.45,NA
"29098","20201231:0000",-44.74127,171.0631,"Waimate",1807,"Waimate",100120,"Canterbury",1010,5.4,16.4,NA
"29099","20210101:0000",-44.74127,171.0631,"Waimate",1807,"Waimate",100120,"Canterbury",1010,3.6,16.05,NA
"29100","20210102:0000",-44.74127,171.0631,"Waimate",1807,"Waimate",100120,"Canterbury",1010,14.8,15.65,NA
"29101","20210103:0000",-44.74127,171.0631,"Waimate",1807,"Waimate",100120,"Canterbury",1010,1.8,16.4,NA
"29102","20210104:0000",-44.74127,171.0631,"Waimate",1807,"Waimate",100120,"Canterbury",1010,2.5,16.25,NA
"29103","20210105:0000",-44.74127,171.0631,"Waimate",1807,"Waimate",100120,"Canterbury",1010,3.2,15.1,NA
"29104","20210106:0000",-44.74127,171.0631,"Waimate",1807,"Waimate",100120,"Canterbury",1010,4,15.2,NA
"29105","20210107:0000",-44.74127,171.0631,"Waimate",1807,"Waimate",100120,"Canterbury",1010,3.6,19.8,NA
"29106","20210108:0000",-44.74127,171.0631,"Waimate",1807,"Waimate",100120,"Canterbury",1010,9.4,15.65,NA
"29107","20210109:0000",-44.74127,171.0631,"Waimate",1807,"Waimate",100120,"Canterbury",1010,3.2,15.85,NA
"29108","20210110:0000",-44.74127,171.0631,"Waimate",1807,"Waimate",100120,"Canterbury",1010,6.8,16.3,NA
"29109","20210111:0000",-44.74127,171.0631,"Waimate",1807,"Waimate",100120,"Canterbury",1010,3.6,14.7,NA
"29110","20210112:0000",-44.74127,171.0631,"Waimate",1807,"Waimate",100120,"Canterbury",1010,5,16.65,NA
"29111","20210113:0000",-44.74127,171.0631,"Waimate",1807,"Waimate",100120,"Canterbury",1010,2.5,15.95,NA
"29112","20210114:0000",-44.74127,171.0631,"Waimate",1807,"Waimate",100120,"Canterbury",1010,3.6,19.35,NA
"29113","20210115:0000",-44.74127,171.0631,"Waimate",1807,"Waimate",100120,"Canterbury",1010,2.5,17.4,NA
"29114","20210116:0000",-44.74127,171.0631,"Waimate",1807,"Waimate",100120,"Canterbury",1010,3.2,18.45,NA
"29115","20210117:0000",-44.74127,171.0631,"Waimate",1807,"Waimate",100120,"Canterbury",1010,4,21.15,NA
"29116","20210118:0000",-44.74127,171.0631,"Waimate",1807,"Waimate",100120,"Canterbury",1010,3.6,14.55,NA
"29117","20210119:0000",-44.74127,171.0631,"Waimate",1807,"Waimate",100120,"Canterbury",1010,6.5,15.2,NA
"29118","20210120:0000",-44.74127,171.0631,"Waimate",1807,"Waimate",100120,"Canterbury",1010,5.8,14.8,NA
"29119","20210121:0000",-44.74127,171.0631,"Waimate",1807,"Waimate",100120,"Canterbury",1010,7.2,14.55,NA
"29120","20210122:0000",-44.74127,171.0631,"Waimate",1807,"Waimate",100120,"Canterbury",1010,6.5,14.75,NA
"29121","20210123:0000",-44.74127,171.0631,"Waimate",1807,"Waimate",100120,"Canterbury",1010,3.6,17.8,NA
"29122","20210124:0000",-44.74127,171.0631,"Waimate",1807,"Waimate",100120,"Canterbury",1010,4,17.85,NA
"29123","20210125:0000",-44.74127,171.0631,"Waimate",1807,"Waimate",100120,"Canterbury",1010,4.3,18.95,NA
"29124","20210126:0000",-44.74127,171.0631,"Waimate",1807,"Waimate",100120,"Canterbury",1010,5,24.4,NA
"29125","20210127:0000",-44.74127,171.0631,"Waimate",1807,"Waimate",100120,"Canterbury",1010,7.6,23.9,NA
"29126","20210128:0000",-44.74127,171.0631,"Waimate",1807,"Waimate",100120,"Canterbury",1010,7.9,15.9,NA
"29127","20210129:0000",-44.74127,171.0631,"Waimate",1807,"Waimate",100120,"Canterbury",1010,13,13.15,NA
"29128","20210130:0000",-44.74127,171.0631,"Waimate",1807,"Waimate",100120,"Canterbury",1010,7.9,11.55,NA
"29129","20210131:0000",-44.74127,171.0631,"Waimate",1807,"Waimate",100120,"Canterbury",1010,6.5,14.35,NA
"29130","20210201:0000",-44.74127,171.0631,"Waimate",1807,"Waimate",100120,"Canterbury",1010,6.5,17.15,NA
"29131","20210202:0000",-44.74127,171.0631,"Waimate",1807,"Waimate",100120,"Canterbury",1010,5,17.65,NA
"29132","20210203:0000",-44.74127,171.0631,"Waimate",1807,"Waimate",100120,"Canterbury",1010,2.9,17.2,NA
"29133","20210204:0000",-44.74127,171.0631,"Waimate",1807,"Waimate",100120,"Canterbury",1010,6.5,14.5,NA
"29134","20210205:0000",-44.74127,171.0631,"Waimate",1807,"Waimate",100120,"Canterbury",1010,4,13.75,NA
"29135","20210206:0000",-44.74127,171.0631,"Waimate",1807,"Waimate",100120,"Canterbury",1010,5,14.25,NA
"29136","20210207:0000",-44.74127,171.0631,"Waimate",1807,"Waimate",100120,"Canterbury",1010,4.3,15.3,NA
"29137","20210208:0000",-44.74127,171.0631,"Waimate",1807,"Waimate",100120,"Canterbury",1010,3.2,16.15,NA
"29138","20210209:0000",-44.74127,171.0631,"Waimate",1807,"Waimate",100120,"Canterbury",1010,2.2,17.3,NA
"29139","20210210:0000",-44.74127,171.0631,"Waimate",1807,"Waimate",100120,"Canterbury",1010,2.5,14,NA
"29140","20210211:0000",-44.74127,171.0631,"Waimate",1807,"Waimate",100120,"Canterbury",1010,4.7,15.6,NA
"29141","20210212:0000",-44.74127,171.0631,"Waimate",1807,"Waimate",100120,"Canterbury",1010,3.6,13.8,NA
"29142","20210213:0000",-44.74127,171.0631,"Waimate",1807,"Waimate",100120,"Canterbury",1010,5,14.4,NA
"29143","20210214:0000",-44.74127,171.0631,"Waimate",1807,"Waimate",100120,"Canterbury",1010,2.5,16.7,NA
"29144","20210215:0000",-44.74127,171.0631,"Waimate",1807,"Waimate",100120,"Canterbury",1010,3.2,15.75,NA
"29145","20210216:0000",-44.74127,171.0631,"Waimate",1807,"Waimate",100120,"Canterbury",1010,7.9,12.95,NA
"29146","20210217:0000",-44.74127,171.0631,"Waimate",1807,"Waimate",100120,"Canterbury",1010,3.6,10.65,NA
"29147","20210218:0000",-44.74127,171.0631,"Waimate",1807,"Waimate",100120,"Canterbury",1010,2.5,13.1,NA
"29148","20210219:0000",-44.74127,171.0631,"Waimate",1807,"Waimate",100120,"Canterbury",1010,2.9,15.95,NA
"29149","20210220:0000",-44.74127,171.0631,"Waimate",1807,"Waimate",100120,"Canterbury",1010,2.2,14.95,NA
"29150","20210221:0000",-44.74127,171.0631,"Waimate",1807,"Waimate",100120,"Canterbury",1010,3.6,17.3,NA
"29151","20210222:0000",-44.74127,171.0631,"Waimate",1807,"Waimate",100120,"Canterbury",1010,5,16.6,NA
"29152","20210223:0000",-44.74127,171.0631,"Waimate",1807,"Waimate",100120,"Canterbury",1010,5.8,19.55,NA
"29153","20210224:0000",-44.74127,171.0631,"Waimate",1807,"Waimate",100120,"Canterbury",1010,4,20.7,NA
"29154","20210225:0000",-44.74127,171.0631,"Waimate",1807,"Waimate",100120,"Canterbury",1010,6.8,14.15,NA
"29155","20210226:0000",-44.74127,171.0631,"Waimate",1807,"Waimate",100120,"Canterbury",1010,1.4,15.35,NA
"29156","20210227:0000",-44.74127,171.0631,"Waimate",1807,"Waimate",100120,"Canterbury",1010,2.2,16.65,NA
"29157","20210228:0000",-44.74127,171.0631,"Waimate",1807,"Waimate",100120,"Canterbury",1010,2.9,17.25,NA
"29158","20210301:0000",-44.74127,171.0631,"Waimate",1807,"Waimate",100120,"Canterbury",1010,2.2,18.8,NA
"29159","20210302:0000",-44.74127,171.0631,"Waimate",1807,"Waimate",100120,"Canterbury",1010,2.5,20.35,NA
"29160","20210303:0000",-44.74127,171.0631,"Waimate",1807,"Waimate",100120,"Canterbury",1010,2.9,21.6,NA
"29161","20210304:0000",-44.74127,171.0631,"Waimate",1807,"Waimate",100120,"Canterbury",1010,4.3,14.65,NA
"29162","20210305:0000",-44.74127,171.0631,"Waimate",1807,"Waimate",100120,"Canterbury",1010,2.2,13.85,NA
"29163","20210306:0000",-44.74127,171.0631,"Waimate",1807,"Waimate",100120,"Canterbury",1010,2.5,16.15,NA
"29164","20210307:0000",-44.74127,171.0631,"Waimate",1807,"Waimate",100120,"Canterbury",1010,5.8,14.4,NA
"29165","20210308:0000",-44.74127,171.0631,"Waimate",1807,"Waimate",100120,"Canterbury",1010,8.3,14,NA
"29166","20210309:0000",-44.74127,171.0631,"Waimate",1807,"Waimate",100120,"Canterbury",1010,3.6,13.2,NA
"29167","20210310:0000",-44.74127,171.0631,"Waimate",1807,"Waimate",100120,"Canterbury",1010,3.6,15.55,NA
"29168","20210311:0000",-44.74127,171.0631,"Waimate",1807,"Waimate",100120,"Canterbury",1010,2.2,13.15,NA
"29169","20210312:0000",-44.74127,171.0631,"Waimate",1807,"Waimate",100120,"Canterbury",1010,3.2,15.05,NA
"29170","20210313:0000",-44.74127,171.0631,"Waimate",1807,"Waimate",100120,"Canterbury",1010,1.1,13.7,NA
"29171","20210314:0000",-44.74127,171.0631,"Waimate",1807,"Waimate",100120,"Canterbury",1010,3.2,14.65,NA
"29172","20210315:0000",-44.74127,171.0631,"Waimate",1807,"Waimate",100120,"Canterbury",1010,4.3,16.4,NA
"29173","20210316:0000",-44.74127,171.0631,"Waimate",1807,"Waimate",100120,"Canterbury",1010,10.8,16.15,NA
"29174","20210317:0000",-44.74127,171.0631,"Waimate",1807,"Waimate",100120,"Canterbury",1010,3.2,13.4,NA
"29175","20210318:0000",-44.74127,171.0631,"Waimate",1807,"Waimate",100120,"Canterbury",1010,2.2,14.1,NA
"29176","20210319:0000",-44.74127,171.0631,"Waimate",1807,"Waimate",100120,"Canterbury",1010,8.6,11.4,NA
"29177","20210320:0000",-44.74127,171.0631,"Waimate",1807,"Waimate",100120,"Canterbury",1010,0.7,15.55,NA
"29178","20210321:0000",-44.74127,171.0631,"Waimate",1807,"Waimate",100120,"Canterbury",1010,2.9,12.3,NA
"29179","20210322:0000",-44.74127,171.0631,"Waimate",1807,"Waimate",100120,"Canterbury",1010,2.2,14.85,NA
"29180","20210323:0000",-44.74127,171.0631,"Waimate",1807,"Waimate",100120,"Canterbury",1010,4,14.15,NA
"29181","20210324:0000",-44.74127,171.0631,"Waimate",1807,"Waimate",100120,"Canterbury",1010,1.4,14.5,NA
"29182","20210325:0000",-44.74127,171.0631,"Waimate",1807,"Waimate",100120,"Canterbury",1010,1.4,15.35,NA
"29183","20210326:0000",-44.74127,171.0631,"Waimate",1807,"Waimate",100120,"Canterbury",1010,4.3,14.35,NA
"29184","20210327:0000",-44.74127,171.0631,"Waimate",1807,"Waimate",100120,"Canterbury",1010,2.5,16.65,NA
"29185","20210328:0000",-44.74127,171.0631,"Waimate",1807,"Waimate",100120,"Canterbury",1010,3.6,18.4,NA
"29186","20210329:0000",-44.74127,171.0631,"Waimate",1807,"Waimate",100120,"Canterbury",1010,2.5,15.1,NA
"29187","20210330:0000",-44.74127,171.0631,"Waimate",1807,"Waimate",100120,"Canterbury",1010,3.2,13.5,NA
"29188","20210331:0000",-44.74127,171.0631,"Waimate",1807,"Waimate",100120,"Canterbury",1010,4.7,15.25,NA
"29189","20210401:0000",-44.74127,171.0631,"Waimate",1807,"Waimate",100120,"Canterbury",1010,3.2,12.15,NA
"29190","20210402:0000",-44.74127,171.0631,"Waimate",1807,"Waimate",100120,"Canterbury",1010,1.8,12.35,NA
"29191","20210403:0000",-44.74127,171.0631,"Waimate",1807,"Waimate",100120,"Canterbury",1010,1.1,13.85,NA
"29192","20210404:0000",-44.74127,171.0631,"Waimate",1807,"Waimate",100120,"Canterbury",1010,7.2,17.35,NA
"29193","20210405:0000",-44.74127,171.0631,"Waimate",1807,"Waimate",100120,"Canterbury",1010,4.3,18.55,NA
"29194","20210406:0000",-44.74127,171.0631,"Waimate",1807,"Waimate",100120,"Canterbury",1010,2.2,13.6,NA
"29195","20210407:0000",-44.74127,171.0631,"Waimate",1807,"Waimate",100120,"Canterbury",1010,6.1,13.15,NA
"29196","20210408:0000",-44.74127,171.0631,"Waimate",1807,"Waimate",100120,"Canterbury",1010,2.9,11.7,NA
"29197","20210409:0000",-44.74127,171.0631,"Waimate",1807,"Waimate",100120,"Canterbury",1010,4.3,13.15,NA
"29198","20210410:0000",-44.74127,171.0631,"Waimate",1807,"Waimate",100120,"Canterbury",1010,2.2,12.55,NA
"29199","20210411:0000",-44.74127,171.0631,"Waimate",1807,"Waimate",100120,"Canterbury",1010,2.9,15.2,NA
"29200","20210412:0000",-44.74127,171.0631,"Waimate",1807,"Waimate",100120,"Canterbury",1010,1.4,14.5,NA
"29201","20210413:0000",-44.74127,171.0631,"Waimate",1807,"Waimate",100120,"Canterbury",1010,6.1,11.95,NA
"29202","20210414:0000",-44.74127,171.0631,"Waimate",1807,"Waimate",100120,"Canterbury",1010,5.8,12.95,NA
"29203","20210415:0000",-44.74127,171.0631,"Waimate",1807,"Waimate",100120,"Canterbury",1010,2.2,13.85,NA
"29204","20210416:0000",-44.74127,171.0631,"Waimate",1807,"Waimate",100120,"Canterbury",1010,4.3,13.35,NA
"29205","20210417:0000",-44.74127,171.0631,"Waimate",1807,"Waimate",100120,"Canterbury",1010,5.4,10.2,NA
"29206","20210418:0000",-44.74127,171.0631,"Waimate",1807,"Waimate",100120,"Canterbury",1010,2.9,11.8,NA
"29207","20210419:0000",-44.74127,171.0631,"Waimate",1807,"Waimate",100120,"Canterbury",1010,5,15.25,NA
"29208","20210420:0000",-44.74127,171.0631,"Waimate",1807,"Waimate",100120,"Canterbury",1010,4.3,12.8,NA
"29209","20210421:0000",-44.74127,171.0631,"Waimate",1807,"Waimate",100120,"Canterbury",1010,1.8,13.9,NA
"29210","20210422:0000",-44.74127,171.0631,"Waimate",1807,"Waimate",100120,"Canterbury",1010,1.4,12.45,NA
"29211","20210423:0000",-44.74127,171.0631,"Waimate",1807,"Waimate",100120,"Canterbury",1010,2.9,13.5,NA
"29212","20210424:0000",-44.74127,171.0631,"Waimate",1807,"Waimate",100120,"Canterbury",1010,5.8,10.4,NA
"29213","20210425:0000",-44.74127,171.0631,"Waimate",1807,"Waimate",100120,"Canterbury",1010,2.9,11.85,NA
"29214","20210426:0000",-44.74127,171.0631,"Waimate",1807,"Waimate",100120,"Canterbury",1010,4,10.05,NA
"29215","20210427:0000",-44.74127,171.0631,"Waimate",1807,"Waimate",100120,"Canterbury",1010,5.8,8.2,NA
"29216","20210428:0000",-44.74127,171.0631,"Waimate",1807,"Waimate",100120,"Canterbury",1010,2.2,7.8,NA
"29217","20210429:0000",-44.74127,171.0631,"Waimate",1807,"Waimate",100120,"Canterbury",1010,3.6,11.85,NA
"29218","20210430:0000",-44.74127,171.0631,"Waimate",1807,"Waimate",100120,"Canterbury",1010,2.5,12.05,NA
"29219","20210501:0000",-44.74127,171.0631,"Waimate",1807,"Waimate",100120,"Canterbury",1010,2.9,9.3,NA
"29220","20210502:0000",-44.74127,171.0631,"Waimate",1807,"Waimate",100120,"Canterbury",1010,4.3,11,NA
"29221","20210503:0000",-44.74127,171.0631,"Waimate",1807,"Waimate",100120,"Canterbury",1010,2.2,9.35,NA
"29222","20210504:0000",-44.74127,171.0631,"Waimate",1807,"Waimate",100120,"Canterbury",1010,3.6,11.1,NA
"29223","20210505:0000",-44.74127,171.0631,"Waimate",1807,"Waimate",100120,"Canterbury",1010,2.2,11.35,NA
"29224","20210506:0000",-44.74127,171.0631,"Waimate",1807,"Waimate",100120,"Canterbury",1010,2.2,10.25,NA
"29225","20210507:0000",-44.74127,171.0631,"Waimate",1807,"Waimate",100120,"Canterbury",1010,3.6,11.2,NA
"29226","20210508:0000",-44.74127,171.0631,"Waimate",1807,"Waimate",100120,"Canterbury",1010,2.2,9.65,NA
"29227","20210509:0000",-44.74127,171.0631,"Waimate",1807,"Waimate",100120,"Canterbury",1010,3.6,14.3,NA
"29228","20210510:0000",-44.74127,171.0631,"Waimate",1807,"Waimate",100120,"Canterbury",1010,0,13,NA
"29229","20210511:0000",-44.74127,171.0631,"Waimate",1807,"Waimate",100120,"Canterbury",1010,2.9,13,NA
"29230","20210512:0000",-44.74127,171.0631,"Waimate",1807,"Waimate",100120,"Canterbury",1010,12.6,9.15,NA
"29231","20210513:0000",-44.74127,171.0631,"Waimate",1807,"Waimate",100120,"Canterbury",1010,4.3,5.45,NA
"29232","20210514:0000",-44.74127,171.0631,"Waimate",1807,"Waimate",100120,"Canterbury",1010,5.8,6.85,NA
"29233","20210515:0000",-44.74127,171.0631,"Waimate",1807,"Waimate",100120,"Canterbury",1010,19.4,10.25,NA
"29234","20210516:0000",-44.74127,171.0631,"Waimate",1807,"Waimate",100120,"Canterbury",1010,6.5,10.9,NA
"29235","20210517:0000",-44.74127,171.0631,"Waimate",1807,"Waimate",100120,"Canterbury",1010,3.2,7.55,NA
"29236","20210518:0000",-44.74127,171.0631,"Waimate",1807,"Waimate",100120,"Canterbury",1010,19.1,8.55,NA
"29237","20210519:0000",-44.74127,171.0631,"Waimate",1807,"Waimate",100120,"Canterbury",1010,3.6,10,NA
"29238","20210520:0000",-44.74127,171.0631,"Waimate",1807,"Waimate",100120,"Canterbury",1010,3.6,9.6,NA
"29239","20210521:0000",-44.74127,171.0631,"Waimate",1807,"Waimate",100120,"Canterbury",1010,4.7,8.4,NA
"29240","20210522:0000",-44.74127,171.0631,"Waimate",1807,"Waimate",100120,"Canterbury",1010,2.9,8.7,NA
"29241","20210523:0000",-44.74127,171.0631,"Waimate",1807,"Waimate",100120,"Canterbury",1010,3.2,6.45,NA
"29242","20210524:0000",-44.74127,171.0631,"Waimate",1807,"Waimate",100120,"Canterbury",1010,6.5,6.45,NA
"29243","20210525:0000",-44.74127,171.0631,"Waimate",1807,"Waimate",100120,"Canterbury",1010,4.3,5.7,NA
"29244","20210526:0000",-44.74127,171.0631,"Waimate",1807,"Waimate",100120,"Canterbury",1010,3.2,3.9,NA
"29245","20210527:0000",-44.74127,171.0631,"Waimate",1807,"Waimate",100120,"Canterbury",1010,5,3.6,NA
"29246","20210528:0000",-44.74127,171.0631,"Waimate",1807,"Waimate",100120,"Canterbury",1010,4.3,5.1,NA
"29247","20210529:0000",-44.74127,171.0631,"Waimate",1807,"Waimate",100120,"Canterbury",1010,7.9,9.65,NA
"29248","20210530:0000",-44.74127,171.0631,"Waimate",1807,"Waimate",100120,"Canterbury",1010,15.1,10.2,NA
"29249","20210531:0000",-44.74127,171.0631,"Waimate",1807,"Waimate",100120,"Canterbury",1010,10.8,10.9,NA
"29250","20210601:0000",-44.74127,171.0631,"Waimate",1807,"Waimate",100120,"Canterbury",1010,4.7,8.25,NA
"29251","20210602:0000",-44.74127,171.0631,"Waimate",1807,"Waimate",100120,"Canterbury",1010,3.6,9.8,NA
"29252","20210603:0000",-44.74127,171.0631,"Waimate",1807,"Waimate",100120,"Canterbury",1010,0,8.35,NA
"29253","20210604:0000",-44.74127,171.0631,"Waimate",1807,"Waimate",100120,"Canterbury",1010,2.9,8,NA
"29254","20210605:0000",-44.74127,171.0631,"Waimate",1807,"Waimate",100120,"Canterbury",1010,3.6,8.4,NA
"29255","20210606:0000",-44.74127,171.0631,"Waimate",1807,"Waimate",100120,"Canterbury",1010,3.6,7.2,NA
"29256","20210607:0000",-44.74127,171.0631,"Waimate",1807,"Waimate",100120,"Canterbury",1010,4.3,8.75,NA
"29257","20210608:0000",-44.74127,171.0631,"Waimate",1807,"Waimate",100120,"Canterbury",1010,4.7,7.15,NA
"29258","20210609:0000",-44.74127,171.0631,"Waimate",1807,"Waimate",100120,"Canterbury",1010,4.3,6.7,NA
"29259","20210610:0000",-44.74127,171.0631,"Waimate",1807,"Waimate",100120,"Canterbury",1010,0.7,8.85,NA
"29260","20210611:0000",-44.74127,171.0631,"Waimate",1807,"Waimate",100120,"Canterbury",1010,2.9,7.55,NA
"29261","20210612:0000",-44.74127,171.0631,"Waimate",1807,"Waimate",100120,"Canterbury",1010,2.5,6.75,NA
"29262","20210613:0000",-44.74127,171.0631,"Waimate",1807,"Waimate",100120,"Canterbury",1010,1.8,8.2,NA
"29263","20210614:0000",-44.74127,171.0631,"Waimate",1807,"Waimate",100120,"Canterbury",1010,1.1,10.25,NA
"29264","20210615:0000",-44.74127,171.0631,"Waimate",1807,"Waimate",100120,"Canterbury",1010,2.9,8.55,NA
"29265","20210616:0000",-44.74127,171.0631,"Waimate",1807,"Waimate",100120,"Canterbury",1010,4.3,10.1,NA
"29266","20210617:0000",-44.74127,171.0631,"Waimate",1807,"Waimate",100120,"Canterbury",1010,5.4,8.9,NA
"29267","20210618:0000",-44.74127,171.0631,"Waimate",1807,"Waimate",100120,"Canterbury",1010,4.7,6.75,NA
"29268","20210619:0000",-44.74127,171.0631,"Waimate",1807,"Waimate",100120,"Canterbury",1010,3.6,5.05,NA
"29269","20210620:0000",-44.74127,171.0631,"Waimate",1807,"Waimate",100120,"Canterbury",1010,7.6,5.55,NA
"29270","20210621:0000",-44.74127,171.0631,"Waimate",1807,"Waimate",100120,"Canterbury",1010,2.9,9.2,NA
"29271","20210622:0000",-44.74127,171.0631,"Waimate",1807,"Waimate",100120,"Canterbury",1010,5.8,6.75,NA
"29272","20210623:0000",-44.74127,171.0631,"Waimate",1807,"Waimate",100120,"Canterbury",1010,4,6.45,NA
"29273","20210624:0000",-44.74127,171.0631,"Waimate",1807,"Waimate",100120,"Canterbury",1010,2.2,7.5,NA
"29274","20210625:0000",-44.74127,171.0631,"Waimate",1807,"Waimate",100120,"Canterbury",1010,3.6,9.05,NA
"29275","20210626:0000",-44.74127,171.0631,"Waimate",1807,"Waimate",100120,"Canterbury",1010,2.2,10.3,NA
"29276","20210627:0000",-44.74127,171.0631,"Waimate",1807,"Waimate",100120,"Canterbury",1010,4.7,8.5,NA
"29277","20210628:0000",-44.74127,171.0631,"Waimate",1807,"Waimate",100120,"Canterbury",1010,4,6,NA
"29278","20210629:0000",-44.74127,171.0631,"Waimate",1807,"Waimate",100120,"Canterbury",1010,24.1,7.3,NA
"29279","20210630:0000",-44.74127,171.0631,"Waimate",1807,"Waimate",100120,"Canterbury",1010,14,9.5,NA
"29280","20210701:0000",-44.74127,171.0631,"Waimate",1807,"Waimate",100120,"Canterbury",1010,4.3,5.05,NA
"29281","20210702:0000",-44.74127,171.0631,"Waimate",1807,"Waimate",100120,"Canterbury",1010,3.6,5.45,NA
"29282","20210703:0000",-44.74127,171.0631,"Waimate",1807,"Waimate",100120,"Canterbury",1010,2.9,3.75,NA
"29283","20210704:0000",-44.74127,171.0631,"Waimate",1807,"Waimate",100120,"Canterbury",1010,5.4,4.15,NA
"29284","20210705:0000",-44.74127,171.0631,"Waimate",1807,"Waimate",100120,"Canterbury",1010,2.9,3,NA
"29285","20210706:0000",-44.74127,171.0631,"Waimate",1807,"Waimate",100120,"Canterbury",1010,4.7,9.4,NA
"29286","20210707:0000",-44.74127,171.0631,"Waimate",1807,"Waimate",100120,"Canterbury",1010,24.1,6.7,NA
"29287","20210708:0000",-44.74127,171.0631,"Waimate",1807,"Waimate",100120,"Canterbury",1010,7.2,4.1,NA
"29288","20210709:0000",-44.74127,171.0631,"Waimate",1807,"Waimate",100120,"Canterbury",1010,5.8,5.6,NA
"29289","20210710:0000",-44.74127,171.0631,"Waimate",1807,"Waimate",100120,"Canterbury",1010,4.3,5.45,NA
"29290","20210711:0000",-44.74127,171.0631,"Waimate",1807,"Waimate",100120,"Canterbury",1010,7.2,5.7,NA
"29291","20210712:0000",-44.74127,171.0631,"Waimate",1807,"Waimate",100120,"Canterbury",1010,3.6,3.1,NA
"29292","20210713:0000",-44.74127,171.0631,"Waimate",1807,"Waimate",100120,"Canterbury",1010,2.2,4.7,NA
"29293","20210714:0000",-44.74127,171.0631,"Waimate",1807,"Waimate",100120,"Canterbury",1010,3.2,5.2,NA
"29294","20210715:0000",-44.74127,171.0631,"Waimate",1807,"Waimate",100120,"Canterbury",1010,2.2,4.25,NA
"29295","20210716:0000",-44.74127,171.0631,"Waimate",1807,"Waimate",100120,"Canterbury",1010,1.8,6.95,NA
"29296","20210717:0000",-44.74127,171.0631,"Waimate",1807,"Waimate",100120,"Canterbury",1010,3.2,7.95,NA
"29297","20210718:0000",-44.74127,171.0631,"Waimate",1807,"Waimate",100120,"Canterbury",1010,3.6,8.15,NA
"29298","20210719:0000",-44.74127,171.0631,"Waimate",1807,"Waimate",100120,"Canterbury",1010,5,9.6,NA
"29299","20210720:0000",-44.74127,171.0631,"Waimate",1807,"Waimate",100120,"Canterbury",1010,3.6,5.65,NA
"29300","20210721:0000",-44.74127,171.0631,"Waimate",1807,"Waimate",100120,"Canterbury",1010,3.2,5.15,NA
"29301","20210722:0000",-44.74127,171.0631,"Waimate",1807,"Waimate",100120,"Canterbury",1010,10.1,7.15,NA
"29302","20210723:0000",-44.74127,171.0631,"Waimate",1807,"Waimate",100120,"Canterbury",1010,4,5.85,NA
"29303","20210724:0000",-44.74127,171.0631,"Waimate",1807,"Waimate",100120,"Canterbury",1010,4.3,5.65,NA
"29304","20210725:0000",-44.74127,171.0631,"Waimate",1807,"Waimate",100120,"Canterbury",1010,2.2,5.65,NA
"29305","20210726:0000",-44.74127,171.0631,"Waimate",1807,"Waimate",100120,"Canterbury",1010,2.9,6.65,NA
"29306","20210727:0000",-44.74127,171.0631,"Waimate",1807,"Waimate",100120,"Canterbury",1010,3.6,10.35,NA
"29307","20210728:0000",-44.74127,171.0631,"Waimate",1807,"Waimate",100120,"Canterbury",1010,4.3,5.8,NA
"29308","20210729:0000",-44.74127,171.0631,"Waimate",1807,"Waimate",100120,"Canterbury",1010,4.7,6.1,NA
"29309","20210730:0000",-44.74127,171.0631,"Waimate",1807,"Waimate",100120,"Canterbury",1010,5,5.7,NA
"29310","20210731:0000",-44.74127,171.0631,"Waimate",1807,"Waimate",100120,"Canterbury",1010,6.5,7.95,NA
"29311","20210801:0000",-44.74127,171.0631,"Waimate",1807,"Waimate",100120,"Canterbury",1010,2.2,8.1,NA
"29312","20210802:0000",-44.74127,171.0631,"Waimate",1807,"Waimate",100120,"Canterbury",1010,2.2,9.4,NA
"29313","20210803:0000",-44.74127,171.0631,"Waimate",1807,"Waimate",100120,"Canterbury",1010,14.8,9.5,NA
"29314","20210804:0000",-44.74127,171.0631,"Waimate",1807,"Waimate",100120,"Canterbury",1010,5.8,5.5,NA
"29315","20210805:0000",-44.74127,171.0631,"Waimate",1807,"Waimate",100120,"Canterbury",1010,5.4,6.75,NA
"29316","20210806:0000",-44.74127,171.0631,"Waimate",1807,"Waimate",100120,"Canterbury",1010,5,8.55,NA
"29317","20210807:0000",-44.74127,171.0631,"Waimate",1807,"Waimate",100120,"Canterbury",1010,5,6.55,NA
"29318","20210808:0000",-44.74127,171.0631,"Waimate",1807,"Waimate",100120,"Canterbury",1010,5.8,5,NA
"29319","20210809:0000",-44.74127,171.0631,"Waimate",1807,"Waimate",100120,"Canterbury",1010,14,7.05,NA
"29320","20210810:0000",-44.74127,171.0631,"Waimate",1807,"Waimate",100120,"Canterbury",1010,5.8,10.8,NA
"29321","20210811:0000",-44.74127,171.0631,"Waimate",1807,"Waimate",100120,"Canterbury",1010,2.5,7.9,NA
"29322","20210812:0000",-44.74127,171.0631,"Waimate",1807,"Waimate",100120,"Canterbury",1010,4.3,10.4,NA
"29323","20210813:0000",-44.74127,171.0631,"Waimate",1807,"Waimate",100120,"Canterbury",1010,2.9,8.65,NA
"29324","20210814:0000",-44.74127,171.0631,"Waimate",1807,"Waimate",100120,"Canterbury",1010,6.8,7.2,NA
"29325","20210815:0000",-44.74127,171.0631,"Waimate",1807,"Waimate",100120,"Canterbury",1010,4.3,6.75,NA
"29326","20210816:0000",-44.74127,171.0631,"Waimate",1807,"Waimate",100120,"Canterbury",1010,3.6,10.35,NA
"29327","20210817:0000",-44.74127,171.0631,"Waimate",1807,"Waimate",100120,"Canterbury",1010,4,10,NA
"29328","20210818:0000",-44.74127,171.0631,"Waimate",1807,"Waimate",100120,"Canterbury",1010,7.6,8.85,NA
"29329","20210819:0000",-44.74127,171.0631,"Waimate",1807,"Waimate",100120,"Canterbury",1010,2.2,7.05,NA
"29330","20210820:0000",-44.74127,171.0631,"Waimate",1807,"Waimate",100120,"Canterbury",1010,14.4,7.8,NA
"29331","20210821:0000",-44.74127,171.0631,"Waimate",1807,"Waimate",100120,"Canterbury",1010,3.2,4.25,NA
"29332","20210822:0000",-44.74127,171.0631,"Waimate",1807,"Waimate",100120,"Canterbury",1010,4.3,6.3,NA
"29333","20210823:0000",-44.74127,171.0631,"Waimate",1807,"Waimate",100120,"Canterbury",1010,3.6,10.05,NA
"29334","20210824:0000",-44.74127,171.0631,"Waimate",1807,"Waimate",100120,"Canterbury",1010,4.3,13.1,NA
"29335","20210825:0000",-44.74127,171.0631,"Waimate",1807,"Waimate",100120,"Canterbury",1010,3.2,13.05,NA
"29336","20210826:0000",-44.74127,171.0631,"Waimate",1807,"Waimate",100120,"Canterbury",1010,3.6,10.2,NA
"29337","20210827:0000",-44.74127,171.0631,"Waimate",1807,"Waimate",100120,"Canterbury",1010,4.3,9.05,NA
"29338","20210828:0000",-44.74127,171.0631,"Waimate",1807,"Waimate",100120,"Canterbury",1010,3.6,9.45,NA
"29339","20210829:0000",-44.74127,171.0631,"Waimate",1807,"Waimate",100120,"Canterbury",1010,6.1,7.85,NA
"29340","20210830:0000",-44.74127,171.0631,"Waimate",1807,"Waimate",100120,"Canterbury",1010,4,6.7,NA
"29341","20210831:0000",-44.74127,171.0631,"Waimate",1807,"Waimate",100120,"Canterbury",1010,2.2,4.95,NA
"29342","20210901:0000",-44.74127,171.0631,"Waimate",1807,"Waimate",100120,"Canterbury",1010,2.2,5.55,NA
"29343","20210902:0000",-44.74127,171.0631,"Waimate",1807,"Waimate",100120,"Canterbury",1010,4,9,NA
"29344","20210903:0000",-44.74127,171.0631,"Waimate",1807,"Waimate",100120,"Canterbury",1010,2.2,8.25,NA
"29345","20210904:0000",-44.74127,171.0631,"Waimate",1807,"Waimate",100120,"Canterbury",1010,2.9,11.7,NA
"29346","20210905:0000",-44.74127,171.0631,"Waimate",1807,"Waimate",100120,"Canterbury",1010,4,11.35,NA
"29347","20210906:0000",-44.74127,171.0631,"Waimate",1807,"Waimate",100120,"Canterbury",1010,3.6,9.9,NA
"29348","20210907:0000",-44.74127,171.0631,"Waimate",1807,"Waimate",100120,"Canterbury",1010,4,12.25,NA
"29349","20210908:0000",-44.74127,171.0631,"Waimate",1807,"Waimate",100120,"Canterbury",1010,18.4,9.2,NA
"29350","20210909:0000",-44.74127,171.0631,"Waimate",1807,"Waimate",100120,"Canterbury",1010,3.2,12.4,NA
"29351","20210910:0000",-44.74127,171.0631,"Waimate",1807,"Waimate",100120,"Canterbury",1010,1.8,10.05,NA
"29352","20210911:0000",-44.74127,171.0631,"Waimate",1807,"Waimate",100120,"Canterbury",1010,5,8.4,NA
"29353","20210912:0000",-44.74127,171.0631,"Waimate",1807,"Waimate",100120,"Canterbury",1010,2.5,11.05,NA
"29354","20210913:0000",-44.74127,171.0631,"Waimate",1807,"Waimate",100120,"Canterbury",1010,5.8,10.5,NA
"29355","20210914:0000",-44.74127,171.0631,"Waimate",1807,"Waimate",100120,"Canterbury",1010,11.2,6.95,NA
"29356","20210915:0000",-44.74127,171.0631,"Waimate",1807,"Waimate",100120,"Canterbury",1010,1.4,5.35,NA
"29357","20210916:0000",-44.74127,171.0631,"Waimate",1807,"Waimate",100120,"Canterbury",1010,1.4,6.85,NA
"29358","20210917:0000",-44.74127,171.0631,"Waimate",1807,"Waimate",100120,"Canterbury",1010,6.5,6.25,NA
"29359","20210918:0000",-44.74127,171.0631,"Waimate",1807,"Waimate",100120,"Canterbury",1010,5.8,5.3,NA
"29360","20210919:0000",-44.74127,171.0631,"Waimate",1807,"Waimate",100120,"Canterbury",1010,3.6,7.1,NA
"29361","20210920:0000",-44.74127,171.0631,"Waimate",1807,"Waimate",100120,"Canterbury",1010,6.5,10.25,NA
"29362","20210921:0000",-44.74127,171.0631,"Waimate",1807,"Waimate",100120,"Canterbury",1010,16.6,12.65,NA
"29363","20210922:0000",-44.74127,171.0631,"Waimate",1807,"Waimate",100120,"Canterbury",1010,5.4,9.35,NA
"29364","20210923:0000",-44.74127,171.0631,"Waimate",1807,"Waimate",100120,"Canterbury",1010,2.2,9.7,NA
"29365","20210924:0000",-44.74127,171.0631,"Waimate",1807,"Waimate",100120,"Canterbury",1010,5,11.5,NA
"29366","20210925:0000",-44.74127,171.0631,"Waimate",1807,"Waimate",100120,"Canterbury",1010,13.7,14.4,NA
"29367","20210926:0000",-44.74127,171.0631,"Waimate",1807,"Waimate",100120,"Canterbury",1010,4,8.35,NA
"29368","20210927:0000",-44.74127,171.0631,"Waimate",1807,"Waimate",100120,"Canterbury",1010,2.5,5.55,NA
"29369","20210928:0000",-44.74127,171.0631,"Waimate",1807,"Waimate",100120,"Canterbury",1010,4,7.25,NA
"29370","20210929:0000",-44.74127,171.0631,"Waimate",1807,"Waimate",100120,"Canterbury",1010,2.2,11.65,NA
"29371","20210930:0000",-44.74127,171.0631,"Waimate",1807,"Waimate",100120,"Canterbury",1010,3.6,9.25,NA
"29372","20211001:0000",-44.74127,171.0631,"Waimate",1807,"Waimate",100120,"Canterbury",1010,3.6,9,NA
"29373","20211002:0000",-44.74127,171.0631,"Waimate",1807,"Waimate",100120,"Canterbury",1010,6.5,9.95,NA
"29374","20211003:0000",-44.74127,171.0631,"Waimate",1807,"Waimate",100120,"Canterbury",1010,2.5,11.2,NA
"29375","20211004:0000",-44.74127,171.0631,"Waimate",1807,"Waimate",100120,"Canterbury",1010,6.5,10.45,NA
"29376","20211005:0000",-44.74127,171.0631,"Waimate",1807,"Waimate",100120,"Canterbury",1010,3.6,12.25,NA
"29377","20211006:0000",-44.74127,171.0631,"Waimate",1807,"Waimate",100120,"Canterbury",1010,5,12.3,NA
"29378","20211007:0000",-44.74127,171.0631,"Waimate",1807,"Waimate",100120,"Canterbury",1010,3.2,15.25,NA
"29379","20211008:0000",-44.74127,171.0631,"Waimate",1807,"Waimate",100120,"Canterbury",1010,2.5,14.45,NA
"29380","20211009:0000",-44.74127,171.0631,"Waimate",1807,"Waimate",100120,"Canterbury",1010,6.8,13.05,NA
"29381","20211010:0000",-44.74127,171.0631,"Waimate",1807,"Waimate",100120,"Canterbury",1010,2.2,11.9,NA
"29382","20211011:0000",-44.74127,171.0631,"Waimate",1807,"Waimate",100120,"Canterbury",1010,2.9,11.35,NA
"29383","20211012:0000",-44.74127,171.0631,"Waimate",1807,"Waimate",100120,"Canterbury",1010,15.5,8.5,NA
"29384","20211013:0000",-44.74127,171.0631,"Waimate",1807,"Waimate",100120,"Canterbury",1010,16.9,9,NA
"29385","20211014:0000",-44.74127,171.0631,"Waimate",1807,"Waimate",100120,"Canterbury",1010,1.8,7.6,NA
"29386","20211015:0000",-44.74127,171.0631,"Waimate",1807,"Waimate",100120,"Canterbury",1010,1.1,8.15,NA
"29387","20211016:0000",-44.74127,171.0631,"Waimate",1807,"Waimate",100120,"Canterbury",1010,1.4,9.75,NA
"29388","20211017:0000",-44.74127,171.0631,"Waimate",1807,"Waimate",100120,"Canterbury",1010,6.5,13.8,NA
"29389","20211018:0000",-44.74127,171.0631,"Waimate",1807,"Waimate",100120,"Canterbury",1010,4,13.45,NA
"29390","20211019:0000",-44.74127,171.0631,"Waimate",1807,"Waimate",100120,"Canterbury",1010,3.2,12.35,NA
"29391","20211020:0000",-44.74127,171.0631,"Waimate",1807,"Waimate",100120,"Canterbury",1010,2.5,8.55,NA
"29392","20211021:0000",-44.74127,171.0631,"Waimate",1807,"Waimate",100120,"Canterbury",1010,5.8,11.1,NA
"29393","20211022:0000",-44.74127,171.0631,"Waimate",1807,"Waimate",100120,"Canterbury",1010,3.2,10.3,NA
"29394","20211023:0000",-44.74127,171.0631,"Waimate",1807,"Waimate",100120,"Canterbury",1010,6.1,11.35,NA
"29395","20211024:0000",-44.74127,171.0631,"Waimate",1807,"Waimate",100120,"Canterbury",1010,4,13.2,NA
"29396","20211025:0000",-44.74127,171.0631,"Waimate",1807,"Waimate",100120,"Canterbury",1010,3.2,15,NA
"29397","20211026:0000",-44.74127,171.0631,"Waimate",1807,"Waimate",100120,"Canterbury",1010,2.5,12.3,NA
"29398","20211027:0000",-44.74127,171.0631,"Waimate",1807,"Waimate",100120,"Canterbury",1010,6.1,14.55,NA
"29399","20211028:0000",-44.74127,171.0631,"Waimate",1807,"Waimate",100120,"Canterbury",1010,4.7,13.65,NA
"29400","20211029:0000",-44.74127,171.0631,"Waimate",1807,"Waimate",100120,"Canterbury",1010,1.4,14.15,NA
"29401","20211030:0000",-44.74127,171.0631,"Waimate",1807,"Waimate",100120,"Canterbury",1010,4,14.7,NA
"29402","20180101:0000",-44.24519,170.11671,"Pukaki",8851,NA,0,"Canterbury",1010,4.2,18.85,NA
"29403","20180102:0000",-44.24519,170.11671,"Pukaki",8851,NA,0,"Canterbury",1010,2.5,18.75,NA
"29404","20180103:0000",-44.24519,170.11671,"Pukaki",8851,NA,0,"Canterbury",1010,3.5,21.05,NA
"29405","20180104:0000",-44.24519,170.11671,"Pukaki",8851,NA,0,"Canterbury",1010,6,19.6,NA
"29406","20180105:0000",-44.24519,170.11671,"Pukaki",8851,NA,0,"Canterbury",1010,8.7,16.4,NA
"29407","20180106:0000",-44.24519,170.11671,"Pukaki",8851,NA,0,"Canterbury",1010,18,14.4,NA
"29408","20180107:0000",-44.24519,170.11671,"Pukaki",8851,NA,0,"Canterbury",1010,5.6,11.75,NA
"29409","20180108:0000",-44.24519,170.11671,"Pukaki",8851,NA,0,"Canterbury",1010,15.7,17.95,NA
"29410","20180109:0000",-44.24519,170.11671,"Pukaki",8851,NA,0,"Canterbury",1010,4.9,19.7,NA
"29411","20180110:0000",-44.24519,170.11671,"Pukaki",8851,NA,0,"Canterbury",1010,6.1,15.15,NA
"29412","20180111:0000",-44.24519,170.11671,"Pukaki",8851,NA,0,"Canterbury",1010,11.1,12.1,NA
"29413","20180112:0000",-44.24519,170.11671,"Pukaki",8851,NA,0,"Canterbury",1010,7.4,14.65,NA
"29414","20180113:0000",-44.24519,170.11671,"Pukaki",8851,NA,0,"Canterbury",1010,11.6,17.65,NA
"29415","20180114:0000",-44.24519,170.11671,"Pukaki",8851,NA,0,"Canterbury",1010,4.3,18.6,NA
"29416","20180115:0000",-44.24519,170.11671,"Pukaki",8851,NA,0,"Canterbury",1010,5.4,19.9,NA
"29417","20180116:0000",-44.24519,170.11671,"Pukaki",8851,NA,0,"Canterbury",1010,5.1,21.2,NA
"29418","20180117:0000",-44.24519,170.11671,"Pukaki",8851,NA,0,"Canterbury",1010,4,20.15,NA
"29419","20180118:0000",-44.24519,170.11671,"Pukaki",8851,NA,0,"Canterbury",1010,10,19.65,NA
"29420","20180119:0000",-44.24519,170.11671,"Pukaki",8851,NA,0,"Canterbury",1010,4,21.8,NA
"29421","20180120:0000",-44.24519,170.11671,"Pukaki",8851,NA,0,"Canterbury",1010,5.8,21.95,NA
"29422","20180121:0000",-44.24519,170.11671,"Pukaki",8851,NA,0,"Canterbury",1010,5.5,19.7,NA
"29423","20180122:0000",-44.24519,170.11671,"Pukaki",8851,NA,0,"Canterbury",1010,3,21.25,NA
"29424","20180123:0000",-44.24519,170.11671,"Pukaki",8851,NA,0,"Canterbury",1010,3.7,21.65,NA
"29425","20180124:0000",-44.24519,170.11671,"Pukaki",8851,NA,0,"Canterbury",1010,4.9,21.7,NA
"29426","20180125:0000",-44.24519,170.11671,"Pukaki",8851,NA,0,"Canterbury",1010,4.8,22.7,NA
"29427","20180126:0000",-44.24519,170.11671,"Pukaki",8851,NA,0,"Canterbury",1010,4.4,22.2,NA
"29428","20180127:0000",-44.24519,170.11671,"Pukaki",8851,NA,0,"Canterbury",1010,2.8,22.5,NA
"29429","20180128:0000",-44.24519,170.11671,"Pukaki",8851,NA,0,"Canterbury",1010,3.7,21.95,NA
"29430","20180129:0000",-44.24519,170.11671,"Pukaki",8851,NA,0,"Canterbury",1010,2.9,23.25,NA
"29431","20180130:0000",-44.24519,170.11671,"Pukaki",8851,NA,0,"Canterbury",1010,3.8,23.15,NA
"29432","20180131:0000",-44.24519,170.11671,"Pukaki",8851,NA,0,"Canterbury",1010,5.7,21.2,NA
"29433","20180201:0000",-44.24519,170.11671,"Pukaki",8851,NA,0,"Canterbury",1010,7.9,15.55,NA
"29434","20180202:0000",-44.24519,170.11671,"Pukaki",8851,NA,0,"Canterbury",1010,10.7,12,NA
"29435","20180203:0000",-44.24519,170.11671,"Pukaki",8851,NA,0,"Canterbury",1010,10.8,13.25,NA
"29436","20180204:0000",-44.24519,170.11671,"Pukaki",8851,NA,0,"Canterbury",1010,4.2,13.95,NA
"29437","20180205:0000",-44.24519,170.11671,"Pukaki",8851,NA,0,"Canterbury",1010,16.3,15.55,NA
"29438","20180206:0000",-44.24519,170.11671,"Pukaki",8851,NA,0,"Canterbury",1010,7.5,12.7,NA
"29439","20180207:0000",-44.24519,170.11671,"Pukaki",8851,NA,0,"Canterbury",1010,4.7,13.35,NA
"29440","20180208:0000",-44.24519,170.11671,"Pukaki",8851,NA,0,"Canterbury",1010,4,15.7,NA
"29441","20180209:0000",-44.24519,170.11671,"Pukaki",8851,NA,0,"Canterbury",1010,3.3,17.05,NA
"29442","20180210:0000",-44.24519,170.11671,"Pukaki",8851,NA,0,"Canterbury",1010,3.8,19.1,NA
"29443","20180211:0000",-44.24519,170.11671,"Pukaki",8851,NA,0,"Canterbury",1010,4.4,16.6,NA
"29444","20180212:0000",-44.24519,170.11671,"Pukaki",8851,NA,0,"Canterbury",1010,6.6,20.05,NA
"29445","20180213:0000",-44.24519,170.11671,"Pukaki",8851,NA,0,"Canterbury",1010,8.7,19.2,NA
"29446","20180214:0000",-44.24519,170.11671,"Pukaki",8851,NA,0,"Canterbury",1010,6,16.7,NA
"29447","20180215:0000",-44.24519,170.11671,"Pukaki",8851,NA,0,"Canterbury",1010,4.6,17.15,NA
"29448","20180216:0000",-44.24519,170.11671,"Pukaki",8851,NA,0,"Canterbury",1010,8.2,17.1,NA
"29449","20180217:0000",-44.24519,170.11671,"Pukaki",8851,NA,0,"Canterbury",1010,18.9,19.4,NA
"29450","20180218:0000",-44.24519,170.11671,"Pukaki",8851,NA,0,"Canterbury",1010,4.7,15.9,NA
"29451","20180219:0000",-44.24519,170.11671,"Pukaki",8851,NA,0,"Canterbury",1010,14.4,19.9,NA
"29452","20180220:0000",-44.24519,170.11671,"Pukaki",8851,NA,0,"Canterbury",1010,10.9,9.5,NA
"29453","20180221:0000",-44.24519,170.11671,"Pukaki",8851,NA,0,"Canterbury",1010,12.1,7.95,NA
"29454","20180222:0000",-44.24519,170.11671,"Pukaki",8851,NA,0,"Canterbury",1010,7.1,11,NA
"29455","20180223:0000",-44.24519,170.11671,"Pukaki",8851,NA,0,"Canterbury",1010,6.9,14.2,NA
"29456","20180224:0000",-44.24519,170.11671,"Pukaki",8851,NA,0,"Canterbury",1010,4.6,15.95,NA
"29457","20180225:0000",-44.24519,170.11671,"Pukaki",8851,NA,0,"Canterbury",1010,5.3,18.7,NA
"29458","20180226:0000",-44.24519,170.11671,"Pukaki",8851,NA,0,"Canterbury",1010,7.7,13.35,NA
"29459","20180227:0000",-44.24519,170.11671,"Pukaki",8851,NA,0,"Canterbury",1010,3.6,10.2,NA
"29460","20180228:0000",-44.24519,170.11671,"Pukaki",8851,NA,0,"Canterbury",1010,2.8,16.15,NA
"29461","20180301:0000",-44.24519,170.11671,"Pukaki",8851,NA,0,"Canterbury",1010,4.7,18.45,NA
"29462","20180302:0000",-44.24519,170.11671,"Pukaki",8851,NA,0,"Canterbury",1010,5,19.75,NA
"29463","20180303:0000",-44.24519,170.11671,"Pukaki",8851,NA,0,"Canterbury",1010,4.2,20.85,NA
"29464","20180304:0000",-44.24519,170.11671,"Pukaki",8851,NA,0,"Canterbury",1010,3,19.15,NA
"29465","20180305:0000",-44.24519,170.11671,"Pukaki",8851,NA,0,"Canterbury",1010,4.3,19.7,NA
"29466","20180306:0000",-44.24519,170.11671,"Pukaki",8851,NA,0,"Canterbury",1010,5.1,12.15,NA
"29467","20180307:0000",-44.24519,170.11671,"Pukaki",8851,NA,0,"Canterbury",1010,5.9,11.7,NA
"29468","20180308:0000",-44.24519,170.11671,"Pukaki",8851,NA,0,"Canterbury",1010,4.8,13.35,NA
"29469","20180309:0000",-44.24519,170.11671,"Pukaki",8851,NA,0,"Canterbury",1010,3,12.7,NA
"29470","20180310:0000",-44.24519,170.11671,"Pukaki",8851,NA,0,"Canterbury",1010,3.2,11.8,NA
"29471","20180311:0000",-44.24519,170.11671,"Pukaki",8851,NA,0,"Canterbury",1010,5.8,15.05,NA
"29472","20180312:0000",-44.24519,170.11671,"Pukaki",8851,NA,0,"Canterbury",1010,5.3,15.4,NA
"29473","20180313:0000",-44.24519,170.11671,"Pukaki",8851,NA,0,"Canterbury",1010,16.1,16.3,NA
"29474","20180314:0000",-44.24519,170.11671,"Pukaki",8851,NA,0,"Canterbury",1010,4.3,12.6,NA
"29475","20180315:0000",-44.24519,170.11671,"Pukaki",8851,NA,0,"Canterbury",1010,7.9,15.65,NA
"29476","20180316:0000",-44.24519,170.11671,"Pukaki",8851,NA,0,"Canterbury",1010,26.2,18.15,NA
"29477","20180317:0000",-44.24519,170.11671,"Pukaki",8851,NA,0,"Canterbury",1010,5.5,12.2,NA
"29478","20180318:0000",-44.24519,170.11671,"Pukaki",8851,NA,0,"Canterbury",1010,3.9,11.45,NA
"29479","20180319:0000",-44.24519,170.11671,"Pukaki",8851,NA,0,"Canterbury",1010,NA,15.4,NA
"29480","20180320:0000",-44.24519,170.11671,"Pukaki",8851,NA,0,"Canterbury",1010,5.3,18.05,NA
"29481","20180321:0000",-44.24519,170.11671,"Pukaki",8851,NA,0,"Canterbury",1010,4.1,13.6,NA
"29482","20180322:0000",-44.24519,170.11671,"Pukaki",8851,NA,0,"Canterbury",1010,10.9,7.35,NA
"29483","20180323:0000",-44.24519,170.11671,"Pukaki",8851,NA,0,"Canterbury",1010,6.6,6,NA
"29484","20180324:0000",-44.24519,170.11671,"Pukaki",8851,NA,0,"Canterbury",1010,6.9,9.9,NA
"29485","20180325:0000",-44.24519,170.11671,"Pukaki",8851,NA,0,"Canterbury",1010,6.5,12.05,NA
"29486","20180326:0000",-44.24519,170.11671,"Pukaki",8851,NA,0,"Canterbury",1010,5.5,12.55,NA
"29487","20180327:0000",-44.24519,170.11671,"Pukaki",8851,NA,0,"Canterbury",1010,4.9,14.05,NA
"29488","20180328:0000",-44.24519,170.11671,"Pukaki",8851,NA,0,"Canterbury",1010,9,14.35,NA
"29489","20180329:0000",-44.24519,170.11671,"Pukaki",8851,NA,0,"Canterbury",1010,5.5,14.5,NA
"29490","20180330:0000",-44.24519,170.11671,"Pukaki",8851,NA,0,"Canterbury",1010,4.6,13.55,NA
"29491","20180331:0000",-44.24519,170.11671,"Pukaki",8851,NA,0,"Canterbury",1010,18,14.95,NA
"29492","20180401:0000",-44.24519,170.11671,"Pukaki",8851,NA,0,"Canterbury",1010,3,8.8,NA
"29493","20180402:0000",-44.24519,170.11671,"Pukaki",8851,NA,0,"Canterbury",1010,4.3,13.6,NA
"29494","20180403:0000",-44.24519,170.11671,"Pukaki",8851,NA,0,"Canterbury",1010,18.2,16.95,NA
"29495","20180404:0000",-44.24519,170.11671,"Pukaki",8851,NA,0,"Canterbury",1010,21.6,16.15,NA
"29496","20180405:0000",-44.24519,170.11671,"Pukaki",8851,NA,0,"Canterbury",1010,3.2,13.7,NA
"29497","20180406:0000",-44.24519,170.11671,"Pukaki",8851,NA,0,"Canterbury",1010,20.7,13.05,NA
"29498","20180407:0000",-44.24519,170.11671,"Pukaki",8851,NA,0,"Canterbury",1010,6.3,12.5,NA
"29499","20180408:0000",-44.24519,170.11671,"Pukaki",8851,NA,0,"Canterbury",1010,6.3,11.15,NA
"29500","20180409:0000",-44.24519,170.11671,"Pukaki",8851,NA,0,"Canterbury",1010,3.8,7.15,NA
"29501","20180410:0000",-44.24519,170.11671,"Pukaki",8851,NA,0,"Canterbury",1010,15.6,4.95,NA
"29502","20180411:0000",-44.24519,170.11671,"Pukaki",8851,NA,0,"Canterbury",1010,14.9,5.8,NA
"29503","20180412:0000",-44.24519,170.11671,"Pukaki",8851,NA,0,"Canterbury",1010,6.8,4.75,NA
"29504","20180413:0000",-44.24519,170.11671,"Pukaki",8851,NA,0,"Canterbury",1010,11.1,6.85,NA
"29505","20180414:0000",-44.24519,170.11671,"Pukaki",8851,NA,0,"Canterbury",1010,3.1,5.35,NA
"29506","20180415:0000",-44.24519,170.11671,"Pukaki",8851,NA,0,"Canterbury",1010,3.5,4.5,NA
"29507","20180416:0000",-44.24519,170.11671,"Pukaki",8851,NA,0,"Canterbury",1010,12.8,9.5,NA
"29508","20180417:0000",-44.24519,170.11671,"Pukaki",8851,NA,0,"Canterbury",1010,24.6,9.7,NA
"29509","20180418:0000",-44.24519,170.11671,"Pukaki",8851,NA,0,"Canterbury",1010,7.2,7.55,NA
"29510","20180419:0000",-44.24519,170.11671,"Pukaki",8851,NA,0,"Canterbury",1010,33.5,9.2,NA
"29511","20180420:0000",-44.24519,170.11671,"Pukaki",8851,NA,0,"Canterbury",1010,29.1,14.75,NA
"29512","20180421:0000",-44.24519,170.11671,"Pukaki",8851,NA,0,"Canterbury",1010,7.7,14.1,NA
"29513","20180422:0000",-44.24519,170.11671,"Pukaki",8851,NA,0,"Canterbury",1010,9.9,7,NA
"29514","20180423:0000",-44.24519,170.11671,"Pukaki",8851,NA,0,"Canterbury",1010,5.6,7.6,NA
"29515","20180424:0000",-44.24519,170.11671,"Pukaki",8851,NA,0,"Canterbury",1010,6,11.3,NA
"29516","20180425:0000",-44.24519,170.11671,"Pukaki",8851,NA,0,"Canterbury",1010,4.7,8.4,NA
"29517","20180426:0000",-44.24519,170.11671,"Pukaki",8851,NA,0,"Canterbury",1010,3.6,11.9,NA
"29518","20180427:0000",-44.24519,170.11671,"Pukaki",8851,NA,0,"Canterbury",1010,6.8,9.1,NA
"29519","20180428:0000",-44.24519,170.11671,"Pukaki",8851,NA,0,"Canterbury",1010,19.6,5.15,NA
"29520","20180429:0000",-44.24519,170.11671,"Pukaki",8851,NA,0,"Canterbury",1010,5.8,4.65,NA
"29521","20180430:0000",-44.24519,170.11671,"Pukaki",8851,NA,0,"Canterbury",1010,3.4,7.25,NA
"29522","20180501:0000",-44.24519,170.11671,"Pukaki",8851,NA,0,"Canterbury",1010,5.1,9.1,NA
"29523","20180502:0000",-44.24519,170.11671,"Pukaki",8851,NA,0,"Canterbury",1010,7.9,8.9,NA
"29524","20180503:0000",-44.24519,170.11671,"Pukaki",8851,NA,0,"Canterbury",1010,3.3,7.3,NA
"29525","20180504:0000",-44.24519,170.11671,"Pukaki",8851,NA,0,"Canterbury",1010,5.5,8.35,NA
"29526","20180505:0000",-44.24519,170.11671,"Pukaki",8851,NA,0,"Canterbury",1010,4,5.6,NA
"29527","20180506:0000",-44.24519,170.11671,"Pukaki",8851,NA,0,"Canterbury",1010,7.6,9.1,NA
"29528","20180507:0000",-44.24519,170.11671,"Pukaki",8851,NA,0,"Canterbury",1010,13.1,9.95,NA
"29529","20180508:0000",-44.24519,170.11671,"Pukaki",8851,NA,0,"Canterbury",1010,17.3,11.3,NA
"29530","20180509:0000",-44.24519,170.11671,"Pukaki",8851,NA,0,"Canterbury",1010,7.5,11.85,NA
"29531","20180510:0000",-44.24519,170.11671,"Pukaki",8851,NA,0,"Canterbury",1010,4.4,7.3,NA
"29532","20180511:0000",-44.24519,170.11671,"Pukaki",8851,NA,0,"Canterbury",1010,3,9.65,NA
"29533","20180512:0000",-44.24519,170.11671,"Pukaki",8851,NA,0,"Canterbury",1010,9.4,9.5,NA
"29534","20180513:0000",-44.24519,170.11671,"Pukaki",8851,NA,0,"Canterbury",1010,4.6,4.65,NA
"29535","20180514:0000",-44.24519,170.11671,"Pukaki",8851,NA,0,"Canterbury",1010,4.2,4,NA
"29536","20180515:0000",-44.24519,170.11671,"Pukaki",8851,NA,0,"Canterbury",1010,3,5.4,NA
"29537","20180516:0000",-44.24519,170.11671,"Pukaki",8851,NA,0,"Canterbury",1010,2.6,7.7,NA
"29538","20180517:0000",-44.24519,170.11671,"Pukaki",8851,NA,0,"Canterbury",1010,10.9,5.45,NA
"29539","20180518:0000",-44.24519,170.11671,"Pukaki",8851,NA,0,"Canterbury",1010,5.6,8.75,NA
"29540","20180519:0000",-44.24519,170.11671,"Pukaki",8851,NA,0,"Canterbury",1010,8.1,6.3,NA
"29541","20180520:0000",-44.24519,170.11671,"Pukaki",8851,NA,0,"Canterbury",1010,18.5,8.35,NA
"29542","20180521:0000",-44.24519,170.11671,"Pukaki",8851,NA,0,"Canterbury",1010,10.7,4.85,NA
"29543","20180522:0000",-44.24519,170.11671,"Pukaki",8851,NA,0,"Canterbury",1010,24.5,4.65,NA
"29544","20180523:0000",-44.24519,170.11671,"Pukaki",8851,NA,0,"Canterbury",1010,6.3,2.5,NA
"29545","20180524:0000",-44.24519,170.11671,"Pukaki",8851,NA,0,"Canterbury",1010,8.3,4.05,NA
"29546","20180525:0000",-44.24519,170.11671,"Pukaki",8851,NA,0,"Canterbury",1010,9.4,2.3,NA
"29547","20180526:0000",-44.24519,170.11671,"Pukaki",8851,NA,0,"Canterbury",1010,4.2,2.4,NA
"29548","20180527:0000",-44.24519,170.11671,"Pukaki",8851,NA,0,"Canterbury",1010,10.4,4.5,NA
"29549","20180528:0000",-44.24519,170.11671,"Pukaki",8851,NA,0,"Canterbury",1010,8.9,3.75,NA
"29550","20180529:0000",-44.24519,170.11671,"Pukaki",8851,NA,0,"Canterbury",1010,6.7,0.3,NA
"29551","20180530:0000",-44.24519,170.11671,"Pukaki",8851,NA,0,"Canterbury",1010,4.4,-0.85,NA
"29552","20180531:0000",-44.24519,170.11671,"Pukaki",8851,NA,0,"Canterbury",1010,3.7,-3,NA
"29553","20180601:0000",-44.24519,170.11671,"Pukaki",8851,NA,0,"Canterbury",1010,5.4,-1.8,NA
"29554","20180602:0000",-44.24519,170.11671,"Pukaki",8851,NA,0,"Canterbury",1010,4.7,-1.65,NA
"29555","20180603:0000",-44.24519,170.11671,"Pukaki",8851,NA,0,"Canterbury",1010,4.2,-1.05,NA
"29556","20180604:0000",-44.24519,170.11671,"Pukaki",8851,NA,0,"Canterbury",1010,1.4,1.5,NA
"29557","20180605:0000",-44.24519,170.11671,"Pukaki",8851,NA,0,"Canterbury",1010,4.4,3.3,NA
"29558","20180606:0000",-44.24519,170.11671,"Pukaki",8851,NA,0,"Canterbury",1010,16.3,2.25,NA
"29559","20180607:0000",-44.24519,170.11671,"Pukaki",8851,NA,0,"Canterbury",1010,5.1,4.1,NA
"29560","20180608:0000",-44.24519,170.11671,"Pukaki",8851,NA,0,"Canterbury",1010,3.7,-1.1,NA
"29561","20180609:0000",-44.24519,170.11671,"Pukaki",8851,NA,0,"Canterbury",1010,6.5,6.55,NA
"29562","20180610:0000",-44.24519,170.11671,"Pukaki",8851,NA,0,"Canterbury",1010,7.2,4.85,NA
"29563","20180611:0000",-44.24519,170.11671,"Pukaki",8851,NA,0,"Canterbury",1010,6,6.9,NA
"29564","20180612:0000",-44.24519,170.11671,"Pukaki",8851,NA,0,"Canterbury",1010,3.3,3.95,NA
"29565","20180613:0000",-44.24519,170.11671,"Pukaki",8851,NA,0,"Canterbury",1010,2.7,4.6,NA
"29566","20180614:0000",-44.24519,170.11671,"Pukaki",8851,NA,0,"Canterbury",1010,4.2,2.6,NA
"29567","20180615:0000",-44.24519,170.11671,"Pukaki",8851,NA,0,"Canterbury",1010,2.8,4.55,NA
"29568","20180616:0000",-44.24519,170.11671,"Pukaki",8851,NA,0,"Canterbury",1010,4.8,3.85,NA
"29569","20180617:0000",-44.24519,170.11671,"Pukaki",8851,NA,0,"Canterbury",1010,2.5,3.75,NA
"29570","20180618:0000",-44.24519,170.11671,"Pukaki",8851,NA,0,"Canterbury",1010,2.8,1.45,NA
"29571","20180619:0000",-44.24519,170.11671,"Pukaki",8851,NA,0,"Canterbury",1010,5.8,2.8,NA
"29572","20180620:0000",-44.24519,170.11671,"Pukaki",8851,NA,0,"Canterbury",1010,3,5.25,NA
"29573","20180621:0000",-44.24519,170.11671,"Pukaki",8851,NA,0,"Canterbury",1010,4.5,1.4,NA
"29574","20180622:0000",-44.24519,170.11671,"Pukaki",8851,NA,0,"Canterbury",1010,3,-2.95,NA
"29575","20180623:0000",-44.24519,170.11671,"Pukaki",8851,NA,0,"Canterbury",1010,2.3,2.6,NA
"29576","20180624:0000",-44.24519,170.11671,"Pukaki",8851,NA,0,"Canterbury",1010,12.9,1.1,NA
"29577","20180625:0000",-44.24519,170.11671,"Pukaki",8851,NA,0,"Canterbury",1010,9.1,2.45,NA
"29578","20180626:0000",-44.24519,170.11671,"Pukaki",8851,NA,0,"Canterbury",1010,9.9,2,NA
"29579","20180627:0000",-44.24519,170.11671,"Pukaki",8851,NA,0,"Canterbury",1010,6.1,3.15,NA
"29580","20180628:0000",-44.24519,170.11671,"Pukaki",8851,NA,0,"Canterbury",1010,6.2,2.75,NA
"29581","20180629:0000",-44.24519,170.11671,"Pukaki",8851,NA,0,"Canterbury",1010,6.9,0.9,NA
"29582","20180630:0000",-44.24519,170.11671,"Pukaki",8851,NA,0,"Canterbury",1010,7.5,0.0499999999999998,NA
"29583","20180701:0000",-44.24519,170.11671,"Pukaki",8851,NA,0,"Canterbury",1010,5,3.35,NA
"29584","20180702:0000",-44.24519,170.11671,"Pukaki",8851,NA,0,"Canterbury",1010,8.6,5.45,NA
"29585","20180703:0000",-44.24519,170.11671,"Pukaki",8851,NA,0,"Canterbury",1010,8.4,2.25,NA
"29586","20180704:0000",-44.24519,170.11671,"Pukaki",8851,NA,0,"Canterbury",1010,3.9,-0.3,NA
"29587","20180705:0000",-44.24519,170.11671,"Pukaki",8851,NA,0,"Canterbury",1010,6.4,2.5,NA
"29588","20180706:0000",-44.24519,170.11671,"Pukaki",8851,NA,0,"Canterbury",1010,7,5.35,NA
"29589","20180707:0000",-44.24519,170.11671,"Pukaki",8851,NA,0,"Canterbury",1010,17.8,7,NA
"29590","20180708:0000",-44.24519,170.11671,"Pukaki",8851,NA,0,"Canterbury",1010,5.8,1.95,NA
"29591","20180709:0000",-44.24519,170.11671,"Pukaki",8851,NA,0,"Canterbury",1010,9.3,3.6,NA
"29592","20180710:0000",-44.24519,170.11671,"Pukaki",8851,NA,0,"Canterbury",1010,7.3,4,NA
"29593","20180711:0000",-44.24519,170.11671,"Pukaki",8851,NA,0,"Canterbury",1010,4.6,3.65,NA
"29594","20180712:0000",-44.24519,170.11671,"Pukaki",8851,NA,0,"Canterbury",1010,8.7,3.25,NA
"29595","20180713:0000",-44.24519,170.11671,"Pukaki",8851,NA,0,"Canterbury",1010,6.1,-0.0499999999999998,NA
"29596","20180714:0000",-44.24519,170.11671,"Pukaki",8851,NA,0,"Canterbury",1010,7,3.5,NA
"29597","20180715:0000",-44.24519,170.11671,"Pukaki",8851,NA,0,"Canterbury",1010,13.1,2.75,NA
"29598","20180716:0000",-44.24519,170.11671,"Pukaki",8851,NA,0,"Canterbury",1010,2.6,4.3,NA
"29599","20180717:0000",-44.24519,170.11671,"Pukaki",8851,NA,0,"Canterbury",1010,6.2,5.5,NA
"29600","20180718:0000",-44.24519,170.11671,"Pukaki",8851,NA,0,"Canterbury",1010,5.3,2.35,NA
"29601","20180719:0000",-44.24519,170.11671,"Pukaki",8851,NA,0,"Canterbury",1010,5.1,2.6,NA
"29602","20180720:0000",-44.24519,170.11671,"Pukaki",8851,NA,0,"Canterbury",1010,5.5,-0.0499999999999998,NA
"29603","20180721:0000",-44.24519,170.11671,"Pukaki",8851,NA,0,"Canterbury",1010,7.5,5.6,NA
"29604","20180722:0000",-44.24519,170.11671,"Pukaki",8851,NA,0,"Canterbury",1010,8.8,5.4,NA
"29605","20180723:0000",-44.24519,170.11671,"Pukaki",8851,NA,0,"Canterbury",1010,7.9,6.3,NA
"29606","20180724:0000",-44.24519,170.11671,"Pukaki",8851,NA,0,"Canterbury",1010,7.5,3.1,NA
"29607","20180725:0000",-44.24519,170.11671,"Pukaki",8851,NA,0,"Canterbury",1010,2,2.75,NA
"29608","20180726:0000",-44.24519,170.11671,"Pukaki",8851,NA,0,"Canterbury",1010,6.1,4.35,NA
"29609","20180727:0000",-44.24519,170.11671,"Pukaki",8851,NA,0,"Canterbury",1010,8.2,5.05,NA
"29610","20180728:0000",-44.24519,170.11671,"Pukaki",8851,NA,0,"Canterbury",1010,7,5.75,NA
"29611","20180729:0000",-44.24519,170.11671,"Pukaki",8851,NA,0,"Canterbury",1010,6.6,4.1,NA
"29612","20180730:0000",-44.24519,170.11671,"Pukaki",8851,NA,0,"Canterbury",1010,7.8,1.6,NA
"29613","20180731:0000",-44.24519,170.11671,"Pukaki",8851,NA,0,"Canterbury",1010,6.2,4.4,NA
"29614","20180801:0000",-44.24519,170.11671,"Pukaki",8851,NA,0,"Canterbury",1010,5,7.4,NA
"29615","20180802:0000",-44.24519,170.11671,"Pukaki",8851,NA,0,"Canterbury",1010,6,5.3,NA
"29616","20180803:0000",-44.24519,170.11671,"Pukaki",8851,NA,0,"Canterbury",1010,3.5,4.85,NA
"29617","20180804:0000",-44.24519,170.11671,"Pukaki",8851,NA,0,"Canterbury",1010,1.7,5.35,NA
"29618","20180805:0000",-44.24519,170.11671,"Pukaki",8851,NA,0,"Canterbury",1010,3.4,2.1,NA
"29619","20180806:0000",-44.24519,170.11671,"Pukaki",8851,NA,0,"Canterbury",1010,1.6,2,NA
"29620","20180807:0000",-44.24519,170.11671,"Pukaki",8851,NA,0,"Canterbury",1010,3.9,0.1,NA
"29621","20180808:0000",-44.24519,170.11671,"Pukaki",8851,NA,0,"Canterbury",1010,6.4,4.35,NA
"29622","20180809:0000",-44.24519,170.11671,"Pukaki",8851,NA,0,"Canterbury",1010,10,5.3,NA
"29623","20180810:0000",-44.24519,170.11671,"Pukaki",8851,NA,0,"Canterbury",1010,5.9,5.2,NA
"29624","20180811:0000",-44.24519,170.11671,"Pukaki",8851,NA,0,"Canterbury",1010,6.7,3.8,NA
"29625","20180812:0000",-44.24519,170.11671,"Pukaki",8851,NA,0,"Canterbury",1010,4.4,2.4,NA
"29626","20180813:0000",-44.24519,170.11671,"Pukaki",8851,NA,0,"Canterbury",1010,7,4.55,NA
"29627","20180814:0000",-44.24519,170.11671,"Pukaki",8851,NA,0,"Canterbury",1010,4.4,5.4,NA
"29628","20180815:0000",-44.24519,170.11671,"Pukaki",8851,NA,0,"Canterbury",1010,5.2,4.9,NA
"29629","20180816:0000",-44.24519,170.11671,"Pukaki",8851,NA,0,"Canterbury",1010,22.4,8.15,NA
"29630","20180817:0000",-44.24519,170.11671,"Pukaki",8851,NA,0,"Canterbury",1010,8.2,4.9,NA
"29631","20180818:0000",-44.24519,170.11671,"Pukaki",8851,NA,0,"Canterbury",1010,4.9,3.25,NA
"29632","20180819:0000",-44.24519,170.11671,"Pukaki",8851,NA,0,"Canterbury",1010,5.6,1,NA
"29633","20180820:0000",-44.24519,170.11671,"Pukaki",8851,NA,0,"Canterbury",1010,3.7,2.15,NA
"29634","20180821:0000",-44.24519,170.11671,"Pukaki",8851,NA,0,"Canterbury",1010,2.7,4.4,NA
"29635","20180822:0000",-44.24519,170.11671,"Pukaki",8851,NA,0,"Canterbury",1010,4.7,5.15,NA
"29636","20180823:0000",-44.24519,170.11671,"Pukaki",8851,NA,0,"Canterbury",1010,3.7,3.15,NA
"29637","20180824:0000",-44.24519,170.11671,"Pukaki",8851,NA,0,"Canterbury",1010,8.1,5.15,NA
"29638","20180825:0000",-44.24519,170.11671,"Pukaki",8851,NA,0,"Canterbury",1010,9.3,5,NA
"29639","20180826:0000",-44.24519,170.11671,"Pukaki",8851,NA,0,"Canterbury",1010,4.7,7.2,NA
"29640","20180827:0000",-44.24519,170.11671,"Pukaki",8851,NA,0,"Canterbury",1010,4.3,7.05,NA
"29641","20180828:0000",-44.24519,170.11671,"Pukaki",8851,NA,0,"Canterbury",1010,4.3,4.75,NA
"29642","20180829:0000",-44.24519,170.11671,"Pukaki",8851,NA,0,"Canterbury",1010,3,4.85,NA
"29643","20180830:0000",-44.24519,170.11671,"Pukaki",8851,NA,0,"Canterbury",1010,3.2,5.4,NA
"29644","20180831:0000",-44.24519,170.11671,"Pukaki",8851,NA,0,"Canterbury",1010,4.5,7,NA
"29645","20180901:0000",-44.24519,170.11671,"Pukaki",8851,NA,0,"Canterbury",1010,4,6.2,NA
"29646","20180902:0000",-44.24519,170.11671,"Pukaki",8851,NA,0,"Canterbury",1010,4.4,6.05,NA
"29647","20180903:0000",-44.24519,170.11671,"Pukaki",8851,NA,0,"Canterbury",1010,24.1,7.1,NA
"29648","20180904:0000",-44.24519,170.11671,"Pukaki",8851,NA,0,"Canterbury",1010,3.4,4.8,NA
"29649","20180905:0000",-44.24519,170.11671,"Pukaki",8851,NA,0,"Canterbury",1010,2.6,4,NA
"29650","20180906:0000",-44.24519,170.11671,"Pukaki",8851,NA,0,"Canterbury",1010,5.4,3.6,NA
"29651","20180907:0000",-44.24519,170.11671,"Pukaki",8851,NA,0,"Canterbury",1010,2,3.05,NA
"29652","20180908:0000",-44.24519,170.11671,"Pukaki",8851,NA,0,"Canterbury",1010,3.1,3.7,NA
"29653","20180909:0000",-44.24519,170.11671,"Pukaki",8851,NA,0,"Canterbury",1010,2,5.1,NA
"29654","20180910:0000",-44.24519,170.11671,"Pukaki",8851,NA,0,"Canterbury",1010,1.8,6.6,NA
"29655","20180911:0000",-44.24519,170.11671,"Pukaki",8851,NA,0,"Canterbury",1010,3.9,9.65,NA
"29656","20180912:0000",-44.24519,170.11671,"Pukaki",8851,NA,0,"Canterbury",1010,3.3,9.1,NA
"29657","20180913:0000",-44.24519,170.11671,"Pukaki",8851,NA,0,"Canterbury",1010,27.5,13.25,NA
"29658","20180914:0000",-44.24519,170.11671,"Pukaki",8851,NA,0,"Canterbury",1010,6.9,12.8,NA
"29659","20180915:0000",-44.24519,170.11671,"Pukaki",8851,NA,0,"Canterbury",1010,6.9,11.8,NA
"29660","20180916:0000",-44.24519,170.11671,"Pukaki",8851,NA,0,"Canterbury",1010,20.7,11.35,NA
"29661","20180917:0000",-44.24519,170.11671,"Pukaki",8851,NA,0,"Canterbury",1010,17.4,7.2,NA
"29662","20180918:0000",-44.24519,170.11671,"Pukaki",8851,NA,0,"Canterbury",1010,5,7.1,NA
"29663","20180919:0000",-44.24519,170.11671,"Pukaki",8851,NA,0,"Canterbury",1010,2.9,8.5,NA
"29664","20180920:0000",-44.24519,170.11671,"Pukaki",8851,NA,0,"Canterbury",1010,3.8,8.25,NA
"29665","20180921:0000",-44.24519,170.11671,"Pukaki",8851,NA,0,"Canterbury",1010,6.8,10.9,NA
"29666","20180922:0000",-44.24519,170.11671,"Pukaki",8851,NA,0,"Canterbury",1010,3.6,9.95,NA
"29667","20180923:0000",-44.24519,170.11671,"Pukaki",8851,NA,0,"Canterbury",1010,5.3,9.3,NA
"29668","20180924:0000",-44.24519,170.11671,"Pukaki",8851,NA,0,"Canterbury",1010,7.7,5.35,NA
"29669","20180925:0000",-44.24519,170.11671,"Pukaki",8851,NA,0,"Canterbury",1010,17.2,6.95,NA
"29670","20180926:0000",-44.24519,170.11671,"Pukaki",8851,NA,0,"Canterbury",1010,10,7.55,NA
"29671","20180927:0000",-44.24519,170.11671,"Pukaki",8851,NA,0,"Canterbury",1010,4.6,6,NA
"29672","20180928:0000",-44.24519,170.11671,"Pukaki",8851,NA,0,"Canterbury",1010,3.4,6.6,NA
"29673","20180929:0000",-44.24519,170.11671,"Pukaki",8851,NA,0,"Canterbury",1010,3.7,8,NA
"29674","20180930:0000",-44.24519,170.11671,"Pukaki",8851,NA,0,"Canterbury",1010,18,11.9,NA
"29675","20181001:0000",-44.24519,170.11671,"Pukaki",8851,NA,0,"Canterbury",1010,5.8,9.5,NA
"29676","20181002:0000",-44.24519,170.11671,"Pukaki",8851,NA,0,"Canterbury",1010,4,9.15,NA
"29677","20181003:0000",-44.24519,170.11671,"Pukaki",8851,NA,0,"Canterbury",1010,3.5,10.85,NA
"29678","20181004:0000",-44.24519,170.11671,"Pukaki",8851,NA,0,"Canterbury",1010,4.6,10.85,NA
"29679","20181005:0000",-44.24519,170.11671,"Pukaki",8851,NA,0,"Canterbury",1010,3.7,10.35,NA
"29680","20181006:0000",-44.24519,170.11671,"Pukaki",8851,NA,0,"Canterbury",1010,4.5,9.4,NA
"29681","20181007:0000",-44.24519,170.11671,"Pukaki",8851,NA,0,"Canterbury",1010,7.6,8.45,NA
"29682","20181008:0000",-44.24519,170.11671,"Pukaki",8851,NA,0,"Canterbury",1010,3.7,10.6,NA
"29683","20181009:0000",-44.24519,170.11671,"Pukaki",8851,NA,0,"Canterbury",1010,3.2,8.85,NA
"29684","20181010:0000",-44.24519,170.11671,"Pukaki",8851,NA,0,"Canterbury",1010,6.5,12.65,NA
"29685","20181011:0000",-44.24519,170.11671,"Pukaki",8851,NA,0,"Canterbury",1010,3.2,7.95,NA
"29686","20181012:0000",-44.24519,170.11671,"Pukaki",8851,NA,0,"Canterbury",1010,6.8,4.9,NA
"29687","20181013:0000",-44.24519,170.11671,"Pukaki",8851,NA,0,"Canterbury",1010,4.8,4.9,NA
"29688","20181014:0000",-44.24519,170.11671,"Pukaki",8851,NA,0,"Canterbury",1010,5.8,8.05,NA
"29689","20181015:0000",-44.24519,170.11671,"Pukaki",8851,NA,0,"Canterbury",1010,2.2,8.55,NA
"29690","20181016:0000",-44.24519,170.11671,"Pukaki",8851,NA,0,"Canterbury",1010,3.9,10.15,NA
"29691","20181017:0000",-44.24519,170.11671,"Pukaki",8851,NA,0,"Canterbury",1010,9.8,13.7,NA
"29692","20181018:0000",-44.24519,170.11671,"Pukaki",8851,NA,0,"Canterbury",1010,5.5,15.4,NA
"29693","20181019:0000",-44.24519,170.11671,"Pukaki",8851,NA,0,"Canterbury",1010,4.5,12.65,NA
"29694","20181020:0000",-44.24519,170.11671,"Pukaki",8851,NA,0,"Canterbury",1010,5.8,14.05,NA
"29695","20181021:0000",-44.24519,170.11671,"Pukaki",8851,NA,0,"Canterbury",1010,3,16.9,NA
"29696","20181022:0000",-44.24519,170.11671,"Pukaki",8851,NA,0,"Canterbury",1010,3.3,15.1,NA
"29697","20181023:0000",-44.24519,170.11671,"Pukaki",8851,NA,0,"Canterbury",1010,3.8,16.5,NA
"29698","20181024:0000",-44.24519,170.11671,"Pukaki",8851,NA,0,"Canterbury",1010,3.9,14.85,NA
"29699","20181025:0000",-44.24519,170.11671,"Pukaki",8851,NA,0,"Canterbury",1010,16.3,9.75,NA
"29700","20181026:0000",-44.24519,170.11671,"Pukaki",8851,NA,0,"Canterbury",1010,6.1,9.95,NA
"29701","20181027:0000",-44.24519,170.11671,"Pukaki",8851,NA,0,"Canterbury",1010,2.8,11.35,NA
"29702","20181028:0000",-44.24519,170.11671,"Pukaki",8851,NA,0,"Canterbury",1010,1.9,8.6,NA
"29703","20181029:0000",-44.24519,170.11671,"Pukaki",8851,NA,0,"Canterbury",1010,3.4,10.6,NA
"29704","20181030:0000",-44.24519,170.11671,"Pukaki",8851,NA,0,"Canterbury",1010,12.4,8.8,NA
"29705","20181031:0000",-44.24519,170.11671,"Pukaki",8851,NA,0,"Canterbury",1010,4.9,8.4,NA
"29706","20181101:0000",-44.24519,170.11671,"Pukaki",8851,NA,0,"Canterbury",1010,14,9.9,NA
"29707","20181102:0000",-44.24519,170.11671,"Pukaki",8851,NA,0,"Canterbury",1010,3.8,9.4,NA
"29708","20181103:0000",-44.24519,170.11671,"Pukaki",8851,NA,0,"Canterbury",1010,20.6,14.65,NA
"29709","20181104:0000",-44.24519,170.11671,"Pukaki",8851,NA,0,"Canterbury",1010,24.4,8.65,NA
"29710","20181105:0000",-44.24519,170.11671,"Pukaki",8851,NA,0,"Canterbury",1010,10,12.45,NA
"29711","20181106:0000",-44.24519,170.11671,"Pukaki",8851,NA,0,"Canterbury",1010,3.6,13.35,NA
"29712","20181107:0000",-44.24519,170.11671,"Pukaki",8851,NA,0,"Canterbury",1010,6.7,15.25,NA
"29713","20181108:0000",-44.24519,170.11671,"Pukaki",8851,NA,0,"Canterbury",1010,9.8,13.8,NA
"29714","20181109:0000",-44.24519,170.11671,"Pukaki",8851,NA,0,"Canterbury",1010,5,4.55,NA
"29715","20181110:0000",-44.24519,170.11671,"Pukaki",8851,NA,0,"Canterbury",1010,5.2,8,NA
"29716","20181111:0000",-44.24519,170.11671,"Pukaki",8851,NA,0,"Canterbury",1010,4.1,11,NA
"29717","20181112:0000",-44.24519,170.11671,"Pukaki",8851,NA,0,"Canterbury",1010,4.8,11.15,NA
"29718","20181113:0000",-44.24519,170.11671,"Pukaki",8851,NA,0,"Canterbury",1010,3.1,12.2,NA
"29719","20181114:0000",-44.24519,170.11671,"Pukaki",8851,NA,0,"Canterbury",1010,4.8,13.3,NA
"29720","20181115:0000",-44.24519,170.11671,"Pukaki",8851,NA,0,"Canterbury",1010,2.8,15.25,NA
"29721","20181116:0000",-44.24519,170.11671,"Pukaki",8851,NA,0,"Canterbury",1010,4.1,12.85,NA
"29722","20181117:0000",-44.24519,170.11671,"Pukaki",8851,NA,0,"Canterbury",1010,5.4,14.8,NA
"29723","20181118:0000",-44.24519,170.11671,"Pukaki",8851,NA,0,"Canterbury",1010,16.6,11.9,NA
"29724","20181119:0000",-44.24519,170.11671,"Pukaki",8851,NA,0,"Canterbury",1010,8,5.45,NA
"29725","20181120:0000",-44.24519,170.11671,"Pukaki",8851,NA,0,"Canterbury",1010,17.8,6.2,NA
"29726","20181121:0000",-44.24519,170.11671,"Pukaki",8851,NA,0,"Canterbury",1010,4.2,6.8,NA
"29727","20181122:0000",-44.24519,170.11671,"Pukaki",8851,NA,0,"Canterbury",1010,7.1,11.95,NA
"29728","20181123:0000",-44.24519,170.11671,"Pukaki",8851,NA,0,"Canterbury",1010,4.2,11.05,NA
"29729","20181124:0000",-44.24519,170.11671,"Pukaki",8851,NA,0,"Canterbury",1010,4.8,12.75,NA
"29730","20181125:0000",-44.24519,170.11671,"Pukaki",8851,NA,0,"Canterbury",1010,3.7,13.15,NA
"29731","20181126:0000",-44.24519,170.11671,"Pukaki",8851,NA,0,"Canterbury",1010,13.9,13.55,NA
"29732","20181127:0000",-44.24519,170.11671,"Pukaki",8851,NA,0,"Canterbury",1010,15.1,13.35,NA
"29733","20181128:0000",-44.24519,170.11671,"Pukaki",8851,NA,0,"Canterbury",1010,4.6,13.6,NA
"29734","20181129:0000",-44.24519,170.11671,"Pukaki",8851,NA,0,"Canterbury",1010,6.8,15.4,NA
"29735","20181130:0000",-44.24519,170.11671,"Pukaki",8851,NA,0,"Canterbury",1010,9.2,15.1,NA
"29736","20181201:0000",-44.24519,170.11671,"Pukaki",8851,NA,0,"Canterbury",1010,3.9,14.55,NA
"29737","20181202:0000",-44.24519,170.11671,"Pukaki",8851,NA,0,"Canterbury",1010,4.2,16.9,NA
"29738","20181203:0000",-44.24519,170.11671,"Pukaki",8851,NA,0,"Canterbury",1010,4.6,16.7,NA
"29739","20181204:0000",-44.24519,170.11671,"Pukaki",8851,NA,0,"Canterbury",1010,3.5,15.65,NA
"29740","20181205:0000",-44.24519,170.11671,"Pukaki",8851,NA,0,"Canterbury",1010,4.1,10,NA
"29741","20181206:0000",-44.24519,170.11671,"Pukaki",8851,NA,0,"Canterbury",1010,8.4,10,NA
"29742","20181207:0000",-44.24519,170.11671,"Pukaki",8851,NA,0,"Canterbury",1010,3.6,13.95,NA
"29743","20181208:0000",-44.24519,170.11671,"Pukaki",8851,NA,0,"Canterbury",1010,3.1,14.5,NA
"29744","20181209:0000",-44.24519,170.11671,"Pukaki",8851,NA,0,"Canterbury",1010,6.2,15.75,NA
"29745","20181210:0000",-44.24519,170.11671,"Pukaki",8851,NA,0,"Canterbury",1010,12.5,14.9,NA
"29746","20181211:0000",-44.24519,170.11671,"Pukaki",8851,NA,0,"Canterbury",1010,3.5,12.8,NA
"29747","20181212:0000",-44.24519,170.11671,"Pukaki",8851,NA,0,"Canterbury",1010,2.1,14.15,NA
"29748","20181213:0000",-44.24519,170.11671,"Pukaki",8851,NA,0,"Canterbury",1010,6.4,15.75,NA
"29749","20181214:0000",-44.24519,170.11671,"Pukaki",8851,NA,0,"Canterbury",1010,3.3,16.3,NA
"29750","20181215:0000",-44.24519,170.11671,"Pukaki",8851,NA,0,"Canterbury",1010,2.7,18.25,NA
"29751","20181216:0000",-44.24519,170.11671,"Pukaki",8851,NA,0,"Canterbury",1010,2.5,17.4,NA
"29752","20181217:0000",-44.24519,170.11671,"Pukaki",8851,NA,0,"Canterbury",1010,5.7,17.35,NA
"29753","20181218:0000",-44.24519,170.11671,"Pukaki",8851,NA,0,"Canterbury",1010,28.2,19.5,NA
"29754","20181219:0000",-44.24519,170.11671,"Pukaki",8851,NA,0,"Canterbury",1010,NA,NA,NA
"29755","20181220:0000",-44.24519,170.11671,"Pukaki",8851,NA,0,"Canterbury",1010,2.6,NA,NA
"29756","20181221:0000",-44.24519,170.11671,"Pukaki",8851,NA,0,"Canterbury",1010,NA,NA,NA
"29757","20181222:0000",-44.24519,170.11671,"Pukaki",8851,NA,0,"Canterbury",1010,NA,NA,NA
"29758","20181223:0000",-44.24519,170.11671,"Pukaki",8851,NA,0,"Canterbury",1010,9.3,12.9,NA
"29759","20181224:0000",-44.24519,170.11671,"Pukaki",8851,NA,0,"Canterbury",1010,3.1,15.25,NA
"29760","20181225:0000",-44.24519,170.11671,"Pukaki",8851,NA,0,"Canterbury",1010,3.2,16.7,NA
"29761","20181226:0000",-44.24519,170.11671,"Pukaki",8851,NA,0,"Canterbury",1010,15.9,17.15,NA
"29762","20181227:0000",-44.24519,170.11671,"Pukaki",8851,NA,0,"Canterbury",1010,3.8,16,NA
"29763","20181228:0000",-44.24519,170.11671,"Pukaki",8851,NA,0,"Canterbury",1010,5.1,15.5,NA
"29764","20181229:0000",-44.24519,170.11671,"Pukaki",8851,NA,0,"Canterbury",1010,3.9,20.95,NA
"29765","20181230:0000",-44.24519,170.11671,"Pukaki",8851,NA,0,"Canterbury",1010,19,23.7,NA
"29766","20181231:0000",-44.24519,170.11671,"Pukaki",8851,NA,0,"Canterbury",1010,4.3,21,NA
"29767","20190101:0000",-44.24519,170.11671,"Pukaki",8851,NA,0,"Canterbury",1010,3.4,15.35,NA
"29768","20190102:0000",-44.24519,170.11671,"Pukaki",8851,NA,0,"Canterbury",1010,17.1,21.75,NA
"29769","20190103:0000",-44.24519,170.11671,"Pukaki",8851,NA,0,"Canterbury",1010,21.6,21.55,NA
"29770","20190104:0000",-44.24519,170.11671,"Pukaki",8851,NA,0,"Canterbury",1010,9.1,18,NA
"29771","20190105:0000",-44.24519,170.11671,"Pukaki",8851,NA,0,"Canterbury",1010,6.2,17,NA
"29772","20190106:0000",-44.24519,170.11671,"Pukaki",8851,NA,0,"Canterbury",1010,10.9,23.1,NA
"29773","20190107:0000",-44.24519,170.11671,"Pukaki",8851,NA,0,"Canterbury",1010,6,18.6,NA
"29774","20190108:0000",-44.24519,170.11671,"Pukaki",8851,NA,0,"Canterbury",1010,5.7,16.4,NA
"29775","20190109:0000",-44.24519,170.11671,"Pukaki",8851,NA,0,"Canterbury",1010,3.2,17.4,NA
"29776","20190110:0000",-44.24519,170.11671,"Pukaki",8851,NA,0,"Canterbury",1010,4,19.35,NA
"29777","20190111:0000",-44.24519,170.11671,"Pukaki",8851,NA,0,"Canterbury",1010,5,18.65,NA
"29778","20190112:0000",-44.24519,170.11671,"Pukaki",8851,NA,0,"Canterbury",1010,5.2,17.35,NA
"29779","20190113:0000",-44.24519,170.11671,"Pukaki",8851,NA,0,"Canterbury",1010,5,14,NA
"29780","20190114:0000",-44.24519,170.11671,"Pukaki",8851,NA,0,"Canterbury",1010,15.3,15.8,NA
"29781","20190115:0000",-44.24519,170.11671,"Pukaki",8851,NA,0,"Canterbury",1010,6,15.75,NA
"29782","20190116:0000",-44.24519,170.11671,"Pukaki",8851,NA,0,"Canterbury",1010,3.6,18.3,NA
"29783","20190117:0000",-44.24519,170.11671,"Pukaki",8851,NA,0,"Canterbury",1010,3.5,20.35,NA
"29784","20190118:0000",-44.24519,170.11671,"Pukaki",8851,NA,0,"Canterbury",1010,5.4,19.35,NA
"29785","20190119:0000",-44.24519,170.11671,"Pukaki",8851,NA,0,"Canterbury",1010,7.1,16.8,NA
"29786","20190120:0000",-44.24519,170.11671,"Pukaki",8851,NA,0,"Canterbury",1010,17.3,17.05,NA
"29787","20190121:0000",-44.24519,170.11671,"Pukaki",8851,NA,0,"Canterbury",1010,23.8,18.55,NA
"29788","20190122:0000",-44.24519,170.11671,"Pukaki",8851,NA,0,"Canterbury",1010,7.8,16.55,NA
"29789","20190123:0000",-44.24519,170.11671,"Pukaki",8851,NA,0,"Canterbury",1010,24.2,24.65,NA
"29790","20190124:0000",-44.24519,170.11671,"Pukaki",8851,NA,0,"Canterbury",1010,8.6,11.1,NA
"29791","20190125:0000",-44.24519,170.11671,"Pukaki",8851,NA,0,"Canterbury",1010,2.8,13.35,NA
"29792","20190126:0000",-44.24519,170.11671,"Pukaki",8851,NA,0,"Canterbury",1010,4.9,18.85,NA
"29793","20190127:0000",-44.24519,170.11671,"Pukaki",8851,NA,0,"Canterbury",1010,20.2,24.5,NA
"29794","20190128:0000",-44.24519,170.11671,"Pukaki",8851,NA,0,"Canterbury",1010,23.4,24.85,NA
"29795","20190129:0000",-44.24519,170.11671,"Pukaki",8851,NA,0,"Canterbury",1010,4.1,17.85,NA
"29796","20190130:0000",-44.24519,170.11671,"Pukaki",8851,NA,0,"Canterbury",1010,3.9,23.65,NA
"29797","20190131:0000",-44.24519,170.11671,"Pukaki",8851,NA,0,"Canterbury",1010,2.8,22.7,NA
"29798","20190201:0000",-44.24519,170.11671,"Pukaki",8851,NA,0,"Canterbury",1010,19.9,23.15,NA
"29799","20190202:0000",-44.24519,170.11671,"Pukaki",8851,NA,0,"Canterbury",1010,3.9,14.15,NA
"29800","20190203:0000",-44.24519,170.11671,"Pukaki",8851,NA,0,"Canterbury",1010,3.4,16.6,NA
"29801","20190204:0000",-44.24519,170.11671,"Pukaki",8851,NA,0,"Canterbury",1010,4.5,18.8,NA
"29802","20190205:0000",-44.24519,170.11671,"Pukaki",8851,NA,0,"Canterbury",1010,16.6,20.55,NA
"29803","20190206:0000",-44.24519,170.11671,"Pukaki",8851,NA,0,"Canterbury",1010,12.4,13.8,NA
"29804","20190207:0000",-44.24519,170.11671,"Pukaki",8851,NA,0,"Canterbury",1010,7.4,15.2,NA
"29805","20190208:0000",-44.24519,170.11671,"Pukaki",8851,NA,0,"Canterbury",1010,2.5,15.4,NA
"29806","20190209:0000",-44.24519,170.11671,"Pukaki",8851,NA,0,"Canterbury",1010,3.8,18,NA
"29807","20190210:0000",-44.24519,170.11671,"Pukaki",8851,NA,0,"Canterbury",1010,5.1,18.25,NA
"29808","20190211:0000",-44.24519,170.11671,"Pukaki",8851,NA,0,"Canterbury",1010,4.6,17.35,NA
"29809","20190212:0000",-44.24519,170.11671,"Pukaki",8851,NA,0,"Canterbury",1010,8.9,20.45,NA
"29810","20190213:0000",-44.24519,170.11671,"Pukaki",8851,NA,0,"Canterbury",1010,2.7,19.45,NA
"29811","20190214:0000",-44.24519,170.11671,"Pukaki",8851,NA,0,"Canterbury",1010,4.4,19.7,NA
"29812","20190215:0000",-44.24519,170.11671,"Pukaki",8851,NA,0,"Canterbury",1010,3.2,17.5,NA
"29813","20190216:0000",-44.24519,170.11671,"Pukaki",8851,NA,0,"Canterbury",1010,5.6,14.5,NA
"29814","20190217:0000",-44.24519,170.11671,"Pukaki",8851,NA,0,"Canterbury",1010,4.9,13.85,NA
"29815","20190218:0000",-44.24519,170.11671,"Pukaki",8851,NA,0,"Canterbury",1010,4,14.95,NA
"29816","20190219:0000",-44.24519,170.11671,"Pukaki",8851,NA,0,"Canterbury",1010,6.7,19.45,NA
"29817","20190220:0000",-44.24519,170.11671,"Pukaki",8851,NA,0,"Canterbury",1010,NA,23.9,NA
"29818","20190221:0000",-44.24519,170.11671,"Pukaki",8851,NA,0,"Canterbury",1010,4,17.95,NA
"29819","20190222:0000",-44.24519,170.11671,"Pukaki",8851,NA,0,"Canterbury",1010,23,19.85,NA
"29820","20190223:0000",-44.24519,170.11671,"Pukaki",8851,NA,0,"Canterbury",1010,4.6,10.1,NA
"29821","20190224:0000",-44.24519,170.11671,"Pukaki",8851,NA,0,"Canterbury",1010,7.2,11.25,NA
"29822","20190225:0000",-44.24519,170.11671,"Pukaki",8851,NA,0,"Canterbury",1010,7.1,10.5,NA
"29823","20190226:0000",-44.24519,170.11671,"Pukaki",8851,NA,0,"Canterbury",1010,4.4,15,NA
"29824","20190227:0000",-44.24519,170.11671,"Pukaki",8851,NA,0,"Canterbury",1010,14.5,16.25,NA
"29825","20190228:0000",-44.24519,170.11671,"Pukaki",8851,NA,0,"Canterbury",1010,6.5,9.5,NA
"29826","20190301:0000",-44.24519,170.11671,"Pukaki",8851,NA,0,"Canterbury",1010,3.9,10.7,NA
"29827","20190302:0000",-44.24519,170.11671,"Pukaki",8851,NA,0,"Canterbury",1010,6.5,14.45,NA
"29828","20190303:0000",-44.24519,170.11671,"Pukaki",8851,NA,0,"Canterbury",1010,6.3,17.9,NA
"29829","20190304:0000",-44.24519,170.11671,"Pukaki",8851,NA,0,"Canterbury",1010,3.7,16.65,NA
"29830","20190305:0000",-44.24519,170.11671,"Pukaki",8851,NA,0,"Canterbury",1010,3,20.8,NA
"29831","20190306:0000",-44.24519,170.11671,"Pukaki",8851,NA,0,"Canterbury",1010,3.6,22.15,NA
"29832","20190307:0000",-44.24519,170.11671,"Pukaki",8851,NA,0,"Canterbury",1010,3.8,17.4,NA
"29833","20190308:0000",-44.24519,170.11671,"Pukaki",8851,NA,0,"Canterbury",1010,7.8,13.15,NA
"29834","20190309:0000",-44.24519,170.11671,"Pukaki",8851,NA,0,"Canterbury",1010,4.5,12.5,NA
"29835","20190310:0000",-44.24519,170.11671,"Pukaki",8851,NA,0,"Canterbury",1010,9.6,13.45,NA
"29836","20190311:0000",-44.24519,170.11671,"Pukaki",8851,NA,0,"Canterbury",1010,4.7,13.9,NA
"29837","20190312:0000",-44.24519,170.11671,"Pukaki",8851,NA,0,"Canterbury",1010,4.8,18.5,NA
"29838","20190313:0000",-44.24519,170.11671,"Pukaki",8851,NA,0,"Canterbury",1010,3.8,17.1,NA
"29839","20190314:0000",-44.24519,170.11671,"Pukaki",8851,NA,0,"Canterbury",1010,8,13.7,NA
"29840","20190315:0000",-44.24519,170.11671,"Pukaki",8851,NA,0,"Canterbury",1010,4.2,13.15,NA
"29841","20190316:0000",-44.24519,170.11671,"Pukaki",8851,NA,0,"Canterbury",1010,4.7,NA,NA
"29842","20190317:0000",-44.24519,170.11671,"Pukaki",8851,NA,0,"Canterbury",1010,1.4,NA,NA
"29843","20190318:0000",-44.24519,170.11671,"Pukaki",8851,NA,0,"Canterbury",1010,4.4,NA,NA
"29844","20190319:0000",-44.24519,170.11671,"Pukaki",8851,NA,0,"Canterbury",1010,1.8,NA,NA
"29845","20190320:0000",-44.24519,170.11671,"Pukaki",8851,NA,0,"Canterbury",1010,5,NA,NA
"29846","20190321:0000",-44.24519,170.11671,"Pukaki",8851,NA,0,"Canterbury",1010,5.6,NA,NA
"29847","20190322:0000",-44.24519,170.11671,"Pukaki",8851,NA,0,"Canterbury",1010,5.9,NA,NA
"29848","20190323:0000",-44.24519,170.11671,"Pukaki",8851,NA,0,"Canterbury",1010,5.5,NA,NA
"29849","20190324:0000",-44.24519,170.11671,"Pukaki",8851,NA,0,"Canterbury",1010,4.1,NA,NA
"29850","20190325:0000",-44.24519,170.11671,"Pukaki",8851,NA,0,"Canterbury",1010,3.7,NA,NA
"29851","20190326:0000",-44.24519,170.11671,"Pukaki",8851,NA,0,"Canterbury",1010,8.8,NA,NA
"29852","20190327:0000",-44.24519,170.11671,"Pukaki",8851,NA,0,"Canterbury",1010,10.2,NA,NA
"29853","20190328:0000",-44.24519,170.11671,"Pukaki",8851,NA,0,"Canterbury",1010,7.1,NA,NA
"29854","20190329:0000",-44.24519,170.11671,"Pukaki",8851,NA,0,"Canterbury",1010,5.1,11.05,NA
"29855","20190330:0000",-44.24519,170.11671,"Pukaki",8851,NA,0,"Canterbury",1010,4.4,13.05,NA
"29856","20190331:0000",-44.24519,170.11671,"Pukaki",8851,NA,0,"Canterbury",1010,5.5,16.55,NA
"29857","20190401:0000",-44.24519,170.11671,"Pukaki",8851,NA,0,"Canterbury",1010,32.6,15.05,NA
"29858","20190402:0000",-44.24519,170.11671,"Pukaki",8851,NA,0,"Canterbury",1010,9.5,11.65,NA
"29859","20190403:0000",-44.24519,170.11671,"Pukaki",8851,NA,0,"Canterbury",1010,7.6,10.75,NA
"29860","20190404:0000",-44.24519,170.11671,"Pukaki",8851,NA,0,"Canterbury",1010,5.9,10.2,NA
"29861","20190405:0000",-44.24519,170.11671,"Pukaki",8851,NA,0,"Canterbury",1010,6.8,8.7,NA
"29862","20190406:0000",-44.24519,170.11671,"Pukaki",8851,NA,0,"Canterbury",1010,6.6,5.4,NA
"29863","20190407:0000",-44.24519,170.11671,"Pukaki",8851,NA,0,"Canterbury",1010,4.1,5.8,NA
"29864","20190408:0000",-44.24519,170.11671,"Pukaki",8851,NA,0,"Canterbury",1010,3.8,8.2,NA
"29865","20190409:0000",-44.24519,170.11671,"Pukaki",8851,NA,0,"Canterbury",1010,3.1,12.4,NA
"29866","20190410:0000",-44.24519,170.11671,"Pukaki",8851,NA,0,"Canterbury",1010,4.6,13.75,NA
"29867","20190411:0000",-44.24519,170.11671,"Pukaki",8851,NA,0,"Canterbury",1010,4.8,11.3,NA
"29868","20190412:0000",-44.24519,170.11671,"Pukaki",8851,NA,0,"Canterbury",1010,8.7,9.1,NA
"29869","20190413:0000",-44.24519,170.11671,"Pukaki",8851,NA,0,"Canterbury",1010,4.4,6.1,NA
"29870","20190414:0000",-44.24519,170.11671,"Pukaki",8851,NA,0,"Canterbury",1010,2.3,8.15,NA
"29871","20190415:0000",-44.24519,170.11671,"Pukaki",8851,NA,0,"Canterbury",1010,5.2,9.55,NA
"29872","20190416:0000",-44.24519,170.11671,"Pukaki",8851,NA,0,"Canterbury",1010,5.2,7.25,NA
"29873","20190417:0000",-44.24519,170.11671,"Pukaki",8851,NA,0,"Canterbury",1010,4.1,8.05,NA
"29874","20190418:0000",-44.24519,170.11671,"Pukaki",8851,NA,0,"Canterbury",1010,3.3,8.25,NA
"29875","20190419:0000",-44.24519,170.11671,"Pukaki",8851,NA,0,"Canterbury",1010,4.4,7.25,NA
"29876","20190420:0000",-44.24519,170.11671,"Pukaki",8851,NA,0,"Canterbury",1010,6.4,11.75,NA
"29877","20190421:0000",-44.24519,170.11671,"Pukaki",8851,NA,0,"Canterbury",1010,8.6,8.85,NA
"29878","20190422:0000",-44.24519,170.11671,"Pukaki",8851,NA,0,"Canterbury",1010,3.5,9.9,NA
"29879","20190423:0000",-44.24519,170.11671,"Pukaki",8851,NA,0,"Canterbury",1010,1.7,6.75,NA
"29880","20190424:0000",-44.24519,170.11671,"Pukaki",8851,NA,0,"Canterbury",1010,3.1,7.45,NA
"29881","20190425:0000",-44.24519,170.11671,"Pukaki",8851,NA,0,"Canterbury",1010,2.6,9.9,NA
"29882","20190426:0000",-44.24519,170.11671,"Pukaki",8851,NA,0,"Canterbury",1010,5.9,12.2,NA
"29883","20190427:0000",-44.24519,170.11671,"Pukaki",8851,NA,0,"Canterbury",1010,7.6,10.7,NA
"29884","20190428:0000",-44.24519,170.11671,"Pukaki",8851,NA,0,"Canterbury",1010,4.5,8.3,NA
"29885","20190429:0000",-44.24519,170.11671,"Pukaki",8851,NA,0,"Canterbury",1010,14,6.85,NA
"29886","20190430:0000",-44.24519,170.11671,"Pukaki",8851,NA,0,"Canterbury",1010,5.1,4.7,NA
"29887","20190501:0000",-44.24519,170.11671,"Pukaki",8851,NA,0,"Canterbury",1010,4.9,5.35,NA
"29888","20190502:0000",-44.24519,170.11671,"Pukaki",8851,NA,0,"Canterbury",1010,4.2,8.85,NA
"29889","20190503:0000",-44.24519,170.11671,"Pukaki",8851,NA,0,"Canterbury",1010,5.9,7.95,NA
"29890","20190504:0000",-44.24519,170.11671,"Pukaki",8851,NA,0,"Canterbury",1010,3.8,7.4,NA
"29891","20190505:0000",-44.24519,170.11671,"Pukaki",8851,NA,0,"Canterbury",1010,6.3,9.35,NA
"29892","20190506:0000",-44.24519,170.11671,"Pukaki",8851,NA,0,"Canterbury",1010,2.3,6.75,NA
"29893","20190507:0000",-44.24519,170.11671,"Pukaki",8851,NA,0,"Canterbury",1010,5.9,9.75,NA
"29894","20190508:0000",-44.24519,170.11671,"Pukaki",8851,NA,0,"Canterbury",1010,1.3,6.2,NA
"29895","20190509:0000",-44.24519,170.11671,"Pukaki",8851,NA,0,"Canterbury",1010,2.8,6.2,NA
"29896","20190510:0000",-44.24519,170.11671,"Pukaki",8851,NA,0,"Canterbury",1010,2.6,10.05,NA
"29897","20190511:0000",-44.24519,170.11671,"Pukaki",8851,NA,0,"Canterbury",1010,4.6,8.4,NA
"29898","20190512:0000",-44.24519,170.11671,"Pukaki",8851,NA,0,"Canterbury",1010,3.9,7.75,NA
"29899","20190513:0000",-44.24519,170.11671,"Pukaki",8851,NA,0,"Canterbury",1010,15.8,7.7,NA
"29900","20190514:0000",-44.24519,170.11671,"Pukaki",8851,NA,0,"Canterbury",1010,7.5,6.4,NA
"29901","20190515:0000",-44.24519,170.11671,"Pukaki",8851,NA,0,"Canterbury",1010,23.5,9.25,NA
"29902","20190516:0000",-44.24519,170.11671,"Pukaki",8851,NA,0,"Canterbury",1010,17.1,11.4,NA
"29903","20190517:0000",-44.24519,170.11671,"Pukaki",8851,NA,0,"Canterbury",1010,8.9,4.55,NA
"29904","20190518:0000",-44.24519,170.11671,"Pukaki",8851,NA,0,"Canterbury",1010,7.3,7.3,NA
"29905","20190519:0000",-44.24519,170.11671,"Pukaki",8851,NA,0,"Canterbury",1010,9.7,8.1,NA
"29906","20190520:0000",-44.24519,170.11671,"Pukaki",8851,NA,0,"Canterbury",1010,6.2,7.05,NA
"29907","20190521:0000",-44.24519,170.11671,"Pukaki",8851,NA,0,"Canterbury",1010,7.3,4.75,NA
"29908","20190522:0000",-44.24519,170.11671,"Pukaki",8851,NA,0,"Canterbury",1010,6.7,3,NA
"29909","20190523:0000",-44.24519,170.11671,"Pukaki",8851,NA,0,"Canterbury",1010,5.9,5.45,NA
"29910","20190524:0000",-44.24519,170.11671,"Pukaki",8851,NA,0,"Canterbury",1010,4.8,2.75,NA
"29911","20190525:0000",-44.24519,170.11671,"Pukaki",8851,NA,0,"Canterbury",1010,6.2,4.2,NA
"29912","20190526:0000",-44.24519,170.11671,"Pukaki",8851,NA,0,"Canterbury",1010,13.7,9.35,NA
"29913","20190527:0000",-44.24519,170.11671,"Pukaki",8851,NA,0,"Canterbury",1010,8.6,11.35,NA
"29914","20190528:0000",-44.24519,170.11671,"Pukaki",8851,NA,0,"Canterbury",1010,5,7.05,NA
"29915","20190529:0000",-44.24519,170.11671,"Pukaki",8851,NA,0,"Canterbury",1010,13.3,6.55,NA
"29916","20190530:0000",-44.24519,170.11671,"Pukaki",8851,NA,0,"Canterbury",1010,5.9,7.1,NA
"29917","20190531:0000",-44.24519,170.11671,"Pukaki",8851,NA,0,"Canterbury",1010,7.4,4.2,NA
"29918","20190601:0000",-44.24519,170.11671,"Pukaki",8851,NA,0,"Canterbury",1010,12.6,3.85,NA
"29919","20190602:0000",-44.24519,170.11671,"Pukaki",8851,NA,0,"Canterbury",1010,2.5,3.15,NA
"29920","20190603:0000",-44.24519,170.11671,"Pukaki",8851,NA,0,"Canterbury",1010,7.1,0.65,NA
"29921","20190604:0000",-44.24519,170.11671,"Pukaki",8851,NA,0,"Canterbury",1010,9.1,3.15,NA
"29922","20190605:0000",-44.24519,170.11671,"Pukaki",8851,NA,0,"Canterbury",1010,7.3,0.2,NA
"29923","20190606:0000",-44.24519,170.11671,"Pukaki",8851,NA,0,"Canterbury",1010,5.6,2.4,NA
"29924","20190607:0000",-44.24519,170.11671,"Pukaki",8851,NA,0,"Canterbury",1010,5.7,2.95,NA
"29925","20190608:0000",-44.24519,170.11671,"Pukaki",8851,NA,0,"Canterbury",1010,25,5.15,NA
"29926","20190609:0000",-44.24519,170.11671,"Pukaki",8851,NA,0,"Canterbury",1010,8,5.15,NA
"29927","20190610:0000",-44.24519,170.11671,"Pukaki",8851,NA,0,"Canterbury",1010,6.3,5.2,NA
"29928","20190611:0000",-44.24519,170.11671,"Pukaki",8851,NA,0,"Canterbury",1010,5.6,2.85,NA
"29929","20190612:0000",-44.24519,170.11671,"Pukaki",8851,NA,0,"Canterbury",1010,2.3,3.9,NA
"29930","20190613:0000",-44.24519,170.11671,"Pukaki",8851,NA,0,"Canterbury",1010,3.3,6.1,NA
"29931","20190614:0000",-44.24519,170.11671,"Pukaki",8851,NA,0,"Canterbury",1010,5.1,5.2,NA
"29932","20190615:0000",-44.24519,170.11671,"Pukaki",8851,NA,0,"Canterbury",1010,3.7,7.4,NA
"29933","20190616:0000",-44.24519,170.11671,"Pukaki",8851,NA,0,"Canterbury",1010,3.8,5.6,NA
"29934","20190617:0000",-44.24519,170.11671,"Pukaki",8851,NA,0,"Canterbury",1010,14.1,4.2,NA
"29935","20190618:0000",-44.24519,170.11671,"Pukaki",8851,NA,0,"Canterbury",1010,7.6,2.15,NA
"29936","20190619:0000",-44.24519,170.11671,"Pukaki",8851,NA,0,"Canterbury",1010,5.8,-0.15,NA
"29937","20190620:0000",-44.24519,170.11671,"Pukaki",8851,NA,0,"Canterbury",1010,5.9,-2.6,NA
"29938","20190621:0000",-44.24519,170.11671,"Pukaki",8851,NA,0,"Canterbury",1010,6,4.85,NA
"29939","20190622:0000",-44.24519,170.11671,"Pukaki",8851,NA,0,"Canterbury",1010,5.4,3.45,NA
"29940","20190623:0000",-44.24519,170.11671,"Pukaki",8851,NA,0,"Canterbury",1010,3.2,4,NA
"29941","20190624:0000",-44.24519,170.11671,"Pukaki",8851,NA,0,"Canterbury",1010,4.7,-1.75,NA
"29942","20190625:0000",-44.24519,170.11671,"Pukaki",8851,NA,0,"Canterbury",1010,2.6,-0.65,NA
"29943","20190626:0000",-44.24519,170.11671,"Pukaki",8851,NA,0,"Canterbury",1010,2.7,-3.15,NA
"29944","20190627:0000",-44.24519,170.11671,"Pukaki",8851,NA,0,"Canterbury",1010,1.8,-2.9,NA
"29945","20190628:0000",-44.24519,170.11671,"Pukaki",8851,NA,0,"Canterbury",1010,4.5,-0.9,NA
"29946","20190629:0000",-44.24519,170.11671,"Pukaki",8851,NA,0,"Canterbury",1010,5.8,-0.55,NA
"29947","20190630:0000",-44.24519,170.11671,"Pukaki",8851,NA,0,"Canterbury",1010,8.4,1.1,NA
"29948","20190701:0000",-44.24519,170.11671,"Pukaki",8851,NA,0,"Canterbury",1010,5.6,3,NA
"29949","20190702:0000",-44.24519,170.11671,"Pukaki",8851,NA,0,"Canterbury",1010,6.2,2.9,NA
"29950","20190703:0000",-44.24519,170.11671,"Pukaki",8851,NA,0,"Canterbury",1010,7.8,7.3,NA
"29951","20190704:0000",-44.24519,170.11671,"Pukaki",8851,NA,0,"Canterbury",1010,9.1,5.35,NA
"29952","20190705:0000",-44.24519,170.11671,"Pukaki",8851,NA,0,"Canterbury",1010,5.9,1.25,NA
"29953","20190706:0000",-44.24519,170.11671,"Pukaki",8851,NA,0,"Canterbury",1010,5.1,2.85,NA
"29954","20190707:0000",-44.24519,170.11671,"Pukaki",8851,NA,0,"Canterbury",1010,3.8,3,NA
"29955","20190708:0000",-44.24519,170.11671,"Pukaki",8851,NA,0,"Canterbury",1010,15.9,3.1,NA
"29956","20190709:0000",-44.24519,170.11671,"Pukaki",8851,NA,0,"Canterbury",1010,5,4,NA
"29957","20190710:0000",-44.24519,170.11671,"Pukaki",8851,NA,0,"Canterbury",1010,5.3,4.15,NA
"29958","20190711:0000",-44.24519,170.11671,"Pukaki",8851,NA,0,"Canterbury",1010,6,5.15,NA
"29959","20190712:0000",-44.24519,170.11671,"Pukaki",8851,NA,0,"Canterbury",1010,5.6,1.4,NA
"29960","20190713:0000",-44.24519,170.11671,"Pukaki",8851,NA,0,"Canterbury",1010,6,4.9,NA
"29961","20190714:0000",-44.24519,170.11671,"Pukaki",8851,NA,0,"Canterbury",1010,6.9,5.1,NA
"29962","20190715:0000",-44.24519,170.11671,"Pukaki",8851,NA,0,"Canterbury",1010,3.7,0.35,NA
"29963","20190716:0000",-44.24519,170.11671,"Pukaki",8851,NA,0,"Canterbury",1010,3.1,1.45,NA
"29964","20190717:0000",-44.24519,170.11671,"Pukaki",8851,NA,0,"Canterbury",1010,7.1,3.95,NA
"29965","20190718:0000",-44.24519,170.11671,"Pukaki",8851,NA,0,"Canterbury",1010,6.9,2.35,NA
"29966","20190719:0000",-44.24519,170.11671,"Pukaki",8851,NA,0,"Canterbury",1010,4.4,2.9,NA
"29967","20190720:0000",-44.24519,170.11671,"Pukaki",8851,NA,0,"Canterbury",1010,4.1,4.8,NA
"29968","20190721:0000",-44.24519,170.11671,"Pukaki",8851,NA,0,"Canterbury",1010,13.6,7.9,NA
"29969","20190722:0000",-44.24519,170.11671,"Pukaki",8851,NA,0,"Canterbury",1010,6.8,5.7,NA
"29970","20190723:0000",-44.24519,170.11671,"Pukaki",8851,NA,0,"Canterbury",1010,5,3.4,NA
"29971","20190724:0000",-44.24519,170.11671,"Pukaki",8851,NA,0,"Canterbury",1010,5.3,6.2,NA
"29972","20190725:0000",-44.24519,170.11671,"Pukaki",8851,NA,0,"Canterbury",1010,3.9,3.7,NA
"29973","20190726:0000",-44.24519,170.11671,"Pukaki",8851,NA,0,"Canterbury",1010,1.7,2.3,NA
"29974","20190727:0000",-44.24519,170.11671,"Pukaki",8851,NA,0,"Canterbury",1010,5.6,2.1,NA
"29975","20190728:0000",-44.24519,170.11671,"Pukaki",8851,NA,0,"Canterbury",1010,4.9,2,NA
"29976","20190729:0000",-44.24519,170.11671,"Pukaki",8851,NA,0,"Canterbury",1010,4.9,3.4,NA
"29977","20190730:0000",-44.24519,170.11671,"Pukaki",8851,NA,0,"Canterbury",1010,3.1,2.8,NA
"29978","20190731:0000",-44.24519,170.11671,"Pukaki",8851,NA,0,"Canterbury",1010,23.3,4.45,NA
"29979","20190801:0000",-44.24519,170.11671,"Pukaki",8851,NA,0,"Canterbury",1010,11.6,4.45,NA
"29980","20190802:0000",-44.24519,170.11671,"Pukaki",8851,NA,0,"Canterbury",1010,9.2,3.25,NA
"29981","20190803:0000",-44.24519,170.11671,"Pukaki",8851,NA,0,"Canterbury",1010,5.7,7.05,NA
"29982","20190804:0000",-44.24519,170.11671,"Pukaki",8851,NA,0,"Canterbury",1010,19.6,4.35,NA
"29983","20190805:0000",-44.24519,170.11671,"Pukaki",8851,NA,0,"Canterbury",1010,8.1,1.65,NA
"29984","20190806:0000",-44.24519,170.11671,"Pukaki",8851,NA,0,"Canterbury",1010,6.3,4.05,NA
"29985","20190807:0000",-44.24519,170.11671,"Pukaki",8851,NA,0,"Canterbury",1010,4.3,6.05,NA
"29986","20190808:0000",-44.24519,170.11671,"Pukaki",8851,NA,0,"Canterbury",1010,4.8,5.3,NA
"29987","20190809:0000",-44.24519,170.11671,"Pukaki",8851,NA,0,"Canterbury",1010,9.7,6.45,NA
"29988","20190810:0000",-44.24519,170.11671,"Pukaki",8851,NA,0,"Canterbury",1010,3.6,2.95,NA
"29989","20190811:0000",-44.24519,170.11671,"Pukaki",8851,NA,0,"Canterbury",1010,2.9,3.25,NA
"29990","20190812:0000",-44.24519,170.11671,"Pukaki",8851,NA,0,"Canterbury",1010,4.9,4.5,NA
"29991","20190813:0000",-44.24519,170.11671,"Pukaki",8851,NA,0,"Canterbury",1010,6.3,4.5,NA
"29992","20190814:0000",-44.24519,170.11671,"Pukaki",8851,NA,0,"Canterbury",1010,14.5,3.95,NA
"29993","20190815:0000",-44.24519,170.11671,"Pukaki",8851,NA,0,"Canterbury",1010,5.6,2.5,NA
"29994","20190816:0000",-44.24519,170.11671,"Pukaki",8851,NA,0,"Canterbury",1010,5.6,7.15,NA
"29995","20190817:0000",-44.24519,170.11671,"Pukaki",8851,NA,0,"Canterbury",1010,10,4,NA
"29996","20190818:0000",-44.24519,170.11671,"Pukaki",8851,NA,0,"Canterbury",1010,3.8,0.8,NA
"29997","20190819:0000",-44.24519,170.11671,"Pukaki",8851,NA,0,"Canterbury",1010,3.3,1.5,NA
"29998","20190820:0000",-44.24519,170.11671,"Pukaki",8851,NA,0,"Canterbury",1010,9.1,6.05,NA
"29999","20190821:0000",-44.24519,170.11671,"Pukaki",8851,NA,0,"Canterbury",1010,4.3,3.45,NA
"30000","20190822:0000",-44.24519,170.11671,"Pukaki",8851,NA,0,"Canterbury",1010,6.2,4.8,NA
"30001","20190823:0000",-44.24519,170.11671,"Pukaki",8851,NA,0,"Canterbury",1010,6.9,6.85,NA
"30002","20190824:0000",-44.24519,170.11671,"Pukaki",8851,NA,0,"Canterbury",1010,4.9,5.75,NA
"30003","20190825:0000",-44.24519,170.11671,"Pukaki",8851,NA,0,"Canterbury",1010,5.7,9.1,NA
"30004","20190826:0000",-44.24519,170.11671,"Pukaki",8851,NA,0,"Canterbury",1010,5.7,7.8,NA
"30005","20190827:0000",-44.24519,170.11671,"Pukaki",8851,NA,0,"Canterbury",1010,5.4,5.1,NA
"30006","20190828:0000",-44.24519,170.11671,"Pukaki",8851,NA,0,"Canterbury",1010,3.9,7.55,NA
"30007","20190829:0000",-44.24519,170.11671,"Pukaki",8851,NA,0,"Canterbury",1010,15,8.7,NA
"30008","20190830:0000",-44.24519,170.11671,"Pukaki",8851,NA,0,"Canterbury",1010,4.2,5.6,NA
"30009","20190831:0000",-44.24519,170.11671,"Pukaki",8851,NA,0,"Canterbury",1010,7.4,8.05,NA
"30010","20190901:0000",-44.24519,170.11671,"Pukaki",8851,NA,0,"Canterbury",1010,3.6,8.7,NA
"30011","20190902:0000",-44.24519,170.11671,"Pukaki",8851,NA,0,"Canterbury",1010,3.7,7.1,NA
"30012","20190903:0000",-44.24519,170.11671,"Pukaki",8851,NA,0,"Canterbury",1010,3.8,5.4,NA
"30013","20190904:0000",-44.24519,170.11671,"Pukaki",8851,NA,0,"Canterbury",1010,5.3,4.05,NA
"30014","20190905:0000",-44.24519,170.11671,"Pukaki",8851,NA,0,"Canterbury",1010,2.1,6.15,NA
"30015","20190906:0000",-44.24519,170.11671,"Pukaki",8851,NA,0,"Canterbury",1010,14.3,7.55,NA
"30016","20190907:0000",-44.24519,170.11671,"Pukaki",8851,NA,0,"Canterbury",1010,4,2.9,NA
"30017","20190908:0000",-44.24519,170.11671,"Pukaki",8851,NA,0,"Canterbury",1010,2.3,0.55,NA
"30018","20190909:0000",-44.24519,170.11671,"Pukaki",8851,NA,0,"Canterbury",1010,8.6,3.6,NA
"30019","20190910:0000",-44.24519,170.11671,"Pukaki",8851,NA,0,"Canterbury",1010,5,3.5,NA
"30020","20190911:0000",-44.24519,170.11671,"Pukaki",8851,NA,0,"Canterbury",1010,9.4,4.35,NA
"30021","20190912:0000",-44.24519,170.11671,"Pukaki",8851,NA,0,"Canterbury",1010,10.6,7.35,NA
"30022","20190913:0000",-44.24519,170.11671,"Pukaki",8851,NA,0,"Canterbury",1010,15,10.3,NA
"30023","20190914:0000",-44.24519,170.11671,"Pukaki",8851,NA,0,"Canterbury",1010,6.3,6.45,NA
"30024","20190915:0000",-44.24519,170.11671,"Pukaki",8851,NA,0,"Canterbury",1010,4.2,5.6,NA
"30025","20190916:0000",-44.24519,170.11671,"Pukaki",8851,NA,0,"Canterbury",1010,14.6,8.85,NA
"30026","20190917:0000",-44.24519,170.11671,"Pukaki",8851,NA,0,"Canterbury",1010,19.2,9.2,NA
"30027","20190918:0000",-44.24519,170.11671,"Pukaki",8851,NA,0,"Canterbury",1010,3.7,4.95,NA
"30028","20190919:0000",-44.24519,170.11671,"Pukaki",8851,NA,0,"Canterbury",1010,3.5,6.4,NA
"30029","20190920:0000",-44.24519,170.11671,"Pukaki",8851,NA,0,"Canterbury",1010,3.8,6.95,NA
"30030","20190921:0000",-44.24519,170.11671,"Pukaki",8851,NA,0,"Canterbury",1010,3.2,8.1,NA
"30031","20190922:0000",-44.24519,170.11671,"Pukaki",8851,NA,0,"Canterbury",1010,4.5,10.25,NA
"30032","20190923:0000",-44.24519,170.11671,"Pukaki",8851,NA,0,"Canterbury",1010,42.9,12.55,NA
"30033","20190924:0000",-44.24519,170.11671,"Pukaki",8851,NA,0,"Canterbury",1010,4.7,7.95,NA
"30034","20190925:0000",-44.24519,170.11671,"Pukaki",8851,NA,0,"Canterbury",1010,9.6,5.75,NA
"30035","20190926:0000",-44.24519,170.11671,"Pukaki",8851,NA,0,"Canterbury",1010,8.9,5.55,NA
"30036","20190927:0000",-44.24519,170.11671,"Pukaki",8851,NA,0,"Canterbury",1010,8.9,10.4,NA
"30037","20190928:0000",-44.24519,170.11671,"Pukaki",8851,NA,0,"Canterbury",1010,24.2,12.85,NA
"30038","20190929:0000",-44.24519,170.11671,"Pukaki",8851,NA,0,"Canterbury",1010,6.7,13.85,NA
"30039","20190930:0000",-44.24519,170.11671,"Pukaki",8851,NA,0,"Canterbury",1010,4.4,11.9,NA
"30040","20191001:0000",-44.24519,170.11671,"Pukaki",8851,NA,0,"Canterbury",1010,6.1,5.75,NA
"30041","20191002:0000",-44.24519,170.11671,"Pukaki",8851,NA,0,"Canterbury",1010,21.7,6.65,NA
"30042","20191003:0000",-44.24519,170.11671,"Pukaki",8851,NA,0,"Canterbury",1010,5.8,5.35,NA
"30043","20191004:0000",-44.24519,170.11671,"Pukaki",8851,NA,0,"Canterbury",1010,4.7,8.5,NA
"30044","20191005:0000",-44.24519,170.11671,"Pukaki",8851,NA,0,"Canterbury",1010,18.1,8.25,NA
"30045","20191006:0000",-44.24519,170.11671,"Pukaki",8851,NA,0,"Canterbury",1010,4.4,6.05,NA
"30046","20191007:0000",-44.24519,170.11671,"Pukaki",8851,NA,0,"Canterbury",1010,3.8,8.7,NA
"30047","20191008:0000",-44.24519,170.11671,"Pukaki",8851,NA,0,"Canterbury",1010,2.9,13.7,NA
"30048","20191009:0000",-44.24519,170.11671,"Pukaki",8851,NA,0,"Canterbury",1010,2.8,12.4,NA
"30049","20191010:0000",-44.24519,170.11671,"Pukaki",8851,NA,0,"Canterbury",1010,4.6,11.8,NA
"30050","20191011:0000",-44.24519,170.11671,"Pukaki",8851,NA,0,"Canterbury",1010,5.9,10.45,NA
"30051","20191012:0000",-44.24519,170.11671,"Pukaki",8851,NA,0,"Canterbury",1010,4.2,9.2,NA
"30052","20191013:0000",-44.24519,170.11671,"Pukaki",8851,NA,0,"Canterbury",1010,1.9,9.2,NA
"30053","20191014:0000",-44.24519,170.11671,"Pukaki",8851,NA,0,"Canterbury",1010,4.3,8.05,NA
"30054","20191015:0000",-44.24519,170.11671,"Pukaki",8851,NA,0,"Canterbury",1010,10.8,10.1,NA
"30055","20191016:0000",-44.24519,170.11671,"Pukaki",8851,NA,0,"Canterbury",1010,5.5,8.65,NA
"30056","20191017:0000",-44.24519,170.11671,"Pukaki",8851,NA,0,"Canterbury",1010,3.7,9.95,NA
"30057","20191018:0000",-44.24519,170.11671,"Pukaki",8851,NA,0,"Canterbury",1010,9.1,6.05,NA
"30058","20191019:0000",-44.24519,170.11671,"Pukaki",8851,NA,0,"Canterbury",1010,3.6,11.2,NA
"30059","20191020:0000",-44.24519,170.11671,"Pukaki",8851,NA,0,"Canterbury",1010,3.5,10.45,NA
"30060","20191021:0000",-44.24519,170.11671,"Pukaki",8851,NA,0,"Canterbury",1010,22.1,8.95,NA
"30061","20191022:0000",-44.24519,170.11671,"Pukaki",8851,NA,0,"Canterbury",1010,4.7,5.5,NA
"30062","20191023:0000",-44.24519,170.11671,"Pukaki",8851,NA,0,"Canterbury",1010,8.7,5.75,NA
"30063","20191024:0000",-44.24519,170.11671,"Pukaki",8851,NA,0,"Canterbury",1010,17.5,8.45,NA
"30064","20191025:0000",-44.24519,170.11671,"Pukaki",8851,NA,0,"Canterbury",1010,6.5,8.05,NA
"30065","20191026:0000",-44.24519,170.11671,"Pukaki",8851,NA,0,"Canterbury",1010,4.1,13.65,NA
"30066","20191027:0000",-44.24519,170.11671,"Pukaki",8851,NA,0,"Canterbury",1010,30.8,16.35,NA
"30067","20191028:0000",-44.24519,170.11671,"Pukaki",8851,NA,0,"Canterbury",1010,6.4,9.3,NA
"30068","20191029:0000",-44.24519,170.11671,"Pukaki",8851,NA,0,"Canterbury",1010,6,9.1,NA
"30069","20191030:0000",-44.24519,170.11671,"Pukaki",8851,NA,0,"Canterbury",1010,4.2,10.7,NA
"30070","20191031:0000",-44.24519,170.11671,"Pukaki",8851,NA,0,"Canterbury",1010,7.1,7.35,NA
"30071","20191101:0000",-44.24519,170.11671,"Pukaki",8851,NA,0,"Canterbury",1010,9.8,9.65,NA
"30072","20191102:0000",-44.24519,170.11671,"Pukaki",8851,NA,0,"Canterbury",1010,4.4,16.55,NA
"30073","20191103:0000",-44.24519,170.11671,"Pukaki",8851,NA,0,"Canterbury",1010,15.6,18.55,NA
"30074","20191104:0000",-44.24519,170.11671,"Pukaki",8851,NA,0,"Canterbury",1010,2.9,16.7,NA
"30075","20191105:0000",-44.24519,170.11671,"Pukaki",8851,NA,0,"Canterbury",1010,6.6,14.65,NA
"30076","20191106:0000",-44.24519,170.11671,"Pukaki",8851,NA,0,"Canterbury",1010,7.3,12.95,NA
"30077","20191107:0000",-44.24519,170.11671,"Pukaki",8851,NA,0,"Canterbury",1010,3.3,15.85,NA
"30078","20191108:0000",-44.24519,170.11671,"Pukaki",8851,NA,0,"Canterbury",1010,16.5,16.9,NA
"30079","20191109:0000",-44.24519,170.11671,"Pukaki",8851,NA,0,"Canterbury",1010,28.8,17.9,NA
"30080","20191110:0000",-44.24519,170.11671,"Pukaki",8851,NA,0,"Canterbury",1010,12.5,12.75,NA
"30081","20191111:0000",-44.24519,170.11671,"Pukaki",8851,NA,0,"Canterbury",1010,7.7,10,NA
"30082","20191112:0000",-44.24519,170.11671,"Pukaki",8851,NA,0,"Canterbury",1010,3.2,10.75,NA
"30083","20191113:0000",-44.24519,170.11671,"Pukaki",8851,NA,0,"Canterbury",1010,9.7,13.5,NA
"30084","20191114:0000",-44.24519,170.11671,"Pukaki",8851,NA,0,"Canterbury",1010,3.7,11.2,NA
"30085","20191115:0000",-44.24519,170.11671,"Pukaki",8851,NA,0,"Canterbury",1010,4,10.6,NA
"30086","20191116:0000",-44.24519,170.11671,"Pukaki",8851,NA,0,"Canterbury",1010,31.9,12.6,NA
"30087","20191117:0000",-44.24519,170.11671,"Pukaki",8851,NA,0,"Canterbury",1010,11.1,11,NA
"30088","20191118:0000",-44.24519,170.11671,"Pukaki",8851,NA,0,"Canterbury",1010,3.7,9.1,NA
"30089","20191119:0000",-44.24519,170.11671,"Pukaki",8851,NA,0,"Canterbury",1010,39.5,11.5,NA
"30090","20191120:0000",-44.24519,170.11671,"Pukaki",8851,NA,0,"Canterbury",1010,15.7,10.95,NA
"30091","20191121:0000",-44.24519,170.11671,"Pukaki",8851,NA,0,"Canterbury",1010,3.9,9.9,NA
"30092","20191122:0000",-44.24519,170.11671,"Pukaki",8851,NA,0,"Canterbury",1010,6.9,15.7,NA
"30093","20191123:0000",-44.24519,170.11671,"Pukaki",8851,NA,0,"Canterbury",1010,8.6,19.1,NA
"30094","20191124:0000",-44.24519,170.11671,"Pukaki",8851,NA,0,"Canterbury",1010,14.1,19.55,NA
"30095","20191125:0000",-44.24519,170.11671,"Pukaki",8851,NA,0,"Canterbury",1010,3.2,12.55,NA
"30096","20191126:0000",-44.24519,170.11671,"Pukaki",8851,NA,0,"Canterbury",1010,6.2,16.2,NA
"30097","20191127:0000",-44.24519,170.11671,"Pukaki",8851,NA,0,"Canterbury",1010,24.1,18.55,NA
"30098","20191128:0000",-44.24519,170.11671,"Pukaki",8851,NA,0,"Canterbury",1010,7.5,19.25,NA
"30099","20191129:0000",-44.24519,170.11671,"Pukaki",8851,NA,0,"Canterbury",1010,28.8,15.5,NA
"30100","20191130:0000",-44.24519,170.11671,"Pukaki",8851,NA,0,"Canterbury",1010,3.6,18.05,NA
"30101","20191201:0000",-44.24519,170.11671,"Pukaki",8851,NA,0,"Canterbury",1010,10.4,15.35,NA
"30102","20191202:0000",-44.24519,170.11671,"Pukaki",8851,NA,0,"Canterbury",1010,5.3,14.15,NA
"30103","20191203:0000",-44.24519,170.11671,"Pukaki",8851,NA,0,"Canterbury",1010,11.6,15.45,NA
"30104","20191204:0000",-44.24519,170.11671,"Pukaki",8851,NA,0,"Canterbury",1010,12.9,9.65,NA
"30105","20191205:0000",-44.24519,170.11671,"Pukaki",8851,NA,0,"Canterbury",1010,27,9.4,NA
"30106","20191206:0000",-44.24519,170.11671,"Pukaki",8851,NA,0,"Canterbury",1010,14.1,11.2,NA
"30107","20191207:0000",-44.24519,170.11671,"Pukaki",8851,NA,0,"Canterbury",1010,16.5,13.95,NA
"30108","20191208:0000",-44.24519,170.11671,"Pukaki",8851,NA,0,"Canterbury",1010,8.5,12.6,NA
"30109","20191209:0000",-44.24519,170.11671,"Pukaki",8851,NA,0,"Canterbury",1010,7.8,10.65,NA
"30110","20191210:0000",-44.24519,170.11671,"Pukaki",8851,NA,0,"Canterbury",1010,3.5,13.5,NA
"30111","20191211:0000",-44.24519,170.11671,"Pukaki",8851,NA,0,"Canterbury",1010,4.2,16.85,NA
"30112","20191212:0000",-44.24519,170.11671,"Pukaki",8851,NA,0,"Canterbury",1010,4.9,17.85,NA
"30113","20191213:0000",-44.24519,170.11671,"Pukaki",8851,NA,0,"Canterbury",1010,3.4,17.15,NA
"30114","20191214:0000",-44.24519,170.11671,"Pukaki",8851,NA,0,"Canterbury",1010,5.4,15.3,NA
"30115","20191215:0000",-44.24519,170.11671,"Pukaki",8851,NA,0,"Canterbury",1010,5.1,12.35,NA
"30116","20191216:0000",-44.24519,170.11671,"Pukaki",8851,NA,0,"Canterbury",1010,13.5,10.75,NA
"30117","20191217:0000",-44.24519,170.11671,"Pukaki",8851,NA,0,"Canterbury",1010,3.6,11.55,NA
"30118","20191218:0000",-44.24519,170.11671,"Pukaki",8851,NA,0,"Canterbury",1010,15.4,11.8,NA
"30119","20191219:0000",-44.24519,170.11671,"Pukaki",8851,NA,0,"Canterbury",1010,5.2,11.05,NA
"30120","20191220:0000",-44.24519,170.11671,"Pukaki",8851,NA,0,"Canterbury",1010,13.9,11.1,NA
"30121","20191221:0000",-44.24519,170.11671,"Pukaki",8851,NA,0,"Canterbury",1010,4.7,11.2,NA
"30122","20191222:0000",-44.24519,170.11671,"Pukaki",8851,NA,0,"Canterbury",1010,10.3,16.9,NA
"30123","20191223:0000",-44.24519,170.11671,"Pukaki",8851,NA,0,"Canterbury",1010,3.1,11.35,NA
"30124","20191224:0000",-44.24519,170.11671,"Pukaki",8851,NA,0,"Canterbury",1010,6.7,15.5,NA
"30125","20191225:0000",-44.24519,170.11671,"Pukaki",8851,NA,0,"Canterbury",1010,3.3,13.8,NA
"30126","20191226:0000",-44.24519,170.11671,"Pukaki",8851,NA,0,"Canterbury",1010,2.8,15.9,NA
"30127","20191227:0000",-44.24519,170.11671,"Pukaki",8851,NA,0,"Canterbury",1010,5.9,13.3,NA
"30128","20191228:0000",-44.24519,170.11671,"Pukaki",8851,NA,0,"Canterbury",1010,5.3,11.45,NA
"30129","20191229:0000",-44.24519,170.11671,"Pukaki",8851,NA,0,"Canterbury",1010,4.2,15.65,NA
"30130","20191230:0000",-44.24519,170.11671,"Pukaki",8851,NA,0,"Canterbury",1010,4.9,17.8,NA
"30131","20191231:0000",-44.24519,170.11671,"Pukaki",8851,NA,0,"Canterbury",1010,2.9,18,NA
"30132","20200101:0000",-44.24519,170.11671,"Pukaki",8851,NA,0,"Canterbury",1010,14.5,18.3,NA
"30133","20200102:0000",-44.24519,170.11671,"Pukaki",8851,NA,0,"Canterbury",1010,4.4,20.35,NA
"30134","20200103:0000",-44.24519,170.11671,"Pukaki",8851,NA,0,"Canterbury",1010,5.3,13.9,NA
"30135","20200104:0000",-44.24519,170.11671,"Pukaki",8851,NA,0,"Canterbury",1010,15.7,11.7,NA
"30136","20200105:0000",-44.24519,170.11671,"Pukaki",8851,NA,0,"Canterbury",1010,6.3,16.25,NA
"30137","20200106:0000",-44.24519,170.11671,"Pukaki",8851,NA,0,"Canterbury",1010,20.4,12.9,NA
"30138","20200107:0000",-44.24519,170.11671,"Pukaki",8851,NA,0,"Canterbury",1010,6.9,13,NA
"30139","20200108:0000",-44.24519,170.11671,"Pukaki",8851,NA,0,"Canterbury",1010,2.7,14.9,NA
"30140","20200109:0000",-44.24519,170.11671,"Pukaki",8851,NA,0,"Canterbury",1010,4.2,14.3,NA
"30141","20200110:0000",-44.24519,170.11671,"Pukaki",8851,NA,0,"Canterbury",1010,2.3,12.6,NA
"30142","20200111:0000",-44.24519,170.11671,"Pukaki",8851,NA,0,"Canterbury",1010,5.7,15.1,NA
"30143","20200112:0000",-44.24519,170.11671,"Pukaki",8851,NA,0,"Canterbury",1010,18.2,18.55,NA
"30144","20200113:0000",-44.24519,170.11671,"Pukaki",8851,NA,0,"Canterbury",1010,3,13.1,NA
"30145","20200114:0000",-44.24519,170.11671,"Pukaki",8851,NA,0,"Canterbury",1010,1.9,12.9,NA
"30146","20200115:0000",-44.24519,170.11671,"Pukaki",8851,NA,0,"Canterbury",1010,4.5,14,NA
"30147","20200116:0000",-44.24519,170.11671,"Pukaki",8851,NA,0,"Canterbury",1010,4.7,14.65,NA
"30148","20200117:0000",-44.24519,170.11671,"Pukaki",8851,NA,0,"Canterbury",1010,3.5,16.85,NA
"30149","20200118:0000",-44.24519,170.11671,"Pukaki",8851,NA,0,"Canterbury",1010,3.9,18.05,NA
"30150","20200119:0000",-44.24519,170.11671,"Pukaki",8851,NA,0,"Canterbury",1010,3.7,17.9,NA
"30151","20200120:0000",-44.24519,170.11671,"Pukaki",8851,NA,0,"Canterbury",1010,4.1,19.55,NA
"30152","20200121:0000",-44.24519,170.11671,"Pukaki",8851,NA,0,"Canterbury",1010,8,19.65,NA
"30153","20200122:0000",-44.24519,170.11671,"Pukaki",8851,NA,0,"Canterbury",1010,5.5,21.95,NA
"30154","20200123:0000",-44.24519,170.11671,"Pukaki",8851,NA,0,"Canterbury",1010,5.1,20.6,NA
"30155","20200124:0000",-44.24519,170.11671,"Pukaki",8851,NA,0,"Canterbury",1010,6,20.4,NA
"30156","20200125:0000",-44.24519,170.11671,"Pukaki",8851,NA,0,"Canterbury",1010,6.8,23.15,NA
"30157","20200126:0000",-44.24519,170.11671,"Pukaki",8851,NA,0,"Canterbury",1010,6.5,21.05,NA
"30158","20200127:0000",-44.24519,170.11671,"Pukaki",8851,NA,0,"Canterbury",1010,4.8,22.8,NA
"30159","20200128:0000",-44.24519,170.11671,"Pukaki",8851,NA,0,"Canterbury",1010,6.4,19.55,NA
"30160","20200129:0000",-44.24519,170.11671,"Pukaki",8851,NA,0,"Canterbury",1010,6.3,20.55,NA
"30161","20200130:0000",-44.24519,170.11671,"Pukaki",8851,NA,0,"Canterbury",1010,9.1,15.75,NA
"30162","20200131:0000",-44.24519,170.11671,"Pukaki",8851,NA,0,"Canterbury",1010,30.1,23.2,NA
"30163","20200201:0000",-44.24519,170.11671,"Pukaki",8851,NA,0,"Canterbury",1010,4.6,18.3,NA
"30164","20200202:0000",-44.24519,170.11671,"Pukaki",8851,NA,0,"Canterbury",1010,35.1,22.05,NA
"30165","20200203:0000",-44.24519,170.11671,"Pukaki",8851,NA,0,"Canterbury",1010,26.9,27.6,NA
"30166","20200204:0000",-44.24519,170.11671,"Pukaki",8851,NA,0,"Canterbury",1010,10.3,16.55,NA
"30167","20200205:0000",-44.24519,170.11671,"Pukaki",8851,NA,0,"Canterbury",1010,7.9,13.4,NA
"30168","20200206:0000",-44.24519,170.11671,"Pukaki",8851,NA,0,"Canterbury",1010,10.5,16.8,NA
"30169","20200207:0000",-44.24519,170.11671,"Pukaki",8851,NA,0,"Canterbury",1010,2.2,18,NA
"30170","20200208:0000",-44.24519,170.11671,"Pukaki",8851,NA,0,"Canterbury",1010,6,13.25,NA
"30171","20200209:0000",-44.24519,170.11671,"Pukaki",8851,NA,0,"Canterbury",1010,3.2,13.85,NA
"30172","20200210:0000",-44.24519,170.11671,"Pukaki",8851,NA,0,"Canterbury",1010,6.3,17.8,NA
"30173","20200211:0000",-44.24519,170.11671,"Pukaki",8851,NA,0,"Canterbury",1010,4.4,17.9,NA
"30174","20200212:0000",-44.24519,170.11671,"Pukaki",8851,NA,0,"Canterbury",1010,3.2,19.95,NA
"30175","20200213:0000",-44.24519,170.11671,"Pukaki",8851,NA,0,"Canterbury",1010,9.9,21.75,NA
"30176","20200214:0000",-44.24519,170.11671,"Pukaki",8851,NA,0,"Canterbury",1010,7.3,16.8,NA
"30177","20200215:0000",-44.24519,170.11671,"Pukaki",8851,NA,0,"Canterbury",1010,2.2,16.4,NA
"30178","20200216:0000",-44.24519,170.11671,"Pukaki",8851,NA,0,"Canterbury",1010,5.2,18.15,NA
"30179","20200217:0000",-44.24519,170.11671,"Pukaki",8851,NA,0,"Canterbury",1010,12.8,24.05,NA
"30180","20200218:0000",-44.24519,170.11671,"Pukaki",8851,NA,0,"Canterbury",1010,5.8,21.4,NA
"30181","20200219:0000",-44.24519,170.11671,"Pukaki",8851,NA,0,"Canterbury",1010,6.2,19.25,NA
"30182","20200220:0000",-44.24519,170.11671,"Pukaki",8851,NA,0,"Canterbury",1010,5.2,15.35,NA
"30183","20200221:0000",-44.24519,170.11671,"Pukaki",8851,NA,0,"Canterbury",1010,7.6,20.85,NA
"30184","20200222:0000",-44.24519,170.11671,"Pukaki",8851,NA,0,"Canterbury",1010,4.8,12.1,NA
"30185","20200223:0000",-44.24519,170.11671,"Pukaki",8851,NA,0,"Canterbury",1010,4.4,13.15,NA
"30186","20200224:0000",-44.24519,170.11671,"Pukaki",8851,NA,0,"Canterbury",1010,5.2,15.6,NA
"30187","20200225:0000",-44.24519,170.11671,"Pukaki",8851,NA,0,"Canterbury",1010,7.1,16,NA
"30188","20200226:0000",-44.24519,170.11671,"Pukaki",8851,NA,0,"Canterbury",1010,3.7,18.7,NA
"30189","20200227:0000",-44.24519,170.11671,"Pukaki",8851,NA,0,"Canterbury",1010,5.6,19.65,NA
"30190","20200228:0000",-44.24519,170.11671,"Pukaki",8851,NA,0,"Canterbury",1010,4.3,17.6,NA
"30191","20200229:0000",-44.24519,170.11671,"Pukaki",8851,NA,0,"Canterbury",1010,10,15.35,NA
"30192","20200301:0000",-44.24519,170.11671,"Pukaki",8851,NA,0,"Canterbury",1010,3.1,14.5,NA
"30193","20200302:0000",-44.24519,170.11671,"Pukaki",8851,NA,0,"Canterbury",1010,2.7,19.4,NA
"30194","20200303:0000",-44.24519,170.11671,"Pukaki",8851,NA,0,"Canterbury",1010,13.7,18,NA
"30195","20200304:0000",-44.24519,170.11671,"Pukaki",8851,NA,0,"Canterbury",1010,13.2,11.85,NA
"30196","20200305:0000",-44.24519,170.11671,"Pukaki",8851,NA,0,"Canterbury",1010,3.5,11.65,NA
"30197","20200306:0000",-44.24519,170.11671,"Pukaki",8851,NA,0,"Canterbury",1010,3.8,12.7,NA
"30198","20200307:0000",-44.24519,170.11671,"Pukaki",8851,NA,0,"Canterbury",1010,2.2,14.3,NA
"30199","20200308:0000",-44.24519,170.11671,"Pukaki",8851,NA,0,"Canterbury",1010,7.6,13.45,NA
"30200","20200309:0000",-44.24519,170.11671,"Pukaki",8851,NA,0,"Canterbury",1010,5,16.5,NA
"30201","20200310:0000",-44.24519,170.11671,"Pukaki",8851,NA,0,"Canterbury",1010,6.5,14.1,NA
"30202","20200311:0000",-44.24519,170.11671,"Pukaki",8851,NA,0,"Canterbury",1010,9.8,14.75,NA
"30203","20200312:0000",-44.24519,170.11671,"Pukaki",8851,NA,0,"Canterbury",1010,3.8,12.05,NA
"30204","20200313:0000",-44.24519,170.11671,"Pukaki",8851,NA,0,"Canterbury",1010,3.7,12.65,NA
"30205","20200314:0000",-44.24519,170.11671,"Pukaki",8851,NA,0,"Canterbury",1010,3.1,14.3,NA
"30206","20200315:0000",-44.24519,170.11671,"Pukaki",8851,NA,0,"Canterbury",1010,3.1,12.2,NA
"30207","20200316:0000",-44.24519,170.11671,"Pukaki",8851,NA,0,"Canterbury",1010,10.8,13.7,NA
"30208","20200317:0000",-44.24519,170.11671,"Pukaki",8851,NA,0,"Canterbury",1010,11.5,10.9,NA
"30209","20200318:0000",-44.24519,170.11671,"Pukaki",8851,NA,0,"Canterbury",1010,7,9.95,NA
"30210","20200319:0000",-44.24519,170.11671,"Pukaki",8851,NA,0,"Canterbury",1010,5.6,13.7,NA
"30211","20200320:0000",-44.24519,170.11671,"Pukaki",8851,NA,0,"Canterbury",1010,8.7,14.2,NA
"30212","20200321:0000",-44.24519,170.11671,"Pukaki",8851,NA,0,"Canterbury",1010,11.4,9.35,NA
"30213","20200322:0000",-44.24519,170.11671,"Pukaki",8851,NA,0,"Canterbury",1010,6,13.65,NA
"30214","20200323:0000",-44.24519,170.11671,"Pukaki",8851,NA,0,"Canterbury",1010,5.5,13.6,NA
"30215","20200324:0000",-44.24519,170.11671,"Pukaki",8851,NA,0,"Canterbury",1010,9.4,5.55,NA
"30216","20200325:0000",-44.24519,170.11671,"Pukaki",8851,NA,0,"Canterbury",1010,6.7,9.2,NA
"30217","20200326:0000",-44.24519,170.11671,"Pukaki",8851,NA,0,"Canterbury",1010,4.9,12.05,NA
"30218","20200327:0000",-44.24519,170.11671,"Pukaki",8851,NA,0,"Canterbury",1010,9.3,10.8,NA
"30219","20200328:0000",-44.24519,170.11671,"Pukaki",8851,NA,0,"Canterbury",1010,3.5,10,NA
"30220","20200329:0000",-44.24519,170.11671,"Pukaki",8851,NA,0,"Canterbury",1010,1.8,8.9,NA
"30221","20200330:0000",-44.24519,170.11671,"Pukaki",8851,NA,0,"Canterbury",1010,4.7,11.45,NA
"30222","20200331:0000",-44.24519,170.11671,"Pukaki",8851,NA,0,"Canterbury",1010,3,13.35,NA
"30223","20200401:0000",-44.24519,170.11671,"Pukaki",8851,NA,0,"Canterbury",1010,7.8,11.75,NA
"30224","20200402:0000",-44.24519,170.11671,"Pukaki",8851,NA,0,"Canterbury",1010,4.8,11.1,NA
"30225","20200403:0000",-44.24519,170.11671,"Pukaki",8851,NA,0,"Canterbury",1010,6.3,11.4,NA
"30226","20200404:0000",-44.24519,170.11671,"Pukaki",8851,NA,0,"Canterbury",1010,3.3,9.35,NA
"30227","20200405:0000",-44.24519,170.11671,"Pukaki",8851,NA,0,"Canterbury",1010,4.1,11.8,NA
"30228","20200406:0000",-44.24519,170.11671,"Pukaki",8851,NA,0,"Canterbury",1010,3.8,14.65,NA
"30229","20200407:0000",-44.24519,170.11671,"Pukaki",8851,NA,0,"Canterbury",1010,6.7,14.25,NA
"30230","20200408:0000",-44.24519,170.11671,"Pukaki",8851,NA,0,"Canterbury",1010,1.8,10.5,NA
"30231","20200409:0000",-44.24519,170.11671,"Pukaki",8851,NA,0,"Canterbury",1010,8.6,9.25,NA
"30232","20200410:0000",-44.24519,170.11671,"Pukaki",8851,NA,0,"Canterbury",1010,4.1,10.9,NA
"30233","20200411:0000",-44.24519,170.11671,"Pukaki",8851,NA,0,"Canterbury",1010,5.4,10.85,NA
"30234","20200412:0000",-44.24519,170.11671,"Pukaki",8851,NA,0,"Canterbury",1010,5.8,12.55,NA
"30235","20200413:0000",-44.24519,170.11671,"Pukaki",8851,NA,0,"Canterbury",1010,12.4,9.95,NA
"30236","20200414:0000",-44.24519,170.11671,"Pukaki",8851,NA,0,"Canterbury",1010,7.6,4.8,NA
"30237","20200415:0000",-44.24519,170.11671,"Pukaki",8851,NA,0,"Canterbury",1010,11.5,3.95,NA
"30238","20200416:0000",-44.24519,170.11671,"Pukaki",8851,NA,0,"Canterbury",1010,5.6,9.5,NA
"30239","20200417:0000",-44.24519,170.11671,"Pukaki",8851,NA,0,"Canterbury",1010,2.6,11,NA
"30240","20200418:0000",-44.24519,170.11671,"Pukaki",8851,NA,0,"Canterbury",1010,3.5,11.3,NA
"30241","20200419:0000",-44.24519,170.11671,"Pukaki",8851,NA,0,"Canterbury",1010,7.8,8.5,NA
"30242","20200420:0000",-44.24519,170.11671,"Pukaki",8851,NA,0,"Canterbury",1010,6.2,8.5,NA
"30243","20200421:0000",-44.24519,170.11671,"Pukaki",8851,NA,0,"Canterbury",1010,6.4,5.6,NA
"30244","20200422:0000",-44.24519,170.11671,"Pukaki",8851,NA,0,"Canterbury",1010,5.4,8.65,NA
"30245","20200423:0000",-44.24519,170.11671,"Pukaki",8851,NA,0,"Canterbury",1010,4.2,10,NA
"30246","20200424:0000",-44.24519,170.11671,"Pukaki",8851,NA,0,"Canterbury",1010,4.5,8.25,NA
"30247","20200425:0000",-44.24519,170.11671,"Pukaki",8851,NA,0,"Canterbury",1010,12.5,11.75,NA
"30248","20200426:0000",-44.24519,170.11671,"Pukaki",8851,NA,0,"Canterbury",1010,6.4,7.1,NA
"30249","20200427:0000",-44.24519,170.11671,"Pukaki",8851,NA,0,"Canterbury",1010,15.2,9.1,NA
"30250","20200428:0000",-44.24519,170.11671,"Pukaki",8851,NA,0,"Canterbury",1010,7.4,9.3,NA
"30251","20200429:0000",-44.24519,170.11671,"Pukaki",8851,NA,0,"Canterbury",1010,4.9,7.9,NA
"30252","20200430:0000",-44.24519,170.11671,"Pukaki",8851,NA,0,"Canterbury",1010,5.6,7.3,NA
"30253","20200501:0000",-44.24519,170.11671,"Pukaki",8851,NA,0,"Canterbury",1010,3.1,9.6,NA
"30254","20200502:0000",-44.24519,170.11671,"Pukaki",8851,NA,0,"Canterbury",1010,5.1,10.3,NA
"30255","20200503:0000",-44.24519,170.11671,"Pukaki",8851,NA,0,"Canterbury",1010,20.8,10.15,NA
"30256","20200504:0000",-44.24519,170.11671,"Pukaki",8851,NA,0,"Canterbury",1010,7.2,9.8,NA
"30257","20200505:0000",-44.24519,170.11671,"Pukaki",8851,NA,0,"Canterbury",1010,8.1,6.85,NA
"30258","20200506:0000",-44.24519,170.11671,"Pukaki",8851,NA,0,"Canterbury",1010,4.6,6.05,NA
"30259","20200507:0000",-44.24519,170.11671,"Pukaki",8851,NA,0,"Canterbury",1010,7.6,8.3,NA
"30260","20200508:0000",-44.24519,170.11671,"Pukaki",8851,NA,0,"Canterbury",1010,6.4,12.95,NA
"30261","20200509:0000",-44.24519,170.11671,"Pukaki",8851,NA,0,"Canterbury",1010,4.4,7.9,NA
"30262","20200510:0000",-44.24519,170.11671,"Pukaki",8851,NA,0,"Canterbury",1010,7,7.15,NA
"30263","20200511:0000",-44.24519,170.11671,"Pukaki",8851,NA,0,"Canterbury",1010,6.5,6.95,NA
"30264","20200512:0000",-44.24519,170.11671,"Pukaki",8851,NA,0,"Canterbury",1010,5.7,7.2,NA
"30265","20200513:0000",-44.24519,170.11671,"Pukaki",8851,NA,0,"Canterbury",1010,6.4,10.25,NA
"30266","20200514:0000",-44.24519,170.11671,"Pukaki",8851,NA,0,"Canterbury",1010,2.9,6.05,NA
"30267","20200515:0000",-44.24519,170.11671,"Pukaki",8851,NA,0,"Canterbury",1010,6.8,7.2,NA
"30268","20200516:0000",-44.24519,170.11671,"Pukaki",8851,NA,0,"Canterbury",1010,3.8,2.75,NA
"30269","20200517:0000",-44.24519,170.11671,"Pukaki",8851,NA,0,"Canterbury",1010,2.3,6.35,NA
"30270","20200518:0000",-44.24519,170.11671,"Pukaki",8851,NA,0,"Canterbury",1010,1.6,2.6,NA
"30271","20200519:0000",-44.24519,170.11671,"Pukaki",8851,NA,0,"Canterbury",1010,4.6,5.9,NA
"30272","20200520:0000",-44.24519,170.11671,"Pukaki",8851,NA,0,"Canterbury",1010,1.8,-0.6,NA
"30273","20200521:0000",-44.24519,170.11671,"Pukaki",8851,NA,0,"Canterbury",1010,9.1,6.75,NA
"30274","20200522:0000",-44.24519,170.11671,"Pukaki",8851,NA,0,"Canterbury",1010,18.5,9,NA
"30275","20200523:0000",-44.24519,170.11671,"Pukaki",8851,NA,0,"Canterbury",1010,5.1,5.25,NA
"30276","20200524:0000",-44.24519,170.11671,"Pukaki",8851,NA,0,"Canterbury",1010,4.6,4.7,NA
"30277","20200525:0000",-44.24519,170.11671,"Pukaki",8851,NA,0,"Canterbury",1010,5.5,7.15,NA
"30278","20200526:0000",-44.24519,170.11671,"Pukaki",8851,NA,0,"Canterbury",1010,8.1,6.6,NA
"30279","20200527:0000",-44.24519,170.11671,"Pukaki",8851,NA,0,"Canterbury",1010,2.3,1.95,NA
"30280","20200528:0000",-44.24519,170.11671,"Pukaki",8851,NA,0,"Canterbury",1010,1.9,0.9,NA
"30281","20200529:0000",-44.24519,170.11671,"Pukaki",8851,NA,0,"Canterbury",1010,2.6,2.5,NA
"30282","20200530:0000",-44.24519,170.11671,"Pukaki",8851,NA,0,"Canterbury",1010,6.8,2.8,NA
"30283","20200531:0000",-44.24519,170.11671,"Pukaki",8851,NA,0,"Canterbury",1010,4,-0.9,NA
"30284","20200601:0000",-44.24519,170.11671,"Pukaki",8851,NA,0,"Canterbury",1010,2.3,-0.35,NA
"30285","20200602:0000",-44.24519,170.11671,"Pukaki",8851,NA,0,"Canterbury",1010,2.3,-1,NA
"30286","20200603:0000",-44.24519,170.11671,"Pukaki",8851,NA,0,"Canterbury",1010,6.7,4.7,NA
"30287","20200604:0000",-44.24519,170.11671,"Pukaki",8851,NA,0,"Canterbury",1010,6.8,3.95,NA
"30288","20200605:0000",-44.24519,170.11671,"Pukaki",8851,NA,0,"Canterbury",1010,6.4,3.6,NA
"30289","20200606:0000",-44.24519,170.11671,"Pukaki",8851,NA,0,"Canterbury",1010,6.5,0.6,NA
"30290","20200607:0000",-44.24519,170.11671,"Pukaki",8851,NA,0,"Canterbury",1010,3.5,1.9,NA
"30291","20200608:0000",-44.24519,170.11671,"Pukaki",8851,NA,0,"Canterbury",1010,9.8,4.5,NA
"30292","20200609:0000",-44.24519,170.11671,"Pukaki",8851,NA,0,"Canterbury",1010,7.7,4.5,NA
"30293","20200610:0000",-44.24519,170.11671,"Pukaki",8851,NA,0,"Canterbury",1010,7.3,2.85,NA
"30294","20200611:0000",-44.24519,170.11671,"Pukaki",8851,NA,0,"Canterbury",1010,7.9,5.65,NA
"30295","20200612:0000",-44.24519,170.11671,"Pukaki",8851,NA,0,"Canterbury",1010,11.3,5.8,NA
"30296","20200613:0000",-44.24519,170.11671,"Pukaki",8851,NA,0,"Canterbury",1010,7.1,0,NA
"30297","20200614:0000",-44.24519,170.11671,"Pukaki",8851,NA,0,"Canterbury",1010,4.7,-1.85,NA
"30298","20200615:0000",-44.24519,170.11671,"Pukaki",8851,NA,0,"Canterbury",1010,5,2.35,NA
"30299","20200616:0000",-44.24519,170.11671,"Pukaki",8851,NA,0,"Canterbury",1010,7,6.5,NA
"30300","20200617:0000",-44.24519,170.11671,"Pukaki",8851,NA,0,"Canterbury",1010,6.6,8.55,NA
"30301","20200618:0000",-44.24519,170.11671,"Pukaki",8851,NA,0,"Canterbury",1010,7.2,2.45,NA
"30302","20200619:0000",-44.24519,170.11671,"Pukaki",8851,NA,0,"Canterbury",1010,2.5,2.8,NA
"30303","20200620:0000",-44.24519,170.11671,"Pukaki",8851,NA,0,"Canterbury",1010,3,-0.7,NA
"30304","20200621:0000",-44.24519,170.11671,"Pukaki",8851,NA,0,"Canterbury",1010,1.7,0.25,NA
"30305","20200622:0000",-44.24519,170.11671,"Pukaki",8851,NA,0,"Canterbury",1010,2.3,-1.15,NA
"30306","20200623:0000",-44.24519,170.11671,"Pukaki",8851,NA,0,"Canterbury",1010,2.7,-1.55,NA
"30307","20200624:0000",-44.24519,170.11671,"Pukaki",8851,NA,0,"Canterbury",1010,2.2,-0.4,NA
"30308","20200625:0000",-44.24519,170.11671,"Pukaki",8851,NA,0,"Canterbury",1010,4.2,2.35,NA
"30309","20200626:0000",-44.24519,170.11671,"Pukaki",8851,NA,0,"Canterbury",1010,2.5,4.2,NA
"30310","20200627:0000",-44.24519,170.11671,"Pukaki",8851,NA,0,"Canterbury",1010,2.3,3.9,NA
"30311","20200628:0000",-44.24519,170.11671,"Pukaki",8851,NA,0,"Canterbury",1010,4.3,4.15,NA
"30312","20200629:0000",-44.24519,170.11671,"Pukaki",8851,NA,0,"Canterbury",1010,11.2,4.8,NA
"30313","20200630:0000",-44.24519,170.11671,"Pukaki",8851,NA,0,"Canterbury",1010,10.1,3.35,NA
"30314","20200701:0000",-44.24519,170.11671,"Pukaki",8851,NA,0,"Canterbury",1010,12.4,2.55,NA
"30315","20200702:0000",-44.24519,170.11671,"Pukaki",8851,NA,0,"Canterbury",1010,5.2,0.65,NA
"30316","20200703:0000",-44.24519,170.11671,"Pukaki",8851,NA,0,"Canterbury",1010,6.1,-1.35,NA
"30317","20200704:0000",-44.24519,170.11671,"Pukaki",8851,NA,0,"Canterbury",1010,4.2,0.6,NA
"30318","20200705:0000",-44.24519,170.11671,"Pukaki",8851,NA,0,"Canterbury",1010,10.3,4.55,NA
"30319","20200706:0000",-44.24519,170.11671,"Pukaki",8851,NA,0,"Canterbury",1010,2.2,5.25,NA
"30320","20200707:0000",-44.24519,170.11671,"Pukaki",8851,NA,0,"Canterbury",1010,6.3,6.15,NA
"30321","20200708:0000",-44.24519,170.11671,"Pukaki",8851,NA,0,"Canterbury",1010,8.4,3.85,NA
"30322","20200709:0000",-44.24519,170.11671,"Pukaki",8851,NA,0,"Canterbury",1010,8.4,4.25,NA
"30323","20200710:0000",-44.24519,170.11671,"Pukaki",8851,NA,0,"Canterbury",1010,6.7,1.3,NA
"30324","20200711:0000",-44.24519,170.11671,"Pukaki",8851,NA,0,"Canterbury",1010,5.3,2.4,NA
"30325","20200712:0000",-44.24519,170.11671,"Pukaki",8851,NA,0,"Canterbury",1010,33.5,5.1,NA
"30326","20200713:0000",-44.24519,170.11671,"Pukaki",8851,NA,0,"Canterbury",1010,6,3.9,NA
"30327","20200714:0000",-44.24519,170.11671,"Pukaki",8851,NA,0,"Canterbury",1010,4,-1.85,NA
"30328","20200715:0000",-44.24519,170.11671,"Pukaki",8851,NA,0,"Canterbury",1010,5.3,-2.65,NA
"30329","20200716:0000",-44.24519,170.11671,"Pukaki",8851,NA,0,"Canterbury",1010,3.2,-3.15,NA
"30330","20200717:0000",-44.24519,170.11671,"Pukaki",8851,NA,0,"Canterbury",1010,4,-2.4,NA
"30331","20200718:0000",-44.24519,170.11671,"Pukaki",8851,NA,0,"Canterbury",1010,3,-2.3,NA
"30332","20200719:0000",-44.24519,170.11671,"Pukaki",8851,NA,0,"Canterbury",1010,4.3,-1.6,NA
"30333","20200720:0000",-44.24519,170.11671,"Pukaki",8851,NA,0,"Canterbury",1010,4.3,0.15,NA
"30334","20200721:0000",-44.24519,170.11671,"Pukaki",8851,NA,0,"Canterbury",1010,8.8,3.3,NA
"30335","20200722:0000",-44.24519,170.11671,"Pukaki",8851,NA,0,"Canterbury",1010,15.5,4.95,NA
"30336","20200723:0000",-44.24519,170.11671,"Pukaki",8851,NA,0,"Canterbury",1010,16,5,NA
"30337","20200724:0000",-44.24519,170.11671,"Pukaki",8851,NA,0,"Canterbury",1010,6.2,1.7,NA
"30338","20200725:0000",-44.24519,170.11671,"Pukaki",8851,NA,0,"Canterbury",1010,5.6,2.55,NA
"30339","20200726:0000",-44.24519,170.11671,"Pukaki",8851,NA,0,"Canterbury",1010,5.9,3.65,NA
"30340","20200727:0000",-44.24519,170.11671,"Pukaki",8851,NA,0,"Canterbury",1010,5.7,2.5,NA
"30341","20200728:0000",-44.24519,170.11671,"Pukaki",8851,NA,0,"Canterbury",1010,5,-0.0999999999999996,NA
"30342","20200729:0000",-44.24519,170.11671,"Pukaki",8851,NA,0,"Canterbury",1010,4.3,1.75,NA
"30343","20200730:0000",-44.24519,170.11671,"Pukaki",8851,NA,0,"Canterbury",1010,3.4,4.7,NA
"30344","20200731:0000",-44.24519,170.11671,"Pukaki",8851,NA,0,"Canterbury",1010,6.2,3.7,NA
"30345","20200801:0000",-44.24519,170.11671,"Pukaki",8851,NA,0,"Canterbury",1010,5.4,6.3,NA
"30346","20200802:0000",-44.24519,170.11671,"Pukaki",8851,NA,0,"Canterbury",1010,6.9,4.85,NA
"30347","20200803:0000",-44.24519,170.11671,"Pukaki",8851,NA,0,"Canterbury",1010,5.1,7.3,NA
"30348","20200804:0000",-44.24519,170.11671,"Pukaki",8851,NA,0,"Canterbury",1010,5.5,7.15,NA
"30349","20200805:0000",-44.24519,170.11671,"Pukaki",8851,NA,0,"Canterbury",1010,6.2,5.35,NA
"30350","20200806:0000",-44.24519,170.11671,"Pukaki",8851,NA,0,"Canterbury",1010,6.4,3.5,NA
"30351","20200807:0000",-44.24519,170.11671,"Pukaki",8851,NA,0,"Canterbury",1010,5,3.55,NA
"30352","20200808:0000",-44.24519,170.11671,"Pukaki",8851,NA,0,"Canterbury",1010,8.8,5.5,NA
"30353","20200809:0000",-44.24519,170.11671,"Pukaki",8851,NA,0,"Canterbury",1010,6.7,3.8,NA
"30354","20200810:0000",-44.24519,170.11671,"Pukaki",8851,NA,0,"Canterbury",1010,4.9,8.05,NA
"30355","20200811:0000",-44.24519,170.11671,"Pukaki",8851,NA,0,"Canterbury",1010,4.5,6.95,NA
"30356","20200812:0000",-44.24519,170.11671,"Pukaki",8851,NA,0,"Canterbury",1010,3.5,3.55,NA
"30357","20200813:0000",-44.24519,170.11671,"Pukaki",8851,NA,0,"Canterbury",1010,3.6,1.85,NA
"30358","20200814:0000",-44.24519,170.11671,"Pukaki",8851,NA,0,"Canterbury",1010,6.4,4.9,NA
"30359","20200815:0000",-44.24519,170.11671,"Pukaki",8851,NA,0,"Canterbury",1010,6.3,1.35,NA
"30360","20200816:0000",-44.24519,170.11671,"Pukaki",8851,NA,0,"Canterbury",1010,5.2,1.05,NA
"30361","20200817:0000",-44.24519,170.11671,"Pukaki",8851,NA,0,"Canterbury",1010,5.1,1.15,NA
"30362","20200818:0000",-44.24519,170.11671,"Pukaki",8851,NA,0,"Canterbury",1010,6.4,0.35,NA
"30363","20200819:0000",-44.24519,170.11671,"Pukaki",8851,NA,0,"Canterbury",1010,5.8,6.9,NA
"30364","20200820:0000",-44.24519,170.11671,"Pukaki",8851,NA,0,"Canterbury",1010,5.3,5.05,NA
"30365","20200821:0000",-44.24519,170.11671,"Pukaki",8851,NA,0,"Canterbury",1010,2.1,7.05,NA
"30366","20200822:0000",-44.24519,170.11671,"Pukaki",8851,NA,0,"Canterbury",1010,6.5,6.15,NA
"30367","20200823:0000",-44.24519,170.11671,"Pukaki",8851,NA,0,"Canterbury",1010,4.2,6.35,NA
"30368","20200824:0000",-44.24519,170.11671,"Pukaki",8851,NA,0,"Canterbury",1010,4.5,9.55,NA
"30369","20200825:0000",-44.24519,170.11671,"Pukaki",8851,NA,0,"Canterbury",1010,6.9,6.85,NA
"30370","20200826:0000",-44.24519,170.11671,"Pukaki",8851,NA,0,"Canterbury",1010,3.9,2.75,NA
"30371","20200827:0000",-44.24519,170.11671,"Pukaki",8851,NA,0,"Canterbury",1010,10.4,6,NA
"30372","20200828:0000",-44.24519,170.11671,"Pukaki",8851,NA,0,"Canterbury",1010,5,4.5,NA
"30373","20200829:0000",-44.24519,170.11671,"Pukaki",8851,NA,0,"Canterbury",1010,8,9.55,NA
"30374","20200830:0000",-44.24519,170.11671,"Pukaki",8851,NA,0,"Canterbury",1010,30.9,15.05,NA
"30375","20200831:0000",-44.24519,170.11671,"Pukaki",8851,NA,0,"Canterbury",1010,19.4,10.35,NA
"30376","20200901:0000",-44.24519,170.11671,"Pukaki",8851,NA,0,"Canterbury",1010,10.5,2.25,NA
"30377","20200902:0000",-44.24519,170.11671,"Pukaki",8851,NA,0,"Canterbury",1010,8.2,2.8,NA
"30378","20200903:0000",-44.24519,170.11671,"Pukaki",8851,NA,0,"Canterbury",1010,3.2,2.8,NA
"30379","20200904:0000",-44.24519,170.11671,"Pukaki",8851,NA,0,"Canterbury",1010,3.9,6.4,NA
"30380","20200905:0000",-44.24519,170.11671,"Pukaki",8851,NA,0,"Canterbury",1010,6.9,9.15,NA
"30381","20200906:0000",-44.24519,170.11671,"Pukaki",8851,NA,0,"Canterbury",1010,5.3,10.5,NA
"30382","20200907:0000",-44.24519,170.11671,"Pukaki",8851,NA,0,"Canterbury",1010,2.6,6.35,NA
"30383","20200908:0000",-44.24519,170.11671,"Pukaki",8851,NA,0,"Canterbury",1010,3.7,7.15,NA
"30384","20200909:0000",-44.24519,170.11671,"Pukaki",8851,NA,0,"Canterbury",1010,18.6,8.2,NA
"30385","20200910:0000",-44.24519,170.11671,"Pukaki",8851,NA,0,"Canterbury",1010,3.9,9.6,NA
"30386","20200911:0000",-44.24519,170.11671,"Pukaki",8851,NA,0,"Canterbury",1010,8.2,6.05,NA
"30387","20200912:0000",-44.24519,170.11671,"Pukaki",8851,NA,0,"Canterbury",1010,2.2,5.45,NA
"30388","20200913:0000",-44.24519,170.11671,"Pukaki",8851,NA,0,"Canterbury",1010,7.6,10.25,NA
"30389","20200914:0000",-44.24519,170.11671,"Pukaki",8851,NA,0,"Canterbury",1010,33.1,11.15,NA
"30390","20200915:0000",-44.24519,170.11671,"Pukaki",8851,NA,0,"Canterbury",1010,18.1,6.8,NA
"30391","20200916:0000",-44.24519,170.11671,"Pukaki",8851,NA,0,"Canterbury",1010,23.7,7.15,NA
"30392","20200917:0000",-44.24519,170.11671,"Pukaki",8851,NA,0,"Canterbury",1010,25.8,9.95,NA
"30393","20200918:0000",-44.24519,170.11671,"Pukaki",8851,NA,0,"Canterbury",1010,3.5,6.7,NA
"30394","20200919:0000",-44.24519,170.11671,"Pukaki",8851,NA,0,"Canterbury",1010,6.8,8.9,NA
"30395","20200920:0000",-44.24519,170.11671,"Pukaki",8851,NA,0,"Canterbury",1010,3.4,8.15,NA
"30396","20200921:0000",-44.24519,170.11671,"Pukaki",8851,NA,0,"Canterbury",1010,4.4,9.75,NA
"30397","20200922:0000",-44.24519,170.11671,"Pukaki",8851,NA,0,"Canterbury",1010,5.4,9.45,NA
"30398","20200923:0000",-44.24519,170.11671,"Pukaki",8851,NA,0,"Canterbury",1010,6.1,14.8,NA
"30399","20200924:0000",-44.24519,170.11671,"Pukaki",8851,NA,0,"Canterbury",1010,4.2,11.7,NA
"30400","20200925:0000",-44.24519,170.11671,"Pukaki",8851,NA,0,"Canterbury",1010,5.2,11.1,NA
"30401","20200926:0000",-44.24519,170.11671,"Pukaki",8851,NA,0,"Canterbury",1010,23.4,10.9,NA
"30402","20200927:0000",-44.24519,170.11671,"Pukaki",8851,NA,0,"Canterbury",1010,13,9.65,NA
"30403","20200928:0000",-44.24519,170.11671,"Pukaki",8851,NA,0,"Canterbury",1010,19.6,4.8,NA
"30404","20200929:0000",-44.24519,170.11671,"Pukaki",8851,NA,0,"Canterbury",1010,20.5,2.45,NA
"30405","20200930:0000",-44.24519,170.11671,"Pukaki",8851,NA,0,"Canterbury",1010,8.8,4.5,NA
"30406","20201001:0000",-44.24519,170.11671,"Pukaki",8851,NA,0,"Canterbury",1010,5.9,6.8,NA
"30407","20201002:0000",-44.24519,170.11671,"Pukaki",8851,NA,0,"Canterbury",1010,5.3,9.05,NA
"30408","20201003:0000",-44.24519,170.11671,"Pukaki",8851,NA,0,"Canterbury",1010,13,13.2,NA
"30409","20201004:0000",-44.24519,170.11671,"Pukaki",8851,NA,0,"Canterbury",1010,17.9,18.1,NA
"30410","20201005:0000",-44.24519,170.11671,"Pukaki",8851,NA,0,"Canterbury",1010,30.7,17.95,NA
"30411","20201006:0000",-44.24519,170.11671,"Pukaki",8851,NA,0,"Canterbury",1010,26.7,17.35,NA
"30412","20201007:0000",-44.24519,170.11671,"Pukaki",8851,NA,0,"Canterbury",1010,5.7,9,NA
"30413","20201008:0000",-44.24519,170.11671,"Pukaki",8851,NA,0,"Canterbury",1010,1.8,5.65,NA
"30414","20201009:0000",-44.24519,170.11671,"Pukaki",8851,NA,0,"Canterbury",1010,5.2,9.15,NA
"30415","20201010:0000",-44.24519,170.11671,"Pukaki",8851,NA,0,"Canterbury",1010,4.3,6.9,NA
"30416","20201011:0000",-44.24519,170.11671,"Pukaki",8851,NA,0,"Canterbury",1010,9.4,10.7,NA
"30417","20201012:0000",-44.24519,170.11671,"Pukaki",8851,NA,0,"Canterbury",1010,4.8,13.25,NA
"30418","20201013:0000",-44.24519,170.11671,"Pukaki",8851,NA,0,"Canterbury",1010,3.2,11.75,NA
"30419","20201014:0000",-44.24519,170.11671,"Pukaki",8851,NA,0,"Canterbury",1010,23.7,10.3,NA
"30420","20201015:0000",-44.24519,170.11671,"Pukaki",8851,NA,0,"Canterbury",1010,4.2,5.65,NA
"30421","20201016:0000",-44.24519,170.11671,"Pukaki",8851,NA,0,"Canterbury",1010,3.4,5.9,NA
"30422","20201017:0000",-44.24519,170.11671,"Pukaki",8851,NA,0,"Canterbury",1010,11.3,7.55,NA
"30423","20201018:0000",-44.24519,170.11671,"Pukaki",8851,NA,0,"Canterbury",1010,2.3,8.8,NA
"30424","20201019:0000",-44.24519,170.11671,"Pukaki",8851,NA,0,"Canterbury",1010,NA,12.55,NA
"30425","20201020:0000",-44.24519,170.11671,"Pukaki",8851,NA,0,"Canterbury",1010,6.6,9.95,NA
"30426","20201021:0000",-44.24519,170.11671,"Pukaki",8851,NA,0,"Canterbury",1010,7.8,10.65,NA
"30427","20201022:0000",-44.24519,170.11671,"Pukaki",8851,NA,0,"Canterbury",1010,7.4,11.05,NA
"30428","20201023:0000",-44.24519,170.11671,"Pukaki",8851,NA,0,"Canterbury",1010,1.9,12.3,NA
"30429","20201024:0000",-44.24519,170.11671,"Pukaki",8851,NA,0,"Canterbury",1010,5.2,13.65,NA
"30430","20201025:0000",-44.24519,170.11671,"Pukaki",8851,NA,0,"Canterbury",1010,10.3,16.35,NA
"30431","20201026:0000",-44.24519,170.11671,"Pukaki",8851,NA,0,"Canterbury",1010,5.8,10.85,NA
"30432","20201027:0000",-44.24519,170.11671,"Pukaki",8851,NA,0,"Canterbury",1010,2.8,9.45,NA
"30433","20201028:0000",-44.24519,170.11671,"Pukaki",8851,NA,0,"Canterbury",1010,3.5,9.8,NA
"30434","20201029:0000",-44.24519,170.11671,"Pukaki",8851,NA,0,"Canterbury",1010,3.7,13.35,NA
"30435","20201030:0000",-44.24519,170.11671,"Pukaki",8851,NA,0,"Canterbury",1010,2.2,13.8,NA
"30436","20201031:0000",-44.24519,170.11671,"Pukaki",8851,NA,0,"Canterbury",1010,4.6,16.2,NA
"30437","20201101:0000",-44.24519,170.11671,"Pukaki",8851,NA,0,"Canterbury",1010,16.7,11.65,NA
"30438","20201102:0000",-44.24519,170.11671,"Pukaki",8851,NA,0,"Canterbury",1010,4,10.75,NA
"30439","20201103:0000",-44.24519,170.11671,"Pukaki",8851,NA,0,"Canterbury",1010,8.2,11.6,NA
"30440","20201104:0000",-44.24519,170.11671,"Pukaki",8851,NA,0,"Canterbury",1010,6.3,15.1,NA
"30441","20201105:0000",-44.24519,170.11671,"Pukaki",8851,NA,0,"Canterbury",1010,5,19.35,NA
"30442","20201106:0000",-44.24519,170.11671,"Pukaki",8851,NA,0,"Canterbury",1010,8.4,13.75,NA
"30443","20201107:0000",-44.24519,170.11671,"Pukaki",8851,NA,0,"Canterbury",1010,3.2,8.5,NA
"30444","20201108:0000",-44.24519,170.11671,"Pukaki",8851,NA,0,"Canterbury",1010,11.7,7.55,NA
"30445","20201109:0000",-44.24519,170.11671,"Pukaki",8851,NA,0,"Canterbury",1010,2.9,6.55,NA
"30446","20201110:0000",-44.24519,170.11671,"Pukaki",8851,NA,0,"Canterbury",1010,7.5,12.15,NA
"30447","20201111:0000",-44.24519,170.11671,"Pukaki",8851,NA,0,"Canterbury",1010,4.1,11.5,NA
"30448","20201112:0000",-44.24519,170.11671,"Pukaki",8851,NA,0,"Canterbury",1010,4,15.45,NA
"30449","20201113:0000",-44.24519,170.11671,"Pukaki",8851,NA,0,"Canterbury",1010,3.4,17,NA
"30450","20201114:0000",-44.24519,170.11671,"Pukaki",8851,NA,0,"Canterbury",1010,5.6,14.05,NA
"30451","20201115:0000",-44.24519,170.11671,"Pukaki",8851,NA,0,"Canterbury",1010,4.5,15.95,NA
"30452","20201116:0000",-44.24519,170.11671,"Pukaki",8851,NA,0,"Canterbury",1010,23.4,17.25,NA
"30453","20201117:0000",-44.24519,170.11671,"Pukaki",8851,NA,0,"Canterbury",1010,34.7,16.2,NA
"30454","20201118:0000",-44.24519,170.11671,"Pukaki",8851,NA,0,"Canterbury",1010,15.1,14.9,NA
"30455","20201119:0000",-44.24519,170.11671,"Pukaki",8851,NA,0,"Canterbury",1010,6.8,14.55,NA
"30456","20201120:0000",-44.24519,170.11671,"Pukaki",8851,NA,0,"Canterbury",1010,2.8,12.6,NA
"30457","20201121:0000",-44.24519,170.11671,"Pukaki",8851,NA,0,"Canterbury",1010,34,16.8,NA
"30458","20201122:0000",-44.24519,170.11671,"Pukaki",8851,NA,0,"Canterbury",1010,8.6,12.1,NA
"30459","20201123:0000",-44.24519,170.11671,"Pukaki",8851,NA,0,"Canterbury",1010,5.9,11.65,NA
"30460","20201124:0000",-44.24519,170.11671,"Pukaki",8851,NA,0,"Canterbury",1010,2.8,10.25,NA
"30461","20201125:0000",-44.24519,170.11671,"Pukaki",8851,NA,0,"Canterbury",1010,5.3,12.2,NA
"30462","20201126:0000",-44.24519,170.11671,"Pukaki",8851,NA,0,"Canterbury",1010,3.4,13.6,NA
"30463","20201127:0000",-44.24519,170.11671,"Pukaki",8851,NA,0,"Canterbury",1010,8.7,17.45,NA
"30464","20201128:0000",-44.24519,170.11671,"Pukaki",8851,NA,0,"Canterbury",1010,3.9,8.1,NA
"30465","20201129:0000",-44.24519,170.11671,"Pukaki",8851,NA,0,"Canterbury",1010,7.3,11.85,NA
"30466","20201130:0000",-44.24519,170.11671,"Pukaki",8851,NA,0,"Canterbury",1010,12.2,9.05,NA
"30467","20201201:0000",-44.24519,170.11671,"Pukaki",8851,NA,0,"Canterbury",1010,3.5,10,NA
"30468","20201202:0000",-44.24519,170.11671,"Pukaki",8851,NA,0,"Canterbury",1010,5.7,15.6,NA
"30469","20201203:0000",-44.24519,170.11671,"Pukaki",8851,NA,0,"Canterbury",1010,24.5,12.45,NA
"30470","20201204:0000",-44.24519,170.11671,"Pukaki",8851,NA,0,"Canterbury",1010,13.1,12.35,NA
"30471","20201205:0000",-44.24519,170.11671,"Pukaki",8851,NA,0,"Canterbury",1010,10.5,11.2,NA
"30472","20201206:0000",-44.24519,170.11671,"Pukaki",8851,NA,0,"Canterbury",1010,4.2,10.9,NA
"30473","20201207:0000",-44.24519,170.11671,"Pukaki",8851,NA,0,"Canterbury",1010,20.4,17.7,NA
"30474","20201208:0000",-44.24519,170.11671,"Pukaki",8851,NA,0,"Canterbury",1010,5.8,17.15,NA
"30475","20201209:0000",-44.24519,170.11671,"Pukaki",8851,NA,0,"Canterbury",1010,5.4,15.2,NA
"30476","20201210:0000",-44.24519,170.11671,"Pukaki",8851,NA,0,"Canterbury",1010,5,16.9,NA
"30477","20201211:0000",-44.24519,170.11671,"Pukaki",8851,NA,0,"Canterbury",1010,9.2,13.75,NA
"30478","20201212:0000",-44.24519,170.11671,"Pukaki",8851,NA,0,"Canterbury",1010,6.9,12.75,NA
"30479","20201213:0000",-44.24519,170.11671,"Pukaki",8851,NA,0,"Canterbury",1010,10.7,14.15,NA
"30480","20201214:0000",-44.24519,170.11671,"Pukaki",8851,NA,0,"Canterbury",1010,2.4,14.9,NA
"30481","20201215:0000",-44.24519,170.11671,"Pukaki",8851,NA,0,"Canterbury",1010,3.9,18.6,NA
"30482","20201216:0000",-44.24519,170.11671,"Pukaki",8851,NA,0,"Canterbury",1010,9,19.2,NA
"30483","20201217:0000",-44.24519,170.11671,"Pukaki",8851,NA,0,"Canterbury",1010,8.9,14.65,NA
"30484","20201218:0000",-44.24519,170.11671,"Pukaki",8851,NA,0,"Canterbury",1010,3.8,17.5,NA
"30485","20201219:0000",-44.24519,170.11671,"Pukaki",8851,NA,0,"Canterbury",1010,9.2,21.6,NA
"30486","20201220:0000",-44.24519,170.11671,"Pukaki",8851,NA,0,"Canterbury",1010,6.8,16.9,NA
"30487","20201221:0000",-44.24519,170.11671,"Pukaki",8851,NA,0,"Canterbury",1010,8.9,15.1,NA
"30488","20201222:0000",-44.24519,170.11671,"Pukaki",8851,NA,0,"Canterbury",1010,2.4,17.55,NA
"30489","20201223:0000",-44.24519,170.11671,"Pukaki",8851,NA,0,"Canterbury",1010,4.2,15.25,NA
"30490","20201224:0000",-44.24519,170.11671,"Pukaki",8851,NA,0,"Canterbury",1010,3.9,16.55,NA
"30491","20201225:0000",-44.24519,170.11671,"Pukaki",8851,NA,0,"Canterbury",1010,18.4,13.35,NA
"30492","20201226:0000",-44.24519,170.11671,"Pukaki",8851,NA,0,"Canterbury",1010,5.8,10.65,NA
"30493","20201227:0000",-44.24519,170.11671,"Pukaki",8851,NA,0,"Canterbury",1010,2.6,7.95,NA
"30494","20201228:0000",-44.24519,170.11671,"Pukaki",8851,NA,0,"Canterbury",1010,2.2,11.05,NA
"30495","20201229:0000",-44.24519,170.11671,"Pukaki",8851,NA,0,"Canterbury",1010,3.1,14.25,NA
"30496","20201230:0000",-44.24519,170.11671,"Pukaki",8851,NA,0,"Canterbury",1010,3.2,15.4,NA
"30497","20201231:0000",-44.24519,170.11671,"Pukaki",8851,NA,0,"Canterbury",1010,6.3,17.4,NA
"30498","20210101:0000",-44.24519,170.11671,"Pukaki",8851,NA,0,"Canterbury",1010,4,16.85,NA
"30499","20210102:0000",-44.24519,170.11671,"Pukaki",8851,NA,0,"Canterbury",1010,11.3,14,NA
"30500","20210103:0000",-44.24519,170.11671,"Pukaki",8851,NA,0,"Canterbury",1010,5.7,14.85,NA
"30501","20210104:0000",-44.24519,170.11671,"Pukaki",8851,NA,0,"Canterbury",1010,3.5,18,NA
"30502","20210105:0000",-44.24519,170.11671,"Pukaki",8851,NA,0,"Canterbury",1010,5.5,13.9,NA
"30503","20210106:0000",-44.24519,170.11671,"Pukaki",8851,NA,0,"Canterbury",1010,3.4,17.9,NA
"30504","20210107:0000",-44.24519,170.11671,"Pukaki",8851,NA,0,"Canterbury",1010,7.8,19.15,NA
"30505","20210108:0000",-44.24519,170.11671,"Pukaki",8851,NA,0,"Canterbury",1010,9.2,16.25,NA
"30506","20210109:0000",-44.24519,170.11671,"Pukaki",8851,NA,0,"Canterbury",1010,5,19.35,NA
"30507","20210110:0000",-44.24519,170.11671,"Pukaki",8851,NA,0,"Canterbury",1010,4.6,15.65,NA
"30508","20210111:0000",-44.24519,170.11671,"Pukaki",8851,NA,0,"Canterbury",1010,10.7,13.7,NA
"30509","20210112:0000",-44.24519,170.11671,"Pukaki",8851,NA,0,"Canterbury",1010,5.1,19.35,NA
"30510","20210113:0000",-44.24519,170.11671,"Pukaki",8851,NA,0,"Canterbury",1010,4.5,19.05,NA
"30511","20210114:0000",-44.24519,170.11671,"Pukaki",8851,NA,0,"Canterbury",1010,4.4,18.3,NA
"30512","20210115:0000",-44.24519,170.11671,"Pukaki",8851,NA,0,"Canterbury",1010,3.1,19.45,NA
"30513","20210116:0000",-44.24519,170.11671,"Pukaki",8851,NA,0,"Canterbury",1010,4.1,20.1,NA
"30514","20210117:0000",-44.24519,170.11671,"Pukaki",8851,NA,0,"Canterbury",1010,9.5,18.1,NA
"30515","20210118:0000",-44.24519,170.11671,"Pukaki",8851,NA,0,"Canterbury",1010,11.9,12.65,NA
"30516","20210119:0000",-44.24519,170.11671,"Pukaki",8851,NA,0,"Canterbury",1010,26.3,10.5,NA
"30517","20210120:0000",-44.24519,170.11671,"Pukaki",8851,NA,0,"Canterbury",1010,21.6,11.85,NA
"30518","20210121:0000",-44.24519,170.11671,"Pukaki",8851,NA,0,"Canterbury",1010,8.4,13.3,NA
"30519","20210122:0000",-44.24519,170.11671,"Pukaki",8851,NA,0,"Canterbury",1010,2.6,14.2,NA
"30520","20210123:0000",-44.24519,170.11671,"Pukaki",8851,NA,0,"Canterbury",1010,27.4,18.15,NA
"30521","20210124:0000",-44.24519,170.11671,"Pukaki",8851,NA,0,"Canterbury",1010,8.5,18.6,NA
"30522","20210125:0000",-44.24519,170.11671,"Pukaki",8851,NA,0,"Canterbury",1010,12.3,20.65,NA
"30523","20210126:0000",-44.24519,170.11671,"Pukaki",8851,NA,0,"Canterbury",1010,5.4,21.5,NA
"30524","20210127:0000",-44.24519,170.11671,"Pukaki",8851,NA,0,"Canterbury",1010,26.7,21.15,NA
"30525","20210128:0000",-44.24519,170.11671,"Pukaki",8851,NA,0,"Canterbury",1010,7.3,14.6,NA
"30526","20210129:0000",-44.24519,170.11671,"Pukaki",8851,NA,0,"Canterbury",1010,11.7,8.9,NA
"30527","20210130:0000",-44.24519,170.11671,"Pukaki",8851,NA,0,"Canterbury",1010,4.2,11.95,NA
"30528","20210131:0000",-44.24519,170.11671,"Pukaki",8851,NA,0,"Canterbury",1010,2.4,15.4,NA
"30529","20210201:0000",-44.24519,170.11671,"Pukaki",8851,NA,0,"Canterbury",1010,4,18.4,NA
"30530","20210202:0000",-44.24519,170.11671,"Pukaki",8851,NA,0,"Canterbury",1010,3.9,19.25,NA
"30531","20210203:0000",-44.24519,170.11671,"Pukaki",8851,NA,0,"Canterbury",1010,5.8,18.2,NA
"30532","20210204:0000",-44.24519,170.11671,"Pukaki",8851,NA,0,"Canterbury",1010,11.5,15.75,NA
"30533","20210205:0000",-44.24519,170.11671,"Pukaki",8851,NA,0,"Canterbury",1010,4.4,14.9,NA
"30534","20210206:0000",-44.24519,170.11671,"Pukaki",8851,NA,0,"Canterbury",1010,3.3,16.15,NA
"30535","20210207:0000",-44.24519,170.11671,"Pukaki",8851,NA,0,"Canterbury",1010,4.3,19.05,NA
"30536","20210208:0000",-44.24519,170.11671,"Pukaki",8851,NA,0,"Canterbury",1010,4.7,16.75,NA
"30537","20210209:0000",-44.24519,170.11671,"Pukaki",8851,NA,0,"Canterbury",1010,8.4,19.75,NA
"30538","20210210:0000",-44.24519,170.11671,"Pukaki",8851,NA,0,"Canterbury",1010,4.9,13.5,NA
"30539","20210211:0000",-44.24519,170.11671,"Pukaki",8851,NA,0,"Canterbury",1010,6.6,15.55,NA
"30540","20210212:0000",-44.24519,170.11671,"Pukaki",8851,NA,0,"Canterbury",1010,4.8,12.3,NA
"30541","20210213:0000",-44.24519,170.11671,"Pukaki",8851,NA,0,"Canterbury",1010,5.7,16,NA
"30542","20210214:0000",-44.24519,170.11671,"Pukaki",8851,NA,0,"Canterbury",1010,4.8,15.85,NA
"30543","20210215:0000",-44.24519,170.11671,"Pukaki",8851,NA,0,"Canterbury",1010,3.5,16.85,NA
"30544","20210216:0000",-44.24519,170.11671,"Pukaki",8851,NA,0,"Canterbury",1010,13.7,10.3,NA
"30545","20210217:0000",-44.24519,170.11671,"Pukaki",8851,NA,0,"Canterbury",1010,5.3,11.15,NA
"30546","20210218:0000",-44.24519,170.11671,"Pukaki",8851,NA,0,"Canterbury",1010,3.5,15.2,NA
"30547","20210219:0000",-44.24519,170.11671,"Pukaki",8851,NA,0,"Canterbury",1010,3.1,18.15,NA
"30548","20210220:0000",-44.24519,170.11671,"Pukaki",8851,NA,0,"Canterbury",1010,4.2,19.3,NA
"30549","20210221:0000",-44.24519,170.11671,"Pukaki",8851,NA,0,"Canterbury",1010,3,18.25,NA
"30550","20210222:0000",-44.24519,170.11671,"Pukaki",8851,NA,0,"Canterbury",1010,3.7,16.25,NA
"30551","20210223:0000",-44.24519,170.11671,"Pukaki",8851,NA,0,"Canterbury",1010,8.6,18.95,NA
"30552","20210224:0000",-44.24519,170.11671,"Pukaki",8851,NA,0,"Canterbury",1010,14.6,22.4,NA
"30553","20210225:0000",-44.24519,170.11671,"Pukaki",8851,NA,0,"Canterbury",1010,11.5,15.4,NA
"30554","20210226:0000",-44.24519,170.11671,"Pukaki",8851,NA,0,"Canterbury",1010,3.2,17.4,NA
"30555","20210227:0000",-44.24519,170.11671,"Pukaki",8851,NA,0,"Canterbury",1010,3.2,18.15,NA
"30556","20210228:0000",-44.24519,170.11671,"Pukaki",8851,NA,0,"Canterbury",1010,5,18.15,NA
"30557","20210301:0000",-44.24519,170.11671,"Pukaki",8851,NA,0,"Canterbury",1010,3.1,18.95,NA
"30558","20210302:0000",-44.24519,170.11671,"Pukaki",8851,NA,0,"Canterbury",1010,6.6,18.9,NA
"30559","20210303:0000",-44.24519,170.11671,"Pukaki",8851,NA,0,"Canterbury",1010,7.6,17.35,NA
"30560","20210304:0000",-44.24519,170.11671,"Pukaki",8851,NA,0,"Canterbury",1010,5.2,14.1,NA
"30561","20210305:0000",-44.24519,170.11671,"Pukaki",8851,NA,0,"Canterbury",1010,20.3,10.95,NA
"30562","20210306:0000",-44.24519,170.11671,"Pukaki",8851,NA,0,"Canterbury",1010,8.9,11.5,NA
"30563","20210307:0000",-44.24519,170.11671,"Pukaki",8851,NA,0,"Canterbury",1010,5.2,11.95,NA
"30564","20210308:0000",-44.24519,170.11671,"Pukaki",8851,NA,0,"Canterbury",1010,6.7,10.65,NA
"30565","20210309:0000",-44.24519,170.11671,"Pukaki",8851,NA,0,"Canterbury",1010,4.5,13.2,NA
"30566","20210310:0000",-44.24519,170.11671,"Pukaki",8851,NA,0,"Canterbury",1010,6.1,13.75,NA
"30567","20210311:0000",-44.24519,170.11671,"Pukaki",8851,NA,0,"Canterbury",1010,10,13.2,NA
"30568","20210312:0000",-44.24519,170.11671,"Pukaki",8851,NA,0,"Canterbury",1010,2.4,11.25,NA
"30569","20210313:0000",-44.24519,170.11671,"Pukaki",8851,NA,0,"Canterbury",1010,5.3,13.4,NA
"30570","20210314:0000",-44.24519,170.11671,"Pukaki",8851,NA,0,"Canterbury",1010,4.4,14.6,NA
"30571","20210315:0000",-44.24519,170.11671,"Pukaki",8851,NA,0,"Canterbury",1010,11,15.65,NA
"30572","20210316:0000",-44.24519,170.11671,"Pukaki",8851,NA,0,"Canterbury",1010,18.2,14.5,NA
"30573","20210317:0000",-44.24519,170.11671,"Pukaki",8851,NA,0,"Canterbury",1010,5.3,10.5,NA
"30574","20210318:0000",-44.24519,170.11671,"Pukaki",8851,NA,0,"Canterbury",1010,3.3,10.3,NA
"30575","20210319:0000",-44.24519,170.11671,"Pukaki",8851,NA,0,"Canterbury",1010,5.7,11.85,NA
"30576","20210320:0000",-44.24519,170.11671,"Pukaki",8851,NA,0,"Canterbury",1010,5.5,11.95,NA
"30577","20210321:0000",-44.24519,170.11671,"Pukaki",8851,NA,0,"Canterbury",1010,4.8,12.25,NA
"30578","20210322:0000",-44.24519,170.11671,"Pukaki",8851,NA,0,"Canterbury",1010,6,13.9,NA
"30579","20210323:0000",-44.24519,170.11671,"Pukaki",8851,NA,0,"Canterbury",1010,6.6,15.15,NA
"30580","20210324:0000",-44.24519,170.11671,"Pukaki",8851,NA,0,"Canterbury",1010,1.5,11.95,NA
"30581","20210325:0000",-44.24519,170.11671,"Pukaki",8851,NA,0,"Canterbury",1010,3.1,12.15,NA
"30582","20210326:0000",-44.24519,170.11671,"Pukaki",8851,NA,0,"Canterbury",1010,4.9,14.25,NA
"30583","20210327:0000",-44.24519,170.11671,"Pukaki",8851,NA,0,"Canterbury",1010,6.1,11.5,NA
"30584","20210328:0000",-44.24519,170.11671,"Pukaki",8851,NA,0,"Canterbury",1010,6.6,16.2,NA
"30585","20210329:0000",-44.24519,170.11671,"Pukaki",8851,NA,0,"Canterbury",1010,7.5,14.95,NA
"30586","20210330:0000",-44.24519,170.11671,"Pukaki",8851,NA,0,"Canterbury",1010,8.6,14.35,NA
"30587","20210331:0000",-44.24519,170.11671,"Pukaki",8851,NA,0,"Canterbury",1010,3.5,13.75,NA
"30588","20210401:0000",-44.24519,170.11671,"Pukaki",8851,NA,0,"Canterbury",1010,10.1,13.5,NA
"30589","20210402:0000",-44.24519,170.11671,"Pukaki",8851,NA,0,"Canterbury",1010,4.2,13.85,NA
"30590","20210403:0000",-44.24519,170.11671,"Pukaki",8851,NA,0,"Canterbury",1010,7.7,8.15,NA
"30591","20210404:0000",-44.24519,170.11671,"Pukaki",8851,NA,0,"Canterbury",1010,23.2,12,NA
"30592","20210405:0000",-44.24519,170.11671,"Pukaki",8851,NA,0,"Canterbury",1010,31,19.85,NA
"30593","20210406:0000",-44.24519,170.11671,"Pukaki",8851,NA,0,"Canterbury",1010,3.1,12.3,NA
"30594","20210407:0000",-44.24519,170.11671,"Pukaki",8851,NA,0,"Canterbury",1010,5.1,11,NA
"30595","20210408:0000",-44.24519,170.11671,"Pukaki",8851,NA,0,"Canterbury",1010,5.4,11.45,NA
"30596","20210409:0000",-44.24519,170.11671,"Pukaki",8851,NA,0,"Canterbury",1010,4.5,11.05,NA
"30597","20210410:0000",-44.24519,170.11671,"Pukaki",8851,NA,0,"Canterbury",1010,3.9,10.9,NA
"30598","20210411:0000",-44.24519,170.11671,"Pukaki",8851,NA,0,"Canterbury",1010,5.6,15.4,NA
"30599","20210412:0000",-44.24519,170.11671,"Pukaki",8851,NA,0,"Canterbury",1010,5.2,8.7,NA
"30600","20210413:0000",-44.24519,170.11671,"Pukaki",8851,NA,0,"Canterbury",1010,8.3,9.05,NA
"30601","20210414:0000",-44.24519,170.11671,"Pukaki",8851,NA,0,"Canterbury",1010,4.4,11.25,NA
"30602","20210415:0000",-44.24519,170.11671,"Pukaki",8851,NA,0,"Canterbury",1010,5.4,NA,NA
"30603","20210416:0000",-44.24519,170.11671,"Pukaki",8851,NA,0,"Canterbury",1010,NA,NA,NA
"30604","20210417:0000",-44.24519,170.11671,"Pukaki",8851,NA,0,"Canterbury",1010,5.5,6.8,NA
"30605","20210418:0000",-44.24519,170.11671,"Pukaki",8851,NA,0,"Canterbury",1010,5.7,9.65,NA
"30606","20210419:0000",-44.24519,170.11671,"Pukaki",8851,NA,0,"Canterbury",1010,14.2,14,NA
"30607","20210420:0000",-44.24519,170.11671,"Pukaki",8851,NA,0,"Canterbury",1010,3.3,9.1,NA
"30608","20210421:0000",-44.24519,170.11671,"Pukaki",8851,NA,0,"Canterbury",1010,6.5,9.25,NA
"30609","20210422:0000",-44.24519,170.11671,"Pukaki",8851,NA,0,"Canterbury",1010,4.4,9.15,NA
"30610","20210423:0000",-44.24519,170.11671,"Pukaki",8851,NA,0,"Canterbury",1010,9.3,11.8,NA
"30611","20210424:0000",-44.24519,170.11671,"Pukaki",8851,NA,0,"Canterbury",1010,6.5,9.6,NA
"30612","20210425:0000",-44.24519,170.11671,"Pukaki",8851,NA,0,"Canterbury",1010,7.7,6.65,NA
"30613","20210426:0000",-44.24519,170.11671,"Pukaki",8851,NA,0,"Canterbury",1010,7.4,5.3,NA
"30614","20210427:0000",-44.24519,170.11671,"Pukaki",8851,NA,0,"Canterbury",1010,4.1,3.8,NA
"30615","20210428:0000",-44.24519,170.11671,"Pukaki",8851,NA,0,"Canterbury",1010,3,4,NA
"30616","20210429:0000",-44.24519,170.11671,"Pukaki",8851,NA,0,"Canterbury",1010,3,7.25,NA
"30617","20210430:0000",-44.24519,170.11671,"Pukaki",8851,NA,0,"Canterbury",1010,5.8,11.8,NA
"30618","20210501:0000",-44.24519,170.11671,"Pukaki",8851,NA,0,"Canterbury",1010,7.9,6.25,NA
"30619","20210502:0000",-44.24519,170.11671,"Pukaki",8851,NA,0,"Canterbury",1010,5.3,4.95,NA
"30620","20210503:0000",-44.24519,170.11671,"Pukaki",8851,NA,0,"Canterbury",1010,5.7,5.35,NA
"30621","20210504:0000",-44.24519,170.11671,"Pukaki",8851,NA,0,"Canterbury",1010,6.3,8.1,NA
"30622","20210505:0000",-44.24519,170.11671,"Pukaki",8851,NA,0,"Canterbury",1010,6.1,11.9,NA
"30623","20210506:0000",-44.24519,170.11671,"Pukaki",8851,NA,0,"Canterbury",1010,6.3,7.15,NA
"30624","20210507:0000",-44.24519,170.11671,"Pukaki",8851,NA,0,"Canterbury",1010,3.9,4.7,NA
"30625","20210508:0000",-44.24519,170.11671,"Pukaki",8851,NA,0,"Canterbury",1010,5.7,5.65,NA
"30626","20210509:0000",-44.24519,170.11671,"Pukaki",8851,NA,0,"Canterbury",1010,5.5,10.55,NA
"30627","20210510:0000",-44.24519,170.11671,"Pukaki",8851,NA,0,"Canterbury",1010,2.3,10.75,NA
"30628","20210511:0000",-44.24519,170.11671,"Pukaki",8851,NA,0,"Canterbury",1010,3.5,11.45,NA
"30629","20210512:0000",-44.24519,170.11671,"Pukaki",8851,NA,0,"Canterbury",1010,6.6,4.8,NA
"30630","20210513:0000",-44.24519,170.11671,"Pukaki",8851,NA,0,"Canterbury",1010,5.7,1.95,NA
"30631","20210514:0000",-44.24519,170.11671,"Pukaki",8851,NA,0,"Canterbury",1010,3.4,2.5,NA
"30632","20210515:0000",-44.24519,170.11671,"Pukaki",8851,NA,0,"Canterbury",1010,10.1,7.1,NA
"30633","20210516:0000",-44.24519,170.11671,"Pukaki",8851,NA,0,"Canterbury",1010,7.2,5.9,NA
"30634","20210517:0000",-44.24519,170.11671,"Pukaki",8851,NA,0,"Canterbury",1010,5.3,3.95,NA
"30635","20210518:0000",-44.24519,170.11671,"Pukaki",8851,NA,0,"Canterbury",1010,31.2,4.55,NA
"30636","20210519:0000",-44.24519,170.11671,"Pukaki",8851,NA,0,"Canterbury",1010,7.7,8.35,NA
"30637","20210520:0000",-44.24519,170.11671,"Pukaki",8851,NA,0,"Canterbury",1010,5.2,7.7,NA
"30638","20210521:0000",-44.24519,170.11671,"Pukaki",8851,NA,0,"Canterbury",1010,20.7,9.15,NA
"30639","20210522:0000",-44.24519,170.11671,"Pukaki",8851,NA,0,"Canterbury",1010,6.1,3.7,NA
"30640","20210523:0000",-44.24519,170.11671,"Pukaki",8851,NA,0,"Canterbury",1010,5.6,2.4,NA
"30641","20210524:0000",-44.24519,170.11671,"Pukaki",8851,NA,0,"Canterbury",1010,7.3,4.15,NA
"30642","20210525:0000",-44.24519,170.11671,"Pukaki",8851,NA,0,"Canterbury",1010,8.6,1.85,NA
"30643","20210526:0000",-44.24519,170.11671,"Pukaki",8851,NA,0,"Canterbury",1010,2,-3.45,NA
"30644","20210527:0000",-44.24519,170.11671,"Pukaki",8851,NA,0,"Canterbury",1010,1.9,-2.75,NA
"30645","20210528:0000",-44.24519,170.11671,"Pukaki",8851,NA,0,"Canterbury",1010,5.9,2.6,NA
"30646","20210529:0000",-44.24519,170.11671,"Pukaki",8851,NA,0,"Canterbury",1010,5.1,4.15,NA
"30647","20210530:0000",-44.24519,170.11671,"Pukaki",8851,NA,0,"Canterbury",1010,6.2,6.85,NA
"30648","20210531:0000",-44.24519,170.11671,"Pukaki",8851,NA,0,"Canterbury",1010,5.5,8.9,NA
"30649","20210601:0000",-44.24519,170.11671,"Pukaki",8851,NA,0,"Canterbury",1010,5.9,6.15,NA
"30650","20210602:0000",-44.24519,170.11671,"Pukaki",8851,NA,0,"Canterbury",1010,5.5,5.45,NA
"30651","20210603:0000",-44.24519,170.11671,"Pukaki",8851,NA,0,"Canterbury",1010,5,3.8,NA
"30652","20210604:0000",-44.24519,170.11671,"Pukaki",8851,NA,0,"Canterbury",1010,4.3,4.35,NA
"30653","20210605:0000",-44.24519,170.11671,"Pukaki",8851,NA,0,"Canterbury",1010,6.2,6.4,NA
"30654","20210606:0000",-44.24519,170.11671,"Pukaki",8851,NA,0,"Canterbury",1010,11.9,4.8,NA
"30655","20210607:0000",-44.24519,170.11671,"Pukaki",8851,NA,0,"Canterbury",1010,3.9,7.35,NA
"30656","20210608:0000",-44.24519,170.11671,"Pukaki",8851,NA,0,"Canterbury",1010,4,6.6,NA
"30657","20210609:0000",-44.24519,170.11671,"Pukaki",8851,NA,0,"Canterbury",1010,3.5,4.35,NA
"30658","20210610:0000",-44.24519,170.11671,"Pukaki",8851,NA,0,"Canterbury",1010,2.8,3.1,NA
"30659","20210611:0000",-44.24519,170.11671,"Pukaki",8851,NA,0,"Canterbury",1010,2.4,2.2,NA
"30660","20210612:0000",-44.24519,170.11671,"Pukaki",8851,NA,0,"Canterbury",1010,4.5,2.45,NA
"30661","20210613:0000",-44.24519,170.11671,"Pukaki",8851,NA,0,"Canterbury",1010,3.2,3.55,NA
"30662","20210614:0000",-44.24519,170.11671,"Pukaki",8851,NA,0,"Canterbury",1010,3.5,5.85,NA
"30663","20210615:0000",-44.24519,170.11671,"Pukaki",8851,NA,0,"Canterbury",1010,6.7,8.4,NA
"30664","20210616:0000",-44.24519,170.11671,"Pukaki",8851,NA,0,"Canterbury",1010,2,7.45,NA
"30665","20210617:0000",-44.24519,170.11671,"Pukaki",8851,NA,0,"Canterbury",1010,7.5,4.65,NA
"30666","20210618:0000",-44.24519,170.11671,"Pukaki",8851,NA,0,"Canterbury",1010,4.9,2.65,NA
"30667","20210619:0000",-44.24519,170.11671,"Pukaki",8851,NA,0,"Canterbury",1010,4.4,2.45,NA
"30668","20210620:0000",-44.24519,170.11671,"Pukaki",8851,NA,0,"Canterbury",1010,2.9,2.25,NA
"30669","20210621:0000",-44.24519,170.11671,"Pukaki",8851,NA,0,"Canterbury",1010,4,5.55,NA
"30670","20210622:0000",-44.24519,170.11671,"Pukaki",8851,NA,0,"Canterbury",1010,5.9,3.05,NA
"30671","20210623:0000",-44.24519,170.11671,"Pukaki",8851,NA,0,"Canterbury",1010,5.9,1.85,NA
"30672","20210624:0000",-44.24519,170.11671,"Pukaki",8851,NA,0,"Canterbury",1010,4,5.05,NA
"30673","20210625:0000",-44.24519,170.11671,"Pukaki",8851,NA,0,"Canterbury",1010,20,7.1,NA
"30674","20210626:0000",-44.24519,170.11671,"Pukaki",8851,NA,0,"Canterbury",1010,6,8.85,NA
"30675","20210627:0000",-44.24519,170.11671,"Pukaki",8851,NA,0,"Canterbury",1010,7.7,6.1,NA
"30676","20210628:0000",-44.24519,170.11671,"Pukaki",8851,NA,0,"Canterbury",1010,15.7,4.05,NA
"30677","20210629:0000",-44.24519,170.11671,"Pukaki",8851,NA,0,"Canterbury",1010,10.9,1.9,NA
"30678","20210630:0000",-44.24519,170.11671,"Pukaki",8851,NA,0,"Canterbury",1010,5.9,2.3,NA
"30679","20210701:0000",-44.24519,170.11671,"Pukaki",8851,NA,0,"Canterbury",1010,6.1,0.65,NA
"30680","20210702:0000",-44.24519,170.11671,"Pukaki",8851,NA,0,"Canterbury",1010,3.7,-2.9,NA
"30681","20210703:0000",-44.24519,170.11671,"Pukaki",8851,NA,0,"Canterbury",1010,1.9,-3.55,NA
"30682","20210704:0000",-44.24519,170.11671,"Pukaki",8851,NA,0,"Canterbury",1010,2.2,-4.1,NA
"30683","20210705:0000",-44.24519,170.11671,"Pukaki",8851,NA,0,"Canterbury",1010,4.8,2.95,NA
"30684","20210706:0000",-44.24519,170.11671,"Pukaki",8851,NA,0,"Canterbury",1010,34.9,4.4,NA
"30685","20210707:0000",-44.24519,170.11671,"Pukaki",8851,NA,0,"Canterbury",1010,12.5,5.15,NA
"30686","20210708:0000",-44.24519,170.11671,"Pukaki",8851,NA,0,"Canterbury",1010,6.1,2.45,NA
"30687","20210709:0000",-44.24519,170.11671,"Pukaki",8851,NA,0,"Canterbury",1010,5.4,1.6,NA
"30688","20210710:0000",-44.24519,170.11671,"Pukaki",8851,NA,0,"Canterbury",1010,11.7,2,NA
"30689","20210711:0000",-44.24519,170.11671,"Pukaki",8851,NA,0,"Canterbury",1010,9.2,1.1,NA
"30690","20210712:0000",-44.24519,170.11671,"Pukaki",8851,NA,0,"Canterbury",1010,5.1,-0.65,NA
"30691","20210713:0000",-44.24519,170.11671,"Pukaki",8851,NA,0,"Canterbury",1010,8.1,0.35,NA
"30692","20210714:0000",-44.24519,170.11671,"Pukaki",8851,NA,0,"Canterbury",1010,3.1,1.15,NA
"30693","20210715:0000",-44.24519,170.11671,"Pukaki",8851,NA,0,"Canterbury",1010,4.9,1.7,NA
"30694","20210716:0000",-44.24519,170.11671,"Pukaki",8851,NA,0,"Canterbury",1010,6.7,2.8,NA
"30695","20210717:0000",-44.24519,170.11671,"Pukaki",8851,NA,0,"Canterbury",1010,4.2,4.75,NA
"30696","20210718:0000",-44.24519,170.11671,"Pukaki",8851,NA,0,"Canterbury",1010,3,4.2,NA
"30697","20210719:0000",-44.24519,170.11671,"Pukaki",8851,NA,0,"Canterbury",1010,4.3,5.9,NA
"30698","20210720:0000",-44.24519,170.11671,"Pukaki",8851,NA,0,"Canterbury",1010,3.6,0.55,NA
"30699","20210721:0000",-44.24519,170.11671,"Pukaki",8851,NA,0,"Canterbury",1010,3.4,2,NA
"30700","20210722:0000",-44.24519,170.11671,"Pukaki",8851,NA,0,"Canterbury",1010,7.1,3.05,NA
"30701","20210723:0000",-44.24519,170.11671,"Pukaki",8851,NA,0,"Canterbury",1010,4.6,-0.15,NA
"30702","20210724:0000",-44.24519,170.11671,"Pukaki",8851,NA,0,"Canterbury",1010,3.1,-0.85,NA
"30703","20210725:0000",-44.24519,170.11671,"Pukaki",8851,NA,0,"Canterbury",1010,4.1,1.4,NA
"30704","20210726:0000",-44.24519,170.11671,"Pukaki",8851,NA,0,"Canterbury",1010,5.2,4.05,NA
"30705","20210727:0000",-44.24519,170.11671,"Pukaki",8851,NA,0,"Canterbury",1010,10,7.05,NA
"30706","20210728:0000",-44.24519,170.11671,"Pukaki",8851,NA,0,"Canterbury",1010,3.6,3.65,NA
"30707","20210729:0000",-44.24519,170.11671,"Pukaki",8851,NA,0,"Canterbury",1010,4.9,2.85,NA
"30708","20210730:0000",-44.24519,170.11671,"Pukaki",8851,NA,0,"Canterbury",1010,3.3,0.95,NA
"30709","20210731:0000",-44.24519,170.11671,"Pukaki",8851,NA,0,"Canterbury",1010,5.3,5,NA
"30710","20210801:0000",-44.24519,170.11671,"Pukaki",8851,NA,0,"Canterbury",1010,2,3.4,NA
"30711","20210802:0000",-44.24519,170.11671,"Pukaki",8851,NA,0,"Canterbury",1010,5.7,4.3,NA
"30712","20210803:0000",-44.24519,170.11671,"Pukaki",8851,NA,0,"Canterbury",1010,18.3,6.25,NA
"30713","20210804:0000",-44.24519,170.11671,"Pukaki",8851,NA,0,"Canterbury",1010,7.1,0.55,NA
"30714","20210805:0000",-44.24519,170.11671,"Pukaki",8851,NA,0,"Canterbury",1010,5.1,2.8,NA
"30715","20210806:0000",-44.24519,170.11671,"Pukaki",8851,NA,0,"Canterbury",1010,3.5,3,NA
"30716","20210807:0000",-44.24519,170.11671,"Pukaki",8851,NA,0,"Canterbury",1010,9.9,4.05,NA
"30717","20210808:0000",-44.24519,170.11671,"Pukaki",8851,NA,0,"Canterbury",1010,4.6,0.4,NA
"30718","20210809:0000",-44.24519,170.11671,"Pukaki",8851,NA,0,"Canterbury",1010,5.3,-1.3,NA
"30719","20210810:0000",-44.24519,170.11671,"Pukaki",8851,NA,0,"Canterbury",1010,4.8,0.55,NA
"30720","20210811:0000",-44.24519,170.11671,"Pukaki",8851,NA,0,"Canterbury",1010,5.7,5.8,NA
"30721","20210812:0000",-44.24519,170.11671,"Pukaki",8851,NA,0,"Canterbury",1010,10.9,7.65,NA
"30722","20210813:0000",-44.24519,170.11671,"Pukaki",8851,NA,0,"Canterbury",1010,6.2,7.15,NA
"30723","20210814:0000",-44.24519,170.11671,"Pukaki",8851,NA,0,"Canterbury",1010,4.6,5.5,NA
"30724","20210815:0000",-44.24519,170.11671,"Pukaki",8851,NA,0,"Canterbury",1010,5.6,5.35,NA
"30725","20210816:0000",-44.24519,170.11671,"Pukaki",8851,NA,0,"Canterbury",1010,8.9,7.45,NA
"30726","20210817:0000",-44.24519,170.11671,"Pukaki",8851,NA,0,"Canterbury",1010,11.9,4.15,NA
"30727","20210818:0000",-44.24519,170.11671,"Pukaki",8851,NA,0,"Canterbury",1010,8,4.25,NA
"30728","20210819:0000",-44.24519,170.11671,"Pukaki",8851,NA,0,"Canterbury",1010,4.8,5,NA
"30729","20210820:0000",-44.24519,170.11671,"Pukaki",8851,NA,0,"Canterbury",1010,10.1,4.55,NA
"30730","20210821:0000",-44.24519,170.11671,"Pukaki",8851,NA,0,"Canterbury",1010,4.2,1.4,NA
"30731","20210822:0000",-44.24519,170.11671,"Pukaki",8851,NA,0,"Canterbury",1010,8.3,5.15,NA
"30732","20210823:0000",-44.24519,170.11671,"Pukaki",8851,NA,0,"Canterbury",1010,5.8,7.15,NA
"30733","20210824:0000",-44.24519,170.11671,"Pukaki",8851,NA,0,"Canterbury",1010,10.3,10.65,NA
"30734","20210825:0000",-44.24519,170.11671,"Pukaki",8851,NA,0,"Canterbury",1010,5.8,10.55,NA
"30735","20210826:0000",-44.24519,170.11671,"Pukaki",8851,NA,0,"Canterbury",1010,6.3,5.1,NA
"30736","20210827:0000",-44.24519,170.11671,"Pukaki",8851,NA,0,"Canterbury",1010,6.5,7.8,NA
"30737","20210828:0000",-44.24519,170.11671,"Pukaki",8851,NA,0,"Canterbury",1010,2,8.4,NA
"30738","20210829:0000",-44.24519,170.11671,"Pukaki",8851,NA,0,"Canterbury",1010,2.6,9.4,NA
"30739","20210830:0000",-44.24519,170.11671,"Pukaki",8851,NA,0,"Canterbury",1010,5.5,6.15,NA
"30740","20210831:0000",-44.24519,170.11671,"Pukaki",8851,NA,0,"Canterbury",1010,3.7,2.3,NA
"30741","20210901:0000",-44.24519,170.11671,"Pukaki",8851,NA,0,"Canterbury",1010,3.2,4.15,NA
"30742","20210902:0000",-44.24519,170.11671,"Pukaki",8851,NA,0,"Canterbury",1010,3.3,7.15,NA
"30743","20210903:0000",-44.24519,170.11671,"Pukaki",8851,NA,0,"Canterbury",1010,3.5,6.8,NA
"30744","20210904:0000",-44.24519,170.11671,"Pukaki",8851,NA,0,"Canterbury",1010,3.9,8.15,NA
"30745","20210905:0000",-44.24519,170.11671,"Pukaki",8851,NA,0,"Canterbury",1010,12.3,10.35,NA
"30746","20210906:0000",-44.24519,170.11671,"Pukaki",8851,NA,0,"Canterbury",1010,8.7,7.6,NA
"30747","20210907:0000",-44.24519,170.11671,"Pukaki",8851,NA,0,"Canterbury",1010,5.4,8.9,NA
"30748","20210908:0000",-44.24519,170.11671,"Pukaki",8851,NA,0,"Canterbury",1010,15.7,5.85,NA
"30749","20210909:0000",-44.24519,170.11671,"Pukaki",8851,NA,0,"Canterbury",1010,21.3,7.9,NA
"30750","20210910:0000",-44.24519,170.11671,"Pukaki",8851,NA,0,"Canterbury",1010,8.5,11.15,NA
"30751","20210911:0000",-44.24519,170.11671,"Pukaki",8851,NA,0,"Canterbury",1010,6.2,6.4,NA
"30752","20210912:0000",-44.24519,170.11671,"Pukaki",8851,NA,0,"Canterbury",1010,10.7,8.65,NA
"30753","20210913:0000",-44.24519,170.11671,"Pukaki",8851,NA,0,"Canterbury",1010,17.3,10.45,NA
"30754","20210914:0000",-44.24519,170.11671,"Pukaki",8851,NA,0,"Canterbury",1010,12.6,5.25,NA
"30755","20210915:0000",-44.24519,170.11671,"Pukaki",8851,NA,0,"Canterbury",1010,4.7,3.7,NA
"30756","20210916:0000",-44.24519,170.11671,"Pukaki",8851,NA,0,"Canterbury",1010,6,3.85,NA
"30757","20210917:0000",-44.24519,170.11671,"Pukaki",8851,NA,0,"Canterbury",1010,13.2,5.75,NA
"30758","20210918:0000",-44.24519,170.11671,"Pukaki",8851,NA,0,"Canterbury",1010,2.7,3.9,NA
"30759","20210919:0000",-44.24519,170.11671,"Pukaki",8851,NA,0,"Canterbury",1010,3.2,6.15,NA
"30760","20210920:0000",-44.24519,170.11671,"Pukaki",8851,NA,0,"Canterbury",1010,5.6,7.85,NA
"30761","20210921:0000",-44.24519,170.11671,"Pukaki",8851,NA,0,"Canterbury",1010,43,8.15,NA
"30762","20210922:0000",-44.24519,170.11671,"Pukaki",8851,NA,0,"Canterbury",1010,4.1,7.8,NA
"30763","20210923:0000",-44.24519,170.11671,"Pukaki",8851,NA,0,"Canterbury",1010,4.5,8.9,NA
"30764","20210924:0000",-44.24519,170.11671,"Pukaki",8851,NA,0,"Canterbury",1010,21.4,10.05,NA
"30765","20210925:0000",-44.24519,170.11671,"Pukaki",8851,NA,0,"Canterbury",1010,17.5,9.1,NA
"30766","20210926:0000",-44.24519,170.11671,"Pukaki",8851,NA,0,"Canterbury",1010,6.6,4.65,NA
"30767","20210927:0000",-44.24519,170.11671,"Pukaki",8851,NA,0,"Canterbury",1010,2.2,5.6,NA
"30768","20210928:0000",-44.24519,170.11671,"Pukaki",8851,NA,0,"Canterbury",1010,3.4,5.25,NA
"30769","20210929:0000",-44.24519,170.11671,"Pukaki",8851,NA,0,"Canterbury",1010,3.7,7.4,NA
"30770","20210930:0000",-44.24519,170.11671,"Pukaki",8851,NA,0,"Canterbury",1010,10.1,6.7,NA
"30771","20211001:0000",-44.24519,170.11671,"Pukaki",8851,NA,0,"Canterbury",1010,4.3,9.4,NA
"30772","20211002:0000",-44.24519,170.11671,"Pukaki",8851,NA,0,"Canterbury",1010,3.4,10.65,NA
"30773","20211003:0000",-44.24519,170.11671,"Pukaki",8851,NA,0,"Canterbury",1010,4.9,9.65,NA
"30774","20211004:0000",-44.24519,170.11671,"Pukaki",8851,NA,0,"Canterbury",1010,2,8.7,NA
"30775","20211005:0000",-44.24519,170.11671,"Pukaki",8851,NA,0,"Canterbury",1010,3.3,10.8,NA
"30776","20211006:0000",-44.24519,170.11671,"Pukaki",8851,NA,0,"Canterbury",1010,3.2,11,NA
"30777","20211007:0000",-44.24519,170.11671,"Pukaki",8851,NA,0,"Canterbury",1010,4.9,11.4,NA
"30778","20211008:0000",-44.24519,170.11671,"Pukaki",8851,NA,0,"Canterbury",1010,4.8,10.45,NA
"30779","20211009:0000",-44.24519,170.11671,"Pukaki",8851,NA,0,"Canterbury",1010,10.9,10.6,NA
"30780","20211010:0000",-44.24519,170.11671,"Pukaki",8851,NA,0,"Canterbury",1010,6.2,9.85,NA
"30781","20211011:0000",-44.24519,170.11671,"Pukaki",8851,NA,0,"Canterbury",1010,4.1,9.95,NA
"30782","20211012:0000",-44.24519,170.11671,"Pukaki",8851,NA,0,"Canterbury",1010,17.2,5.3,NA
"30783","20211013:0000",-44.24519,170.11671,"Pukaki",8851,NA,0,"Canterbury",1010,17.9,7,NA
"30784","20211014:0000",-44.24519,170.11671,"Pukaki",8851,NA,0,"Canterbury",1010,5.1,5.75,NA
"30785","20211015:0000",-44.24519,170.11671,"Pukaki",8851,NA,0,"Canterbury",1010,6,8.95,NA
"30786","20211016:0000",-44.24519,170.11671,"Pukaki",8851,NA,0,"Canterbury",1010,3.3,7.55,NA
"30787","20211017:0000",-44.24519,170.11671,"Pukaki",8851,NA,0,"Canterbury",1010,11.7,8.85,NA
"30788","20211018:0000",-44.24519,170.11671,"Pukaki",8851,NA,0,"Canterbury",1010,3.8,11.55,NA
"30789","20211019:0000",-44.24519,170.11671,"Pukaki",8851,NA,0,"Canterbury",1010,32.8,11.85,NA
"30790","20211020:0000",-44.24519,170.11671,"Pukaki",8851,NA,0,"Canterbury",1010,6.2,8.4,NA
"30791","20211021:0000",-44.24519,170.11671,"Pukaki",8851,NA,0,"Canterbury",1010,4.9,7.7,NA
"30792","20211022:0000",-44.24519,170.11671,"Pukaki",8851,NA,0,"Canterbury",1010,2.4,13.2,NA
"30793","20211023:0000",-44.24519,170.11671,"Pukaki",8851,NA,0,"Canterbury",1010,2.9,12.25,NA
"30794","20211024:0000",-44.24519,170.11671,"Pukaki",8851,NA,0,"Canterbury",1010,4.6,15.55,NA
"30795","20211025:0000",-44.24519,170.11671,"Pukaki",8851,NA,0,"Canterbury",1010,3.6,15.7,NA
"30796","20211026:0000",-44.24519,170.11671,"Pukaki",8851,NA,0,"Canterbury",1010,3,15,NA
"30797","20211027:0000",-44.24519,170.11671,"Pukaki",8851,NA,0,"Canterbury",1010,2.6,13.9,NA
"30798","20211028:0000",-44.24519,170.11671,"Pukaki",8851,NA,0,"Canterbury",1010,5.3,12.8,NA
"30799","20211029:0000",-44.24519,170.11671,"Pukaki",8851,NA,0,"Canterbury",1010,5.8,11.35,NA
"30800","20211030:0000",-44.24519,170.11671,"Pukaki",8851,NA,0,"Canterbury",1010,5,13.5,NA
"30801","20180101:0000",-44.63466,170.64731,"Hakataramea Valley",486,NA,0,"Canterbury",1010,2.5,17.45,NA
"30802","20180102:0000",-44.63466,170.64731,"Hakataramea Valley",486,NA,0,"Canterbury",1010,2.2,18.35,NA
"30803","20180103:0000",-44.63466,170.64731,"Hakataramea Valley",486,NA,0,"Canterbury",1010,2.5,19.9,NA
"30804","20180104:0000",-44.63466,170.64731,"Hakataramea Valley",486,NA,0,"Canterbury",1010,5,20.2,NA
"30805","20180105:0000",-44.63466,170.64731,"Hakataramea Valley",486,NA,0,"Canterbury",1010,4,14.7,NA
"30806","20180106:0000",-44.63466,170.64731,"Hakataramea Valley",486,NA,0,"Canterbury",1010,27.7,14.35,NA
"30807","20180107:0000",-44.63466,170.64731,"Hakataramea Valley",486,NA,0,"Canterbury",1010,3.6,13.75,NA
"30808","20180108:0000",-44.63466,170.64731,"Hakataramea Valley",486,NA,0,"Canterbury",1010,3.2,17.95,NA
"30809","20180109:0000",-44.63466,170.64731,"Hakataramea Valley",486,NA,0,"Canterbury",1010,5,19.3,NA
"30810","20180110:0000",-44.63466,170.64731,"Hakataramea Valley",486,NA,0,"Canterbury",1010,4.7,14,NA
"30811","20180111:0000",-44.63466,170.64731,"Hakataramea Valley",486,NA,0,"Canterbury",1010,1.8,13.4,NA
"30812","20180112:0000",-44.63466,170.64731,"Hakataramea Valley",486,NA,0,"Canterbury",1010,3.2,14.25,NA
"30813","20180113:0000",-44.63466,170.64731,"Hakataramea Valley",486,NA,0,"Canterbury",1010,6.1,17.7,NA
"30814","20180114:0000",-44.63466,170.64731,"Hakataramea Valley",486,NA,0,"Canterbury",1010,3.6,21.35,NA
"30815","20180115:0000",-44.63466,170.64731,"Hakataramea Valley",486,NA,0,"Canterbury",1010,3.6,22.45,NA
"30816","20180116:0000",-44.63466,170.64731,"Hakataramea Valley",486,NA,0,"Canterbury",1010,7.6,22.8,NA
"30817","20180117:0000",-44.63466,170.64731,"Hakataramea Valley",486,NA,0,"Canterbury",1010,4.3,21.2,NA
"30818","20180118:0000",-44.63466,170.64731,"Hakataramea Valley",486,NA,0,"Canterbury",1010,2.9,19.15,NA
"30819","20180119:0000",-44.63466,170.64731,"Hakataramea Valley",486,NA,0,"Canterbury",1010,3.6,20.65,NA
"30820","20180120:0000",-44.63466,170.64731,"Hakataramea Valley",486,NA,0,"Canterbury",1010,5,22.35,NA
"30821","20180121:0000",-44.63466,170.64731,"Hakataramea Valley",486,NA,0,"Canterbury",1010,2.2,18.9,NA
"30822","20180122:0000",-44.63466,170.64731,"Hakataramea Valley",486,NA,0,"Canterbury",1010,2.2,21.2,NA
"30823","20180123:0000",-44.63466,170.64731,"Hakataramea Valley",486,NA,0,"Canterbury",1010,2.5,23.05,NA
"30824","20180124:0000",-44.63466,170.64731,"Hakataramea Valley",486,NA,0,"Canterbury",1010,4,23.35,NA
"30825","20180125:0000",-44.63466,170.64731,"Hakataramea Valley",486,NA,0,"Canterbury",1010,5,22.4,NA
"30826","20180126:0000",-44.63466,170.64731,"Hakataramea Valley",486,NA,0,"Canterbury",1010,5,20.25,NA
"30827","20180127:0000",-44.63466,170.64731,"Hakataramea Valley",486,NA,0,"Canterbury",1010,4,20.8,NA
"30828","20180128:0000",-44.63466,170.64731,"Hakataramea Valley",486,NA,0,"Canterbury",1010,4,20.3,NA
"30829","20180129:0000",-44.63466,170.64731,"Hakataramea Valley",486,NA,0,"Canterbury",1010,3.6,24.65,NA
"30830","20180130:0000",-44.63466,170.64731,"Hakataramea Valley",486,NA,0,"Canterbury",1010,3.2,25,NA
"30831","20180131:0000",-44.63466,170.64731,"Hakataramea Valley",486,NA,0,"Canterbury",1010,4.3,21.95,NA
"30832","20180201:0000",-44.63466,170.64731,"Hakataramea Valley",486,NA,0,"Canterbury",1010,8.6,16.25,NA
"30833","20180202:0000",-44.63466,170.64731,"Hakataramea Valley",486,NA,0,"Canterbury",1010,8.6,12.8,NA
"30834","20180203:0000",-44.63466,170.64731,"Hakataramea Valley",486,NA,0,"Canterbury",1010,3.6,13.05,NA
"30835","20180204:0000",-44.63466,170.64731,"Hakataramea Valley",486,NA,0,"Canterbury",1010,2.2,15.05,NA
"30836","20180205:0000",-44.63466,170.64731,"Hakataramea Valley",486,NA,0,"Canterbury",1010,5.8,16.35,NA
"30837","20180206:0000",-44.63466,170.64731,"Hakataramea Valley",486,NA,0,"Canterbury",1010,11.5,13,NA
"30838","20180207:0000",-44.63466,170.64731,"Hakataramea Valley",486,NA,0,"Canterbury",1010,2.2,12.9,NA
"30839","20180208:0000",-44.63466,170.64731,"Hakataramea Valley",486,NA,0,"Canterbury",1010,1.4,16.2,NA
"30840","20180209:0000",-44.63466,170.64731,"Hakataramea Valley",486,NA,0,"Canterbury",1010,4.3,15.2,NA
"30841","20180210:0000",-44.63466,170.64731,"Hakataramea Valley",486,NA,0,"Canterbury",1010,3.2,17.75,NA
"30842","20180211:0000",-44.63466,170.64731,"Hakataramea Valley",486,NA,0,"Canterbury",1010,4,16.35,NA
"30843","20180212:0000",-44.63466,170.64731,"Hakataramea Valley",486,NA,0,"Canterbury",1010,2.2,20.15,NA
"30844","20180213:0000",-44.63466,170.64731,"Hakataramea Valley",486,NA,0,"Canterbury",1010,2.9,19.5,NA
"30845","20180214:0000",-44.63466,170.64731,"Hakataramea Valley",486,NA,0,"Canterbury",1010,5.8,16.8,NA
"30846","20180215:0000",-44.63466,170.64731,"Hakataramea Valley",486,NA,0,"Canterbury",1010,4.7,19.65,NA
"30847","20180216:0000",-44.63466,170.64731,"Hakataramea Valley",486,NA,0,"Canterbury",1010,4.7,18.05,NA
"30848","20180217:0000",-44.63466,170.64731,"Hakataramea Valley",486,NA,0,"Canterbury",1010,5.8,18.85,NA
"30849","20180218:0000",-44.63466,170.64731,"Hakataramea Valley",486,NA,0,"Canterbury",1010,2.5,17.1,NA
"30850","20180219:0000",-44.63466,170.64731,"Hakataramea Valley",486,NA,0,"Canterbury",1010,9.4,13.95,NA
"30851","20180220:0000",-44.63466,170.64731,"Hakataramea Valley",486,NA,0,"Canterbury",1010,2.2,9.1,NA
"30852","20180221:0000",-44.63466,170.64731,"Hakataramea Valley",486,NA,0,"Canterbury",1010,10.8,8.35,NA
"30853","20180222:0000",-44.63466,170.64731,"Hakataramea Valley",486,NA,0,"Canterbury",1010,2.9,12,NA
"30854","20180223:0000",-44.63466,170.64731,"Hakataramea Valley",486,NA,0,"Canterbury",1010,5.8,15.55,NA
"30855","20180224:0000",-44.63466,170.64731,"Hakataramea Valley",486,NA,0,"Canterbury",1010,2.2,14.7,NA
"30856","20180225:0000",-44.63466,170.64731,"Hakataramea Valley",486,NA,0,"Canterbury",1010,22.3,17.7,NA
"30857","20180226:0000",-44.63466,170.64731,"Hakataramea Valley",486,NA,0,"Canterbury",1010,10.8,13.8,NA
"30858","20180227:0000",-44.63466,170.64731,"Hakataramea Valley",486,NA,0,"Canterbury",1010,2.2,12.55,NA
"30859","20180228:0000",-44.63466,170.64731,"Hakataramea Valley",486,NA,0,"Canterbury",1010,2.2,16.95,NA
"30860","20180301:0000",-44.63466,170.64731,"Hakataramea Valley",486,NA,0,"Canterbury",1010,1.8,18.6,NA
"30861","20180302:0000",-44.63466,170.64731,"Hakataramea Valley",486,NA,0,"Canterbury",1010,3.2,20.55,NA
"30862","20180303:0000",-44.63466,170.64731,"Hakataramea Valley",486,NA,0,"Canterbury",1010,3.2,20.3,NA
"30863","20180304:0000",-44.63466,170.64731,"Hakataramea Valley",486,NA,0,"Canterbury",1010,4.3,20.25,NA
"30864","20180305:0000",-44.63466,170.64731,"Hakataramea Valley",486,NA,0,"Canterbury",1010,7.6,18.1,NA
"30865","20180306:0000",-44.63466,170.64731,"Hakataramea Valley",486,NA,0,"Canterbury",1010,8.3,12.35,NA
"30866","20180307:0000",-44.63466,170.64731,"Hakataramea Valley",486,NA,0,"Canterbury",1010,1.4,11.6,NA
"30867","20180308:0000",-44.63466,170.64731,"Hakataramea Valley",486,NA,0,"Canterbury",1010,4,13.3,NA
"30868","20180309:0000",-44.63466,170.64731,"Hakataramea Valley",486,NA,0,"Canterbury",1010,10.8,10.6,NA
"30869","20180310:0000",-44.63466,170.64731,"Hakataramea Valley",486,NA,0,"Canterbury",1010,2.5,11.65,NA
"30870","20180311:0000",-44.63466,170.64731,"Hakataramea Valley",486,NA,0,"Canterbury",1010,2.9,15.35,NA
"30871","20180312:0000",-44.63466,170.64731,"Hakataramea Valley",486,NA,0,"Canterbury",1010,4.3,15.55,NA
"30872","20180313:0000",-44.63466,170.64731,"Hakataramea Valley",486,NA,0,"Canterbury",1010,6.5,15.35,NA
"30873","20180314:0000",-44.63466,170.64731,"Hakataramea Valley",486,NA,0,"Canterbury",1010,5,13.25,NA
"30874","20180315:0000",-44.63466,170.64731,"Hakataramea Valley",486,NA,0,"Canterbury",1010,9,15.9,NA
"30875","20180316:0000",-44.63466,170.64731,"Hakataramea Valley",486,NA,0,"Canterbury",1010,10.1,16.6,NA
"30876","20180317:0000",-44.63466,170.64731,"Hakataramea Valley",486,NA,0,"Canterbury",1010,1.8,10.85,NA
"30877","20180318:0000",-44.63466,170.64731,"Hakataramea Valley",486,NA,0,"Canterbury",1010,2.2,11.8,NA
"30878","20180319:0000",-44.63466,170.64731,"Hakataramea Valley",486,NA,0,"Canterbury",1010,4.3,15.9,NA
"30879","20180320:0000",-44.63466,170.64731,"Hakataramea Valley",486,NA,0,"Canterbury",1010,9.7,17.25,NA
"30880","20180321:0000",-44.63466,170.64731,"Hakataramea Valley",486,NA,0,"Canterbury",1010,5,14.6,NA
"30881","20180322:0000",-44.63466,170.64731,"Hakataramea Valley",486,NA,0,"Canterbury",1010,6.5,7.35,NA
"30882","20180323:0000",-44.63466,170.64731,"Hakataramea Valley",486,NA,0,"Canterbury",1010,2.2,7.75,NA
"30883","20180324:0000",-44.63466,170.64731,"Hakataramea Valley",486,NA,0,"Canterbury",1010,3.2,11.45,NA
"30884","20180325:0000",-44.63466,170.64731,"Hakataramea Valley",486,NA,0,"Canterbury",1010,3.2,14.05,NA
"30885","20180326:0000",-44.63466,170.64731,"Hakataramea Valley",486,NA,0,"Canterbury",1010,3.6,15.2,NA
"30886","20180327:0000",-44.63466,170.64731,"Hakataramea Valley",486,NA,0,"Canterbury",1010,19.4,17.65,NA
"30887","20180328:0000",-44.63466,170.64731,"Hakataramea Valley",486,NA,0,"Canterbury",1010,7.6,15.15,NA
"30888","20180329:0000",-44.63466,170.64731,"Hakataramea Valley",486,NA,0,"Canterbury",1010,1.8,15.25,NA
"30889","20180330:0000",-44.63466,170.64731,"Hakataramea Valley",486,NA,0,"Canterbury",1010,5,15.4,NA
"30890","20180331:0000",-44.63466,170.64731,"Hakataramea Valley",486,NA,0,"Canterbury",1010,8.3,15.4,NA
"30891","20180401:0000",-44.63466,170.64731,"Hakataramea Valley",486,NA,0,"Canterbury",1010,2.2,9.7,NA
"30892","20180402:0000",-44.63466,170.64731,"Hakataramea Valley",486,NA,0,"Canterbury",1010,6.5,13.6,NA
"30893","20180403:0000",-44.63466,170.64731,"Hakataramea Valley",486,NA,0,"Canterbury",1010,15.8,16.15,NA
"30894","20180404:0000",-44.63466,170.64731,"Hakataramea Valley",486,NA,0,"Canterbury",1010,18.7,15.45,NA
"30895","20180405:0000",-44.63466,170.64731,"Hakataramea Valley",486,NA,0,"Canterbury",1010,4.7,15.2,NA
"30896","20180406:0000",-44.63466,170.64731,"Hakataramea Valley",486,NA,0,"Canterbury",1010,9,15.45,NA
"30897","20180407:0000",-44.63466,170.64731,"Hakataramea Valley",486,NA,0,"Canterbury",1010,4.3,12.1,NA
"30898","20180408:0000",-44.63466,170.64731,"Hakataramea Valley",486,NA,0,"Canterbury",1010,3.2,11,NA
"30899","20180409:0000",-44.63466,170.64731,"Hakataramea Valley",486,NA,0,"Canterbury",1010,1.8,8.65,NA
"30900","20180410:0000",-44.63466,170.64731,"Hakataramea Valley",486,NA,0,"Canterbury",1010,17.3,5.75,NA
"30901","20180411:0000",-44.63466,170.64731,"Hakataramea Valley",486,NA,0,"Canterbury",1010,10.8,6.2,NA
"30902","20180412:0000",-44.63466,170.64731,"Hakataramea Valley",486,NA,0,"Canterbury",1010,11.2,4.55,NA
"30903","20180413:0000",-44.63466,170.64731,"Hakataramea Valley",486,NA,0,"Canterbury",1010,5,8.15,NA
"30904","20180414:0000",-44.63466,170.64731,"Hakataramea Valley",486,NA,0,"Canterbury",1010,1.8,6.4,NA
"30905","20180415:0000",-44.63466,170.64731,"Hakataramea Valley",486,NA,0,"Canterbury",1010,2.5,5.5,NA
"30906","20180416:0000",-44.63466,170.64731,"Hakataramea Valley",486,NA,0,"Canterbury",1010,5.4,10.15,NA
"30907","20180417:0000",-44.63466,170.64731,"Hakataramea Valley",486,NA,0,"Canterbury",1010,11.5,10,NA
"30908","20180418:0000",-44.63466,170.64731,"Hakataramea Valley",486,NA,0,"Canterbury",1010,7.2,7.8,NA
"30909","20180419:0000",-44.63466,170.64731,"Hakataramea Valley",486,NA,0,"Canterbury",1010,11.5,11.75,NA
"30910","20180420:0000",-44.63466,170.64731,"Hakataramea Valley",486,NA,0,"Canterbury",1010,15.1,14.9,NA
"30911","20180421:0000",-44.63466,170.64731,"Hakataramea Valley",486,NA,0,"Canterbury",1010,5.4,12.05,NA
"30912","20180422:0000",-44.63466,170.64731,"Hakataramea Valley",486,NA,0,"Canterbury",1010,6.8,9.95,NA
"30913","20180423:0000",-44.63466,170.64731,"Hakataramea Valley",486,NA,0,"Canterbury",1010,2.2,9.65,NA
"30914","20180424:0000",-44.63466,170.64731,"Hakataramea Valley",486,NA,0,"Canterbury",1010,5.8,11.05,NA
"30915","20180425:0000",-44.63466,170.64731,"Hakataramea Valley",486,NA,0,"Canterbury",1010,4.3,9.35,NA
"30916","20180426:0000",-44.63466,170.64731,"Hakataramea Valley",486,NA,0,"Canterbury",1010,3.6,13.9,NA
"30917","20180427:0000",-44.63466,170.64731,"Hakataramea Valley",486,NA,0,"Canterbury",1010,2.9,10.2,NA
"30918","20180428:0000",-44.63466,170.64731,"Hakataramea Valley",486,NA,0,"Canterbury",1010,7.9,8.4,NA
"30919","20180429:0000",-44.63466,170.64731,"Hakataramea Valley",486,NA,0,"Canterbury",1010,5,7.65,NA
"30920","20180430:0000",-44.63466,170.64731,"Hakataramea Valley",486,NA,0,"Canterbury",1010,1.8,8.35,NA
"30921","20180501:0000",-44.63466,170.64731,"Hakataramea Valley",486,NA,0,"Canterbury",1010,3.6,8.65,NA
"30922","20180502:0000",-44.63466,170.64731,"Hakataramea Valley",486,NA,0,"Canterbury",1010,2.9,11.1,NA
"30923","20180503:0000",-44.63466,170.64731,"Hakataramea Valley",486,NA,0,"Canterbury",1010,1.8,9.4,NA
"30924","20180504:0000",-44.63466,170.64731,"Hakataramea Valley",486,NA,0,"Canterbury",1010,4.3,10.4,NA
"30925","20180505:0000",-44.63466,170.64731,"Hakataramea Valley",486,NA,0,"Canterbury",1010,3.6,9.7,NA
"30926","20180506:0000",-44.63466,170.64731,"Hakataramea Valley",486,NA,0,"Canterbury",1010,6.1,11.15,NA
"30927","20180507:0000",-44.63466,170.64731,"Hakataramea Valley",486,NA,0,"Canterbury",1010,18,12.5,NA
"30928","20180508:0000",-44.63466,170.64731,"Hakataramea Valley",486,NA,0,"Canterbury",1010,6.5,13.75,NA
"30929","20180509:0000",-44.63466,170.64731,"Hakataramea Valley",486,NA,0,"Canterbury",1010,7.9,13.45,NA
"30930","20180510:0000",-44.63466,170.64731,"Hakataramea Valley",486,NA,0,"Canterbury",1010,4.3,8.2,NA
"30931","20180511:0000",-44.63466,170.64731,"Hakataramea Valley",486,NA,0,"Canterbury",1010,4.7,9.95,NA
"30932","20180512:0000",-44.63466,170.64731,"Hakataramea Valley",486,NA,0,"Canterbury",1010,2.9,8.55,NA
"30933","20180513:0000",-44.63466,170.64731,"Hakataramea Valley",486,NA,0,"Canterbury",1010,3.2,5.1,NA
"30934","20180514:0000",-44.63466,170.64731,"Hakataramea Valley",486,NA,0,"Canterbury",1010,3.2,6.1,NA
"30935","20180515:0000",-44.63466,170.64731,"Hakataramea Valley",486,NA,0,"Canterbury",1010,3.2,7.3,NA
"30936","20180516:0000",-44.63466,170.64731,"Hakataramea Valley",486,NA,0,"Canterbury",1010,3.2,5.25,NA
"30937","20180517:0000",-44.63466,170.64731,"Hakataramea Valley",486,NA,0,"Canterbury",1010,5.4,6.7,NA
"30938","20180518:0000",-44.63466,170.64731,"Hakataramea Valley",486,NA,0,"Canterbury",1010,6.8,8.2,NA
"30939","20180519:0000",-44.63466,170.64731,"Hakataramea Valley",486,NA,0,"Canterbury",1010,10.8,7.25,NA
"30940","20180520:0000",-44.63466,170.64731,"Hakataramea Valley",486,NA,0,"Canterbury",1010,17.6,10.25,NA
"30941","20180521:0000",-44.63466,170.64731,"Hakataramea Valley",486,NA,0,"Canterbury",1010,11.5,7.45,NA
"30942","20180522:0000",-44.63466,170.64731,"Hakataramea Valley",486,NA,0,"Canterbury",1010,18.7,7.35,NA
"30943","20180523:0000",-44.63466,170.64731,"Hakataramea Valley",486,NA,0,"Canterbury",1010,4.3,3.75,NA
"30944","20180524:0000",-44.63466,170.64731,"Hakataramea Valley",486,NA,0,"Canterbury",1010,11.5,4.5,NA
"30945","20180525:0000",-44.63466,170.64731,"Hakataramea Valley",486,NA,0,"Canterbury",1010,6.1,3.55,NA
"30946","20180526:0000",-44.63466,170.64731,"Hakataramea Valley",486,NA,0,"Canterbury",1010,5.8,4.25,NA
"30947","20180527:0000",-44.63466,170.64731,"Hakataramea Valley",486,NA,0,"Canterbury",1010,6.8,5.05,NA
"30948","20180528:0000",-44.63466,170.64731,"Hakataramea Valley",486,NA,0,"Canterbury",1010,2.9,4.4,NA
"30949","20180529:0000",-44.63466,170.64731,"Hakataramea Valley",486,NA,0,"Canterbury",1010,2.9,1.2,NA
"30950","20180530:0000",-44.63466,170.64731,"Hakataramea Valley",486,NA,0,"Canterbury",1010,3.2,1.15,NA
"30951","20180531:0000",-44.63466,170.64731,"Hakataramea Valley",486,NA,0,"Canterbury",1010,2.9,0.45,NA
"30952","20180601:0000",-44.63466,170.64731,"Hakataramea Valley",486,NA,0,"Canterbury",1010,10.1,-0.9,NA
"30953","20180602:0000",-44.63466,170.64731,"Hakataramea Valley",486,NA,0,"Canterbury",1010,2.2,-2,NA
"30954","20180603:0000",-44.63466,170.64731,"Hakataramea Valley",486,NA,0,"Canterbury",1010,4.3,-0.4,NA
"30955","20180604:0000",-44.63466,170.64731,"Hakataramea Valley",486,NA,0,"Canterbury",1010,2.2,0.0500000000000003,NA
"30956","20180605:0000",-44.63466,170.64731,"Hakataramea Valley",486,NA,0,"Canterbury",1010,4.3,5.25,NA
"30957","20180606:0000",-44.63466,170.64731,"Hakataramea Valley",486,NA,0,"Canterbury",1010,5.4,2.65,NA
"30958","20180607:0000",-44.63466,170.64731,"Hakataramea Valley",486,NA,0,"Canterbury",1010,4.3,7,NA
"30959","20180608:0000",-44.63466,170.64731,"Hakataramea Valley",486,NA,0,"Canterbury",1010,2.2,4.25,NA
"30960","20180609:0000",-44.63466,170.64731,"Hakataramea Valley",486,NA,0,"Canterbury",1010,6.5,6.6,NA
"30961","20180610:0000",-44.63466,170.64731,"Hakataramea Valley",486,NA,0,"Canterbury",1010,3.2,7,NA
"30962","20180611:0000",-44.63466,170.64731,"Hakataramea Valley",486,NA,0,"Canterbury",1010,2.5,6.55,NA
"30963","20180612:0000",-44.63466,170.64731,"Hakataramea Valley",486,NA,0,"Canterbury",1010,2.9,3.6,NA
"30964","20180613:0000",-44.63466,170.64731,"Hakataramea Valley",486,NA,0,"Canterbury",1010,1.8,4.6,NA
"30965","20180614:0000",-44.63466,170.64731,"Hakataramea Valley",486,NA,0,"Canterbury",1010,0.7,4.7,NA
"30966","20180615:0000",-44.63466,170.64731,"Hakataramea Valley",486,NA,0,"Canterbury",1010,3.2,6.05,NA
"30967","20180616:0000",-44.63466,170.64731,"Hakataramea Valley",486,NA,0,"Canterbury",1010,4.3,7.2,NA
"30968","20180617:0000",-44.63466,170.64731,"Hakataramea Valley",486,NA,0,"Canterbury",1010,2.5,6.3,NA
"30969","20180618:0000",-44.63466,170.64731,"Hakataramea Valley",486,NA,0,"Canterbury",1010,2.9,2.4,NA
"30970","20180619:0000",-44.63466,170.64731,"Hakataramea Valley",486,NA,0,"Canterbury",1010,2.5,3.65,NA
"30971","20180620:0000",-44.63466,170.64731,"Hakataramea Valley",486,NA,0,"Canterbury",1010,3.2,5.4,NA
"30972","20180621:0000",-44.63466,170.64731,"Hakataramea Valley",486,NA,0,"Canterbury",1010,6.1,4.25,NA
"30973","20180622:0000",-44.63466,170.64731,"Hakataramea Valley",486,NA,0,"Canterbury",1010,2.9,1.15,NA
"30974","20180623:0000",-44.63466,170.64731,"Hakataramea Valley",486,NA,0,"Canterbury",1010,2.5,3.05,NA
"30975","20180624:0000",-44.63466,170.64731,"Hakataramea Valley",486,NA,0,"Canterbury",1010,19.1,3.65,NA
"30976","20180625:0000",-44.63466,170.64731,"Hakataramea Valley",486,NA,0,"Canterbury",1010,18,5.2,NA
"30977","20180626:0000",-44.63466,170.64731,"Hakataramea Valley",486,NA,0,"Canterbury",1010,5,4.2,NA
"30978","20180627:0000",-44.63466,170.64731,"Hakataramea Valley",486,NA,0,"Canterbury",1010,9,6.75,NA
"30979","20180628:0000",-44.63466,170.64731,"Hakataramea Valley",486,NA,0,"Canterbury",1010,4.3,5.05,NA
"30980","20180629:0000",-44.63466,170.64731,"Hakataramea Valley",486,NA,0,"Canterbury",1010,4,3.65,NA
"30981","20180630:0000",-44.63466,170.64731,"Hakataramea Valley",486,NA,0,"Canterbury",1010,2.9,3.75,NA
"30982","20180701:0000",-44.63466,170.64731,"Hakataramea Valley",486,NA,0,"Canterbury",1010,6.8,6.25,NA
"30983","20180702:0000",-44.63466,170.64731,"Hakataramea Valley",486,NA,0,"Canterbury",1010,5,6.85,NA
"30984","20180703:0000",-44.63466,170.64731,"Hakataramea Valley",486,NA,0,"Canterbury",1010,2.2,4.15,NA
"30985","20180704:0000",-44.63466,170.64731,"Hakataramea Valley",486,NA,0,"Canterbury",1010,4.3,4.65,NA
"30986","20180705:0000",-44.63466,170.64731,"Hakataramea Valley",486,NA,0,"Canterbury",1010,3.2,4.85,NA
"30987","20180706:0000",-44.63466,170.64731,"Hakataramea Valley",486,NA,0,"Canterbury",1010,3.2,7.9,NA
"30988","20180707:0000",-44.63466,170.64731,"Hakataramea Valley",486,NA,0,"Canterbury",1010,16.9,10.45,NA
"30989","20180708:0000",-44.63466,170.64731,"Hakataramea Valley",486,NA,0,"Canterbury",1010,5,5.1,NA
"30990","20180709:0000",-44.63466,170.64731,"Hakataramea Valley",486,NA,0,"Canterbury",1010,6.8,6,NA
"30991","20180710:0000",-44.63466,170.64731,"Hakataramea Valley",486,NA,0,"Canterbury",1010,8.6,5.35,NA
"30992","20180711:0000",-44.63466,170.64731,"Hakataramea Valley",486,NA,0,"Canterbury",1010,5,6,NA
"30993","20180712:0000",-44.63466,170.64731,"Hakataramea Valley",486,NA,0,"Canterbury",1010,6.8,3.85,NA
"30994","20180713:0000",-44.63466,170.64731,"Hakataramea Valley",486,NA,0,"Canterbury",1010,3.2,3.85,NA
"30995","20180714:0000",-44.63466,170.64731,"Hakataramea Valley",486,NA,0,"Canterbury",1010,4,5.45,NA
"30996","20180715:0000",-44.63466,170.64731,"Hakataramea Valley",486,NA,0,"Canterbury",1010,4,4.2,NA
"30997","20180716:0000",-44.63466,170.64731,"Hakataramea Valley",486,NA,0,"Canterbury",1010,3.2,5.35,NA
"30998","20180717:0000",-44.63466,170.64731,"Hakataramea Valley",486,NA,0,"Canterbury",1010,7.9,8.85,NA
"30999","20180718:0000",-44.63466,170.64731,"Hakataramea Valley",486,NA,0,"Canterbury",1010,3.6,5.8,NA
"31000","20180719:0000",-44.63466,170.64731,"Hakataramea Valley",486,NA,0,"Canterbury",1010,5,6.45,NA
"31001","20180720:0000",-44.63466,170.64731,"Hakataramea Valley",486,NA,0,"Canterbury",1010,5.4,5.55,NA
"31002","20180721:0000",-44.63466,170.64731,"Hakataramea Valley",486,NA,0,"Canterbury",1010,4.3,8.15,NA
"31003","20180722:0000",-44.63466,170.64731,"Hakataramea Valley",486,NA,0,"Canterbury",1010,10.8,6.95,NA
"31004","20180723:0000",-44.63466,170.64731,"Hakataramea Valley",486,NA,0,"Canterbury",1010,3.6,6.45,NA
"31005","20180724:0000",-44.63466,170.64731,"Hakataramea Valley",486,NA,0,"Canterbury",1010,2.9,4.45,NA
"31006","20180725:0000",-44.63466,170.64731,"Hakataramea Valley",486,NA,0,"Canterbury",1010,2.5,2.95,NA
"31007","20180726:0000",-44.63466,170.64731,"Hakataramea Valley",486,NA,0,"Canterbury",1010,4,5.9,NA
"31008","20180727:0000",-44.63466,170.64731,"Hakataramea Valley",486,NA,0,"Canterbury",1010,8.6,7.55,NA
"31009","20180728:0000",-44.63466,170.64731,"Hakataramea Valley",486,NA,0,"Canterbury",1010,5.8,7.8,NA
"31010","20180729:0000",-44.63466,170.64731,"Hakataramea Valley",486,NA,0,"Canterbury",1010,6.5,6.1,NA
"31011","20180730:0000",-44.63466,170.64731,"Hakataramea Valley",486,NA,0,"Canterbury",1010,2.9,3.85,NA
"31012","20180731:0000",-44.63466,170.64731,"Hakataramea Valley",486,NA,0,"Canterbury",1010,4.3,7.05,NA
"31013","20180801:0000",-44.63466,170.64731,"Hakataramea Valley",486,NA,0,"Canterbury",1010,7.6,8.05,NA
"31014","20180802:0000",-44.63466,170.64731,"Hakataramea Valley",486,NA,0,"Canterbury",1010,5,5.3,NA
"31015","20180803:0000",-44.63466,170.64731,"Hakataramea Valley",486,NA,0,"Canterbury",1010,2.5,6.8,NA
"31016","20180804:0000",-44.63466,170.64731,"Hakataramea Valley",486,NA,0,"Canterbury",1010,1.8,8.05,NA
"31017","20180805:0000",-44.63466,170.64731,"Hakataramea Valley",486,NA,0,"Canterbury",1010,4.7,3.8,NA
"31018","20180806:0000",-44.63466,170.64731,"Hakataramea Valley",486,NA,0,"Canterbury",1010,2.5,4.75,NA
"31019","20180807:0000",-44.63466,170.64731,"Hakataramea Valley",486,NA,0,"Canterbury",1010,3.6,4.9,NA
"31020","20180808:0000",-44.63466,170.64731,"Hakataramea Valley",486,NA,0,"Canterbury",1010,4.7,5.1,NA
"31021","20180809:0000",-44.63466,170.64731,"Hakataramea Valley",486,NA,0,"Canterbury",1010,3.2,7.8,NA
"31022","20180810:0000",-44.63466,170.64731,"Hakataramea Valley",486,NA,0,"Canterbury",1010,3.2,7.2,NA
"31023","20180811:0000",-44.63466,170.64731,"Hakataramea Valley",486,NA,0,"Canterbury",1010,2.5,7.65,NA
"31024","20180812:0000",-44.63466,170.64731,"Hakataramea Valley",486,NA,0,"Canterbury",1010,4.3,7.3,NA
"31025","20180813:0000",-44.63466,170.64731,"Hakataramea Valley",486,NA,0,"Canterbury",1010,2.9,5.1,NA
"31026","20180814:0000",-44.63466,170.64731,"Hakataramea Valley",486,NA,0,"Canterbury",1010,3.6,5.85,NA
"31027","20180815:0000",-44.63466,170.64731,"Hakataramea Valley",486,NA,0,"Canterbury",1010,3.2,6.8,NA
"31028","20180816:0000",-44.63466,170.64731,"Hakataramea Valley",486,NA,0,"Canterbury",1010,15.8,8.75,NA
"31029","20180817:0000",-44.63466,170.64731,"Hakataramea Valley",486,NA,0,"Canterbury",1010,2.5,3.1,NA
"31030","20180818:0000",-44.63466,170.64731,"Hakataramea Valley",486,NA,0,"Canterbury",1010,3.6,5,NA
"31031","20180819:0000",-44.63466,170.64731,"Hakataramea Valley",486,NA,0,"Canterbury",1010,2.2,3.6,NA
"31032","20180820:0000",-44.63466,170.64731,"Hakataramea Valley",486,NA,0,"Canterbury",1010,3.2,3.2,NA
"31033","20180821:0000",-44.63466,170.64731,"Hakataramea Valley",486,NA,0,"Canterbury",1010,3.6,6.3,NA
"31034","20180822:0000",-44.63466,170.64731,"Hakataramea Valley",486,NA,0,"Canterbury",1010,4.7,6.2,NA
"31035","20180823:0000",-44.63466,170.64731,"Hakataramea Valley",486,NA,0,"Canterbury",1010,1.8,5.15,NA
"31036","20180824:0000",-44.63466,170.64731,"Hakataramea Valley",486,NA,0,"Canterbury",1010,1.8,6,NA
"31037","20180825:0000",-44.63466,170.64731,"Hakataramea Valley",486,NA,0,"Canterbury",1010,10.4,7.15,NA
"31038","20180826:0000",-44.63466,170.64731,"Hakataramea Valley",486,NA,0,"Canterbury",1010,4.3,10.1,NA
"31039","20180827:0000",-44.63466,170.64731,"Hakataramea Valley",486,NA,0,"Canterbury",1010,5,9.3,NA
"31040","20180828:0000",-44.63466,170.64731,"Hakataramea Valley",486,NA,0,"Canterbury",1010,16.6,6.25,NA
"31041","20180829:0000",-44.63466,170.64731,"Hakataramea Valley",486,NA,0,"Canterbury",1010,3.6,6.65,NA
"31042","20180830:0000",-44.63466,170.64731,"Hakataramea Valley",486,NA,0,"Canterbury",1010,2.9,7.65,NA
"31043","20180831:0000",-44.63466,170.64731,"Hakataramea Valley",486,NA,0,"Canterbury",1010,2.5,6.35,NA
"31044","20180901:0000",-44.63466,170.64731,"Hakataramea Valley",486,NA,0,"Canterbury",1010,2.9,8.55,NA
"31045","20180902:0000",-44.63466,170.64731,"Hakataramea Valley",486,NA,0,"Canterbury",1010,2.9,5.6,NA
"31046","20180903:0000",-44.63466,170.64731,"Hakataramea Valley",486,NA,0,"Canterbury",1010,18.4,6.9,NA
"31047","20180904:0000",-44.63466,170.64731,"Hakataramea Valley",486,NA,0,"Canterbury",1010,3.2,5.2,NA
"31048","20180905:0000",-44.63466,170.64731,"Hakataramea Valley",486,NA,0,"Canterbury",1010,2.2,6.1,NA
"31049","20180906:0000",-44.63466,170.64731,"Hakataramea Valley",486,NA,0,"Canterbury",1010,2.2,5.85,NA
"31050","20180907:0000",-44.63466,170.64731,"Hakataramea Valley",486,NA,0,"Canterbury",1010,6.5,6.9,NA
"31051","20180908:0000",-44.63466,170.64731,"Hakataramea Valley",486,NA,0,"Canterbury",1010,4,5.85,NA
"31052","20180909:0000",-44.63466,170.64731,"Hakataramea Valley",486,NA,0,"Canterbury",1010,5.4,6.9,NA
"31053","20180910:0000",-44.63466,170.64731,"Hakataramea Valley",486,NA,0,"Canterbury",1010,2.9,7.65,NA
"31054","20180911:0000",-44.63466,170.64731,"Hakataramea Valley",486,NA,0,"Canterbury",1010,2.9,9.3,NA
"31055","20180912:0000",-44.63466,170.64731,"Hakataramea Valley",486,NA,0,"Canterbury",1010,2.9,9.5,NA
"31056","20180913:0000",-44.63466,170.64731,"Hakataramea Valley",486,NA,0,"Canterbury",1010,19.4,12.5,NA
"31057","20180914:0000",-44.63466,170.64731,"Hakataramea Valley",486,NA,0,"Canterbury",1010,4.3,14.15,NA
"31058","20180915:0000",-44.63466,170.64731,"Hakataramea Valley",486,NA,0,"Canterbury",1010,6.5,13.3,NA
"31059","20180916:0000",-44.63466,170.64731,"Hakataramea Valley",486,NA,0,"Canterbury",1010,20.5,12.75,NA
"31060","20180917:0000",-44.63466,170.64731,"Hakataramea Valley",486,NA,0,"Canterbury",1010,7.9,6.95,NA
"31061","20180918:0000",-44.63466,170.64731,"Hakataramea Valley",486,NA,0,"Canterbury",1010,2.9,8.95,NA
"31062","20180919:0000",-44.63466,170.64731,"Hakataramea Valley",486,NA,0,"Canterbury",1010,2.5,9.95,NA
"31063","20180920:0000",-44.63466,170.64731,"Hakataramea Valley",486,NA,0,"Canterbury",1010,3.6,11,NA
"31064","20180921:0000",-44.63466,170.64731,"Hakataramea Valley",486,NA,0,"Canterbury",1010,2.9,10.95,NA
"31065","20180922:0000",-44.63466,170.64731,"Hakataramea Valley",486,NA,0,"Canterbury",1010,3.2,12.5,NA
"31066","20180923:0000",-44.63466,170.64731,"Hakataramea Valley",486,NA,0,"Canterbury",1010,5.8,11.05,NA
"31067","20180924:0000",-44.63466,170.64731,"Hakataramea Valley",486,NA,0,"Canterbury",1010,4.7,6.3,NA
"31068","20180925:0000",-44.63466,170.64731,"Hakataramea Valley",486,NA,0,"Canterbury",1010,3.6,6.95,NA
"31069","20180926:0000",-44.63466,170.64731,"Hakataramea Valley",486,NA,0,"Canterbury",1010,22.3,8.35,NA
"31070","20180927:0000",-44.63466,170.64731,"Hakataramea Valley",486,NA,0,"Canterbury",1010,3.6,6.2,NA
"31071","20180928:0000",-44.63466,170.64731,"Hakataramea Valley",486,NA,0,"Canterbury",1010,4.3,9.25,NA
"31072","20180929:0000",-44.63466,170.64731,"Hakataramea Valley",486,NA,0,"Canterbury",1010,6.5,9.45,NA
"31073","20180930:0000",-44.63466,170.64731,"Hakataramea Valley",486,NA,0,"Canterbury",1010,3.6,8.95,NA
"31074","20181001:0000",-44.63466,170.64731,"Hakataramea Valley",486,NA,0,"Canterbury",1010,3.6,8.15,NA
"31075","20181002:0000",-44.63466,170.64731,"Hakataramea Valley",486,NA,0,"Canterbury",1010,4,10.05,NA
"31076","20181003:0000",-44.63466,170.64731,"Hakataramea Valley",486,NA,0,"Canterbury",1010,2.2,8.4,NA
"31077","20181004:0000",-44.63466,170.64731,"Hakataramea Valley",486,NA,0,"Canterbury",1010,8.3,10,NA
"31078","20181005:0000",-44.63466,170.64731,"Hakataramea Valley",486,NA,0,"Canterbury",1010,6.8,10.05,NA
"31079","20181006:0000",-44.63466,170.64731,"Hakataramea Valley",486,NA,0,"Canterbury",1010,1.8,10.1,NA
"31080","20181007:0000",-44.63466,170.64731,"Hakataramea Valley",486,NA,0,"Canterbury",1010,4.3,9.65,NA
"31081","20181008:0000",-44.63466,170.64731,"Hakataramea Valley",486,NA,0,"Canterbury",1010,3.6,10.3,NA
"31082","20181009:0000",-44.63466,170.64731,"Hakataramea Valley",486,NA,0,"Canterbury",1010,2.2,10.65,NA
"31083","20181010:0000",-44.63466,170.64731,"Hakataramea Valley",486,NA,0,"Canterbury",1010,7.2,12.2,NA
"31084","20181011:0000",-44.63466,170.64731,"Hakataramea Valley",486,NA,0,"Canterbury",1010,1.4,8.9,NA
"31085","20181012:0000",-44.63466,170.64731,"Hakataramea Valley",486,NA,0,"Canterbury",1010,11.5,5.2,NA
"31086","20181013:0000",-44.63466,170.64731,"Hakataramea Valley",486,NA,0,"Canterbury",1010,3.6,5,NA
"31087","20181014:0000",-44.63466,170.64731,"Hakataramea Valley",486,NA,0,"Canterbury",1010,3.6,8.55,NA
"31088","20181015:0000",-44.63466,170.64731,"Hakataramea Valley",486,NA,0,"Canterbury",1010,1.8,7.95,NA
"31089","20181016:0000",-44.63466,170.64731,"Hakataramea Valley",486,NA,0,"Canterbury",1010,3.6,10.3,NA
"31090","20181017:0000",-44.63466,170.64731,"Hakataramea Valley",486,NA,0,"Canterbury",1010,10.4,14.2,NA
"31091","20181018:0000",-44.63466,170.64731,"Hakataramea Valley",486,NA,0,"Canterbury",1010,6.5,16.1,NA
"31092","20181019:0000",-44.63466,170.64731,"Hakataramea Valley",486,NA,0,"Canterbury",1010,4,13.1,NA
"31093","20181020:0000",-44.63466,170.64731,"Hakataramea Valley",486,NA,0,"Canterbury",1010,5.4,16.7,NA
"31094","20181021:0000",-44.63466,170.64731,"Hakataramea Valley",486,NA,0,"Canterbury",1010,3.6,16.25,NA
"31095","20181022:0000",-44.63466,170.64731,"Hakataramea Valley",486,NA,0,"Canterbury",1010,2.2,16.05,NA
"31096","20181023:0000",-44.63466,170.64731,"Hakataramea Valley",486,NA,0,"Canterbury",1010,3.6,17.8,NA
"31097","20181024:0000",-44.63466,170.64731,"Hakataramea Valley",486,NA,0,"Canterbury",1010,4.3,16.9,NA
"31098","20181025:0000",-44.63466,170.64731,"Hakataramea Valley",486,NA,0,"Canterbury",1010,13,7.9,NA
"31099","20181026:0000",-44.63466,170.64731,"Hakataramea Valley",486,NA,0,"Canterbury",1010,2.2,9.8,NA
"31100","20181027:0000",-44.63466,170.64731,"Hakataramea Valley",486,NA,0,"Canterbury",1010,2.9,12.45,NA
"31101","20181028:0000",-44.63466,170.64731,"Hakataramea Valley",486,NA,0,"Canterbury",1010,2.2,9.75,NA
"31102","20181029:0000",-44.63466,170.64731,"Hakataramea Valley",486,NA,0,"Canterbury",1010,2.2,10.35,NA
"31103","20181030:0000",-44.63466,170.64731,"Hakataramea Valley",486,NA,0,"Canterbury",1010,9.4,8.85,NA
"31104","20181031:0000",-44.63466,170.64731,"Hakataramea Valley",486,NA,0,"Canterbury",1010,2.2,9.3,NA
"31105","20181101:0000",-44.63466,170.64731,"Hakataramea Valley",486,NA,0,"Canterbury",1010,19.1,10.65,NA
"31106","20181102:0000",-44.63466,170.64731,"Hakataramea Valley",486,NA,0,"Canterbury",1010,3.6,9.95,NA
"31107","20181103:0000",-44.63466,170.64731,"Hakataramea Valley",486,NA,0,"Canterbury",1010,3.2,16.6,NA
"31108","20181104:0000",-44.63466,170.64731,"Hakataramea Valley",486,NA,0,"Canterbury",1010,11.9,11.45,NA
"31109","20181105:0000",-44.63466,170.64731,"Hakataramea Valley",486,NA,0,"Canterbury",1010,4.7,15.9,NA
"31110","20181106:0000",-44.63466,170.64731,"Hakataramea Valley",486,NA,0,"Canterbury",1010,2.2,13.05,NA
"31111","20181107:0000",-44.63466,170.64731,"Hakataramea Valley",486,NA,0,"Canterbury",1010,4,16.4,NA
"31112","20181108:0000",-44.63466,170.64731,"Hakataramea Valley",486,NA,0,"Canterbury",1010,7.9,12.5,NA
"31113","20181109:0000",-44.63466,170.64731,"Hakataramea Valley",486,NA,0,"Canterbury",1010,2.9,3.8,NA
"31114","20181110:0000",-44.63466,170.64731,"Hakataramea Valley",486,NA,0,"Canterbury",1010,1.4,8.3,NA
"31115","20181111:0000",-44.63466,170.64731,"Hakataramea Valley",486,NA,0,"Canterbury",1010,2.2,12.45,NA
"31116","20181112:0000",-44.63466,170.64731,"Hakataramea Valley",486,NA,0,"Canterbury",1010,1.8,11.55,NA
"31117","20181113:0000",-44.63466,170.64731,"Hakataramea Valley",486,NA,0,"Canterbury",1010,3.6,14.85,NA
"31118","20181114:0000",-44.63466,170.64731,"Hakataramea Valley",486,NA,0,"Canterbury",1010,1.4,13.2,NA
"31119","20181115:0000",-44.63466,170.64731,"Hakataramea Valley",486,NA,0,"Canterbury",1010,1.8,17.45,NA
"31120","20181116:0000",-44.63466,170.64731,"Hakataramea Valley",486,NA,0,"Canterbury",1010,7.6,13.65,NA
"31121","20181117:0000",-44.63466,170.64731,"Hakataramea Valley",486,NA,0,"Canterbury",1010,2.5,14.6,NA
"31122","20181118:0000",-44.63466,170.64731,"Hakataramea Valley",486,NA,0,"Canterbury",1010,3.2,13.9,NA
"31123","20181119:0000",-44.63466,170.64731,"Hakataramea Valley",486,NA,0,"Canterbury",1010,13.7,5.8,NA
"31124","20181120:0000",-44.63466,170.64731,"Hakataramea Valley",486,NA,0,"Canterbury",1010,3.6,5.75,NA
"31125","20181121:0000",-44.63466,170.64731,"Hakataramea Valley",486,NA,0,"Canterbury",1010,1.8,6.75,NA
"31126","20181122:0000",-44.63466,170.64731,"Hakataramea Valley",486,NA,0,"Canterbury",1010,2.9,11.4,NA
"31127","20181123:0000",-44.63466,170.64731,"Hakataramea Valley",486,NA,0,"Canterbury",1010,2.5,13.05,NA
"31128","20181124:0000",-44.63466,170.64731,"Hakataramea Valley",486,NA,0,"Canterbury",1010,7.6,11.65,NA
"31129","20181125:0000",-44.63466,170.64731,"Hakataramea Valley",486,NA,0,"Canterbury",1010,11.2,12.45,NA
"31130","20181126:0000",-44.63466,170.64731,"Hakataramea Valley",486,NA,0,"Canterbury",1010,13,12.4,NA
"31131","20181127:0000",-44.63466,170.64731,"Hakataramea Valley",486,NA,0,"Canterbury",1010,6.8,12.3,NA
"31132","20181128:0000",-44.63466,170.64731,"Hakataramea Valley",486,NA,0,"Canterbury",1010,1.8,12.45,NA
"31133","20181129:0000",-44.63466,170.64731,"Hakataramea Valley",486,NA,0,"Canterbury",1010,13,13.65,NA
"31134","20181130:0000",-44.63466,170.64731,"Hakataramea Valley",486,NA,0,"Canterbury",1010,4.7,15.1,NA
"31135","20181201:0000",-44.63466,170.64731,"Hakataramea Valley",486,NA,0,"Canterbury",1010,2.2,15.25,NA
"31136","20181202:0000",-44.63466,170.64731,"Hakataramea Valley",486,NA,0,"Canterbury",1010,2.2,16.65,NA
"31137","20181203:0000",-44.63466,170.64731,"Hakataramea Valley",486,NA,0,"Canterbury",1010,2.2,17.85,NA
"31138","20181204:0000",-44.63466,170.64731,"Hakataramea Valley",486,NA,0,"Canterbury",1010,4,18,NA
"31139","20181205:0000",-44.63466,170.64731,"Hakataramea Valley",486,NA,0,"Canterbury",1010,2.9,11.4,NA
"31140","20181206:0000",-44.63466,170.64731,"Hakataramea Valley",486,NA,0,"Canterbury",1010,16.6,10.35,NA
"31141","20181207:0000",-44.63466,170.64731,"Hakataramea Valley",486,NA,0,"Canterbury",1010,2.9,15.25,NA
"31142","20181208:0000",-44.63466,170.64731,"Hakataramea Valley",486,NA,0,"Canterbury",1010,4.7,17.25,NA
"31143","20181209:0000",-44.63466,170.64731,"Hakataramea Valley",486,NA,0,"Canterbury",1010,2.9,17.75,NA
"31144","20181210:0000",-44.63466,170.64731,"Hakataramea Valley",486,NA,0,"Canterbury",1010,9.4,11.8,NA
"31145","20181211:0000",-44.63466,170.64731,"Hakataramea Valley",486,NA,0,"Canterbury",1010,1.8,11.85,NA
"31146","20181212:0000",-44.63466,170.64731,"Hakataramea Valley",486,NA,0,"Canterbury",1010,5,13.2,NA
"31147","20181213:0000",-44.63466,170.64731,"Hakataramea Valley",486,NA,0,"Canterbury",1010,3.6,15.15,NA
"31148","20181214:0000",-44.63466,170.64731,"Hakataramea Valley",486,NA,0,"Canterbury",1010,4.7,16.9,NA
"31149","20181215:0000",-44.63466,170.64731,"Hakataramea Valley",486,NA,0,"Canterbury",1010,5.4,15.45,NA
"31150","20181216:0000",-44.63466,170.64731,"Hakataramea Valley",486,NA,0,"Canterbury",1010,4,16.9,NA
"31151","20181217:0000",-44.63466,170.64731,"Hakataramea Valley",486,NA,0,"Canterbury",1010,2.2,20.8,NA
"31152","20181218:0000",-44.63466,170.64731,"Hakataramea Valley",486,NA,0,"Canterbury",1010,23.4,20.6,NA
"31153","20181219:0000",-44.63466,170.64731,"Hakataramea Valley",486,NA,0,"Canterbury",1010,9,9.85,NA
"31154","20181220:0000",-44.63466,170.64731,"Hakataramea Valley",486,NA,0,"Canterbury",1010,3.6,10,NA
"31155","20181221:0000",-44.63466,170.64731,"Hakataramea Valley",486,NA,0,"Canterbury",1010,2.2,12.35,NA
"31156","20181222:0000",-44.63466,170.64731,"Hakataramea Valley",486,NA,0,"Canterbury",1010,2.9,12.65,NA
"31157","20181223:0000",-44.63466,170.64731,"Hakataramea Valley",486,NA,0,"Canterbury",1010,2.5,12.7,NA
"31158","20181224:0000",-44.63466,170.64731,"Hakataramea Valley",486,NA,0,"Canterbury",1010,2.5,14.95,NA
"31159","20181225:0000",-44.63466,170.64731,"Hakataramea Valley",486,NA,0,"Canterbury",1010,2.9,16.9,NA
"31160","20181226:0000",-44.63466,170.64731,"Hakataramea Valley",486,NA,0,"Canterbury",1010,11.5,13.2,NA
"31161","20181227:0000",-44.63466,170.64731,"Hakataramea Valley",486,NA,0,"Canterbury",1010,2.9,14.6,NA
"31162","20181228:0000",-44.63466,170.64731,"Hakataramea Valley",486,NA,0,"Canterbury",1010,3.6,17.05,NA
"31163","20181229:0000",-44.63466,170.64731,"Hakataramea Valley",486,NA,0,"Canterbury",1010,4.7,20.15,NA
"31164","20181230:0000",-44.63466,170.64731,"Hakataramea Valley",486,NA,0,"Canterbury",1010,4.3,22.4,NA
"31165","20181231:0000",-44.63466,170.64731,"Hakataramea Valley",486,NA,0,"Canterbury",1010,2.2,16.8,NA
"31166","20190101:0000",-44.63466,170.64731,"Hakataramea Valley",486,NA,0,"Canterbury",1010,4.7,18.45,NA
"31167","20190102:0000",-44.63466,170.64731,"Hakataramea Valley",486,NA,0,"Canterbury",1010,8.3,21.5,NA
"31168","20190103:0000",-44.63466,170.64731,"Hakataramea Valley",486,NA,0,"Canterbury",1010,5,17.65,NA
"31169","20190104:0000",-44.63466,170.64731,"Hakataramea Valley",486,NA,0,"Canterbury",1010,4,15.95,NA
"31170","20190105:0000",-44.63466,170.64731,"Hakataramea Valley",486,NA,0,"Canterbury",1010,5.4,18.2,NA
"31171","20190106:0000",-44.63466,170.64731,"Hakataramea Valley",486,NA,0,"Canterbury",1010,3.6,13.75,NA
"31172","20190107:0000",-44.63466,170.64731,"Hakataramea Valley",486,NA,0,"Canterbury",1010,2.9,17.15,NA
"31173","20190108:0000",-44.63466,170.64731,"Hakataramea Valley",486,NA,0,"Canterbury",1010,3.2,16,NA
"31174","20190109:0000",-44.63466,170.64731,"Hakataramea Valley",486,NA,0,"Canterbury",1010,4.3,18.9,NA
"31175","20190110:0000",-44.63466,170.64731,"Hakataramea Valley",486,NA,0,"Canterbury",1010,3.6,17.45,NA
"31176","20190111:0000",-44.63466,170.64731,"Hakataramea Valley",486,NA,0,"Canterbury",1010,4.7,13.75,NA
"31177","20190112:0000",-44.63466,170.64731,"Hakataramea Valley",486,NA,0,"Canterbury",1010,5,14.9,NA
"31178","20190113:0000",-44.63466,170.64731,"Hakataramea Valley",486,NA,0,"Canterbury",1010,4,16,NA
"31179","20190114:0000",-44.63466,170.64731,"Hakataramea Valley",486,NA,0,"Canterbury",1010,4,15.3,NA
"31180","20190115:0000",-44.63466,170.64731,"Hakataramea Valley",486,NA,0,"Canterbury",1010,6.8,15.25,NA
"31181","20190116:0000",-44.63466,170.64731,"Hakataramea Valley",486,NA,0,"Canterbury",1010,4.3,19.8,NA
"31182","20190117:0000",-44.63466,170.64731,"Hakataramea Valley",486,NA,0,"Canterbury",1010,2.9,18.2,NA
"31183","20190118:0000",-44.63466,170.64731,"Hakataramea Valley",486,NA,0,"Canterbury",1010,5.8,16.5,NA
"31184","20190119:0000",-44.63466,170.64731,"Hakataramea Valley",486,NA,0,"Canterbury",1010,4,20.45,NA
"31185","20190120:0000",-44.63466,170.64731,"Hakataramea Valley",486,NA,0,"Canterbury",1010,9,17.95,NA
"31186","20190121:0000",-44.63466,170.64731,"Hakataramea Valley",486,NA,0,"Canterbury",1010,18.7,18.1,NA
"31187","20190122:0000",-44.63466,170.64731,"Hakataramea Valley",486,NA,0,"Canterbury",1010,5,18.15,NA
"31188","20190123:0000",-44.63466,170.64731,"Hakataramea Valley",486,NA,0,"Canterbury",1010,7.9,23.45,NA
"31189","20190124:0000",-44.63466,170.64731,"Hakataramea Valley",486,NA,0,"Canterbury",1010,2.9,11.55,NA
"31190","20190125:0000",-44.63466,170.64731,"Hakataramea Valley",486,NA,0,"Canterbury",1010,2.2,12.8,NA
"31191","20190126:0000",-44.63466,170.64731,"Hakataramea Valley",486,NA,0,"Canterbury",1010,2.9,17.35,NA
"31192","20190127:0000",-44.63466,170.64731,"Hakataramea Valley",486,NA,0,"Canterbury",1010,7.6,20.05,NA
"31193","20190128:0000",-44.63466,170.64731,"Hakataramea Valley",486,NA,0,"Canterbury",1010,5.8,22.1,NA
"31194","20190129:0000",-44.63466,170.64731,"Hakataramea Valley",486,NA,0,"Canterbury",1010,4.3,20.7,NA
"31195","20190130:0000",-44.63466,170.64731,"Hakataramea Valley",486,NA,0,"Canterbury",1010,3.2,23.65,NA
"31196","20190131:0000",-44.63466,170.64731,"Hakataramea Valley",486,NA,0,"Canterbury",1010,2.2,24.1,NA
"31197","20190201:0000",-44.63466,170.64731,"Hakataramea Valley",486,NA,0,"Canterbury",1010,39.6,22.7,NA
"31198","20190202:0000",-44.63466,170.64731,"Hakataramea Valley",486,NA,0,"Canterbury",1010,2.5,13.15,NA
"31199","20190203:0000",-44.63466,170.64731,"Hakataramea Valley",486,NA,0,"Canterbury",1010,2.9,15.55,NA
"31200","20190204:0000",-44.63466,170.64731,"Hakataramea Valley",486,NA,0,"Canterbury",1010,2.9,20.4,NA
"31201","20190205:0000",-44.63466,170.64731,"Hakataramea Valley",486,NA,0,"Canterbury",1010,7.2,18.65,NA
"31202","20190206:0000",-44.63466,170.64731,"Hakataramea Valley",486,NA,0,"Canterbury",1010,9,12.4,NA
"31203","20190207:0000",-44.63466,170.64731,"Hakataramea Valley",486,NA,0,"Canterbury",1010,1.8,14.7,NA
"31204","20190208:0000",-44.63466,170.64731,"Hakataramea Valley",486,NA,0,"Canterbury",1010,1.4,16.55,NA
"31205","20190209:0000",-44.63466,170.64731,"Hakataramea Valley",486,NA,0,"Canterbury",1010,7.9,20.8,NA
"31206","20190210:0000",-44.63466,170.64731,"Hakataramea Valley",486,NA,0,"Canterbury",1010,2.9,21,NA
"31207","20190211:0000",-44.63466,170.64731,"Hakataramea Valley",486,NA,0,"Canterbury",1010,3.6,19.3,NA
"31208","20190212:0000",-44.63466,170.64731,"Hakataramea Valley",486,NA,0,"Canterbury",1010,3.2,18.45,NA
"31209","20190213:0000",-44.63466,170.64731,"Hakataramea Valley",486,NA,0,"Canterbury",1010,2.5,19.6,NA
"31210","20190214:0000",-44.63466,170.64731,"Hakataramea Valley",486,NA,0,"Canterbury",1010,5.8,20,NA
"31211","20190215:0000",-44.63466,170.64731,"Hakataramea Valley",486,NA,0,"Canterbury",1010,3.6,17.9,NA
"31212","20190216:0000",-44.63466,170.64731,"Hakataramea Valley",486,NA,0,"Canterbury",1010,2.2,13.75,NA
"31213","20190217:0000",-44.63466,170.64731,"Hakataramea Valley",486,NA,0,"Canterbury",1010,1.4,12.75,NA
"31214","20190218:0000",-44.63466,170.64731,"Hakataramea Valley",486,NA,0,"Canterbury",1010,4.7,17.1,NA
"31215","20190219:0000",-44.63466,170.64731,"Hakataramea Valley",486,NA,0,"Canterbury",1010,3.2,21.05,NA
"31216","20190220:0000",-44.63466,170.64731,"Hakataramea Valley",486,NA,0,"Canterbury",1010,8.6,20,NA
"31217","20190221:0000",-44.63466,170.64731,"Hakataramea Valley",486,NA,0,"Canterbury",1010,2.2,17.85,NA
"31218","20190222:0000",-44.63466,170.64731,"Hakataramea Valley",486,NA,0,"Canterbury",1010,18,14.85,NA
"31219","20190223:0000",-44.63466,170.64731,"Hakataramea Valley",486,NA,0,"Canterbury",1010,4,9.3,NA
"31220","20190224:0000",-44.63466,170.64731,"Hakataramea Valley",486,NA,0,"Canterbury",1010,11.2,10.8,NA
"31221","20190225:0000",-44.63466,170.64731,"Hakataramea Valley",486,NA,0,"Canterbury",1010,2.2,10.45,NA
"31222","20190226:0000",-44.63466,170.64731,"Hakataramea Valley",486,NA,0,"Canterbury",1010,3.6,15.2,NA
"31223","20190227:0000",-44.63466,170.64731,"Hakataramea Valley",486,NA,0,"Canterbury",1010,10.4,16.1,NA
"31224","20190228:0000",-44.63466,170.64731,"Hakataramea Valley",486,NA,0,"Canterbury",1010,7.6,10.8,NA
"31225","20190301:0000",-44.63466,170.64731,"Hakataramea Valley",486,NA,0,"Canterbury",1010,2.5,11.6,NA
"31226","20190302:0000",-44.63466,170.64731,"Hakataramea Valley",486,NA,0,"Canterbury",1010,2.9,14.45,NA
"31227","20190303:0000",-44.63466,170.64731,"Hakataramea Valley",486,NA,0,"Canterbury",1010,4.3,18.1,NA
"31228","20190304:0000",-44.63466,170.64731,"Hakataramea Valley",486,NA,0,"Canterbury",1010,4.3,18.15,NA
"31229","20190305:0000",-44.63466,170.64731,"Hakataramea Valley",486,NA,0,"Canterbury",1010,5.8,21.35,NA
"31230","20190306:0000",-44.63466,170.64731,"Hakataramea Valley",486,NA,0,"Canterbury",1010,3.6,22.85,NA
"31231","20190307:0000",-44.63466,170.64731,"Hakataramea Valley",486,NA,0,"Canterbury",1010,6.1,19.25,NA
"31232","20190308:0000",-44.63466,170.64731,"Hakataramea Valley",486,NA,0,"Canterbury",1010,5.8,12.85,NA
"31233","20190309:0000",-44.63466,170.64731,"Hakataramea Valley",486,NA,0,"Canterbury",1010,1.4,13,NA
"31234","20190310:0000",-44.63466,170.64731,"Hakataramea Valley",486,NA,0,"Canterbury",1010,2.2,12.95,NA
"31235","20190311:0000",-44.63466,170.64731,"Hakataramea Valley",486,NA,0,"Canterbury",1010,1.8,15.5,NA
"31236","20190312:0000",-44.63466,170.64731,"Hakataramea Valley",486,NA,0,"Canterbury",1010,3.6,18.3,NA
"31237","20190313:0000",-44.63466,170.64731,"Hakataramea Valley",486,NA,0,"Canterbury",1010,3.6,17.6,NA
"31238","20190314:0000",-44.63466,170.64731,"Hakataramea Valley",486,NA,0,"Canterbury",1010,2.9,11.15,NA
"31239","20190315:0000",-44.63466,170.64731,"Hakataramea Valley",486,NA,0,"Canterbury",1010,1.8,13.85,NA
"31240","20190316:0000",-44.63466,170.64731,"Hakataramea Valley",486,NA,0,"Canterbury",1010,1.8,15.05,NA
"31241","20190317:0000",-44.63466,170.64731,"Hakataramea Valley",486,NA,0,"Canterbury",1010,2.2,17.3,NA
"31242","20190318:0000",-44.63466,170.64731,"Hakataramea Valley",486,NA,0,"Canterbury",1010,2.2,17.25,NA
"31243","20190319:0000",-44.63466,170.64731,"Hakataramea Valley",486,NA,0,"Canterbury",1010,3.6,16,NA
"31244","20190320:0000",-44.63466,170.64731,"Hakataramea Valley",486,NA,0,"Canterbury",1010,4.7,16.95,NA
"31245","20190321:0000",-44.63466,170.64731,"Hakataramea Valley",486,NA,0,"Canterbury",1010,2.2,18.85,NA
"31246","20190322:0000",-44.63466,170.64731,"Hakataramea Valley",486,NA,0,"Canterbury",1010,2.2,19.75,NA
"31247","20190323:0000",-44.63466,170.64731,"Hakataramea Valley",486,NA,0,"Canterbury",1010,3.6,15.9,NA
"31248","20190324:0000",-44.63466,170.64731,"Hakataramea Valley",486,NA,0,"Canterbury",1010,5.4,19.9,NA
"31249","20190325:0000",-44.63466,170.64731,"Hakataramea Valley",486,NA,0,"Canterbury",1010,3.6,19.1,NA
"31250","20190326:0000",-44.63466,170.64731,"Hakataramea Valley",486,NA,0,"Canterbury",1010,5.8,19.85,NA
"31251","20190327:0000",-44.63466,170.64731,"Hakataramea Valley",486,NA,0,"Canterbury",1010,5,17.85,NA
"31252","20190328:0000",-44.63466,170.64731,"Hakataramea Valley",486,NA,0,"Canterbury",1010,2.9,13.7,NA
"31253","20190329:0000",-44.63466,170.64731,"Hakataramea Valley",486,NA,0,"Canterbury",1010,2.5,12.15,NA
"31254","20190330:0000",-44.63466,170.64731,"Hakataramea Valley",486,NA,0,"Canterbury",1010,2.5,13.7,NA
"31255","20190331:0000",-44.63466,170.64731,"Hakataramea Valley",486,NA,0,"Canterbury",1010,4.3,14.75,NA
"31256","20190401:0000",-44.63466,170.64731,"Hakataramea Valley",486,NA,0,"Canterbury",1010,9.4,14.25,NA
"31257","20190402:0000",-44.63466,170.64731,"Hakataramea Valley",486,NA,0,"Canterbury",1010,2.9,8.45,NA
"31258","20190403:0000",-44.63466,170.64731,"Hakataramea Valley",486,NA,0,"Canterbury",1010,1.8,9.3,NA
"31259","20190404:0000",-44.63466,170.64731,"Hakataramea Valley",486,NA,0,"Canterbury",1010,4,10.25,NA
"31260","20190405:0000",-44.63466,170.64731,"Hakataramea Valley",486,NA,0,"Canterbury",1010,4,7.05,NA
"31261","20190406:0000",-44.63466,170.64731,"Hakataramea Valley",486,NA,0,"Canterbury",1010,4.7,6.35,NA
"31262","20190407:0000",-44.63466,170.64731,"Hakataramea Valley",486,NA,0,"Canterbury",1010,1.8,7.5,NA
"31263","20190408:0000",-44.63466,170.64731,"Hakataramea Valley",486,NA,0,"Canterbury",1010,2.2,10.1,NA
"31264","20190409:0000",-44.63466,170.64731,"Hakataramea Valley",486,NA,0,"Canterbury",1010,3.6,14.5,NA
"31265","20190410:0000",-44.63466,170.64731,"Hakataramea Valley",486,NA,0,"Canterbury",1010,3.6,16.15,NA
"31266","20190411:0000",-44.63466,170.64731,"Hakataramea Valley",486,NA,0,"Canterbury",1010,10.1,9.8,NA
"31267","20190412:0000",-44.63466,170.64731,"Hakataramea Valley",486,NA,0,"Canterbury",1010,12.6,9.55,NA
"31268","20190413:0000",-44.63466,170.64731,"Hakataramea Valley",486,NA,0,"Canterbury",1010,2.9,7.4,NA
"31269","20190414:0000",-44.63466,170.64731,"Hakataramea Valley",486,NA,0,"Canterbury",1010,3.6,9.05,NA
"31270","20190415:0000",-44.63466,170.64731,"Hakataramea Valley",486,NA,0,"Canterbury",1010,2.2,10.95,NA
"31271","20190416:0000",-44.63466,170.64731,"Hakataramea Valley",486,NA,0,"Canterbury",1010,2.2,7.85,NA
"31272","20190417:0000",-44.63466,170.64731,"Hakataramea Valley",486,NA,0,"Canterbury",1010,2.2,10.15,NA
"31273","20190418:0000",-44.63466,170.64731,"Hakataramea Valley",486,NA,0,"Canterbury",1010,5.8,8.6,NA
"31274","20190419:0000",-44.63466,170.64731,"Hakataramea Valley",486,NA,0,"Canterbury",1010,6.1,11.25,NA
"31275","20190420:0000",-44.63466,170.64731,"Hakataramea Valley",486,NA,0,"Canterbury",1010,3.6,12.15,NA
"31276","20190421:0000",-44.63466,170.64731,"Hakataramea Valley",486,NA,0,"Canterbury",1010,4,10.2,NA
"31277","20190422:0000",-44.63466,170.64731,"Hakataramea Valley",486,NA,0,"Canterbury",1010,5.4,10.75,NA
"31278","20190423:0000",-44.63466,170.64731,"Hakataramea Valley",486,NA,0,"Canterbury",1010,22.7,12.4,NA
"31279","20190424:0000",-44.63466,170.64731,"Hakataramea Valley",486,NA,0,"Canterbury",1010,1.4,9.3,NA
"31280","20190425:0000",-44.63466,170.64731,"Hakataramea Valley",486,NA,0,"Canterbury",1010,5.8,12.4,NA
"31281","20190426:0000",-44.63466,170.64731,"Hakataramea Valley",486,NA,0,"Canterbury",1010,4.3,NA,NA
"31282","20190427:0000",-44.63466,170.64731,"Hakataramea Valley",486,NA,0,"Canterbury",1010,NA,NA,NA
"31283","20190428:0000",-44.63466,170.64731,"Hakataramea Valley",486,NA,0,"Canterbury",1010,NA,NA,NA
"31284","20190429:0000",-44.63466,170.64731,"Hakataramea Valley",486,NA,0,"Canterbury",1010,NA,NA,NA
"31285","20190430:0000",-44.63466,170.64731,"Hakataramea Valley",486,NA,0,"Canterbury",1010,NA,NA,NA
"31286","20190701:0000",-44.63466,170.64731,"Hakataramea Valley",486,NA,0,"Canterbury",1010,NA,NA,NA
"31287","20190702:0000",-44.63466,170.64731,"Hakataramea Valley",486,NA,0,"Canterbury",1010,NA,NA,NA
"31288","20190703:0000",-44.63466,170.64731,"Hakataramea Valley",486,NA,0,"Canterbury",1010,NA,NA,NA
"31289","20190704:0000",-44.63466,170.64731,"Hakataramea Valley",486,NA,0,"Canterbury",1010,NA,NA,NA
"31290","20190705:0000",-44.63466,170.64731,"Hakataramea Valley",486,NA,0,"Canterbury",1010,NA,NA,NA
"31291","20190706:0000",-44.63466,170.64731,"Hakataramea Valley",486,NA,0,"Canterbury",1010,NA,NA,NA
"31292","20190707:0000",-44.63466,170.64731,"Hakataramea Valley",486,NA,0,"Canterbury",1010,NA,NA,NA
"31293","20190708:0000",-44.63466,170.64731,"Hakataramea Valley",486,NA,0,"Canterbury",1010,NA,NA,NA
"31294","20190709:0000",-44.63466,170.64731,"Hakataramea Valley",486,NA,0,"Canterbury",1010,NA,NA,NA
"31295","20190710:0000",-44.63466,170.64731,"Hakataramea Valley",486,NA,0,"Canterbury",1010,NA,NA,NA
"31296","20190711:0000",-44.63466,170.64731,"Hakataramea Valley",486,NA,0,"Canterbury",1010,3.6,NA,NA
"31297","20190712:0000",-44.63466,170.64731,"Hakataramea Valley",486,NA,0,"Canterbury",1010,4.7,4.25,NA
"31298","20190713:0000",-44.63466,170.64731,"Hakataramea Valley",486,NA,0,"Canterbury",1010,6.5,8.45,NA
"31299","20190714:0000",-44.63466,170.64731,"Hakataramea Valley",486,NA,0,"Canterbury",1010,10.4,9.55,NA
"31300","20190715:0000",-44.63466,170.64731,"Hakataramea Valley",486,NA,0,"Canterbury",1010,5.8,2.75,NA
"31301","20190716:0000",-44.63466,170.64731,"Hakataramea Valley",486,NA,0,"Canterbury",1010,4.3,4.85,NA
"31302","20190717:0000",-44.63466,170.64731,"Hakataramea Valley",486,NA,0,"Canterbury",1010,3.6,4.35,NA
"31303","20190718:0000",-44.63466,170.64731,"Hakataramea Valley",486,NA,0,"Canterbury",1010,7.9,6.5,NA
"31304","20190719:0000",-44.63466,170.64731,"Hakataramea Valley",486,NA,0,"Canterbury",1010,2.2,5.45,NA
"31305","20190720:0000",-44.63466,170.64731,"Hakataramea Valley",486,NA,0,"Canterbury",1010,1.8,6.15,NA
"31306","20190721:0000",-44.63466,170.64731,"Hakataramea Valley",486,NA,0,"Canterbury",1010,4.3,7.45,NA
"31307","20190722:0000",-44.63466,170.64731,"Hakataramea Valley",486,NA,0,"Canterbury",1010,1.1,8.15,NA
"31308","20190723:0000",-44.63466,170.64731,"Hakataramea Valley",486,NA,0,"Canterbury",1010,2.2,6.8,NA
"31309","20190724:0000",-44.63466,170.64731,"Hakataramea Valley",486,NA,0,"Canterbury",1010,1.8,5.35,NA
"31310","20190725:0000",-44.63466,170.64731,"Hakataramea Valley",486,NA,0,"Canterbury",1010,2.2,4.4,NA
"31311","20190726:0000",-44.63466,170.64731,"Hakataramea Valley",486,NA,0,"Canterbury",1010,2.9,6.25,NA
"31312","20190727:0000",-44.63466,170.64731,"Hakataramea Valley",486,NA,0,"Canterbury",1010,3.6,7.6,NA
"31313","20190728:0000",-44.63466,170.64731,"Hakataramea Valley",486,NA,0,"Canterbury",1010,4,6.85,NA
"31314","20190729:0000",-44.63466,170.64731,"Hakataramea Valley",486,NA,0,"Canterbury",1010,2.9,7.9,NA
"31315","20190730:0000",-44.63466,170.64731,"Hakataramea Valley",486,NA,0,"Canterbury",1010,2.2,7.7,NA
"31316","20190731:0000",-44.63466,170.64731,"Hakataramea Valley",486,NA,0,"Canterbury",1010,7.2,5.25,NA
"31317","20190801:0000",-44.63466,170.64731,"Hakataramea Valley",486,NA,0,"Canterbury",1010,8.3,6.25,NA
"31318","20190802:0000",-44.63466,170.64731,"Hakataramea Valley",486,NA,0,"Canterbury",1010,7.9,4.7,NA
"31319","20190803:0000",-44.63466,170.64731,"Hakataramea Valley",486,NA,0,"Canterbury",1010,7.2,8.6,NA
"31320","20190804:0000",-44.63466,170.64731,"Hakataramea Valley",486,NA,0,"Canterbury",1010,5.8,3.65,NA
"31321","20190805:0000",-44.63466,170.64731,"Hakataramea Valley",486,NA,0,"Canterbury",1010,19.1,4.4,NA
"31322","20190806:0000",-44.63466,170.64731,"Hakataramea Valley",486,NA,0,"Canterbury",1010,8.3,8.15,NA
"31323","20190807:0000",-44.63466,170.64731,"Hakataramea Valley",486,NA,0,"Canterbury",1010,4.3,7.65,NA
"31324","20190808:0000",-44.63466,170.64731,"Hakataramea Valley",486,NA,0,"Canterbury",1010,4.3,8.5,NA
"31325","20190809:0000",-44.63466,170.64731,"Hakataramea Valley",486,NA,0,"Canterbury",1010,3.6,7.8,NA
"31326","20190810:0000",-44.63466,170.64731,"Hakataramea Valley",486,NA,0,"Canterbury",1010,1.8,2.95,NA
"31327","20190811:0000",-44.63466,170.64731,"Hakataramea Valley",486,NA,0,"Canterbury",1010,7.6,4.35,NA
"31328","20190812:0000",-44.63466,170.64731,"Hakataramea Valley",486,NA,0,"Canterbury",1010,2.9,4.45,NA
"31329","20190813:0000",-44.63466,170.64731,"Hakataramea Valley",486,NA,0,"Canterbury",1010,5.8,6,NA
"31330","20190814:0000",-44.63466,170.64731,"Hakataramea Valley",486,NA,0,"Canterbury",1010,10.8,5.2,NA
"31331","20190815:0000",-44.63466,170.64731,"Hakataramea Valley",486,NA,0,"Canterbury",1010,3.6,5.25,NA
"31332","20190816:0000",-44.63466,170.64731,"Hakataramea Valley",486,NA,0,"Canterbury",1010,9.4,7.95,NA
"31333","20190817:0000",-44.63466,170.64731,"Hakataramea Valley",486,NA,0,"Canterbury",1010,7.9,5.45,NA
"31334","20190818:0000",-44.63466,170.64731,"Hakataramea Valley",486,NA,0,"Canterbury",1010,2.9,2.75,NA
"31335","20190819:0000",-44.63466,170.64731,"Hakataramea Valley",486,NA,0,"Canterbury",1010,2.5,5.35,NA
"31336","20190820:0000",-44.63466,170.64731,"Hakataramea Valley",486,NA,0,"Canterbury",1010,4.3,6.45,NA
"31337","20190821:0000",-44.63466,170.64731,"Hakataramea Valley",486,NA,0,"Canterbury",1010,5,5.9,NA
"31338","20190822:0000",-44.63466,170.64731,"Hakataramea Valley",486,NA,0,"Canterbury",1010,4,6.45,NA
"31339","20190823:0000",-44.63466,170.64731,"Hakataramea Valley",486,NA,0,"Canterbury",1010,3.6,8.3,NA
"31340","20190824:0000",-44.63466,170.64731,"Hakataramea Valley",486,NA,0,"Canterbury",1010,4.3,7.9,NA
"31341","20190825:0000",-44.63466,170.64731,"Hakataramea Valley",486,NA,0,"Canterbury",1010,7.9,8.6,NA
"31342","20190826:0000",-44.63466,170.64731,"Hakataramea Valley",486,NA,0,"Canterbury",1010,2.9,7.3,NA
"31343","20190827:0000",-44.63466,170.64731,"Hakataramea Valley",486,NA,0,"Canterbury",1010,3.2,7.45,NA
"31344","20190828:0000",-44.63466,170.64731,"Hakataramea Valley",486,NA,0,"Canterbury",1010,11.5,9.95,NA
"31345","20190829:0000",-44.63466,170.64731,"Hakataramea Valley",486,NA,0,"Canterbury",1010,23.4,11.4,NA
"31346","20190830:0000",-44.63466,170.64731,"Hakataramea Valley",486,NA,0,"Canterbury",1010,3.6,6.65,NA
"31347","20190831:0000",-44.63466,170.64731,"Hakataramea Valley",486,NA,0,"Canterbury",1010,4.3,9.8,NA
"31348","20190901:0000",-44.63466,170.64731,"Hakataramea Valley",486,NA,0,"Canterbury",1010,5.4,12.3,NA
"31349","20190902:0000",-44.63466,170.64731,"Hakataramea Valley",486,NA,0,"Canterbury",1010,1.8,8.75,NA
"31350","20190903:0000",-44.63466,170.64731,"Hakataramea Valley",486,NA,0,"Canterbury",1010,2.9,7.75,NA
"31351","20190904:0000",-44.63466,170.64731,"Hakataramea Valley",486,NA,0,"Canterbury",1010,2.2,4.65,NA
"31352","20190905:0000",-44.63466,170.64731,"Hakataramea Valley",486,NA,0,"Canterbury",1010,2.9,6.8,NA
"31353","20190906:0000",-44.63466,170.64731,"Hakataramea Valley",486,NA,0,"Canterbury",1010,3.2,6.3,NA
"31354","20190907:0000",-44.63466,170.64731,"Hakataramea Valley",486,NA,0,"Canterbury",1010,4,4.5,NA
"31355","20190908:0000",-44.63466,170.64731,"Hakataramea Valley",486,NA,0,"Canterbury",1010,2.9,1.55,NA
"31356","20190909:0000",-44.63466,170.64731,"Hakataramea Valley",486,NA,0,"Canterbury",1010,2.2,3.85,NA
"31357","20190910:0000",-44.63466,170.64731,"Hakataramea Valley",486,NA,0,"Canterbury",1010,3.2,3.85,NA
"31358","20190911:0000",-44.63466,170.64731,"Hakataramea Valley",486,NA,0,"Canterbury",1010,7.9,5.65,NA
"31359","20190912:0000",-44.63466,170.64731,"Hakataramea Valley",486,NA,0,"Canterbury",1010,6.5,9.5,NA
"31360","20190913:0000",-44.63466,170.64731,"Hakataramea Valley",486,NA,0,"Canterbury",1010,5.8,10.3,NA
"31361","20190914:0000",-44.63466,170.64731,"Hakataramea Valley",486,NA,0,"Canterbury",1010,2.2,6.85,NA
"31362","20190915:0000",-44.63466,170.64731,"Hakataramea Valley",486,NA,0,"Canterbury",1010,2.5,8.35,NA
"31363","20190916:0000",-44.63466,170.64731,"Hakataramea Valley",486,NA,0,"Canterbury",1010,14.8,9.8,NA
"31364","20190917:0000",-44.63466,170.64731,"Hakataramea Valley",486,NA,0,"Canterbury",1010,19.4,10.2,NA
"31365","20190918:0000",-44.63466,170.64731,"Hakataramea Valley",486,NA,0,"Canterbury",1010,3.6,6.8,NA
"31366","20190919:0000",-44.63466,170.64731,"Hakataramea Valley",486,NA,0,"Canterbury",1010,2.9,8.6,NA
"31367","20190920:0000",-44.63466,170.64731,"Hakataramea Valley",486,NA,0,"Canterbury",1010,1.1,8.3,NA
"31368","20190921:0000",-44.63466,170.64731,"Hakataramea Valley",486,NA,0,"Canterbury",1010,2.2,9.1,NA
"31369","20190922:0000",-44.63466,170.64731,"Hakataramea Valley",486,NA,0,"Canterbury",1010,2.5,12.5,NA
"31370","20190923:0000",-44.63466,170.64731,"Hakataramea Valley",486,NA,0,"Canterbury",1010,7.2,13.1,NA
"31371","20190924:0000",-44.63466,170.64731,"Hakataramea Valley",486,NA,0,"Canterbury",1010,3.6,8.45,NA
"31372","20190925:0000",-44.63466,170.64731,"Hakataramea Valley",486,NA,0,"Canterbury",1010,5.8,6.45,NA
"31373","20190926:0000",-44.63466,170.64731,"Hakataramea Valley",486,NA,0,"Canterbury",1010,30.6,7.95,NA
"31374","20190927:0000",-44.63466,170.64731,"Hakataramea Valley",486,NA,0,"Canterbury",1010,4.7,11.4,NA
"31375","20190928:0000",-44.63466,170.64731,"Hakataramea Valley",486,NA,0,"Canterbury",1010,10.1,13.5,NA
"31376","20190929:0000",-44.63466,170.64731,"Hakataramea Valley",486,NA,0,"Canterbury",1010,5,13.6,NA
"31377","20190930:0000",-44.63466,170.64731,"Hakataramea Valley",486,NA,0,"Canterbury",1010,7.6,9.6,NA
"31378","20191001:0000",-44.63466,170.64731,"Hakataramea Valley",486,NA,0,"Canterbury",1010,4,5.85,NA
"31379","20191002:0000",-44.63466,170.64731,"Hakataramea Valley",486,NA,0,"Canterbury",1010,10.1,6.25,NA
"31380","20191003:0000",-44.63466,170.64731,"Hakataramea Valley",486,NA,0,"Canterbury",1010,2.9,5.95,NA
"31381","20191004:0000",-44.63466,170.64731,"Hakataramea Valley",486,NA,0,"Canterbury",1010,2.2,10.1,NA
"31382","20191005:0000",-44.63466,170.64731,"Hakataramea Valley",486,NA,0,"Canterbury",1010,12.2,7.55,NA
"31383","20191006:0000",-44.63466,170.64731,"Hakataramea Valley",486,NA,0,"Canterbury",1010,2.2,7,NA
"31384","20191007:0000",-44.63466,170.64731,"Hakataramea Valley",486,NA,0,"Canterbury",1010,4,10.1,NA
"31385","20191008:0000",-44.63466,170.64731,"Hakataramea Valley",486,NA,0,"Canterbury",1010,8.6,13.45,NA
"31386","20191009:0000",-44.63466,170.64731,"Hakataramea Valley",486,NA,0,"Canterbury",1010,2.2,12.6,NA
"31387","20191010:0000",-44.63466,170.64731,"Hakataramea Valley",486,NA,0,"Canterbury",1010,5,9.25,NA
"31388","20191011:0000",-44.63466,170.64731,"Hakataramea Valley",486,NA,0,"Canterbury",1010,10.1,9.3,NA
"31389","20191012:0000",-44.63466,170.64731,"Hakataramea Valley",486,NA,0,"Canterbury",1010,10.4,8.1,NA
"31390","20191013:0000",-44.63466,170.64731,"Hakataramea Valley",486,NA,0,"Canterbury",1010,1.4,8.25,NA
"31391","20191014:0000",-44.63466,170.64731,"Hakataramea Valley",486,NA,0,"Canterbury",1010,2.9,9.2,NA
"31392","20191015:0000",-44.63466,170.64731,"Hakataramea Valley",486,NA,0,"Canterbury",1010,2.5,9.15,NA
"31393","20191016:0000",-44.63466,170.64731,"Hakataramea Valley",486,NA,0,"Canterbury",1010,2.2,9.4,NA
"31394","20191017:0000",-44.63466,170.64731,"Hakataramea Valley",486,NA,0,"Canterbury",1010,4,9.95,NA
"31395","20191018:0000",-44.63466,170.64731,"Hakataramea Valley",486,NA,0,"Canterbury",1010,1.8,6.8,NA
"31396","20191019:0000",-44.63466,170.64731,"Hakataramea Valley",486,NA,0,"Canterbury",1010,3.6,11.4,NA
"31397","20191020:0000",-44.63466,170.64731,"Hakataramea Valley",486,NA,0,"Canterbury",1010,4.7,11.7,NA
"31398","20191021:0000",-44.63466,170.64731,"Hakataramea Valley",486,NA,0,"Canterbury",1010,5.8,11.5,NA
"31399","20191022:0000",-44.63466,170.64731,"Hakataramea Valley",486,NA,0,"Canterbury",1010,4.7,6.9,NA
"31400","20191023:0000",-44.63466,170.64731,"Hakataramea Valley",486,NA,0,"Canterbury",1010,9.7,7.05,NA
"31401","20191024:0000",-44.63466,170.64731,"Hakataramea Valley",486,NA,0,"Canterbury",1010,11.5,9.55,NA
"31402","20191025:0000",-44.63466,170.64731,"Hakataramea Valley",486,NA,0,"Canterbury",1010,4.3,9.35,NA
"31403","20191026:0000",-44.63466,170.64731,"Hakataramea Valley",486,NA,0,"Canterbury",1010,4,14.55,NA
"31404","20191027:0000",-44.63466,170.64731,"Hakataramea Valley",486,NA,0,"Canterbury",1010,13.7,17.3,NA
"31405","20191028:0000",-44.63466,170.64731,"Hakataramea Valley",486,NA,0,"Canterbury",1010,6.5,11.4,NA
"31406","20191029:0000",-44.63466,170.64731,"Hakataramea Valley",486,NA,0,"Canterbury",1010,6.1,8.1,NA
"31407","20191030:0000",-44.63466,170.64731,"Hakataramea Valley",486,NA,0,"Canterbury",1010,4.7,11.1,NA
"31408","20191031:0000",-44.63466,170.64731,"Hakataramea Valley",486,NA,0,"Canterbury",1010,4.7,9.5,NA
"31409","20191101:0000",-44.63466,170.64731,"Hakataramea Valley",486,NA,0,"Canterbury",1010,18.4,10.9,NA
"31410","20191102:0000",-44.63466,170.64731,"Hakataramea Valley",486,NA,0,"Canterbury",1010,3.2,17.8,NA
"31411","20191103:0000",-44.63466,170.64731,"Hakataramea Valley",486,NA,0,"Canterbury",1010,5,21.6,NA
"31412","20191104:0000",-44.63466,170.64731,"Hakataramea Valley",486,NA,0,"Canterbury",1010,4.3,19,NA
"31413","20191105:0000",-44.63466,170.64731,"Hakataramea Valley",486,NA,0,"Canterbury",1010,5,16.6,NA
"31414","20191106:0000",-44.63466,170.64731,"Hakataramea Valley",486,NA,0,"Canterbury",1010,13.7,10.9,NA
"31415","20191107:0000",-44.63466,170.64731,"Hakataramea Valley",486,NA,0,"Canterbury",1010,3.6,16.3,NA
"31416","20191108:0000",-44.63466,170.64731,"Hakataramea Valley",486,NA,0,"Canterbury",1010,24.8,17.4,NA
"31417","20191109:0000",-44.63466,170.64731,"Hakataramea Valley",486,NA,0,"Canterbury",1010,31.7,19.8,NA
"31418","20191110:0000",-44.63466,170.64731,"Hakataramea Valley",486,NA,0,"Canterbury",1010,3.6,10.4,NA
"31419","20191111:0000",-44.63466,170.64731,"Hakataramea Valley",486,NA,0,"Canterbury",1010,5,9.4,NA
"31420","20191112:0000",-44.63466,170.64731,"Hakataramea Valley",486,NA,0,"Canterbury",1010,3.6,11,NA
"31421","20191113:0000",-44.63466,170.64731,"Hakataramea Valley",486,NA,0,"Canterbury",1010,6.1,14.3,NA
"31422","20191114:0000",-44.63466,170.64731,"Hakataramea Valley",486,NA,0,"Canterbury",1010,5.4,11.4,NA
"31423","20191115:0000",-44.63466,170.64731,"Hakataramea Valley",486,NA,0,"Canterbury",1010,3.2,12.35,NA
"31424","20191116:0000",-44.63466,170.64731,"Hakataramea Valley",486,NA,0,"Canterbury",1010,4.7,14.6,NA
"31425","20191117:0000",-44.63466,170.64731,"Hakataramea Valley",486,NA,0,"Canterbury",1010,7.9,11.1,NA
"31426","20191118:0000",-44.63466,170.64731,"Hakataramea Valley",486,NA,0,"Canterbury",1010,5.4,10.3,NA
"31427","20191119:0000",-44.63466,170.64731,"Hakataramea Valley",486,NA,0,"Canterbury",1010,33.8,11.3,NA
"31428","20191120:0000",-44.63466,170.64731,"Hakataramea Valley",486,NA,0,"Canterbury",1010,4.3,9.85,NA
"31429","20191121:0000",-44.63466,170.64731,"Hakataramea Valley",486,NA,0,"Canterbury",1010,3.6,11.6,NA
"31430","20191122:0000",-44.63466,170.64731,"Hakataramea Valley",486,NA,0,"Canterbury",1010,18,16.7,NA
"31431","20191123:0000",-44.63466,170.64731,"Hakataramea Valley",486,NA,0,"Canterbury",1010,10.8,16.55,NA
"31432","20191124:0000",-44.63466,170.64731,"Hakataramea Valley",486,NA,0,"Canterbury",1010,11.5,19.55,NA
"31433","20191125:0000",-44.63466,170.64731,"Hakataramea Valley",486,NA,0,"Canterbury",1010,6.5,13.65,NA
"31434","20191126:0000",-44.63466,170.64731,"Hakataramea Valley",486,NA,0,"Canterbury",1010,2.9,15.55,NA
"31435","20191127:0000",-44.63466,170.64731,"Hakataramea Valley",486,NA,0,"Canterbury",1010,19.1,21.35,NA
"31436","20191128:0000",-44.63466,170.64731,"Hakataramea Valley",486,NA,0,"Canterbury",1010,5.8,20.85,NA
"31437","20191129:0000",-44.63466,170.64731,"Hakataramea Valley",486,NA,0,"Canterbury",1010,4.7,13.25,NA
"31438","20191130:0000",-44.63466,170.64731,"Hakataramea Valley",486,NA,0,"Canterbury",1010,4.7,18.1,NA
"31439","20191201:0000",-44.63466,170.64731,"Hakataramea Valley",486,NA,0,"Canterbury",1010,13,18.45,NA
"31440","20191202:0000",-44.63466,170.64731,"Hakataramea Valley",486,NA,0,"Canterbury",1010,2.9,14.25,NA
"31441","20191203:0000",-44.63466,170.64731,"Hakataramea Valley",486,NA,0,"Canterbury",1010,5,16.05,NA
"31442","20191204:0000",-44.63466,170.64731,"Hakataramea Valley",486,NA,0,"Canterbury",1010,25.6,12.75,NA
"31443","20191205:0000",-44.63466,170.64731,"Hakataramea Valley",486,NA,0,"Canterbury",1010,17.3,14.15,NA
"31444","20191206:0000",-44.63466,170.64731,"Hakataramea Valley",486,NA,0,"Canterbury",1010,15.1,16.35,NA
"31445","20191207:0000",-44.63466,170.64731,"Hakataramea Valley",486,NA,0,"Canterbury",1010,24.5,14.85,NA
"31446","20191208:0000",-44.63466,170.64731,"Hakataramea Valley",486,NA,0,"Canterbury",1010,15.8,15.3,NA
"31447","20191209:0000",-44.63466,170.64731,"Hakataramea Valley",486,NA,0,"Canterbury",1010,6.8,11.2,NA
"31448","20191210:0000",-44.63466,170.64731,"Hakataramea Valley",486,NA,0,"Canterbury",1010,2.9,14.45,NA
"31449","20191211:0000",-44.63466,170.64731,"Hakataramea Valley",486,NA,0,"Canterbury",1010,3.2,16.4,NA
"31450","20191212:0000",-44.63466,170.64731,"Hakataramea Valley",486,NA,0,"Canterbury",1010,3.6,17.65,NA
"31451","20191213:0000",-44.63466,170.64731,"Hakataramea Valley",486,NA,0,"Canterbury",1010,2.5,19.25,NA
"31452","20191214:0000",-44.63466,170.64731,"Hakataramea Valley",486,NA,0,"Canterbury",1010,11.5,15.6,NA
"31453","20191215:0000",-44.63466,170.64731,"Hakataramea Valley",486,NA,0,"Canterbury",1010,5.8,14.2,NA
"31454","20191216:0000",-44.63466,170.64731,"Hakataramea Valley",486,NA,0,"Canterbury",1010,4,12.85,NA
"31455","20191217:0000",-44.63466,170.64731,"Hakataramea Valley",486,NA,0,"Canterbury",1010,10.1,10.25,NA
"31456","20191218:0000",-44.63466,170.64731,"Hakataramea Valley",486,NA,0,"Canterbury",1010,3.2,11,NA
"31457","20191219:0000",-44.63466,170.64731,"Hakataramea Valley",486,NA,0,"Canterbury",1010,4.3,12.05,NA
"31458","20191220:0000",-44.63466,170.64731,"Hakataramea Valley",486,NA,0,"Canterbury",1010,30.2,11.6,NA
"31459","20191221:0000",-44.63466,170.64731,"Hakataramea Valley",486,NA,0,"Canterbury",1010,5.8,11.8,NA
"31460","20191222:0000",-44.63466,170.64731,"Hakataramea Valley",486,NA,0,"Canterbury",1010,5.8,17.9,NA
"31461","20191223:0000",-44.63466,170.64731,"Hakataramea Valley",486,NA,0,"Canterbury",1010,2.5,13.9,NA
"31462","20191224:0000",-44.63466,170.64731,"Hakataramea Valley",486,NA,0,"Canterbury",1010,2.9,14.35,NA
"31463","20191225:0000",-44.63466,170.64731,"Hakataramea Valley",486,NA,0,"Canterbury",1010,6.5,12.85,NA
"31464","20191226:0000",-44.63466,170.64731,"Hakataramea Valley",486,NA,0,"Canterbury",1010,3.2,15.2,NA
"31465","20191227:0000",-44.63466,170.64731,"Hakataramea Valley",486,NA,0,"Canterbury",1010,2.9,16.2,NA
"31466","20191228:0000",-44.63466,170.64731,"Hakataramea Valley",486,NA,0,"Canterbury",1010,17.3,14.35,NA
"31467","20191229:0000",-44.63466,170.64731,"Hakataramea Valley",486,NA,0,"Canterbury",1010,3.6,15.75,NA
"31468","20191230:0000",-44.63466,170.64731,"Hakataramea Valley",486,NA,0,"Canterbury",1010,6.5,17.35,NA
"31469","20191231:0000",-44.63466,170.64731,"Hakataramea Valley",486,NA,0,"Canterbury",1010,4.3,19.6,NA
"31470","20200101:0000",-44.63466,170.64731,"Hakataramea Valley",486,NA,0,"Canterbury",1010,15.1,18.7,NA
"31471","20200102:0000",-44.63466,170.64731,"Hakataramea Valley",486,NA,0,"Canterbury",1010,4.3,16.6,NA
"31472","20200103:0000",-44.63466,170.64731,"Hakataramea Valley",486,NA,0,"Canterbury",1010,10.4,14.65,NA
"31473","20200104:0000",-44.63466,170.64731,"Hakataramea Valley",486,NA,0,"Canterbury",1010,4.3,12.75,NA
"31474","20200105:0000",-44.63466,170.64731,"Hakataramea Valley",486,NA,0,"Canterbury",1010,5,16.2,NA
"31475","20200106:0000",-44.63466,170.64731,"Hakataramea Valley",486,NA,0,"Canterbury",1010,32,13.05,NA
"31476","20200107:0000",-44.63466,170.64731,"Hakataramea Valley",486,NA,0,"Canterbury",1010,18.4,14.25,NA
"31477","20200108:0000",-44.63466,170.64731,"Hakataramea Valley",486,NA,0,"Canterbury",1010,8.6,11.95,NA
"31478","20200109:0000",-44.63466,170.64731,"Hakataramea Valley",486,NA,0,"Canterbury",1010,4.3,12.55,NA
"31479","20200110:0000",-44.63466,170.64731,"Hakataramea Valley",486,NA,0,"Canterbury",1010,2.5,15.05,NA
"31480","20200111:0000",-44.63466,170.64731,"Hakataramea Valley",486,NA,0,"Canterbury",1010,3.6,16.05,NA
"31481","20200112:0000",-44.63466,170.64731,"Hakataramea Valley",486,NA,0,"Canterbury",1010,5.8,19.35,NA
"31482","20200113:0000",-44.63466,170.64731,"Hakataramea Valley",486,NA,0,"Canterbury",1010,5,13.65,NA
"31483","20200114:0000",-44.63466,170.64731,"Hakataramea Valley",486,NA,0,"Canterbury",1010,10.1,16.1,NA
"31484","20200115:0000",-44.63466,170.64731,"Hakataramea Valley",486,NA,0,"Canterbury",1010,3.6,12.9,NA
"31485","20200116:0000",-44.63466,170.64731,"Hakataramea Valley",486,NA,0,"Canterbury",1010,3.6,15.3,NA
"31486","20200117:0000",-44.63466,170.64731,"Hakataramea Valley",486,NA,0,"Canterbury",1010,6.5,17.4,NA
"31487","20200118:0000",-44.63466,170.64731,"Hakataramea Valley",486,NA,0,"Canterbury",1010,4.3,19.05,NA
"31488","20200119:0000",-44.63466,170.64731,"Hakataramea Valley",486,NA,0,"Canterbury",1010,2.5,18.05,NA
"31489","20200120:0000",-44.63466,170.64731,"Hakataramea Valley",486,NA,0,"Canterbury",1010,2.9,17.6,NA
"31490","20200121:0000",-44.63466,170.64731,"Hakataramea Valley",486,NA,0,"Canterbury",1010,4.7,18.65,NA
"31491","20200122:0000",-44.63466,170.64731,"Hakataramea Valley",486,NA,0,"Canterbury",1010,2.5,22.05,NA
"31492","20200123:0000",-44.63466,170.64731,"Hakataramea Valley",486,NA,0,"Canterbury",1010,5.8,18.85,NA
"31493","20200124:0000",-44.63466,170.64731,"Hakataramea Valley",486,NA,0,"Canterbury",1010,4.7,24.15,NA
"31494","20200125:0000",-44.63466,170.64731,"Hakataramea Valley",486,NA,0,"Canterbury",1010,18.4,23.6,NA
"31495","20200126:0000",-44.63466,170.64731,"Hakataramea Valley",486,NA,0,"Canterbury",1010,2.5,20.25,NA
"31496","20200127:0000",-44.63466,170.64731,"Hakataramea Valley",486,NA,0,"Canterbury",1010,3.2,22,NA
"31497","20200128:0000",-44.63466,170.64731,"Hakataramea Valley",486,NA,0,"Canterbury",1010,3.6,17.9,NA
"31498","20200129:0000",-44.63466,170.64731,"Hakataramea Valley",486,NA,0,"Canterbury",1010,3.6,19.9,NA
"31499","20200130:0000",-44.63466,170.64731,"Hakataramea Valley",486,NA,0,"Canterbury",1010,3.6,18.05,NA
"31500","20200131:0000",-44.63466,170.64731,"Hakataramea Valley",486,NA,0,"Canterbury",1010,25.2,18.55,NA
"31501","20200201:0000",-44.63466,170.64731,"Hakataramea Valley",486,NA,0,"Canterbury",1010,2.2,17.4,NA
"31502","20200202:0000",-44.63466,170.64731,"Hakataramea Valley",486,NA,0,"Canterbury",1010,5,20.8,NA
"31503","20200203:0000",-44.63466,170.64731,"Hakataramea Valley",486,NA,0,"Canterbury",1010,8.6,23.25,NA
"31504","20200204:0000",-44.63466,170.64731,"Hakataramea Valley",486,NA,0,"Canterbury",1010,7.9,15,NA
"31505","20200205:0000",-44.63466,170.64731,"Hakataramea Valley",486,NA,0,"Canterbury",1010,4,13.45,NA
"31506","20200206:0000",-44.63466,170.64731,"Hakataramea Valley",486,NA,0,"Canterbury",1010,5.8,13.5,NA
"31507","20200207:0000",-44.63466,170.64731,"Hakataramea Valley",486,NA,0,"Canterbury",1010,5.8,15.05,NA
"31508","20200208:0000",-44.63466,170.64731,"Hakataramea Valley",486,NA,0,"Canterbury",1010,5,13.5,NA
"31509","20200209:0000",-44.63466,170.64731,"Hakataramea Valley",486,NA,0,"Canterbury",1010,6.5,14.05,NA
"31510","20200210:0000",-44.63466,170.64731,"Hakataramea Valley",486,NA,0,"Canterbury",1010,3.6,18.85,NA
"31511","20200211:0000",-44.63466,170.64731,"Hakataramea Valley",486,NA,0,"Canterbury",1010,2.5,17.75,NA
"31512","20200212:0000",-44.63466,170.64731,"Hakataramea Valley",486,NA,0,"Canterbury",1010,2.2,20.65,NA
"31513","20200213:0000",-44.63466,170.64731,"Hakataramea Valley",486,NA,0,"Canterbury",1010,4,18.65,NA
"31514","20200214:0000",-44.63466,170.64731,"Hakataramea Valley",486,NA,0,"Canterbury",1010,7.6,13.15,NA
"31515","20200215:0000",-44.63466,170.64731,"Hakataramea Valley",486,NA,0,"Canterbury",1010,3.6,16.8,NA
"31516","20200216:0000",-44.63466,170.64731,"Hakataramea Valley",486,NA,0,"Canterbury",1010,3.2,19.4,NA
"31517","20200217:0000",-44.63466,170.64731,"Hakataramea Valley",486,NA,0,"Canterbury",1010,5.8,23.8,NA
"31518","20200218:0000",-44.63466,170.64731,"Hakataramea Valley",486,NA,0,"Canterbury",1010,2.2,20.3,NA
"31519","20200219:0000",-44.63466,170.64731,"Hakataramea Valley",486,NA,0,"Canterbury",1010,2.2,17.15,NA
"31520","20200220:0000",-44.63466,170.64731,"Hakataramea Valley",486,NA,0,"Canterbury",1010,3.6,16.55,NA
"31521","20200221:0000",-44.63466,170.64731,"Hakataramea Valley",486,NA,0,"Canterbury",1010,2.9,20.2,NA
"31522","20200222:0000",-44.63466,170.64731,"Hakataramea Valley",486,NA,0,"Canterbury",1010,5,13,NA
"31523","20200223:0000",-44.63466,170.64731,"Hakataramea Valley",486,NA,0,"Canterbury",1010,1.8,14.7,NA
"31524","20200224:0000",-44.63466,170.64731,"Hakataramea Valley",486,NA,0,"Canterbury",1010,1.1,14.8,NA
"31525","20200225:0000",-44.63466,170.64731,"Hakataramea Valley",486,NA,0,"Canterbury",1010,4,17.25,NA
"31526","20200226:0000",-44.63466,170.64731,"Hakataramea Valley",486,NA,0,"Canterbury",1010,2.9,18.25,NA
"31527","20200227:0000",-44.63466,170.64731,"Hakataramea Valley",486,NA,0,"Canterbury",1010,19.4,20.5,NA
"31528","20200228:0000",-44.63466,170.64731,"Hakataramea Valley",486,NA,0,"Canterbury",1010,4,18.95,NA
"31529","20200229:0000",-44.63466,170.64731,"Hakataramea Valley",486,NA,0,"Canterbury",1010,10.4,14.7,NA
"31530","20200301:0000",-44.63466,170.64731,"Hakataramea Valley",486,NA,0,"Canterbury",1010,2.9,14.7,NA
"31531","20200302:0000",-44.63466,170.64731,"Hakataramea Valley",486,NA,0,"Canterbury",1010,3.6,18.85,NA
"31532","20200303:0000",-44.63466,170.64731,"Hakataramea Valley",486,NA,0,"Canterbury",1010,5.8,18.1,NA
"31533","20200304:0000",-44.63466,170.64731,"Hakataramea Valley",486,NA,0,"Canterbury",1010,11.5,12.15,NA
"31534","20200305:0000",-44.63466,170.64731,"Hakataramea Valley",486,NA,0,"Canterbury",1010,3.6,12.85,NA
"31535","20200306:0000",-44.63466,170.64731,"Hakataramea Valley",486,NA,0,"Canterbury",1010,2.9,12.85,NA
"31536","20200307:0000",-44.63466,170.64731,"Hakataramea Valley",486,NA,0,"Canterbury",1010,2.2,17.05,NA
"31537","20200308:0000",-44.63466,170.64731,"Hakataramea Valley",486,NA,0,"Canterbury",1010,3.6,15.1,NA
"31538","20200309:0000",-44.63466,170.64731,"Hakataramea Valley",486,NA,0,"Canterbury",1010,3.6,18.2,NA
"31539","20200310:0000",-44.63466,170.64731,"Hakataramea Valley",486,NA,0,"Canterbury",1010,2.9,14.7,NA
"31540","20200311:0000",-44.63466,170.64731,"Hakataramea Valley",486,NA,0,"Canterbury",1010,6.8,12.5,NA
"31541","20200312:0000",-44.63466,170.64731,"Hakataramea Valley",486,NA,0,"Canterbury",1010,3.6,15.1,NA
"31542","20200313:0000",-44.63466,170.64731,"Hakataramea Valley",486,NA,0,"Canterbury",1010,2.5,13.45,NA
"31543","20200314:0000",-44.63466,170.64731,"Hakataramea Valley",486,NA,0,"Canterbury",1010,4.3,14.05,NA
"31544","20200315:0000",-44.63466,170.64731,"Hakataramea Valley",486,NA,0,"Canterbury",1010,4.3,12.55,NA
"31545","20200316:0000",-44.63466,170.64731,"Hakataramea Valley",486,NA,0,"Canterbury",1010,5,14.05,NA
"31546","20200317:0000",-44.63466,170.64731,"Hakataramea Valley",486,NA,0,"Canterbury",1010,2.2,9.85,NA
"31547","20200318:0000",-44.63466,170.64731,"Hakataramea Valley",486,NA,0,"Canterbury",1010,3.6,11.5,NA
"31548","20200319:0000",-44.63466,170.64731,"Hakataramea Valley",486,NA,0,"Canterbury",1010,5.4,14.15,NA
"31549","20200320:0000",-44.63466,170.64731,"Hakataramea Valley",486,NA,0,"Canterbury",1010,3.2,12.05,NA
"31550","20200321:0000",-44.63466,170.64731,"Hakataramea Valley",486,NA,0,"Canterbury",1010,4.3,10.1,NA
"31551","20200322:0000",-44.63466,170.64731,"Hakataramea Valley",486,NA,0,"Canterbury",1010,5.8,14.95,NA
"31552","20200323:0000",-44.63466,170.64731,"Hakataramea Valley",486,NA,0,"Canterbury",1010,4,14,NA
"31553","20200324:0000",-44.63466,170.64731,"Hakataramea Valley",486,NA,0,"Canterbury",1010,20.9,8.45,NA
"31554","20200325:0000",-44.63466,170.64731,"Hakataramea Valley",486,NA,0,"Canterbury",1010,5,10.75,NA
"31555","20200326:0000",-44.63466,170.64731,"Hakataramea Valley",486,NA,0,"Canterbury",1010,4.7,12.55,NA
"31556","20200327:0000",-44.63466,170.64731,"Hakataramea Valley",486,NA,0,"Canterbury",1010,7.2,9.15,NA
"31557","20200328:0000",-44.63466,170.64731,"Hakataramea Valley",486,NA,0,"Canterbury",1010,1.8,10.3,NA
"31558","20200329:0000",-44.63466,170.64731,"Hakataramea Valley",486,NA,0,"Canterbury",1010,1.4,10.35,NA
"31559","20200330:0000",-44.63466,170.64731,"Hakataramea Valley",486,NA,0,"Canterbury",1010,1.8,10.45,NA
"31560","20200331:0000",-44.63466,170.64731,"Hakataramea Valley",486,NA,0,"Canterbury",1010,3.2,13.6,NA
"31561","20200401:0000",-44.63466,170.64731,"Hakataramea Valley",486,NA,0,"Canterbury",1010,5,14.1,NA
"31562","20200402:0000",-44.63466,170.64731,"Hakataramea Valley",486,NA,0,"Canterbury",1010,2.2,12.55,NA
"31563","20200403:0000",-44.63466,170.64731,"Hakataramea Valley",486,NA,0,"Canterbury",1010,2.9,9.8,NA
"31564","20200404:0000",-44.63466,170.64731,"Hakataramea Valley",486,NA,0,"Canterbury",1010,4.3,9.7,NA
"31565","20200405:0000",-44.63466,170.64731,"Hakataramea Valley",486,NA,0,"Canterbury",1010,4.7,14.9,NA
"31566","20200406:0000",-44.63466,170.64731,"Hakataramea Valley",486,NA,0,"Canterbury",1010,1.8,15.6,NA
"31567","20200407:0000",-44.63466,170.64731,"Hakataramea Valley",486,NA,0,"Canterbury",1010,21.6,15.3,NA
"31568","20200408:0000",-44.63466,170.64731,"Hakataramea Valley",486,NA,0,"Canterbury",1010,2.5,11.65,NA
"31569","20200409:0000",-44.63466,170.64731,"Hakataramea Valley",486,NA,0,"Canterbury",1010,4.3,10.7,NA
"31570","20200410:0000",-44.63466,170.64731,"Hakataramea Valley",486,NA,0,"Canterbury",1010,3.2,13.7,NA
"31571","20200411:0000",-44.63466,170.64731,"Hakataramea Valley",486,NA,0,"Canterbury",1010,4.3,14.05,NA
"31572","20200412:0000",-44.63466,170.64731,"Hakataramea Valley",486,NA,0,"Canterbury",1010,18,14.65,NA
"31573","20200413:0000",-44.63466,170.64731,"Hakataramea Valley",486,NA,0,"Canterbury",1010,6.8,11.05,NA
"31574","20200414:0000",-44.63466,170.64731,"Hakataramea Valley",486,NA,0,"Canterbury",1010,16.2,6.6,NA
"31575","20200415:0000",-44.63466,170.64731,"Hakataramea Valley",486,NA,0,"Canterbury",1010,10.1,8.3,NA
"31576","20200416:0000",-44.63466,170.64731,"Hakataramea Valley",486,NA,0,"Canterbury",1010,4.3,11.1,NA
"31577","20200417:0000",-44.63466,170.64731,"Hakataramea Valley",486,NA,0,"Canterbury",1010,3.2,9.6,NA
"31578","20200418:0000",-44.63466,170.64731,"Hakataramea Valley",486,NA,0,"Canterbury",1010,4.7,12.35,NA
"31579","20200419:0000",-44.63466,170.64731,"Hakataramea Valley",486,NA,0,"Canterbury",1010,9.7,11.05,NA
"31580","20200420:0000",-44.63466,170.64731,"Hakataramea Valley",486,NA,0,"Canterbury",1010,5.8,10,NA
"31581","20200421:0000",-44.63466,170.64731,"Hakataramea Valley",486,NA,0,"Canterbury",1010,3.2,9,NA
"31582","20200422:0000",-44.63466,170.64731,"Hakataramea Valley",486,NA,0,"Canterbury",1010,2.2,9.8,NA
"31583","20200423:0000",-44.63466,170.64731,"Hakataramea Valley",486,NA,0,"Canterbury",1010,1.1,8.9,NA
"31584","20200424:0000",-44.63466,170.64731,"Hakataramea Valley",486,NA,0,"Canterbury",1010,4,11.6,NA
"31585","20200425:0000",-44.63466,170.64731,"Hakataramea Valley",486,NA,0,"Canterbury",1010,11.5,12.6,NA
"31586","20200426:0000",-44.63466,170.64731,"Hakataramea Valley",486,NA,0,"Canterbury",1010,2.5,9.75,NA
"31587","20200427:0000",-44.63466,170.64731,"Hakataramea Valley",486,NA,0,"Canterbury",1010,19.4,11.1,NA
"31588","20200428:0000",-44.63466,170.64731,"Hakataramea Valley",486,NA,0,"Canterbury",1010,7.2,12.2,NA
"31589","20200429:0000",-44.63466,170.64731,"Hakataramea Valley",486,NA,0,"Canterbury",1010,3.2,10.35,NA
"31590","20200430:0000",-44.63466,170.64731,"Hakataramea Valley",486,NA,0,"Canterbury",1010,6.5,11.15,NA
"31591","20200501:0000",-44.63466,170.64731,"Hakataramea Valley",486,NA,0,"Canterbury",1010,4.3,13.85,NA
"31592","20200502:0000",-44.63466,170.64731,"Hakataramea Valley",486,NA,0,"Canterbury",1010,11.9,13.4,NA
"31593","20200503:0000",-44.63466,170.64731,"Hakataramea Valley",486,NA,0,"Canterbury",1010,5.4,14.25,NA
"31594","20200504:0000",-44.63466,170.64731,"Hakataramea Valley",486,NA,0,"Canterbury",1010,3.2,11.8,NA
"31595","20200505:0000",-44.63466,170.64731,"Hakataramea Valley",486,NA,0,"Canterbury",1010,4.7,6.5,NA
"31596","20200506:0000",-44.63466,170.64731,"Hakataramea Valley",486,NA,0,"Canterbury",1010,2.9,7.1,NA
"31597","20200507:0000",-44.63466,170.64731,"Hakataramea Valley",486,NA,0,"Canterbury",1010,8.6,11.25,NA
"31598","20200508:0000",-44.63466,170.64731,"Hakataramea Valley",486,NA,0,"Canterbury",1010,5,13.55,NA
"31599","20200509:0000",-44.63466,170.64731,"Hakataramea Valley",486,NA,0,"Canterbury",1010,2.2,12.8,NA
"31600","20200510:0000",-44.63466,170.64731,"Hakataramea Valley",486,NA,0,"Canterbury",1010,2.5,11.45,NA
"31601","20200511:0000",-44.63466,170.64731,"Hakataramea Valley",486,NA,0,"Canterbury",1010,4,9.6,NA
"31602","20200512:0000",-44.63466,170.64731,"Hakataramea Valley",486,NA,0,"Canterbury",1010,2.2,7.9,NA
"31603","20200513:0000",-44.63466,170.64731,"Hakataramea Valley",486,NA,0,"Canterbury",1010,3.6,11.35,NA
"31604","20200514:0000",-44.63466,170.64731,"Hakataramea Valley",486,NA,0,"Canterbury",1010,2.9,7.75,NA
"31605","20200515:0000",-44.63466,170.64731,"Hakataramea Valley",486,NA,0,"Canterbury",1010,13.3,6.2,NA
"31606","20200516:0000",-44.63466,170.64731,"Hakataramea Valley",486,NA,0,"Canterbury",1010,2.5,5.9,NA
"31607","20200517:0000",-44.63466,170.64731,"Hakataramea Valley",486,NA,0,"Canterbury",1010,4,5.1,NA
"31608","20200518:0000",-44.63466,170.64731,"Hakataramea Valley",486,NA,0,"Canterbury",1010,4,5.2,NA
"31609","20200519:0000",-44.63466,170.64731,"Hakataramea Valley",486,NA,0,"Canterbury",1010,1.8,6.35,NA
"31610","20200520:0000",-44.63466,170.64731,"Hakataramea Valley",486,NA,0,"Canterbury",1010,1.4,4.65,NA
"31611","20200521:0000",-44.63466,170.64731,"Hakataramea Valley",486,NA,0,"Canterbury",1010,4,6.8,NA
"31612","20200522:0000",-44.63466,170.64731,"Hakataramea Valley",486,NA,0,"Canterbury",1010,5.4,10.9,NA
"31613","20200523:0000",-44.63466,170.64731,"Hakataramea Valley",486,NA,0,"Canterbury",1010,3.2,7.95,NA
"31614","20200524:0000",-44.63466,170.64731,"Hakataramea Valley",486,NA,0,"Canterbury",1010,2.2,7.8,NA
"31615","20200525:0000",-44.63466,170.64731,"Hakataramea Valley",486,NA,0,"Canterbury",1010,6.1,7.15,NA
"31616","20200526:0000",-44.63466,170.64731,"Hakataramea Valley",486,NA,0,"Canterbury",1010,3.6,7.3,NA
"31617","20200527:0000",-44.63466,170.64731,"Hakataramea Valley",486,NA,0,"Canterbury",1010,3.6,6.95,NA
"31618","20200528:0000",-44.63466,170.64731,"Hakataramea Valley",486,NA,0,"Canterbury",1010,4.3,5.8,NA
"31619","20200529:0000",-44.63466,170.64731,"Hakataramea Valley",486,NA,0,"Canterbury",1010,2.5,3.55,NA
"31620","20200530:0000",-44.63466,170.64731,"Hakataramea Valley",486,NA,0,"Canterbury",1010,3.6,5.7,NA
"31621","20200531:0000",-44.63466,170.64731,"Hakataramea Valley",486,NA,0,"Canterbury",1010,3.6,4.55,NA
"31622","20200601:0000",-44.63466,170.64731,"Hakataramea Valley",486,NA,0,"Canterbury",1010,2.2,2.9,NA
"31623","20200602:0000",-44.63466,170.64731,"Hakataramea Valley",486,NA,0,"Canterbury",1010,2.9,5.45,NA
"31624","20200603:0000",-44.63466,170.64731,"Hakataramea Valley",486,NA,0,"Canterbury",1010,3.2,5.4,NA
"31625","20200604:0000",-44.63466,170.64731,"Hakataramea Valley",486,NA,0,"Canterbury",1010,3.2,5.75,NA
"31626","20200605:0000",-44.63466,170.64731,"Hakataramea Valley",486,NA,0,"Canterbury",1010,1.1,3.2,NA
"31627","20200606:0000",-44.63466,170.64731,"Hakataramea Valley",486,NA,0,"Canterbury",1010,5.4,1.65,NA
"31628","20200607:0000",-44.63466,170.64731,"Hakataramea Valley",486,NA,0,"Canterbury",1010,7.6,4,NA
"31629","20200608:0000",-44.63466,170.64731,"Hakataramea Valley",486,NA,0,"Canterbury",1010,7.9,5.95,NA
"31630","20200609:0000",-44.63466,170.64731,"Hakataramea Valley",486,NA,0,"Canterbury",1010,7.2,9.25,NA
"31631","20200610:0000",-44.63466,170.64731,"Hakataramea Valley",486,NA,0,"Canterbury",1010,9.4,10.1,NA
"31632","20200611:0000",-44.63466,170.64731,"Hakataramea Valley",486,NA,0,"Canterbury",1010,23.4,10.05,NA
"31633","20200612:0000",-44.63466,170.64731,"Hakataramea Valley",486,NA,0,"Canterbury",1010,15.5,7.65,NA
"31634","20200613:0000",-44.63466,170.64731,"Hakataramea Valley",486,NA,0,"Canterbury",1010,4,2,NA
"31635","20200614:0000",-44.63466,170.64731,"Hakataramea Valley",486,NA,0,"Canterbury",1010,4,2.35,NA
"31636","20200615:0000",-44.63466,170.64731,"Hakataramea Valley",486,NA,0,"Canterbury",1010,6.8,6.9,NA
"31637","20200616:0000",-44.63466,170.64731,"Hakataramea Valley",486,NA,0,"Canterbury",1010,5.8,9.05,NA
"31638","20200617:0000",-44.63466,170.64731,"Hakataramea Valley",486,NA,0,"Canterbury",1010,5.4,10.9,NA
"31639","20200618:0000",-44.63466,170.64731,"Hakataramea Valley",486,NA,0,"Canterbury",1010,4.7,3.6,NA
"31640","20200619:0000",-44.63466,170.64731,"Hakataramea Valley",486,NA,0,"Canterbury",1010,2.9,4.85,NA
"31641","20200620:0000",-44.63466,170.64731,"Hakataramea Valley",486,NA,0,"Canterbury",1010,4.7,3.55,NA
"31642","20200621:0000",-44.63466,170.64731,"Hakataramea Valley",486,NA,0,"Canterbury",1010,1.4,3.3,NA
"31643","20200622:0000",-44.63466,170.64731,"Hakataramea Valley",486,NA,0,"Canterbury",1010,1.1,-0.25,NA
"31644","20200623:0000",-44.63466,170.64731,"Hakataramea Valley",486,NA,0,"Canterbury",1010,2.5,2,NA
"31645","20200624:0000",-44.63466,170.64731,"Hakataramea Valley",486,NA,0,"Canterbury",1010,4,3.4,NA
"31646","20200625:0000",-44.63466,170.64731,"Hakataramea Valley",486,NA,0,"Canterbury",1010,4.7,3.5,NA
"31647","20200626:0000",-44.63466,170.64731,"Hakataramea Valley",486,NA,0,"Canterbury",1010,2.9,5.95,NA
"31648","20200627:0000",-44.63466,170.64731,"Hakataramea Valley",486,NA,0,"Canterbury",1010,2.9,3.9,NA
"31649","20200628:0000",-44.63466,170.64731,"Hakataramea Valley",486,NA,0,"Canterbury",1010,1.4,3.9,NA
"31650","20200629:0000",-44.63466,170.64731,"Hakataramea Valley",486,NA,0,"Canterbury",1010,3.6,6.15,NA
"31651","20200630:0000",-44.63466,170.64731,"Hakataramea Valley",486,NA,0,"Canterbury",1010,4,3.9,NA
"31652","20200701:0000",-44.63466,170.64731,"Hakataramea Valley",486,NA,0,"Canterbury",1010,5,3.2,NA
"31653","20200702:0000",-44.63466,170.64731,"Hakataramea Valley",486,NA,0,"Canterbury",1010,3.6,3.6,NA
"31654","20200703:0000",-44.63466,170.64731,"Hakataramea Valley",486,NA,0,"Canterbury",1010,2.5,2.3,NA
"31655","20200704:0000",-44.63466,170.64731,"Hakataramea Valley",486,NA,0,"Canterbury",1010,3.6,1.6,NA
"31656","20200705:0000",-44.63466,170.64731,"Hakataramea Valley",486,NA,0,"Canterbury",1010,4.7,3.85,NA
"31657","20200706:0000",-44.63466,170.64731,"Hakataramea Valley",486,NA,0,"Canterbury",1010,2.5,6.15,NA
"31658","20200707:0000",-44.63466,170.64731,"Hakataramea Valley",486,NA,0,"Canterbury",1010,14.4,7.35,NA
"31659","20200708:0000",-44.63466,170.64731,"Hakataramea Valley",486,NA,0,"Canterbury",1010,7.9,4.55,NA
"31660","20200709:0000",-44.63466,170.64731,"Hakataramea Valley",486,NA,0,"Canterbury",1010,4.3,6.5,NA
"31661","20200710:0000",-44.63466,170.64731,"Hakataramea Valley",486,NA,0,"Canterbury",1010,5,6.8,NA
"31662","20200711:0000",-44.63466,170.64731,"Hakataramea Valley",486,NA,0,"Canterbury",1010,4,6.45,NA
"31663","20200712:0000",-44.63466,170.64731,"Hakataramea Valley",486,NA,0,"Canterbury",1010,27.7,7,NA
"31664","20200713:0000",-44.63466,170.64731,"Hakataramea Valley",486,NA,0,"Canterbury",1010,2.5,4.35,NA
"31665","20200714:0000",-44.63466,170.64731,"Hakataramea Valley",486,NA,0,"Canterbury",1010,2.9,3.45,NA
"31666","20200715:0000",-44.63466,170.64731,"Hakataramea Valley",486,NA,0,"Canterbury",1010,2.2,2.75,NA
"31667","20200716:0000",-44.63466,170.64731,"Hakataramea Valley",486,NA,0,"Canterbury",1010,3.6,0.2,NA
"31668","20200717:0000",-44.63466,170.64731,"Hakataramea Valley",486,NA,0,"Canterbury",1010,0,-1.3,NA
"31669","20200718:0000",-44.63466,170.64731,"Hakataramea Valley",486,NA,0,"Canterbury",1010,2.9,0.2,NA
"31670","20200719:0000",-44.63466,170.64731,"Hakataramea Valley",486,NA,0,"Canterbury",1010,3.2,1.4,NA
"31671","20200720:0000",-44.63466,170.64731,"Hakataramea Valley",486,NA,0,"Canterbury",1010,3.6,1.65,NA
"31672","20200721:0000",-44.63466,170.64731,"Hakataramea Valley",486,NA,0,"Canterbury",1010,5.4,6.15,NA
"31673","20200722:0000",-44.63466,170.64731,"Hakataramea Valley",486,NA,0,"Canterbury",1010,12.6,6.85,NA
"31674","20200723:0000",-44.63466,170.64731,"Hakataramea Valley",486,NA,0,"Canterbury",1010,6.8,5.45,NA
"31675","20200724:0000",-44.63466,170.64731,"Hakataramea Valley",486,NA,0,"Canterbury",1010,10.4,4.7,NA
"31676","20200725:0000",-44.63466,170.64731,"Hakataramea Valley",486,NA,0,"Canterbury",1010,4.3,6.95,NA
"31677","20200726:0000",-44.63466,170.64731,"Hakataramea Valley",486,NA,0,"Canterbury",1010,4.7,8.1,NA
"31678","20200727:0000",-44.63466,170.64731,"Hakataramea Valley",486,NA,0,"Canterbury",1010,2.2,5.05,NA
"31679","20200728:0000",-44.63466,170.64731,"Hakataramea Valley",486,NA,0,"Canterbury",1010,2.5,4,NA
"31680","20200729:0000",-44.63466,170.64731,"Hakataramea Valley",486,NA,0,"Canterbury",1010,2.5,3.6,NA
"31681","20200730:0000",-44.63466,170.64731,"Hakataramea Valley",486,NA,0,"Canterbury",1010,3.2,8.15,NA
"31682","20200731:0000",-44.63466,170.64731,"Hakataramea Valley",486,NA,0,"Canterbury",1010,4.7,8.1,NA
"31683","20200801:0000",-44.63466,170.64731,"Hakataramea Valley",486,NA,0,"Canterbury",1010,2.2,10,NA
"31684","20200802:0000",-44.63466,170.64731,"Hakataramea Valley",486,NA,0,"Canterbury",1010,5,10.25,NA
"31685","20200803:0000",-44.63466,170.64731,"Hakataramea Valley",486,NA,0,"Canterbury",1010,3.6,10.4,NA
"31686","20200804:0000",-44.63466,170.64731,"Hakataramea Valley",486,NA,0,"Canterbury",1010,4.3,8.95,NA
"31687","20200805:0000",-44.63466,170.64731,"Hakataramea Valley",486,NA,0,"Canterbury",1010,3.6,7.25,NA
"31688","20200806:0000",-44.63466,170.64731,"Hakataramea Valley",486,NA,0,"Canterbury",1010,1.8,4.8,NA
"31689","20200807:0000",-44.63466,170.64731,"Hakataramea Valley",486,NA,0,"Canterbury",1010,4.7,7.65,NA
"31690","20200808:0000",-44.63466,170.64731,"Hakataramea Valley",486,NA,0,"Canterbury",1010,6.1,5.4,NA
"31691","20200809:0000",-44.63466,170.64731,"Hakataramea Valley",486,NA,0,"Canterbury",1010,4.7,6.9,NA
"31692","20200810:0000",-44.63466,170.64731,"Hakataramea Valley",486,NA,0,"Canterbury",1010,20.5,9.3,NA
"31693","20200811:0000",-44.63466,170.64731,"Hakataramea Valley",486,NA,0,"Canterbury",1010,3.6,10.55,NA
"31694","20200812:0000",-44.63466,170.64731,"Hakataramea Valley",486,NA,0,"Canterbury",1010,3.2,4.65,NA
"31695","20200813:0000",-44.63466,170.64731,"Hakataramea Valley",486,NA,0,"Canterbury",1010,2.9,3.45,NA
"31696","20200814:0000",-44.63466,170.64731,"Hakataramea Valley",486,NA,0,"Canterbury",1010,2.5,4.3,NA
"31697","20200815:0000",-44.63466,170.64731,"Hakataramea Valley",486,NA,0,"Canterbury",1010,1.8,3.7,NA
"31698","20200816:0000",-44.63466,170.64731,"Hakataramea Valley",486,NA,0,"Canterbury",1010,2.2,4.35,NA
"31699","20200817:0000",-44.63466,170.64731,"Hakataramea Valley",486,NA,0,"Canterbury",1010,2.5,3.5,NA
"31700","20200818:0000",-44.63466,170.64731,"Hakataramea Valley",486,NA,0,"Canterbury",1010,1.8,2.45,NA
"31701","20200819:0000",-44.63466,170.64731,"Hakataramea Valley",486,NA,0,"Canterbury",1010,5.8,7.8,NA
"31702","20200820:0000",-44.63466,170.64731,"Hakataramea Valley",486,NA,0,"Canterbury",1010,4.7,8.65,NA
"31703","20200821:0000",-44.63466,170.64731,"Hakataramea Valley",486,NA,0,"Canterbury",1010,2.2,9,NA
"31704","20200822:0000",-44.63466,170.64731,"Hakataramea Valley",486,NA,0,"Canterbury",1010,3.6,9,NA
"31705","20200823:0000",-44.63466,170.64731,"Hakataramea Valley",486,NA,0,"Canterbury",1010,1.8,7.65,NA
"31706","20200824:0000",-44.63466,170.64731,"Hakataramea Valley",486,NA,0,"Canterbury",1010,1.1,10.05,NA
"31707","20200825:0000",-44.63466,170.64731,"Hakataramea Valley",486,NA,0,"Canterbury",1010,2.9,8.7,NA
"31708","20200826:0000",-44.63466,170.64731,"Hakataramea Valley",486,NA,0,"Canterbury",1010,6.8,5.4,NA
"31709","20200827:0000",-44.63466,170.64731,"Hakataramea Valley",486,NA,0,"Canterbury",1010,4,7.4,NA
"31710","20200828:0000",-44.63466,170.64731,"Hakataramea Valley",486,NA,0,"Canterbury",1010,7.2,7.15,NA
"31711","20200829:0000",-44.63466,170.64731,"Hakataramea Valley",486,NA,0,"Canterbury",1010,6.5,12.1,NA
"31712","20200830:0000",-44.63466,170.64731,"Hakataramea Valley",486,NA,0,"Canterbury",1010,34.2,16.05,NA
"31713","20200831:0000",-44.63466,170.64731,"Hakataramea Valley",486,NA,0,"Canterbury",1010,17.3,14,NA
"31714","20200901:0000",-44.63466,170.64731,"Hakataramea Valley",486,NA,0,"Canterbury",1010,6.8,2.65,NA
"31715","20200902:0000",-44.63466,170.64731,"Hakataramea Valley",486,NA,0,"Canterbury",1010,2.2,4.25,NA
"31716","20200903:0000",-44.63466,170.64731,"Hakataramea Valley",486,NA,0,"Canterbury",1010,2.5,5.8,NA
"31717","20200904:0000",-44.63466,170.64731,"Hakataramea Valley",486,NA,0,"Canterbury",1010,6.5,8.6,NA
"31718","20200905:0000",-44.63466,170.64731,"Hakataramea Valley",486,NA,0,"Canterbury",1010,3.6,11.7,NA
"31719","20200906:0000",-44.63466,170.64731,"Hakataramea Valley",486,NA,0,"Canterbury",1010,4,11.4,NA
"31720","20200907:0000",-44.63466,170.64731,"Hakataramea Valley",486,NA,0,"Canterbury",1010,2.5,7.75,NA
"31721","20200908:0000",-44.63466,170.64731,"Hakataramea Valley",486,NA,0,"Canterbury",1010,2.9,10.1,NA
"31722","20200909:0000",-44.63466,170.64731,"Hakataramea Valley",486,NA,0,"Canterbury",1010,17.3,10.15,NA
"31723","20200910:0000",-44.63466,170.64731,"Hakataramea Valley",486,NA,0,"Canterbury",1010,3.6,9,NA
"31724","20200911:0000",-44.63466,170.64731,"Hakataramea Valley",486,NA,0,"Canterbury",1010,13.3,7.45,NA
"31725","20200912:0000",-44.63466,170.64731,"Hakataramea Valley",486,NA,0,"Canterbury",1010,2.5,8.3,NA
"31726","20200913:0000",-44.63466,170.64731,"Hakataramea Valley",486,NA,0,"Canterbury",1010,8.6,11.45,NA
"31727","20200914:0000",-44.63466,170.64731,"Hakataramea Valley",486,NA,0,"Canterbury",1010,27.4,12,NA
"31728","20200915:0000",-44.63466,170.64731,"Hakataramea Valley",486,NA,0,"Canterbury",1010,16.6,8.65,NA
"31729","20200916:0000",-44.63466,170.64731,"Hakataramea Valley",486,NA,0,"Canterbury",1010,10.8,10.25,NA
"31730","20200917:0000",-44.63466,170.64731,"Hakataramea Valley",486,NA,0,"Canterbury",1010,34.2,12.85,NA
"31731","20200918:0000",-44.63466,170.64731,"Hakataramea Valley",486,NA,0,"Canterbury",1010,4.3,7,NA
"31732","20200919:0000",-44.63466,170.64731,"Hakataramea Valley",486,NA,0,"Canterbury",1010,5,9.2,NA
"31733","20200920:0000",-44.63466,170.64731,"Hakataramea Valley",486,NA,0,"Canterbury",1010,2.2,9.2,NA
"31734","20200921:0000",-44.63466,170.64731,"Hakataramea Valley",486,NA,0,"Canterbury",1010,2.9,11.15,NA
"31735","20200922:0000",-44.63466,170.64731,"Hakataramea Valley",486,NA,0,"Canterbury",1010,5,13.3,NA
"31736","20200923:0000",-44.63466,170.64731,"Hakataramea Valley",486,NA,0,"Canterbury",1010,4.7,16.7,NA
"31737","20200924:0000",-44.63466,170.64731,"Hakataramea Valley",486,NA,0,"Canterbury",1010,4,11.7,NA
"31738","20200925:0000",-44.63466,170.64731,"Hakataramea Valley",486,NA,0,"Canterbury",1010,5,11.6,NA
"31739","20200926:0000",-44.63466,170.64731,"Hakataramea Valley",486,NA,0,"Canterbury",1010,6.1,9.7,NA
"31740","20200927:0000",-44.63466,170.64731,"Hakataramea Valley",486,NA,0,"Canterbury",1010,40.7,10.75,NA
"31741","20200928:0000",-44.63466,170.64731,"Hakataramea Valley",486,NA,0,"Canterbury",1010,8.6,6.7,NA
"31742","20200929:0000",-44.63466,170.64731,"Hakataramea Valley",486,NA,0,"Canterbury",1010,24.1,2.1,NA
"31743","20200930:0000",-44.63466,170.64731,"Hakataramea Valley",486,NA,0,"Canterbury",1010,5.8,6.5,NA
"31744","20201001:0000",-44.63466,170.64731,"Hakataramea Valley",486,NA,0,"Canterbury",1010,3.2,8.3,NA
"31745","20201002:0000",-44.63466,170.64731,"Hakataramea Valley",486,NA,0,"Canterbury",1010,4.3,11.3,NA
"31746","20201003:0000",-44.63466,170.64731,"Hakataramea Valley",486,NA,0,"Canterbury",1010,7.6,14.05,NA
"31747","20201004:0000",-44.63466,170.64731,"Hakataramea Valley",486,NA,0,"Canterbury",1010,33.8,19.55,NA
"31748","20201005:0000",-44.63466,170.64731,"Hakataramea Valley",486,NA,0,"Canterbury",1010,13,14.3,NA
"31749","20201006:0000",-44.63466,170.64731,"Hakataramea Valley",486,NA,0,"Canterbury",1010,7.2,16.75,NA
"31750","20201007:0000",-44.63466,170.64731,"Hakataramea Valley",486,NA,0,"Canterbury",1010,6.1,9,NA
"31751","20201008:0000",-44.63466,170.64731,"Hakataramea Valley",486,NA,0,"Canterbury",1010,4.7,5.8,NA
"31752","20201009:0000",-44.63466,170.64731,"Hakataramea Valley",486,NA,0,"Canterbury",1010,3.6,8.15,NA
"31753","20201010:0000",-44.63466,170.64731,"Hakataramea Valley",486,NA,0,"Canterbury",1010,2.9,8.5,NA
"31754","20201011:0000",-44.63466,170.64731,"Hakataramea Valley",486,NA,0,"Canterbury",1010,5,12.4,NA
"31755","20201012:0000",-44.63466,170.64731,"Hakataramea Valley",486,NA,0,"Canterbury",1010,4,12.35,NA
"31756","20201013:0000",-44.63466,170.64731,"Hakataramea Valley",486,NA,0,"Canterbury",1010,4.3,13.55,NA
"31757","20201014:0000",-44.63466,170.64731,"Hakataramea Valley",486,NA,0,"Canterbury",1010,5.4,8.8,NA
"31758","20201015:0000",-44.63466,170.64731,"Hakataramea Valley",486,NA,0,"Canterbury",1010,2.9,5.15,NA
"31759","20201016:0000",-44.63466,170.64731,"Hakataramea Valley",486,NA,0,"Canterbury",1010,3.6,7,NA
"31760","20201017:0000",-44.63466,170.64731,"Hakataramea Valley",486,NA,0,"Canterbury",1010,4,7.85,NA
"31761","20201018:0000",-44.63466,170.64731,"Hakataramea Valley",486,NA,0,"Canterbury",1010,1.4,9.25,NA
"31762","20201019:0000",-44.63466,170.64731,"Hakataramea Valley",486,NA,0,"Canterbury",1010,4,11.95,NA
"31763","20201020:0000",-44.63466,170.64731,"Hakataramea Valley",486,NA,0,"Canterbury",1010,1.8,10.85,NA
"31764","20201021:0000",-44.63466,170.64731,"Hakataramea Valley",486,NA,0,"Canterbury",1010,2.9,12.35,NA
"31765","20201022:0000",-44.63466,170.64731,"Hakataramea Valley",486,NA,0,"Canterbury",1010,4.3,13.65,NA
"31766","20201023:0000",-44.63466,170.64731,"Hakataramea Valley",486,NA,0,"Canterbury",1010,2.5,12.9,NA
"31767","20201024:0000",-44.63466,170.64731,"Hakataramea Valley",486,NA,0,"Canterbury",1010,3.2,15.4,NA
"31768","20201025:0000",-44.63466,170.64731,"Hakataramea Valley",486,NA,0,"Canterbury",1010,29.5,20.35,NA
"31769","20201026:0000",-44.63466,170.64731,"Hakataramea Valley",486,NA,0,"Canterbury",1010,4.3,9.35,NA
"31770","20201027:0000",-44.63466,170.64731,"Hakataramea Valley",486,NA,0,"Canterbury",1010,6.8,8.9,NA
"31771","20201028:0000",-44.63466,170.64731,"Hakataramea Valley",486,NA,0,"Canterbury",1010,2.2,10.35,NA
"31772","20201029:0000",-44.63466,170.64731,"Hakataramea Valley",486,NA,0,"Canterbury",1010,4.7,11.25,NA
"31773","20201030:0000",-44.63466,170.64731,"Hakataramea Valley",486,NA,0,"Canterbury",1010,6.5,16.35,NA
"31774","20201031:0000",-44.63466,170.64731,"Hakataramea Valley",486,NA,0,"Canterbury",1010,4.3,18.8,NA
"31775","20201101:0000",-44.63466,170.64731,"Hakataramea Valley",486,NA,0,"Canterbury",1010,5.8,13.25,NA
"31776","20201102:0000",-44.63466,170.64731,"Hakataramea Valley",486,NA,0,"Canterbury",1010,3.2,11.7,NA
"31777","20201103:0000",-44.63466,170.64731,"Hakataramea Valley",486,NA,0,"Canterbury",1010,2.9,13,NA
"31778","20201104:0000",-44.63466,170.64731,"Hakataramea Valley",486,NA,0,"Canterbury",1010,2.5,17.5,NA
"31779","20201105:0000",-44.63466,170.64731,"Hakataramea Valley",486,NA,0,"Canterbury",1010,2.2,19.35,NA
"31780","20201106:0000",-44.63466,170.64731,"Hakataramea Valley",486,NA,0,"Canterbury",1010,6.5,NA,NA
"31781","20201107:0000",-44.63466,170.64731,"Hakataramea Valley",486,NA,0,"Canterbury",1010,6.5,10,NA
"31782","20201108:0000",-44.63466,170.64731,"Hakataramea Valley",486,NA,0,"Canterbury",1010,9.4,7.4,NA
"31783","20201109:0000",-44.63466,170.64731,"Hakataramea Valley",486,NA,0,"Canterbury",1010,2.9,7.35,NA
"31784","20201110:0000",-44.63466,170.64731,"Hakataramea Valley",486,NA,0,"Canterbury",1010,5.4,11.25,NA
"31785","20201111:0000",-44.63466,170.64731,"Hakataramea Valley",486,NA,0,"Canterbury",1010,4,13.7,NA
"31786","20201112:0000",-44.63466,170.64731,"Hakataramea Valley",486,NA,0,"Canterbury",1010,2.5,13.9,NA
"31787","20201113:0000",-44.63466,170.64731,"Hakataramea Valley",486,NA,0,"Canterbury",1010,7.9,18.6,NA
"31788","20201114:0000",-44.63466,170.64731,"Hakataramea Valley",486,NA,0,"Canterbury",1010,11.5,17.4,NA
"31789","20201115:0000",-44.63466,170.64731,"Hakataramea Valley",486,NA,0,"Canterbury",1010,6.8,17.7,NA
"31790","20201116:0000",-44.63466,170.64731,"Hakataramea Valley",486,NA,0,"Canterbury",1010,9.4,16.8,NA
"31791","20201117:0000",-44.63466,170.64731,"Hakataramea Valley",486,NA,0,"Canterbury",1010,4.3,17.9,NA
"31792","20201118:0000",-44.63466,170.64731,"Hakataramea Valley",486,NA,0,"Canterbury",1010,17.3,13.6,NA
"31793","20201119:0000",-44.63466,170.64731,"Hakataramea Valley",486,NA,0,"Canterbury",1010,6.5,13.5,NA
"31794","20201120:0000",-44.63466,170.64731,"Hakataramea Valley",486,NA,0,"Canterbury",1010,4,13.75,NA
"31795","20201121:0000",-44.63466,170.64731,"Hakataramea Valley",486,NA,0,"Canterbury",1010,14.4,18.75,NA
"31796","20201122:0000",-44.63466,170.64731,"Hakataramea Valley",486,NA,0,"Canterbury",1010,19.1,12.6,NA
"31797","20201123:0000",-44.63466,170.64731,"Hakataramea Valley",486,NA,0,"Canterbury",1010,3.6,9.2,NA
"31798","20201124:0000",-44.63466,170.64731,"Hakataramea Valley",486,NA,0,"Canterbury",1010,2.9,10.8,NA
"31799","20201125:0000",-44.63466,170.64731,"Hakataramea Valley",486,NA,0,"Canterbury",1010,2.9,12.95,NA
"31800","20201126:0000",-44.63466,170.64731,"Hakataramea Valley",486,NA,0,"Canterbury",1010,4.7,14.65,NA
"31801","20201127:0000",-44.63466,170.64731,"Hakataramea Valley",486,NA,0,"Canterbury",1010,26.3,12.95,NA
"31802","20201128:0000",-44.63466,170.64731,"Hakataramea Valley",486,NA,0,"Canterbury",1010,4.3,9.65,NA
"31803","20201129:0000",-44.63466,170.64731,"Hakataramea Valley",486,NA,0,"Canterbury",1010,3.6,11.15,NA
"31804","20201130:0000",-44.63466,170.64731,"Hakataramea Valley",486,NA,0,"Canterbury",1010,3.2,9.4,NA
"31805","20201201:0000",-44.63466,170.64731,"Hakataramea Valley",486,NA,0,"Canterbury",1010,2.2,10,NA
"31806","20201202:0000",-44.63466,170.64731,"Hakataramea Valley",486,NA,0,"Canterbury",1010,5,15.9,NA
"31807","20201203:0000",-44.63466,170.64731,"Hakataramea Valley",486,NA,0,"Canterbury",1010,29.5,15.7,NA
"31808","20201204:0000",-44.63466,170.64731,"Hakataramea Valley",486,NA,0,"Canterbury",1010,6.8,14.7,NA
"31809","20201205:0000",-44.63466,170.64731,"Hakataramea Valley",486,NA,0,"Canterbury",1010,5.8,12.35,NA
"31810","20201206:0000",-44.63466,170.64731,"Hakataramea Valley",486,NA,0,"Canterbury",1010,4,13.1,NA
"31811","20201207:0000",-44.63466,170.64731,"Hakataramea Valley",486,NA,0,"Canterbury",1010,9.7,15.2,NA
"31812","20201208:0000",-44.63466,170.64731,"Hakataramea Valley",486,NA,0,"Canterbury",1010,13.7,14.8,NA
"31813","20201209:0000",-44.63466,170.64731,"Hakataramea Valley",486,NA,0,"Canterbury",1010,2.9,17.1,NA
"31814","20201210:0000",-44.63466,170.64731,"Hakataramea Valley",486,NA,0,"Canterbury",1010,2.9,15.8,NA
"31815","20201211:0000",-44.63466,170.64731,"Hakataramea Valley",486,NA,0,"Canterbury",1010,9.7,12.75,NA
"31816","20201212:0000",-44.63466,170.64731,"Hakataramea Valley",486,NA,0,"Canterbury",1010,23,14.85,NA
"31817","20201213:0000",-44.63466,170.64731,"Hakataramea Valley",486,NA,0,"Canterbury",1010,5,13.1,NA
"31818","20201214:0000",-44.63466,170.64731,"Hakataramea Valley",486,NA,0,"Canterbury",1010,2.2,14.85,NA
"31819","20201215:0000",-44.63466,170.64731,"Hakataramea Valley",486,NA,0,"Canterbury",1010,3.6,18.4,NA
"31820","20201216:0000",-44.63466,170.64731,"Hakataramea Valley",486,NA,0,"Canterbury",1010,3.6,18,NA
"31821","20201217:0000",-44.63466,170.64731,"Hakataramea Valley",486,NA,0,"Canterbury",1010,11.2,13.1,NA
"31822","20201218:0000",-44.63466,170.64731,"Hakataramea Valley",486,NA,0,"Canterbury",1010,3.6,17.45,NA
"31823","20201219:0000",-44.63466,170.64731,"Hakataramea Valley",486,NA,0,"Canterbury",1010,13.3,21.55,NA
"31824","20201220:0000",-44.63466,170.64731,"Hakataramea Valley",486,NA,0,"Canterbury",1010,16.6,14.3,NA
"31825","20201221:0000",-44.63466,170.64731,"Hakataramea Valley",486,NA,0,"Canterbury",1010,2.2,12.15,NA
"31826","20201222:0000",-44.63466,170.64731,"Hakataramea Valley",486,NA,0,"Canterbury",1010,2.9,17.3,NA
"31827","20201223:0000",-44.63466,170.64731,"Hakataramea Valley",486,NA,0,"Canterbury",1010,3.6,16.2,NA
"31828","20201224:0000",-44.63466,170.64731,"Hakataramea Valley",486,NA,0,"Canterbury",1010,2.9,16.4,NA
"31829","20201225:0000",-44.63466,170.64731,"Hakataramea Valley",486,NA,0,"Canterbury",1010,13.3,12.1,NA
"31830","20201226:0000",-44.63466,170.64731,"Hakataramea Valley",486,NA,0,"Canterbury",1010,2.2,8.8,NA
"31831","20201227:0000",-44.63466,170.64731,"Hakataramea Valley",486,NA,0,"Canterbury",1010,1.8,8.1,NA
"31832","20201228:0000",-44.63466,170.64731,"Hakataramea Valley",486,NA,0,"Canterbury",1010,2.9,12.65,NA
"31833","20201229:0000",-44.63466,170.64731,"Hakataramea Valley",486,NA,0,"Canterbury",1010,4,14.35,NA
"31834","20201230:0000",-44.63466,170.64731,"Hakataramea Valley",486,NA,0,"Canterbury",1010,3.6,14.65,NA
"31835","20201231:0000",-44.63466,170.64731,"Hakataramea Valley",486,NA,0,"Canterbury",1010,2.9,17.05,NA
"31836","20210101:0000",-44.63466,170.64731,"Hakataramea Valley",486,NA,0,"Canterbury",1010,3.6,17.95,NA
"31837","20210102:0000",-44.63466,170.64731,"Hakataramea Valley",486,NA,0,"Canterbury",1010,5,14.5,NA
"31838","20210103:0000",-44.63466,170.64731,"Hakataramea Valley",486,NA,0,"Canterbury",1010,3.2,16.1,NA
"31839","20210104:0000",-44.63466,170.64731,"Hakataramea Valley",486,NA,0,"Canterbury",1010,3.2,16.35,NA
"31840","20210105:0000",-44.63466,170.64731,"Hakataramea Valley",486,NA,0,"Canterbury",1010,2.9,12.6,NA
"31841","20210106:0000",-44.63466,170.64731,"Hakataramea Valley",486,NA,0,"Canterbury",1010,2.9,16.15,NA
"31842","20210107:0000",-44.63466,170.64731,"Hakataramea Valley",486,NA,0,"Canterbury",1010,3.6,18.65,NA
"31843","20210108:0000",-44.63466,170.64731,"Hakataramea Valley",486,NA,0,"Canterbury",1010,4,15.25,NA
"31844","20210109:0000",-44.63466,170.64731,"Hakataramea Valley",486,NA,0,"Canterbury",1010,3.6,17,NA
"31845","20210110:0000",-44.63466,170.64731,"Hakataramea Valley",486,NA,0,"Canterbury",1010,2.5,17.1,NA
"31846","20210111:0000",-44.63466,170.64731,"Hakataramea Valley",486,NA,0,"Canterbury",1010,3.6,14,NA
"31847","20210112:0000",-44.63466,170.64731,"Hakataramea Valley",486,NA,0,"Canterbury",1010,3.2,17.05,NA
"31848","20210113:0000",-44.63466,170.64731,"Hakataramea Valley",486,NA,0,"Canterbury",1010,4,18.55,NA
"31849","20210114:0000",-44.63466,170.64731,"Hakataramea Valley",486,NA,0,"Canterbury",1010,4.3,18.4,NA
"31850","20210115:0000",-44.63466,170.64731,"Hakataramea Valley",486,NA,0,"Canterbury",1010,2.2,19.4,NA
"31851","20210116:0000",-44.63466,170.64731,"Hakataramea Valley",486,NA,0,"Canterbury",1010,7.9,19.2,NA
"31852","20210117:0000",-44.63466,170.64731,"Hakataramea Valley",486,NA,0,"Canterbury",1010,4,19.55,NA
"31853","20210118:0000",-44.63466,170.64731,"Hakataramea Valley",486,NA,0,"Canterbury",1010,3.6,13.7,NA
"31854","20210119:0000",-44.63466,170.64731,"Hakataramea Valley",486,NA,0,"Canterbury",1010,25.2,14,NA
"31855","20210120:0000",-44.63466,170.64731,"Hakataramea Valley",486,NA,0,"Canterbury",1010,7.6,13.6,NA
"31856","20210121:0000",-44.63466,170.64731,"Hakataramea Valley",486,NA,0,"Canterbury",1010,4.3,12.5,NA
"31857","20210122:0000",-44.63466,170.64731,"Hakataramea Valley",486,NA,0,"Canterbury",1010,2.2,15.05,NA
"31858","20210123:0000",-44.63466,170.64731,"Hakataramea Valley",486,NA,0,"Canterbury",1010,11.9,17.5,NA
"31859","20210124:0000",-44.63466,170.64731,"Hakataramea Valley",486,NA,0,"Canterbury",1010,4.7,14.95,NA
"31860","20210125:0000",-44.63466,170.64731,"Hakataramea Valley",486,NA,0,"Canterbury",1010,7.2,20.4,NA
"31861","20210126:0000",-44.63466,170.64731,"Hakataramea Valley",486,NA,0,"Canterbury",1010,6.5,22.15,NA
"31862","20210127:0000",-44.63466,170.64731,"Hakataramea Valley",486,NA,0,"Canterbury",1010,11.9,22.95,NA
"31863","20210128:0000",-44.63466,170.64731,"Hakataramea Valley",486,NA,0,"Canterbury",1010,6.8,14.85,NA
"31864","20210129:0000",-44.63466,170.64731,"Hakataramea Valley",486,NA,0,"Canterbury",1010,16.6,9.7,NA
"31865","20210130:0000",-44.63466,170.64731,"Hakataramea Valley",486,NA,0,"Canterbury",1010,2.9,10.3,NA
"31866","20210131:0000",-44.63466,170.64731,"Hakataramea Valley",486,NA,0,"Canterbury",1010,2.9,17.05,NA
"31867","20210201:0000",-44.63466,170.64731,"Hakataramea Valley",486,NA,0,"Canterbury",1010,3.6,16.9,NA
"31868","20210202:0000",-44.63466,170.64731,"Hakataramea Valley",486,NA,0,"Canterbury",1010,1.8,18.35,NA
"31869","20210203:0000",-44.63466,170.64731,"Hakataramea Valley",486,NA,0,"Canterbury",1010,4.7,20.15,NA
"31870","20210204:0000",-44.63466,170.64731,"Hakataramea Valley",486,NA,0,"Canterbury",1010,5.4,13.5,NA
"31871","20210205:0000",-44.63466,170.64731,"Hakataramea Valley",486,NA,0,"Canterbury",1010,3.2,14.95,NA
"31872","20210206:0000",-44.63466,170.64731,"Hakataramea Valley",486,NA,0,"Canterbury",1010,4.3,17.1,NA
"31873","20210207:0000",-44.63466,170.64731,"Hakataramea Valley",486,NA,0,"Canterbury",1010,2.9,17.25,NA
"31874","20210208:0000",-44.63466,170.64731,"Hakataramea Valley",486,NA,0,"Canterbury",1010,3.2,18.45,NA
"31875","20210209:0000",-44.63466,170.64731,"Hakataramea Valley",486,NA,0,"Canterbury",1010,9.4,19.25,NA
"31876","20210210:0000",-44.63466,170.64731,"Hakataramea Valley",486,NA,0,"Canterbury",1010,6.8,14.05,NA
"31877","20210211:0000",-44.63466,170.64731,"Hakataramea Valley",486,NA,0,"Canterbury",1010,13,15.85,NA
"31878","20210212:0000",-44.63466,170.64731,"Hakataramea Valley",486,NA,0,"Canterbury",1010,1.8,12.55,NA
"31879","20210213:0000",-44.63466,170.64731,"Hakataramea Valley",486,NA,0,"Canterbury",1010,3.2,18,NA
"31880","20210214:0000",-44.63466,170.64731,"Hakataramea Valley",486,NA,0,"Canterbury",1010,3.6,16.55,NA
"31881","20210215:0000",-44.63466,170.64731,"Hakataramea Valley",486,NA,0,"Canterbury",1010,3.6,16,NA
"31882","20210216:0000",-44.63466,170.64731,"Hakataramea Valley",486,NA,0,"Canterbury",1010,9.4,11,NA
"31883","20210217:0000",-44.63466,170.64731,"Hakataramea Valley",486,NA,0,"Canterbury",1010,2.5,10.65,NA
"31884","20210218:0000",-44.63466,170.64731,"Hakataramea Valley",486,NA,0,"Canterbury",1010,2.9,15.8,NA
"31885","20210219:0000",-44.63466,170.64731,"Hakataramea Valley",486,NA,0,"Canterbury",1010,2.2,17.9,NA
"31886","20210220:0000",-44.63466,170.64731,"Hakataramea Valley",486,NA,0,"Canterbury",1010,2.2,17.55,NA
"31887","20210221:0000",-44.63466,170.64731,"Hakataramea Valley",486,NA,0,"Canterbury",1010,2.9,18.25,NA
"31888","20210222:0000",-44.63466,170.64731,"Hakataramea Valley",486,NA,0,"Canterbury",1010,1.8,17.4,NA
"31889","20210223:0000",-44.63466,170.64731,"Hakataramea Valley",486,NA,0,"Canterbury",1010,4,19.4,NA
"31890","20210224:0000",-44.63466,170.64731,"Hakataramea Valley",486,NA,0,"Canterbury",1010,3.6,20.5,NA
"31891","20210225:0000",-44.63466,170.64731,"Hakataramea Valley",486,NA,0,"Canterbury",1010,14.4,12.75,NA
"31892","20210226:0000",-44.63466,170.64731,"Hakataramea Valley",486,NA,0,"Canterbury",1010,1.1,15.75,NA
"31893","20210227:0000",-44.63466,170.64731,"Hakataramea Valley",486,NA,0,"Canterbury",1010,9.4,18.25,NA
"31894","20210228:0000",-44.63466,170.64731,"Hakataramea Valley",486,NA,0,"Canterbury",1010,9.4,16.3,NA
"31895","20210301:0000",-44.63466,170.64731,"Hakataramea Valley",486,NA,0,"Canterbury",1010,4,18.9,NA
"31896","20210302:0000",-44.63466,170.64731,"Hakataramea Valley",486,NA,0,"Canterbury",1010,2.9,21.1,NA
"31897","20210303:0000",-44.63466,170.64731,"Hakataramea Valley",486,NA,0,"Canterbury",1010,5.4,19.75,NA
"31898","20210304:0000",-44.63466,170.64731,"Hakataramea Valley",486,NA,0,"Canterbury",1010,6.8,13,NA
"31899","20210305:0000",-44.63466,170.64731,"Hakataramea Valley",486,NA,0,"Canterbury",1010,4.7,14.05,NA
"31900","20210306:0000",-44.63466,170.64731,"Hakataramea Valley",486,NA,0,"Canterbury",1010,7.6,14.65,NA
"31901","20210307:0000",-44.63466,170.64731,"Hakataramea Valley",486,NA,0,"Canterbury",1010,3.6,12.65,NA
"31902","20210308:0000",-44.63466,170.64731,"Hakataramea Valley",486,NA,0,"Canterbury",1010,4,10.3,NA
"31903","20210309:0000",-44.63466,170.64731,"Hakataramea Valley",486,NA,0,"Canterbury",1010,2.5,14.95,NA
"31904","20210310:0000",-44.63466,170.64731,"Hakataramea Valley",486,NA,0,"Canterbury",1010,7.6,14.25,NA
"31905","20210311:0000",-44.63466,170.64731,"Hakataramea Valley",486,NA,0,"Canterbury",1010,6.5,12.75,NA
"31906","20210312:0000",-44.63466,170.64731,"Hakataramea Valley",486,NA,0,"Canterbury",1010,2.2,14.85,NA
"31907","20210313:0000",-44.63466,170.64731,"Hakataramea Valley",486,NA,0,"Canterbury",1010,1.4,15.45,NA
"31908","20210314:0000",-44.63466,170.64731,"Hakataramea Valley",486,NA,0,"Canterbury",1010,2.9,18.2,NA
"31909","20210315:0000",-44.63466,170.64731,"Hakataramea Valley",486,NA,0,"Canterbury",1010,17.6,19,NA
"31910","20210316:0000",-44.63466,170.64731,"Hakataramea Valley",486,NA,0,"Canterbury",1010,10.8,13.75,NA
"31911","20210317:0000",-44.63466,170.64731,"Hakataramea Valley",486,NA,0,"Canterbury",1010,4.3,11.3,NA
"31912","20210318:0000",-44.63466,170.64731,"Hakataramea Valley",486,NA,0,"Canterbury",1010,1.4,12.4,NA
"31913","20210319:0000",-44.63466,170.64731,"Hakataramea Valley",486,NA,0,"Canterbury",1010,2.2,11.1,NA
"31914","20210320:0000",-44.63466,170.64731,"Hakataramea Valley",486,NA,0,"Canterbury",1010,1.4,12.85,NA
"31915","20210321:0000",-44.63466,170.64731,"Hakataramea Valley",486,NA,0,"Canterbury",1010,3.2,12.6,NA
"31916","20210322:0000",-44.63466,170.64731,"Hakataramea Valley",486,NA,0,"Canterbury",1010,2.2,15.8,NA
"31917","20210323:0000",-44.63466,170.64731,"Hakataramea Valley",486,NA,0,"Canterbury",1010,1.8,16.95,NA
"31918","20210324:0000",-44.63466,170.64731,"Hakataramea Valley",486,NA,0,"Canterbury",1010,1.4,13.5,NA
"31919","20210325:0000",-44.63466,170.64731,"Hakataramea Valley",486,NA,0,"Canterbury",1010,7.6,14.75,NA
"31920","20210326:0000",-44.63466,170.64731,"Hakataramea Valley",486,NA,0,"Canterbury",1010,4.3,14.3,NA
"31921","20210327:0000",-44.63466,170.64731,"Hakataramea Valley",486,NA,0,"Canterbury",1010,4,14,NA
"31922","20210328:0000",-44.63466,170.64731,"Hakataramea Valley",486,NA,0,"Canterbury",1010,5.8,16.5,NA
"31923","20210329:0000",-44.63466,170.64731,"Hakataramea Valley",486,NA,0,"Canterbury",1010,4.3,16.35,NA
"31924","20210330:0000",-44.63466,170.64731,"Hakataramea Valley",486,NA,0,"Canterbury",1010,2.2,14.9,NA
"31925","20210331:0000",-44.63466,170.64731,"Hakataramea Valley",486,NA,0,"Canterbury",1010,2.9,13.9,NA
"31926","20210401:0000",-44.63466,170.64731,"Hakataramea Valley",486,NA,0,"Canterbury",1010,3.6,14.7,NA
"31927","20210402:0000",-44.63466,170.64731,"Hakataramea Valley",486,NA,0,"Canterbury",1010,6.8,13.05,NA
"31928","20210403:0000",-44.63466,170.64731,"Hakataramea Valley",486,NA,0,"Canterbury",1010,3.6,11.9,NA
"31929","20210404:0000",-44.63466,170.64731,"Hakataramea Valley",486,NA,0,"Canterbury",1010,22,14,NA
"31930","20210405:0000",-44.63466,170.64731,"Hakataramea Valley",486,NA,0,"Canterbury",1010,16.6,20.5,NA
"31931","20210406:0000",-44.63466,170.64731,"Hakataramea Valley",486,NA,0,"Canterbury",1010,5,15.4,NA
"31932","20210407:0000",-44.63466,170.64731,"Hakataramea Valley",486,NA,0,"Canterbury",1010,3.2,12.25,NA
"31933","20210408:0000",-44.63466,170.64731,"Hakataramea Valley",486,NA,0,"Canterbury",1010,4.3,12.1,NA
"31934","20210409:0000",-44.63466,170.64731,"Hakataramea Valley",486,NA,0,"Canterbury",1010,2.2,14.3,NA
"31935","20210410:0000",-44.63466,170.64731,"Hakataramea Valley",486,NA,0,"Canterbury",1010,2.2,12.65,NA
"31936","20210411:0000",-44.63466,170.64731,"Hakataramea Valley",486,NA,0,"Canterbury",1010,4.3,14.7,NA
"31937","20210412:0000",-44.63466,170.64731,"Hakataramea Valley",486,NA,0,"Canterbury",1010,4.3,12.35,NA
"31938","20210413:0000",-44.63466,170.64731,"Hakataramea Valley",486,NA,0,"Canterbury",1010,7.2,10.85,NA
"31939","20210414:0000",-44.63466,170.64731,"Hakataramea Valley",486,NA,0,"Canterbury",1010,2.5,10.7,NA
"31940","20210415:0000",-44.63466,170.64731,"Hakataramea Valley",486,NA,0,"Canterbury",1010,7.9,14,NA
"31941","20210416:0000",-44.63466,170.64731,"Hakataramea Valley",486,NA,0,"Canterbury",1010,6.8,11.8,NA
"31942","20210417:0000",-44.63466,170.64731,"Hakataramea Valley",486,NA,0,"Canterbury",1010,3.6,8.45,NA
"31943","20210418:0000",-44.63466,170.64731,"Hakataramea Valley",486,NA,0,"Canterbury",1010,4.3,11,NA
"31944","20210419:0000",-44.63466,170.64731,"Hakataramea Valley",486,NA,0,"Canterbury",1010,5.8,15.45,NA
"31945","20210420:0000",-44.63466,170.64731,"Hakataramea Valley",486,NA,0,"Canterbury",1010,2.2,12.4,NA
"31946","20210421:0000",-44.63466,170.64731,"Hakataramea Valley",486,NA,0,"Canterbury",1010,3.6,12.3,NA
"31947","20210422:0000",-44.63466,170.64731,"Hakataramea Valley",486,NA,0,"Canterbury",1010,3.6,12.55,NA
"31948","20210423:0000",-44.63466,170.64731,"Hakataramea Valley",486,NA,0,"Canterbury",1010,6.5,12,NA
"31949","20210424:0000",-44.63466,170.64731,"Hakataramea Valley",486,NA,0,"Canterbury",1010,2.5,9.75,NA
"31950","20210425:0000",-44.63466,170.64731,"Hakataramea Valley",486,NA,0,"Canterbury",1010,7.2,9.6,NA
"31951","20210426:0000",-44.63466,170.64731,"Hakataramea Valley",486,NA,0,"Canterbury",1010,6.8,7.8,NA
"31952","20210427:0000",-44.63466,170.64731,"Hakataramea Valley",486,NA,0,"Canterbury",1010,3.6,4.7,NA
"31953","20210428:0000",-44.63466,170.64731,"Hakataramea Valley",486,NA,0,"Canterbury",1010,2.2,6.8,NA
"31954","20210429:0000",-44.63466,170.64731,"Hakataramea Valley",486,NA,0,"Canterbury",1010,4.7,9.35,NA
"31955","20210430:0000",-44.63466,170.64731,"Hakataramea Valley",486,NA,0,"Canterbury",1010,6.8,13.2,NA
"31956","20210501:0000",-44.63466,170.64731,"Hakataramea Valley",486,NA,0,"Canterbury",1010,2.2,8.25,NA
"31957","20210502:0000",-44.63466,170.64731,"Hakataramea Valley",486,NA,0,"Canterbury",1010,3.6,8.5,NA
"31958","20210503:0000",-44.63466,170.64731,"Hakataramea Valley",486,NA,0,"Canterbury",1010,2.2,9.35,NA
"31959","20210504:0000",-44.63466,170.64731,"Hakataramea Valley",486,NA,0,"Canterbury",1010,6.8,11.25,NA
"31960","20210505:0000",-44.63466,170.64731,"Hakataramea Valley",486,NA,0,"Canterbury",1010,5,14.9,NA
"31961","20210506:0000",-44.63466,170.64731,"Hakataramea Valley",486,NA,0,"Canterbury",1010,2.9,9.65,NA
"31962","20210507:0000",-44.63466,170.64731,"Hakataramea Valley",486,NA,0,"Canterbury",1010,3.6,10.8,NA
"31963","20210508:0000",-44.63466,170.64731,"Hakataramea Valley",486,NA,0,"Canterbury",1010,3.6,10.1,NA
"31964","20210509:0000",-44.63466,170.64731,"Hakataramea Valley",486,NA,0,"Canterbury",1010,6.8,13.2,NA
"31965","20210510:0000",-44.63466,170.64731,"Hakataramea Valley",486,NA,0,"Canterbury",1010,5,12.85,NA
"31966","20210511:0000",-44.63466,170.64731,"Hakataramea Valley",486,NA,0,"Canterbury",1010,4,14.55,NA
"31967","20210512:0000",-44.63466,170.64731,"Hakataramea Valley",486,NA,0,"Canterbury",1010,5,5.35,NA
"31968","20210513:0000",-44.63466,170.64731,"Hakataramea Valley",486,NA,0,"Canterbury",1010,2.9,4.2,NA
"31969","20210514:0000",-44.63466,170.64731,"Hakataramea Valley",486,NA,0,"Canterbury",1010,5,3.35,NA
"31970","20210515:0000",-44.63466,170.64731,"Hakataramea Valley",486,NA,0,"Canterbury",1010,8.6,7.6,NA
"31971","20210516:0000",-44.63466,170.64731,"Hakataramea Valley",486,NA,0,"Canterbury",1010,5.8,9.05,NA
"31972","20210517:0000",-44.63466,170.64731,"Hakataramea Valley",486,NA,0,"Canterbury",1010,3.6,7.4,NA
"31973","20210518:0000",-44.63466,170.64731,"Hakataramea Valley",486,NA,0,"Canterbury",1010,7.9,6.95,NA
"31974","20210519:0000",-44.63466,170.64731,"Hakataramea Valley",486,NA,0,"Canterbury",1010,5.4,11,NA
"31975","20210520:0000",-44.63466,170.64731,"Hakataramea Valley",486,NA,0,"Canterbury",1010,4,10.65,NA
"31976","20210521:0000",-44.63466,170.64731,"Hakataramea Valley",486,NA,0,"Canterbury",1010,8.6,8.2,NA
"31977","20210522:0000",-44.63466,170.64731,"Hakataramea Valley",486,NA,0,"Canterbury",1010,4,6.6,NA
"31978","20210523:0000",-44.63466,170.64731,"Hakataramea Valley",486,NA,0,"Canterbury",1010,1.8,5.7,NA
"31979","20210524:0000",-44.63466,170.64731,"Hakataramea Valley",486,NA,0,"Canterbury",1010,4.3,4.9,NA
"31980","20210525:0000",-44.63466,170.64731,"Hakataramea Valley",486,NA,0,"Canterbury",1010,3.6,4.25,NA
"31981","20210526:0000",-44.63466,170.64731,"Hakataramea Valley",486,NA,0,"Canterbury",1010,2.9,2.4,NA
"31982","20210527:0000",-44.63466,170.64731,"Hakataramea Valley",486,NA,0,"Canterbury",1010,4,2.5,NA
"31983","20210528:0000",-44.63466,170.64731,"Hakataramea Valley",486,NA,0,"Canterbury",1010,3.2,3.05,NA
"31984","20210529:0000",-44.63466,170.64731,"Hakataramea Valley",486,NA,0,"Canterbury",1010,4,6.9,NA
"31985","20210530:0000",-44.63466,170.64731,"Hakataramea Valley",486,NA,0,"Canterbury",1010,9.4,7.95,NA
"31986","20210531:0000",-44.63466,170.64731,"Hakataramea Valley",486,NA,0,"Canterbury",1010,11.9,9.3,NA
"31987","20210601:0000",-44.63466,170.64731,"Hakataramea Valley",486,NA,0,"Canterbury",1010,4.3,7.75,NA
"31988","20210602:0000",-44.63466,170.64731,"Hakataramea Valley",486,NA,0,"Canterbury",1010,4,8.7,NA
"31989","20210603:0000",-44.63466,170.64731,"Hakataramea Valley",486,NA,0,"Canterbury",1010,4.7,7.6,NA
"31990","20210604:0000",-44.63466,170.64731,"Hakataramea Valley",486,NA,0,"Canterbury",1010,2.9,8.6,NA
"31991","20210605:0000",-44.63466,170.64731,"Hakataramea Valley",486,NA,0,"Canterbury",1010,4.3,10.2,NA
"31992","20210606:0000",-44.63466,170.64731,"Hakataramea Valley",486,NA,0,"Canterbury",1010,7.2,6.65,NA
"31993","20210607:0000",-44.63466,170.64731,"Hakataramea Valley",486,NA,0,"Canterbury",1010,2.5,6.55,NA
"31994","20210608:0000",-44.63466,170.64731,"Hakataramea Valley",486,NA,0,"Canterbury",1010,4,6.85,NA
"31995","20210609:0000",-44.63466,170.64731,"Hakataramea Valley",486,NA,0,"Canterbury",1010,5,4.6,NA
"31996","20210610:0000",-44.63466,170.64731,"Hakataramea Valley",486,NA,0,"Canterbury",1010,5,5.65,NA
"31997","20210611:0000",-44.63466,170.64731,"Hakataramea Valley",486,NA,0,"Canterbury",1010,3.6,5.65,NA
"31998","20210612:0000",-44.63466,170.64731,"Hakataramea Valley",486,NA,0,"Canterbury",1010,7.9,4.55,NA
"31999","20210613:0000",-44.63466,170.64731,"Hakataramea Valley",486,NA,0,"Canterbury",1010,4.3,3.95,NA
"32000","20210614:0000",-44.63466,170.64731,"Hakataramea Valley",486,NA,0,"Canterbury",1010,2.2,8.55,NA
"32001","20210615:0000",-44.63466,170.64731,"Hakataramea Valley",486,NA,0,"Canterbury",1010,8.6,7.3,NA
"32002","20210616:0000",-44.63466,170.64731,"Hakataramea Valley",486,NA,0,"Canterbury",1010,1.4,7.65,NA
"32003","20210617:0000",-44.63466,170.64731,"Hakataramea Valley",486,NA,0,"Canterbury",1010,7.2,7.2,NA
"32004","20210618:0000",-44.63466,170.64731,"Hakataramea Valley",486,NA,0,"Canterbury",1010,2.5,4.35,NA
"32005","20210619:0000",-44.63466,170.64731,"Hakataramea Valley",486,NA,0,"Canterbury",1010,2.5,2.25,NA
"32006","20210620:0000",-44.63466,170.64731,"Hakataramea Valley",486,NA,0,"Canterbury",1010,1.4,2.5,NA
"32007","20210621:0000",-44.63466,170.64731,"Hakataramea Valley",486,NA,0,"Canterbury",1010,2.5,5.55,NA
"32008","20210622:0000",-44.63466,170.64731,"Hakataramea Valley",486,NA,0,"Canterbury",1010,3.6,4.75,NA
"32009","20210623:0000",-44.63466,170.64731,"Hakataramea Valley",486,NA,0,"Canterbury",1010,3.6,4.6,NA
"32010","20210624:0000",-44.63466,170.64731,"Hakataramea Valley",486,NA,0,"Canterbury",1010,5.4,7.4,NA
"32011","20210625:0000",-44.63466,170.64731,"Hakataramea Valley",486,NA,0,"Canterbury",1010,5.8,10.4,NA
"32012","20210626:0000",-44.63466,170.64731,"Hakataramea Valley",486,NA,0,"Canterbury",1010,4.7,8.65,NA
"32013","20210627:0000",-44.63466,170.64731,"Hakataramea Valley",486,NA,0,"Canterbury",1010,6.5,6.95,NA
"32014","20210628:0000",-44.63466,170.64731,"Hakataramea Valley",486,NA,0,"Canterbury",1010,14.8,5.45,NA
"32015","20210629:0000",-44.63466,170.64731,"Hakataramea Valley",486,NA,0,"Canterbury",1010,13.3,3.7,NA
"32016","20210630:0000",-44.63466,170.64731,"Hakataramea Valley",486,NA,0,"Canterbury",1010,4,6.2,NA
"32017","20210701:0000",-44.63466,170.64731,"Hakataramea Valley",486,NA,0,"Canterbury",1010,3.2,4.45,NA
"32018","20210702:0000",-44.63466,170.64731,"Hakataramea Valley",486,NA,0,"Canterbury",1010,3.6,2.9,NA
"32019","20210703:0000",-44.63466,170.64731,"Hakataramea Valley",486,NA,0,"Canterbury",1010,2.5,2.3,NA
"32020","20210704:0000",-44.63466,170.64731,"Hakataramea Valley",486,NA,0,"Canterbury",1010,3.2,2,NA
"32021","20210705:0000",-44.63466,170.64731,"Hakataramea Valley",486,NA,0,"Canterbury",1010,5.8,6.2,NA
"32022","20210706:0000",-44.63466,170.64731,"Hakataramea Valley",486,NA,0,"Canterbury",1010,36.7,10.4,NA
"32023","20210707:0000",-44.63466,170.64731,"Hakataramea Valley",486,NA,0,"Canterbury",1010,5.8,5.65,NA
"32024","20210708:0000",-44.63466,170.64731,"Hakataramea Valley",486,NA,0,"Canterbury",1010,5,3.4,NA
"32025","20210709:0000",-44.63466,170.64731,"Hakataramea Valley",486,NA,0,"Canterbury",1010,8.6,4.05,NA
"32026","20210710:0000",-44.63466,170.64731,"Hakataramea Valley",486,NA,0,"Canterbury",1010,6.5,3.95,NA
"32027","20210711:0000",-44.63466,170.64731,"Hakataramea Valley",486,NA,0,"Canterbury",1010,4.3,3.4,NA
"32028","20210712:0000",-44.63466,170.64731,"Hakataramea Valley",486,NA,0,"Canterbury",1010,4,1.6,NA
"32029","20210713:0000",-44.63466,170.64731,"Hakataramea Valley",486,NA,0,"Canterbury",1010,2.9,3.3,NA
"32030","20210714:0000",-44.63466,170.64731,"Hakataramea Valley",486,NA,0,"Canterbury",1010,4,5.65,NA
"32031","20210715:0000",-44.63466,170.64731,"Hakataramea Valley",486,NA,0,"Canterbury",1010,5,3.25,NA
"32032","20210716:0000",-44.63466,170.64731,"Hakataramea Valley",486,NA,0,"Canterbury",1010,5,6.5,NA
"32033","20210717:0000",-44.63466,170.64731,"Hakataramea Valley",486,NA,0,"Canterbury",1010,7.2,5.2,NA
"32034","20210718:0000",-44.63466,170.64731,"Hakataramea Valley",486,NA,0,"Canterbury",1010,3.6,5.95,NA
"32035","20210719:0000",-44.63466,170.64731,"Hakataramea Valley",486,NA,0,"Canterbury",1010,5.8,6.9,NA
"32036","20210720:0000",-44.63466,170.64731,"Hakataramea Valley",486,NA,0,"Canterbury",1010,1.1,3.9,NA
"32037","20210721:0000",-44.63466,170.64731,"Hakataramea Valley",486,NA,0,"Canterbury",1010,2.5,2.6,NA
"32038","20210722:0000",-44.63466,170.64731,"Hakataramea Valley",486,NA,0,"Canterbury",1010,5,5.95,NA
"32039","20210723:0000",-44.63466,170.64731,"Hakataramea Valley",486,NA,0,"Canterbury",1010,2.9,5.45,NA
"32040","20210724:0000",-44.63466,170.64731,"Hakataramea Valley",486,NA,0,"Canterbury",1010,2.9,5.25,NA
"32041","20210725:0000",-44.63466,170.64731,"Hakataramea Valley",486,NA,0,"Canterbury",1010,5.4,2.85,NA
"32042","20210726:0000",-44.63466,170.64731,"Hakataramea Valley",486,NA,0,"Canterbury",1010,2.5,4.05,NA
"32043","20210727:0000",-44.63466,170.64731,"Hakataramea Valley",486,NA,0,"Canterbury",1010,7.6,8.2,NA
"32044","20210728:0000",-44.63466,170.64731,"Hakataramea Valley",486,NA,0,"Canterbury",1010,4.3,6,NA
"32045","20210729:0000",-44.63466,170.64731,"Hakataramea Valley",486,NA,0,"Canterbury",1010,3.6,6.85,NA
"32046","20210730:0000",-44.63466,170.64731,"Hakataramea Valley",486,NA,0,"Canterbury",1010,6.5,6.1,NA
"32047","20210731:0000",-44.63466,170.64731,"Hakataramea Valley",486,NA,0,"Canterbury",1010,4.3,6.85,NA
"32048","20210801:0000",-44.63466,170.64731,"Hakataramea Valley",486,NA,0,"Canterbury",1010,5,5.45,NA
"32049","20210802:0000",-44.63466,170.64731,"Hakataramea Valley",486,NA,0,"Canterbury",1010,5.8,5.55,NA
"32050","20210803:0000",-44.63466,170.64731,"Hakataramea Valley",486,NA,0,"Canterbury",1010,9,6.6,NA
"32051","20210804:0000",-44.63466,170.64731,"Hakataramea Valley",486,NA,0,"Canterbury",1010,4.3,3.65,NA
"32052","20210805:0000",-44.63466,170.64731,"Hakataramea Valley",486,NA,0,"Canterbury",1010,2.9,4.35,NA
"32053","20210806:0000",-44.63466,170.64731,"Hakataramea Valley",486,NA,0,"Canterbury",1010,2.2,6.35,NA
"32054","20210807:0000",-44.63466,170.64731,"Hakataramea Valley",486,NA,0,"Canterbury",1010,5.8,5.85,NA
"32055","20210808:0000",-44.63466,170.64731,"Hakataramea Valley",486,NA,0,"Canterbury",1010,3.6,2.25,NA
"32056","20210809:0000",-44.63466,170.64731,"Hakataramea Valley",486,NA,0,"Canterbury",1010,2.9,0.8,NA
"32057","20210810:0000",-44.63466,170.64731,"Hakataramea Valley",486,NA,0,"Canterbury",1010,5,5.2,NA
"32058","20210811:0000",-44.63466,170.64731,"Hakataramea Valley",486,NA,0,"Canterbury",1010,4.3,9.7,NA
"32059","20210812:0000",-44.63466,170.64731,"Hakataramea Valley",486,NA,0,"Canterbury",1010,24.5,11,NA
"32060","20210813:0000",-44.63466,170.64731,"Hakataramea Valley",486,NA,0,"Canterbury",1010,5,9.4,NA
"32061","20210814:0000",-44.63466,170.64731,"Hakataramea Valley",486,NA,0,"Canterbury",1010,16.9,6.15,NA
"32062","20210815:0000",-44.63466,170.64731,"Hakataramea Valley",486,NA,0,"Canterbury",1010,9.7,9.05,NA
"32063","20210816:0000",-44.63466,170.64731,"Hakataramea Valley",486,NA,0,"Canterbury",1010,17.6,10.75,NA
"32064","20210817:0000",-44.63466,170.64731,"Hakataramea Valley",486,NA,0,"Canterbury",1010,16.6,7.1,NA
"32065","20210818:0000",-44.63466,170.64731,"Hakataramea Valley",486,NA,0,"Canterbury",1010,7.2,5.5,NA
"32066","20210819:0000",-44.63466,170.64731,"Hakataramea Valley",486,NA,0,"Canterbury",1010,4,7.25,NA
"32067","20210820:0000",-44.63466,170.64731,"Hakataramea Valley",486,NA,0,"Canterbury",1010,5.8,5.45,NA
"32068","20210821:0000",-44.63466,170.64731,"Hakataramea Valley",486,NA,0,"Canterbury",1010,2.2,5,NA
"32069","20210822:0000",-44.63466,170.64731,"Hakataramea Valley",486,NA,0,"Canterbury",1010,5,8.05,NA
"32070","20210823:0000",-44.63466,170.64731,"Hakataramea Valley",486,NA,0,"Canterbury",1010,4.3,10.75,NA
"32071","20210824:0000",-44.63466,170.64731,"Hakataramea Valley",486,NA,0,"Canterbury",1010,13.7,13.05,NA
"32072","20210825:0000",-44.63466,170.64731,"Hakataramea Valley",486,NA,0,"Canterbury",1010,8.6,14.5,NA
"32073","20210826:0000",-44.63466,170.64731,"Hakataramea Valley",486,NA,0,"Canterbury",1010,9.7,9.65,NA
"32074","20210827:0000",-44.63466,170.64731,"Hakataramea Valley",486,NA,0,"Canterbury",1010,1.4,8.8,NA
"32075","20210828:0000",-44.63466,170.64731,"Hakataramea Valley",486,NA,0,"Canterbury",1010,1.8,8.45,NA
"32076","20210829:0000",-44.63466,170.64731,"Hakataramea Valley",486,NA,0,"Canterbury",1010,3.6,6.3,NA
"32077","20210830:0000",-44.63466,170.64731,"Hakataramea Valley",486,NA,0,"Canterbury",1010,4.3,5.5,NA
"32078","20210831:0000",-44.63466,170.64731,"Hakataramea Valley",486,NA,0,"Canterbury",1010,2.9,4.55,NA
"32079","20210901:0000",-44.63466,170.64731,"Hakataramea Valley",486,NA,0,"Canterbury",1010,2.9,7.55,NA
"32080","20210902:0000",-44.63466,170.64731,"Hakataramea Valley",486,NA,0,"Canterbury",1010,4,8.1,NA
"32081","20210903:0000",-44.63466,170.64731,"Hakataramea Valley",486,NA,0,"Canterbury",1010,2.5,11.25,NA
"32082","20210904:0000",-44.63466,170.64731,"Hakataramea Valley",486,NA,0,"Canterbury",1010,4.3,10.5,NA
"32083","20210905:0000",-44.63466,170.64731,"Hakataramea Valley",486,NA,0,"Canterbury",1010,8.3,13.1,NA
"32084","20210906:0000",-44.63466,170.64731,"Hakataramea Valley",486,NA,0,"Canterbury",1010,5.4,9,NA
"32085","20210907:0000",-44.63466,170.64731,"Hakataramea Valley",486,NA,0,"Canterbury",1010,3.2,11.55,NA
"32086","20210908:0000",-44.63466,170.64731,"Hakataramea Valley",486,NA,0,"Canterbury",1010,26.3,9.1,NA
"32087","20210909:0000",-44.63466,170.64731,"Hakataramea Valley",486,NA,0,"Canterbury",1010,8.3,12.05,NA
"32088","20210910:0000",-44.63466,170.64731,"Hakataramea Valley",486,NA,0,"Canterbury",1010,10.4,12.5,NA
"32089","20210911:0000",-44.63466,170.64731,"Hakataramea Valley",486,NA,0,"Canterbury",1010,14,8.7,NA
"32090","20210912:0000",-44.63466,170.64731,"Hakataramea Valley",486,NA,0,"Canterbury",1010,28.4,10.25,NA
"32091","20210913:0000",-44.63466,170.64731,"Hakataramea Valley",486,NA,0,"Canterbury",1010,10.8,12.35,NA
"32092","20210914:0000",-44.63466,170.64731,"Hakataramea Valley",486,NA,0,"Canterbury",1010,7.2,4.65,NA
"32093","20210915:0000",-44.63466,170.64731,"Hakataramea Valley",486,NA,0,"Canterbury",1010,3.6,7,NA
"32094","20210916:0000",-44.63466,170.64731,"Hakataramea Valley",486,NA,0,"Canterbury",1010,4.3,6.3,NA
"32095","20210917:0000",-44.63466,170.64731,"Hakataramea Valley",486,NA,0,"Canterbury",1010,6.1,5.65,NA
"32096","20210918:0000",-44.63466,170.64731,"Hakataramea Valley",486,NA,0,"Canterbury",1010,1.8,5.6,NA
"32097","20210919:0000",-44.63466,170.64731,"Hakataramea Valley",486,NA,0,"Canterbury",1010,2.5,7.35,NA
"32098","20210920:0000",-44.63466,170.64731,"Hakataramea Valley",486,NA,0,"Canterbury",1010,2.9,10.55,NA
"32099","20210921:0000",-44.63466,170.64731,"Hakataramea Valley",486,NA,0,"Canterbury",1010,42.8,13.15,NA
"32100","20210922:0000",-44.63466,170.64731,"Hakataramea Valley",486,NA,0,"Canterbury",1010,2.9,9.85,NA
"32101","20210923:0000",-44.63466,170.64731,"Hakataramea Valley",486,NA,0,"Canterbury",1010,6.8,11.05,NA
"32102","20210924:0000",-44.63466,170.64731,"Hakataramea Valley",486,NA,0,"Canterbury",1010,20.9,12.3,NA
"32103","20210925:0000",-44.63466,170.64731,"Hakataramea Valley",486,NA,0,"Canterbury",1010,22,12.85,NA
"32104","20210926:0000",-44.63466,170.64731,"Hakataramea Valley",486,NA,0,"Canterbury",1010,4.3,6.65,NA
"32105","20210927:0000",-44.63466,170.64731,"Hakataramea Valley",486,NA,0,"Canterbury",1010,1.8,5.95,NA
"32106","20210928:0000",-44.63466,170.64731,"Hakataramea Valley",486,NA,0,"Canterbury",1010,2.5,7.75,NA
"32107","20210929:0000",-44.63466,170.64731,"Hakataramea Valley",486,NA,0,"Canterbury",1010,5,9.8,NA
"32108","20210930:0000",-44.63466,170.64731,"Hakataramea Valley",486,NA,0,"Canterbury",1010,4,7.8,NA
"32109","20211001:0000",-44.63466,170.64731,"Hakataramea Valley",486,NA,0,"Canterbury",1010,5,10.65,NA
"32110","20211002:0000",-44.63466,170.64731,"Hakataramea Valley",486,NA,0,"Canterbury",1010,5.4,11.6,NA
"32111","20211003:0000",-44.63466,170.64731,"Hakataramea Valley",486,NA,0,"Canterbury",1010,2.9,11.7,NA
"32112","20211004:0000",-44.63466,170.64731,"Hakataramea Valley",486,NA,0,"Canterbury",1010,2.5,9.4,NA
"32113","20211005:0000",-44.63466,170.64731,"Hakataramea Valley",486,NA,0,"Canterbury",1010,1.8,12.8,NA
"32114","20211006:0000",-44.63466,170.64731,"Hakataramea Valley",486,NA,0,"Canterbury",1010,2.2,11.75,NA
"32115","20211007:0000",-44.63466,170.64731,"Hakataramea Valley",486,NA,0,"Canterbury",1010,4.3,14.8,NA
"32116","20211008:0000",-44.63466,170.64731,"Hakataramea Valley",486,NA,0,"Canterbury",1010,1.8,14.05,NA
"32117","20211009:0000",-44.63466,170.64731,"Hakataramea Valley",486,NA,0,"Canterbury",1010,4,11,NA
"32118","20211010:0000",-44.63466,170.64731,"Hakataramea Valley",486,NA,0,"Canterbury",1010,2.5,13.15,NA
"32119","20211011:0000",-44.63466,170.64731,"Hakataramea Valley",486,NA,0,"Canterbury",1010,4.7,11.15,NA
"32120","20211012:0000",-44.63466,170.64731,"Hakataramea Valley",486,NA,0,"Canterbury",1010,6.8,5.65,NA
"32121","20211013:0000",-44.63466,170.64731,"Hakataramea Valley",486,NA,0,"Canterbury",1010,23.4,8.35,NA
"32122","20211014:0000",-44.63466,170.64731,"Hakataramea Valley",486,NA,0,"Canterbury",1010,3.2,6.95,NA
"32123","20211015:0000",-44.63466,170.64731,"Hakataramea Valley",486,NA,0,"Canterbury",1010,5,10.6,NA
"32124","20211016:0000",-44.63466,170.64731,"Hakataramea Valley",486,NA,0,"Canterbury",1010,5,11.05,NA
"32125","20211017:0000",-44.63466,170.64731,"Hakataramea Valley",486,NA,0,"Canterbury",1010,5,13.35,NA
"32126","20211018:0000",-44.63466,170.64731,"Hakataramea Valley",486,NA,0,"Canterbury",1010,4,12.4,NA
"32127","20211019:0000",-44.63466,170.64731,"Hakataramea Valley",486,NA,0,"Canterbury",1010,11.5,11.4,NA
"32128","20211020:0000",-44.63466,170.64731,"Hakataramea Valley",486,NA,0,"Canterbury",1010,2.5,8.2,NA
"32129","20211021:0000",-44.63466,170.64731,"Hakataramea Valley",486,NA,0,"Canterbury",1010,1.8,9.2,NA
"32130","20211022:0000",-44.63466,170.64731,"Hakataramea Valley",486,NA,0,"Canterbury",1010,2.9,13.45,NA
"32131","20211023:0000",-44.63466,170.64731,"Hakataramea Valley",486,NA,0,"Canterbury",1010,2.2,12.8,NA
"32132","20211024:0000",-44.63466,170.64731,"Hakataramea Valley",486,NA,0,"Canterbury",1010,2.2,15.35,NA
"32133","20211025:0000",-44.63466,170.64731,"Hakataramea Valley",486,NA,0,"Canterbury",1010,2.5,16.35,NA
"32134","20211026:0000",-44.63466,170.64731,"Hakataramea Valley",486,NA,0,"Canterbury",1010,3.2,14.85,NA
"32135","20211027:0000",-44.63466,170.64731,"Hakataramea Valley",486,NA,0,"Canterbury",1010,4.3,15.15,NA
"32136","20211028:0000",-44.63466,170.64731,"Hakataramea Valley",486,NA,0,"Canterbury",1010,5.4,16,NA
"32137","20211029:0000",-44.63466,170.64731,"Hakataramea Valley",486,NA,0,"Canterbury",1010,4.3,14.4,NA
"32138","20211030:0000",-44.63466,170.64731,"Hakataramea Valley",486,NA,0,"Canterbury",1010,3.2,16.15,NA
